17.339 10.531 23.489
18.546 6.902 18.472
19.759 2.196 14.281
13.594 3.797 13.348
8.330 -0.279 9.719
1.775 -0.986 10.265
-4.285 0.325 13.397
-7.996 4.454 17.110
4.220 17.935 9.812
4.403 17.112 16.456
2.185 14.138 22.124
-0.924 8.688 24.801
-1.743 2.361 24.444
0.893 -3.173 22.555
5.998 -6.560 22.143
12.021 -8.445 24.198
18.036 -7.810 26.371
-16.403 14.805 5.283
-12.640 17.155 0.358
-8.061 21.897 -0.712
-4.767 27.800 0.222
-1.505 31.381 4.495
-0.900 34.664 10.275
5.605 34.506 11.737
9.008 32.323 16.159
12.696 27.149 18.256
16.505 22.079 16.205
17.901 16.949 11.808
20.444 15.407 6.770
14.800 28.265 -1.402
11.303 22.846 -0.948
7.992 19.044 3.200
6.936 15.523 8.908
4.335 16.465 14.605
-1.441 18.166 16.619
-6.934 21.636 17.306
-9.098 27.829 17.855
-12.059 31.691 13.460
-14.366 33.910 7.564
-16.634 32.294 1.503
-20.169 27.679 -1.889
9.356 46.444 33.240
15.605 46.587 36.161
20.362 46.979 41.516
22.206 45.360 48.546
21.285 40.128 53.097
18.665 34.871 55.298
16.822 28.807 54.272
21.741 23.187 54.971
26.320 19.695 52.647
32.044 18.488 49.282
36.536 20.044 44.169
39.722 24.991 41.641
42.569 31.043 42.593
45.401 35.349 46.739
40.219 26.499 61.446
35.526 32.193 59.351
34.034 36.653 54.426
32.985 37.367 47.276
31.750 34.631 41.651
28.593 29.951 38.404
26.480 23.807 36.936
21.940 28.915 37.815
14.334 30.054 38.128
9.404 31.160 42.485
7.195 35.311 47.139
7.611 40.560 51.230
9.986 46.778 52.823
11.955 52.622 49.577
17.636 34.304 2.000
19.664 28.072 -0.519
12.806 24.881 -1.546
8.187 18.523 0.329
10.608 17.388 7.376
13.728 19.682 11.962
13.873 25.908 12.356
8.225 25.111 10.265
2.814 21.758 10.119
-1.811 21.685 4.479
-1.086 24.723 -2.099
3.435 31.205 -2.934
9.341 35.512 -2.904
5.276 38.852 1.217
1.595 50.396 22.972
-0.583 47.585 17.196
-0.629 45.076 11.481
0.394 39.332 8.575
2.576 33.648 8.774
3.721 28.370 10.851
-7.901 31.205 25.890
-2.209 30.428 28.838
4.511 30.963 28.877
9.558 32.328 25.416
13.109 34.832 20.231
15.471 37.375 15.136
14.708 42.374 10.355
11.098 47.030 7.406
2.854 22.269 15.309
2.126 19.689 16.302
1.807 18.053 13.938
1.627 50.451 22.932
-0.730 47.720 17.209
-0.777 45.123 11.519
0.269 39.397 8.612
2.422 33.628 8.844
3.638 28.388 10.872
-7.792 31.546 25.790
-2.226 30.341 29.036
4.510 30.927 28.853
9.522 32.392 25.419
13.018 34.817 20.242
15.390 37.434 15.115
14.681 42.391 10.356
11.065 47.016 7.402
2.769 22.251 15.392
2.004 19.668 16.324
1.677 18.064 13.990
9.689 46.755 33.034
15.612 47.232 35.858
20.247 47.395 40.900
22.555 45.233 46.276
22.425 40.328 51.127
19.471 35.182 54.326
17.607 29.392 53.410
21.644 22.964 54.487
26.450 19.455 52.229
32.289 18.696 48.860
36.858 20.224 43.875
40.317 25.115 41.024
43.245 30.625 42.675
44.937 36.278 45.938
42.442 24.972 60.459
39.511 27.445 60.743
36.043 32.845 58.026
34.350 36.465 53.970
33.345 37.318 47.293
32.074 34.828 41.299
29.305 30.036 37.869
26.536 24.036 36.792
21.540 28.006 37.865
14.127 30.164 37.704
9.594 31.035 42.689
8.068 34.111 48.499
8.515 39.951 51.843
10.720 46.262 52.842
-43.914 -25.977 40.329
-40.547 -29.540 44.887
-34.497 -31.175 47.583
-28.374 -29.402 49.906
-24.813 -23.637 52.072
-25.445 -17.196 53.944
-29.999 -12.490 56.170
-35.617 -11.183 59.681
-37.854 -12.193 65.750
-37.771 -14.924 72.004
-34.733 -18.035 76.841
-28.894 -19.203 80.360
-21.492 -17.909 81.894
-16.262 -14.810 79.204
-13.596 -8.555 76.033
-15.763 -2.684 73.668
-19.623 2.829 76.491
-22.352 6.488 80.995
-22.048 9.090 87.581
-19.015 10.925 92.738
-13.089 12.903 94.719
-6.462 13.173 94.080
-1.177 12.810 90.472
1.540 13.148 84.766
0.216 16.110 78.388
-2.661 19.345 73.488
-7.837 23.894 72.246
-8.672 30.147 73.318
-8.080 36.164 73.653
-3.091 41.469 74.974
2.327 44.042 75.017
8.677 42.506 72.776
13.589 38.046 70.888
15.861 34.322 65.018
13.020 31.798 59.902
9.986 31.984 53.978
5.444 34.880 50.097
1.641 40.640 48.222
1.487 46.219 47.095
4.431 50.234 42.910
10.102 52.912 40.325
14.223 52.652 36.697
20.199 49.184 35.904
23.192 43.231 32.786
22.770 37.126 30.659
18.371 32.267 28.880
12.715 30.352 26.900
6.527 32.961 24.571
3.476 34.028 19.342
4.700 36.373 12.964
4.227 34.054 7.352
9.667 32.155 3.132
11.228 26.484 0.966
12.992 20.300 2.243
14.379 14.564 6.032
11.706 11.113 9.811
5.764 9.578 12.974
-1.115 9.548 12.613
-5.489 7.922 8.235
-7.954 4.572 3.639
-7.848 0.732 -1.711
-4.098 -4.141 -4.424
-0.615 -9.894 -3.391
4.153 -13.108 0.448
5.163 -16.697 5.604
2.824 -17.730 11.703
-1.405 -16.606 16.954
-7.546 -17.203 19.266
-14.103 -19.326 18.010
-18.026 -23.151 17.519
-19.146 -30.522 17.028
-18.385 -35.896 18.021
-16.563 -40.983 21.224
-12.368 -42.550 25.879
-7.470 -41.206 30.635
-3.992 -35.938 33.567
-5.976 -31.734 38.225
-10.911 -27.604 40.528
-17.145 -28.416 43.663
-20.400 -30.719 48.033
-21.485 -35.917 52.285
-18.884 -39.355 57.075
-15.370 -42.547 61.165
-8.865 -43.321 61.539
-3.825 -41.400 63.681
0.564 -36.761 63.945
2.356 -30.316 62.265
0.406 -24.512 63.770
-5.118 -19.754 65.220
-6.953 -18.100 71.763
-8.818 -18.592 78.045
-6.625 -20.556 83.895
-1.718 -20.916 88.314
3.623 -18.806 90.822
10.199 -18.715 89.268
13.927 -16.332 83.685
14.992 -10.702 80.117
13.741 -5.266 77.971
9.687 0.576 77.791
6.390 4.725 81.522
6.781 8.487 86.368
10.371 11.947 90.565
15.348 15.630 92.514
21.435 17.326 90.038
27.689 14.847 88.215
30.337 13.926 82.132
29.895 12.470 75.267
25.754 13.136 70.116
21.705 17.415 66.635
20.241 23.980 65.288
22.236 30.099 65.973
25.663 35.175 65.016
32.795 36.449 62.599
38.708 34.913 61.545
43.159 30.451 57.971
42.525 24.254 53.720
39.619 21.927 48.301
34.954 19.291 43.785
29.860 22.636 39.291
28.667 28.576 36.681
45.286 32.268 36.775
40.916 37.292 39.194
35.004 36.924 42.275
28.684 34.935 44.424
26.210 30.452 48.279
27.313 23.352 49.869
31.668 19.312 53.839
37.149 19.245 57.544
39.214 20.792 63.491
39.411 25.305 68.921
35.768 28.302 73.895
29.909 28.837 77.720
22.740 28.893 77.076
16.500 24.586 77.603
15.446 18.147 75.050
17.251 12.048 73.590
21.620 7.076 75.550
25.280 4.571 81.012
24.794 3.436 87.329
21.802 2.399 93.284
16.332 -1.737 94.661
9.690 -2.089 95.765
4.193 -2.519 92.266
0.608 -2.742 85.863
0.754 -5.543 80.312
4.061 -8.968 75.259
8.309 -13.521 74.537
10.614 -19.543 76.158
8.946 -26.197 77.430
5.006 -30.271 81.225
-1.761 -32.798 79.935
-7.277 -32.932 76.946
-12.900 -30.731 73.514
-13.995 -27.708 68.796
-12.346 -23.764 62.779
-7.969 -25.050 58.205
-3.698 -28.312 53.896
-0.762 -34.078 52.598
-2.963 -39.669 50.170
-6.776 -44.959 48.655
-12.329 -46.361 45.501
-18.237 -45.658 43.341
-21.297 -42.283 39.096
-22.489 -35.631 38.091
-20.804 -32.445 33.318
-16.803 -26.926 34.290
-10.512 -26.029 31.996
-5.025 -28.841 28.645
-3.199 -32.645 24.050
-2.606 -33.896 17.742
-4.294 -33.204 11.899
-7.553 -31.365 6.367
-9.999 -25.844 3.979
-13.051 -19.632 4.406
-14.472 -14.324 8.654
-10.593 -9.736 12.032
-4.602 -7.844 14.260
2.441 -8.065 13.414
7.897 -7.376 9.223
10.094 -3.636 4.544
8.664 -0.199 -1.729
5.253 3.478 -5.373
2.296 9.594 -4.534
-1.582 13.542 -1.305
-4.592 17.017 3.927
-1.278 19.498 9.378
2.991 18.592 14.662
9.305 19.264 16.981
15.694 21.528 15.668
19.852 25.327 13.163
20.260 31.465 11.343
18.564 38.285 10.318
14.043 42.211 13.425
10.348 45.123 18.021
8.099 45.645 23.861
5.620 40.656 28.385
7.916 35.950 32.899
13.203 32.714 36.287
18.186 34.341 39.920
20.031 38.130 44.055
21.252 41.849 47.297
19.314 46.740 51.502
15.089 49.642 54.914
9.385 50.515 57.769
3.114 48.594 57.825
0.147 43.694 57.482
-0.859 37.241 56.609
1.596 32.335 58.911
5.878 27.487 62.942
9.233 27.373 67.844
10.133 29.347 74.357
8.093 31.562 80.255
4.594 31.185 85.474
-1.989 29.644 88.019
-9.486 29.839 86.514
-13.732 26.861 82.541
-13.547 21.396 78.200
-11.490 15.853 76.292
-7.980 9.804 77.345
-3.599 6.377 81.410
-4.438 2.808 87.112
-7.811 -0.955 90.917
-13.896 -2.771 93.147
-19.836 -5.150 92.955
-25.793 -3.343 89.494
-28.387 -2.460 83.620
-27.922 -2.591 76.175
-23.341 -3.321 70.851
-20.198 -8.895 68.453
-18.238 -15.554 67.825
-19.767 -21.389 68.762
-24.907 -26.304 69.829
-31.561 -28.047 69.511
-37.062 -27.136 65.174
-41.630 -21.824 62.122
-41.335 -17.679 57.194
-38.100 -15.233 51.653
-32.714 -14.081 46.376
-28.356 -17.673 42.586
-25.762 -24.479 40.808
