17.339 10.531 23.489
18.546 6.902 18.472
19.759 2.196 14.281
13.594 3.797 13.348
8.330 -0.279 9.719
1.775 -0.986 10.265
-4.285 0.325 13.397
-7.996 4.454 17.110
4.220 17.935 9.812
4.403 17.112 16.456
2.185 14.138 22.124
-0.924 8.688 24.801
-1.743 2.361 24.444
0.893 -3.173 22.555
5.998 -6.560 22.143
12.021 -8.445 24.198
18.036 -7.810 26.371
-16.403 14.805 5.283
-12.640 17.155 0.358
-8.061 21.897 -0.712
-4.767 27.800 0.222
-1.505 31.381 4.495
-0.900 34.664 10.275
5.605 34.506 11.737
9.008 32.323 16.159
12.696 27.149 18.256
16.505 22.079 16.205
17.901 16.949 11.808
20.444 15.407 6.770
14.800 28.265 -1.402
11.303 22.846 -0.948
7.992 19.044 3.200
6.936 15.523 8.908
4.335 16.465 14.605
-1.441 18.166 16.619
-6.934 21.636 17.306
-9.098 27.829 17.855
-12.059 31.691 13.460
-14.366 33.910 7.564
-16.634 32.294 1.503
-20.169 27.679 -1.889
9.356 46.444 33.240
15.605 46.587 36.161
20.362 46.979 41.516
22.206 45.360 48.546
21.285 40.128 53.097
18.665 34.871 55.298
16.822 28.807 54.272
21.741 23.187 54.971
26.320 19.695 52.647
32.044 18.488 49.282
36.536 20.044 44.169
39.722 24.991 41.641
42.569 31.043 42.593
45.401 35.349 46.739
40.219 26.499 61.446
35.526 32.193 59.351
34.034 36.653 54.426
32.985 37.367 47.276
31.750 34.631 41.651
28.593 29.951 38.404
26.480 23.807 36.936
21.940 28.915 37.815
14.334 30.054 38.128
9.404 31.160 42.485
7.195 35.311 47.139
7.611 40.560 51.230
9.986 46.778 52.823
11.955 52.622 49.577
17.636 34.304 2.000
19.664 28.072 -0.519
12.806 24.881 -1.546
8.187 18.523 0.329
10.608 17.388 7.376
13.728 19.682 11.962
13.873 25.908 12.356
8.225 25.111 10.265
2.814 21.758 10.119
-1.811 21.685 4.479
-1.086 24.723 -2.099
3.435 31.205 -2.934
9.341 35.512 -2.904
5.276 38.852 1.217
1.595 50.396 22.972
-0.583 47.585 17.196
-0.629 45.076 11.481
0.394 39.332 8.575
2.576 33.648 8.774
3.721 28.370 10.851
-7.901 31.205 25.890
-2.209 30.428 28.838
4.511 30.963 28.877
9.558 32.328 25.416
13.109 34.832 20.231
15.471 37.375 15.136
14.708 42.374 10.355
11.098 47.030 7.406
2.854 22.269 15.309
2.126 19.689 16.302
1.807 18.053 13.938
1.627 50.451 22.932
-0.730 47.720 17.209
-0.777 45.123 11.519
0.269 39.397 8.612
2.422 33.628 8.844
3.638 28.388 10.872
-7.792 31.546 25.790
-2.226 30.341 29.036
4.510 30.927 28.853
9.522 32.392 25.419
13.018 34.817 20.242
15.390 37.434 15.115
14.681 42.391 10.356
11.065 47.016 7.402
2.769 22.251 15.392
2.004 19.668 16.324
1.677 18.064 13.990
9.689 46.755 33.034
15.612 47.232 35.858
20.247 47.395 40.900
22.555 45.233 46.276
22.425 40.328 51.127
19.471 35.182 54.326
17.607 29.392 53.410
21.644 22.964 54.487
26.450 19.455 52.229
32.289 18.696 48.860
36.858 20.224 43.875
40.317 25.115 41.024
43.245 30.625 42.675
44.937 36.278 45.938
42.442 24.972 60.459
39.511 27.445 60.743
36.043 32.845 58.026
34.350 36.465 53.970
33.345 37.318 47.293
32.074 34.828 41.299
29.305 30.036 37.869
26.536 24.036 36.792
21.540 28.006 37.865
14.127 30.164 37.704
9.594 31.035 42.689
8.068 34.111 48.499
8.515 39.951 51.843
10.720 46.262 52.842
-43.914 -25.977 40.329
-40.547 -29.540 44.887
-34.497 -31.175 47.583
-28.374 -29.402 49.906
-24.813 -23.637 52.072
-25.445 -17.196 53.944
-29.999 -12.490 56.170
-35.617 -11.183 59.681
-37.854 -12.193 65.750
-37.771 -14.924 72.004
-34.733 -18.035 76.841
-28.894 -19.203 80.360
-21.492 -17.909 81.894
-16.262 -14.810 79.204
-13.596 -8.555 76.033
-15.763 -2.684 73.668
-19.623 2.829 76.491
-22.352 6.488 80.995
-22.048 9.090 87.581
-19.015 10.925 92.738
-13.089 12.903 94.719
-6.462 13.173 94.080
-1.177 12.810 90.472
1.540 13.148 84.766
0.216 16.110 78.388
-2.661 19.345 73.488
-7.837 23.894 72.246
-8.672 30.147 73.318
-8.080 36.164 73.653
-3.091 41.469 74.974
2.327 44.042 75.017
8.677 42.506 72.776
13.589 38.046 70.888
15.861 34.322 65.018
13.020 31.798 59.902
9.986 31.984 53.978
5.444 34.880 50.097
1.641 40.640 48.222
1.487 46.219 47.095
4.431 50.234 42.910
10.102 52.912 40.325
14.223 52.652 36.697
20.199 49.184 35.904
23.192 43.231 32.786
22.770 37.126 30.659
18.371 32.267 28.880
12.715 30.352 26.900
6.527 32.961 24.571
3.476 34.028 19.342
4.700 36.373 12.964
4.227 34.054 7.352
9.667 32.155 3.132
11.228 26.484 0.966
12.992 20.300 2.243
14.379 14.564 6.032
11.706 11.113 9.811
5.764 9.578 12.974
-1.115 9.548 12.613
-5.489 7.922 8.235
-7.954 4.572 3.639
-7.848 0.732 -1.711
-4.098 -4.141 -4.424
-0.615 -9.894 -3.391
4.153 -13.108 0.448
5.163 -16.697 5.604
2.824 -17.730 11.703
-1.405 -16.606 16.954
-7.546 -17.203 19.266
-14.103 -19.326 18.010
-18.026 -23.151 17.519
-19.146 -30.522 17.028
-18.385 -35.896 18.021
-16.563 -40.983 21.224
-12.368 -42.550 25.879
-7.470 -41.206 30.635
-3.992 -35.938 33.567
-5.976 -31.734 38.225
-10.911 -27.604 40.528
-17.145 -28.416 43.663
-20.400 -30.719 48.033
-21.485 -35.917 52.285
-18.884 -39.355 57.075
-15.370 -42.547 61.165
-8.865 -43.321 61.539
-3.825 -41.400 63.681
0.564 -36.761 63.945
2.356 -30.316 62.265
0.406 -24.512 63.770
-5.118 -19.754 65.220
-6.953 -18.100 71.763
-8.818 -18.592 78.045
-6.625 -20.556 83.895
-1.718 -20.916 88.314
3.623 -18.806 90.822
10.199 -18.715 89.268
13.927 -16.332 83.685
14.992 -10.702 80.117
13.741 -5.266 77.971
9.687 0.576 77.791
6.390 4.725 81.522
6.781 8.487 86.368
10.371 11.947 90.565
15.348 15.630 92.514
21.435 17.326 90.038
27.689 14.847 88.215
30.337 13.926 82.132
29.895 12.470 75.267
25.754 13.136 70.116
21.705 17.415 66.635
20.241 23.980 65.288
22.236 30.099 65.973
25.663 35.175 65.016
32.795 36.449 62.599
38.708 34.913 61.545
43.159 30.451 57.971
42.525 24.254 53.720
39.619 21.927 48.301
34.954 19.291 43.785
29.860 22.636 39.291
28.667 28.576 36.681
45.286 32.268 36.775
40.916 37.292 39.194
35.004 36.924 42.275
28.684 34.935 44.424
26.210 30.452 48.279
27.313 23.352 49.869
31.668 19.312 53.839
37.149 19.245 57.544
39.214 20.792 63.491
39.411 25.305 68.921
35.768 28.302 73.895
29.909 28.837 77.720
22.740 28.893 77.076
16.500 24.586 77.603
15.446 18.147 75.050
17.251 12.048 73.590
21.620 7.076 75.550
25.280 4.571 81.012
24.794 3.436 87.329
21.802 2.399 93.284
16.332 -1.737 94.661
9.690 -2.089 95.765
4.193 -2.519 92.266
0.608 -2.742 85.863
0.754 -5.543 80.312
4.061 -8.968 75.259
8.309 -13.521 74.537
10.614 -19.543 76.158
8.946 -26.197 77.430
5.006 -30.271 81.225
-1.761 -32.798 79.935
-7.277 -32.932 76.946
-12.900 -30.731 73.514
-13.995 -27.708 68.796
-12.346 -23.764 62.779
-7.969 -25.050 58.205
-3.698 -28.312 53.896
-0.762 -34.078 52.598
-2.963 -39.669 50.170
-6.776 -44.959 48.655
-12.329 -46.361 45.501
-18.237 -45.658 43.341
-21.297 -42.283 39.096
-22.489 -35.631 38.091
-20.804 -32.445 33.318
-16.803 -26.926 34.290
-10.512 -26.029 31.996
-5.025 -28.841 28.645
-3.199 -32.645 24.050
-2.606 -33.896 17.742
-4.294 -33.204 11.899
-7.553 -31.365 6.367
-9.999 -25.844 3.979
-13.051 -19.632 4.406
-14.472 -14.324 8.654
-10.593 -9.736 12.032
-4.602 -7.844 14.260
2.441 -8.065 13.414
7.897 -7.376 9.223
10.094 -3.636 4.544
8.664 -0.199 -1.729
5.253 3.478 -5.373
2.296 9.594 -4.534
-1.582 13.542 -1.305
-4.592 17.017 3.927
-1.278 19.498 9.378
2.991 18.592 14.662
9.305 19.264 16.981
15.694 21.528 15.668
19.852 25.327 13.163
20.260 31.465 11.343
18.564 38.285 10.318
14.043 42.211 13.425
10.348 45.123 18.021
8.099 45.645 23.861
5.620 40.656 28.385
7.916 35.950 32.899
13.203 32.714 36.287
18.186 34.341 39.920
20.031 38.130 44.055
21.252 41.849 47.297
19.314 46.740 51.502
15.089 49.642 54.914
9.385 50.515 57.769
3.114 48.594 57.825
0.147 43.694 57.482
-0.859 37.241 56.609
1.596 32.335 58.911
5.878 27.487 62.942
9.233 27.373 67.844
10.133 29.347 74.357
8.093 31.562 80.255
4.594 31.185 85.474
-1.989 29.644 88.019
-9.486 29.839 86.514
-13.732 26.861 82.541
-13.547 21.396 78.200
-11.490 15.853 76.292
-7.980 9.804 77.345
-3.599 6.377 81.410
-4.438 2.808 87.112
-7.811 -0.955 90.917
-13.896 -2.771 93.147
-19.836 -5.150 92.955
-25.793 -3.343 89.494
-28.387 -2.460 83.620
-27.922 -2.591 76.175
-23.341 -3.321 70.851
-20.198 -8.895 68.453
-18.238 -15.554 67.825
-19.767 -21.389 68.762
-24.907 -26.304 69.829
-31.561 -28.047 69.511
-37.062 -27.136 65.174
-41.630 -21.824 62.122
-41.335 -17.679 57.194
-38.100 -15.233 51.653
-32.714 -14.081 46.376
-28.356 -17.673 42.586
-25.762 -24.479 40.808
6.578 -0.281 -93.030
13.177 2.709 -93.481
16.168 7.590 -90.543
17.271 14.199 -87.026
15.290 17.526 -82.019
12.662 16.398 -75.729
8.747 13.009 -71.358
7.110 7.539 -68.550
9.072 1.658 -66.556
13.446 -1.811 -63.423
19.624 -3.982 -61.892
25.705 -2.112 -60.005
28.822 1.975 -56.125
29.902 5.801 -50.937
28.341 12.069 -47.703
23.465 15.579 -45.237
16.566 15.839 -44.310
12.402 11.163 -42.237
11.484 4.122 -40.237
13.764 -0.490 -35.971
17.911 -1.510 -30.208
21.629 0.316 -25.084
21.593 4.248 -19.632
18.794 8.923 -15.551
12.971 13.091 -14.063
6.993 14.889 -14.272
0.867 14.072 -17.692
-2.646 8.746 -19.286
-3.853 1.448 -17.859
-4.011 -2.954 -12.983
-4.667 -5.021 -6.841
-8.184 -3.167 -1.385
-12.194 0.361 2.502
-17.171 5.611 2.558
-21.209 10.002 -0.316
-24.333 12.448 -6.056
-26.398 10.764 -12.039
-27.041 7.781 -17.329
-29.934 2.965 -20.363
-32.030 -3.741 -18.758
-37.354 -6.772 -16.409
-44.417 -6.543 -13.517
-49.667 -3.090 -13.082
-53.088 2.507 -14.671
-54.110 8.610 -16.998
-53.688 13.661 -22.501
-49.927 14.327 -27.395
-47.686 11.313 -33.853
-47.978 6.363 -37.861
-51.324 0.398 -40.967
-56.672 -2.161 -42.235
-62.771 -1.316 -44.378
-68.031 2.679 -45.976
-70.233 6.097 -49.648
-70.443 12.640 -51.033
-67.280 17.340 -55.968
-62.367 21.201 -56.352
-55.739 20.520 -57.278
-51.046 16.607 -59.945
-49.514 10.802 -63.408
-50.681 6.549 -68.554
-52.205 7.111 -74.830
-53.928 10.026 -80.797
-53.982 15.386 -84.569
-50.888 20.945 -86.442
-46.682 25.875 -85.536
-42.707 29.591 -81.308
-36.974 28.605 -78.624
-32.343 24.378 -76.192
-28.740 18.625 -77.209
-24.661 16.470 -82.383
-22.758 15.867 -88.656
-20.150 19.228 -93.626
-17.365 24.783 -95.875
-14.274 30.659 -95.075
-10.947 34.902 -91.888
-9.587 38.868 -86.370
-6.967 37.539 -80.518
-6.975 32.993 -75.368
-2.643 27.825 -74.079
1.721 22.941 -75.982
7.784 22.086 -78.796
13.565 25.123 -79.944
17.947 29.782 -78.861
20.363 35.968 -77.233
20.785 39.558 -71.636
19.466 40.907 -65.458
14.292 40.676 -60.834
12.176 36.411 -56.150
11.689 29.622 -54.527
16.052 24.890 -52.864
21.570 23.081 -49.872
26.111 24.381 -45.242
27.987 28.519 -40.136
28.632 33.364 -36.110
25.488 37.761 -32.310
20.609 42.111 -30.316
14.531 42.190 -28.943
8.195 40.382 -30.705
4.762 35.183 -29.183
4.816 27.876 -28.002
5.847 24.693 -22.202
8.876 22.975 -16.489
9.029 24.921 -10.241
6.769 29.347 -5.274
3.225 34.174 -2.789
-1.911 36.812 -2.503
-8.227 40.119 -4.783
-12.986 39.435 -9.928
-16.090 34.199 -12.433
-18.295 27.766 -12.337
-18.978 22.070 -8.804
-21.779 19.815 -3.495
-26.297 20.782 1.425
-31.088 23.526 4.731
-35.720 28.580 3.641
-38.268 34.340 1.406
-40.389 36.794 -4.776
-40.524 36.991 -11.277
-39.616 34.183 -17.437
-41.015 28.571 -21.041
-44.917 23.091 -22.119
-50.946 20.658 -20.825
-57.626 21.844 -20.344
-62.908 27.487 -20.504
-63.817 33.991 -21.412
-64.224 38.970 -25.833
-59.581 42.071 -30.397
-56.534 41.883 -36.256
-52.068 39.337 -41.130
-53.570 35.073 -46.433
-56.800 29.560 -48.836
-62.185 28.818 -52.363
-67.336 32.321 -55.497
-70.140 37.041 -58.086
-70.325 43.127 -61.321
-66.622 47.377 -64.621
-61.174 50.320 -66.430
-53.816 49.270 -67.929
-49.296 44.787 -69.133
-46.808 39.084 -71.468
-47.917 34.488 -76.255
-50.337 33.104 -82.300
-54.684 33.815 -87.564
-56.316 38.706 -91.765
-48.730 52.089 -82.472
-55.985 51.118 -84.209
-61.033 47.083 -84.477
-63.357 41.560 -81.246
-63.308 35.769 -78.410
-60.172 30.948 -74.438
-56.112 31.193 -68.629
-51.490 34.782 -65.171
-50.570 40.539 -60.802
-52.354 45.163 -57.487
-57.090 49.380 -54.367
-62.250 49.640 -50.503
-67.393 45.963 -47.695
-69.713 40.985 -44.983
-70.833 35.216 -41.795
-67.540 29.665 -39.476
-61.995 25.894 -38.333
-54.985 25.853 -38.602
-51.082 30.330 -35.107
-50.276 35.992 -31.503
-52.636 39.553 -26.292
-55.775 39.855 -20.718
-57.630 36.378 -15.116
-56.743 32.261 -10.125
-53.338 26.646 -8.403
-47.651 21.725 -7.785
-40.901 19.657 -10.495
-35.986 22.009 -14.412
-32.684 28.529 -14.986
-31.132 34.379 -12.244
-30.419 38.231 -6.832
-28.334 37.997 -0.419
-24.734 35.854 4.644
-19.965 30.959 6.144
-15.086 27.158 5.601
-12.476 23.211 0.914
-9.775 22.067 -5.832
-7.810 24.265 -11.249
-8.329 28.444 -16.822
-5.257 34.161 -18.026
-2.244 39.974 -15.882
3.275 42.276 -12.959
9.336 40.837 -11.734
14.901 37.117 -13.600
17.617 32.440 -17.065
17.680 26.484 -20.576
16.749 25.217 -26.244
11.627 25.078 -31.854
9.990 29.447 -36.438
9.394 35.516 -39.157
12.404 41.194 -41.137
17.956 43.158 -43.504
23.773 42.501 -46.253
28.778 39.804 -49.096
29.579 36.410 -54.294
29.367 30.670 -58.056
25.746 26.766 -61.430
19.969 24.159 -63.427
13.319 24.579 -61.435
8.919 29.591 -63.063
6.940 36.192 -64.462
7.777 40.797 -68.820
7.963 41.756 -75.740
8.434 40.126 -82.019
8.553 35.567 -86.960
4.690 30.878 -89.513
0.439 25.689 -89.245
-2.934 21.051 -85.329
-8.094 21.565 -81.528
-12.195 25.166 -77.639
-15.947 30.944 -77.110
-19.755 35.039 -80.714
-23.274 35.906 -86.430
-26.953 33.110 -91.107
-30.004 28.398 -94.213
-33.268 22.986 -94.135
-35.845 17.251 -92.102
-35.901 12.863 -87.029
-37.370 12.717 -80.690
-37.008 15.987 -74.650
-41.258 20.684 -71.755
-45.851 25.720 -71.945
-52.274 26.730 -73.675
-57.906 23.766 -73.862
-62.687 18.963 -74.820
-63.975 12.986 -72.926
-64.115 8.331 -68.275
-60.725 4.955 -63.606
-56.113 4.429 -58.687
-52.489 8.272 -54.304
-52.489 14.403 -51.161
-56.890 18.162 -47.644
-61.186 18.604 -43.791
-64.031 16.467 -38.613
-67.178 11.126 -35.076
-66.977 6.357 -32.138
-63.209 1.062 -29.831
-57.795 -2.723 -29.174
-51.503 -3.149 -29.716
-45.165 -0.371 -31.104
-42.149 4.337 -28.971
-41.249 11.094 -25.952
-41.584 12.895 -19.406
-42.724 11.644 -12.836
-42.937 7.617 -7.430
-39.877 3.739 -3.706
-36.232 -2.133 -4.069
-29.981 -4.243 -4.546
-25.162 -6.534 -8.943
-21.766 -3.842 -14.222
-19.105 1.967 -16.202
-16.730 8.118 -14.544
-15.449 13.171 -10.153
-11.625 13.625 -4.730
-6.410 13.240 -1.046
-1.755 8.807 0.397
2.796 4.282 -1.318
5.299 -0.852 -6.074
5.574 -2.566 -12.392
5.235 -1.376 -19.001
2.471 2.861 -23.949
4.551 9.012 -26.449
8.623 14.338 -26.634
14.485 17.269 -25.931
20.916 15.510 -26.960
26.139 10.010 -28.217
27.241 4.195 -30.944
25.027 -0.106 -35.877
20.831 -1.405 -41.077
17.366 -0.314 -45.959
12.585 3.770 -50.082
13.456 9.207 -53.171
16.533 15.242 -54.831
21.129 16.098 -59.328
25.447 13.637 -63.905
27.212 9.614 -68.655
25.812 4.876 -73.229
20.940 -0.377 -75.964
14.737 -2.910 -75.511
8.906 -1.005 -76.449
4.399 3.822 -75.887
2.131 9.735 -78.048
2.766 15.146 -82.030
4.434 17.530 -88.198
7.747 17.914 -94.111
-6.382 -0.135 92.694
-13.106 2.760 93.213
-16.102 7.599 90.477
-17.170 14.168 86.897
-15.165 17.451 81.991
-12.632 16.411 75.563
-8.717 12.851 71.255
-7.073 7.412 68.340
-8.910 1.799 66.409
-13.370 -1.968 63.272
-19.547 -4.020 61.618
-25.621 -2.158 59.943
-28.888 2.228 56.260
-29.969 5.587 50.893
-28.448 11.625 47.304
-23.491 15.473 45.405
-16.818 15.776 44.058
-12.469 11.129 41.929
-11.453 4.082 39.798
-13.880 -0.682 35.899
-18.116 -1.393 30.033
-21.643 0.322 24.740
-21.606 4.639 19.410
-18.652 8.832 15.195
-13.013 12.996 13.820
-7.055 14.827 14.054
-1.164 13.722 17.653
2.340 8.613 19.124
3.814 1.397 17.644
4.141 -2.901 12.719
4.561 -5.001 6.505
8.295 -3.406 1.188
12.311 0.086 -2.763
17.102 5.623 -2.944
21.145 9.956 0.033
24.430 12.462 5.853
26.357 10.545 11.794
26.932 7.845 17.103
29.835 3.030 20.095
32.036 -3.666 18.516
37.174 -6.779 16.051
44.407 -6.483 13.576
49.470 -2.929 12.720
52.864 2.579 14.371
53.963 8.594 16.888
53.396 13.589 22.287
49.912 14.067 27.093
47.404 11.270 33.545
47.759 6.401 37.602
51.004 0.406 40.584
56.505 -2.104 42.094
62.643 -1.202 44.188
67.904 2.679 45.519
70.056 5.913 49.284
70.103 12.574 50.269
67.163 17.055 55.538
62.328 21.265 55.754
55.785 20.417 56.934
50.985 16.690 59.718
49.438 10.886 63.123
50.916 6.651 68.308
52.267 7.150 74.535
53.721 10.031 80.575
53.776 15.376 84.399
50.779 21.038 86.099
46.716 25.820 85.265
42.634 29.527 80.997
36.878 28.587 78.297
32.302 24.376 75.991
28.458 18.776 77.108
24.731 16.473 82.196
22.611 16.184 88.481
20.260 19.345 93.682
17.143 24.860 95.595
14.161 30.674 94.653
10.925 35.197 91.610
9.286 38.966 85.994
6.929 37.606 80.227
6.818 33.068 75.143
2.594 27.881 73.739
-1.888 23.015 75.675
-7.815 22.093 78.697
-13.629 25.103 79.596
-17.913 29.820 78.651
-20.501 35.780 77.032
-20.718 39.603 71.415
-19.593 40.938 65.245
-14.307 40.510 60.690
-12.168 36.481 55.984
-11.783 29.711 54.283
-16.236 25.018 52.468
-21.656 23.229 49.616
-26.112 24.579 44.907
-27.588 28.435 39.546
-28.552 33.893 36.306
-25.723 38.023 32.312
-20.941 41.988 29.869
-14.547 42.219 28.677
-8.210 40.401 30.363
-4.801 35.230 29.018
-4.957 27.955 27.781
-6.069 24.725 21.863
-8.954 22.911 16.053
-9.251 24.948 9.884
-7.119 29.440 4.889
-3.440 34.300 2.513
1.827 36.838 2.158
7.991 40.286 4.665
12.862 39.438 9.627
15.946 34.165 12.155
17.989 27.806 11.934
18.869 21.953 8.563
21.739 19.954 3.060
26.239 20.953 -1.982
31.199 23.517 -4.942
35.525 28.748 -4.011
38.112 34.290 -1.721
40.166 36.778 4.519
40.424 37.015 10.994
39.592 34.246 17.014
40.743 28.572 20.666
44.727 23.197 21.643
50.667 20.763 20.343
57.439 21.914 20.045
62.685 27.601 20.276
63.595 34.128 21.197
63.890 39.133 25.419
59.463 42.120 30.162
56.269 41.892 35.945
51.807 39.274 40.788
53.439 35.011 45.908
56.591 29.516 48.414
62.249 28.748 51.633
66.875 32.435 55.385
69.670 37.085 58.035
69.826 43.239 60.876
66.213 47.450 64.298
60.798 50.357 65.799
53.492 49.242 67.552
49.150 44.788 68.931
46.811 38.953 71.135
47.850 34.599 76.037
50.110 33.184 82.190
54.768 33.892 87.301
55.748 38.636 91.644
48.505 51.946 81.905
55.717 51.092 84.043
60.757 46.938 84.223
63.354 41.637 81.012
63.295 35.663 77.954
60.031 31.139 74.310
56.129 31.384 68.302
51.428 34.662 64.851
50.330 40.700 60.717
52.128 44.853 57.240
56.696 49.060 53.701
62.087 49.452 50.324
67.017 45.799 47.478
69.610 40.962 44.881
70.436 34.909 42.174
67.299 29.487 39.627
61.865 25.848 38.022
54.831 26.037 38.148
50.963 30.321 34.881
50.200 35.879 31.074
52.562 39.706 26.038
55.279 39.790 20.237
57.169 36.513 14.686
56.563 32.249 9.846
52.920 26.659 8.092
47.252 21.723 7.700
40.403 19.668 10.202
35.614 22.199 14.268
32.601 28.627 14.807
30.814 34.378 11.915
30.159 38.279 6.413
28.140 38.098 0.146
24.332 35.987 -4.780
19.791 31.068 -6.433
14.913 27.363 -5.901
12.000 23.652 -1.168
9.344 22.207 5.589
7.789 24.313 10.970
8.161 28.434 16.506
5.141 34.051 17.758
2.333 39.881 15.746
-3.066 42.243 12.570
-9.380 41.029 11.884
-14.953 37.056 13.249
-17.609 32.601 16.790
-17.787 26.714 20.272
-16.889 25.401 25.914
-11.899 24.957 31.580
-9.957 29.584 36.235
-9.443 35.709 38.861
-12.316 41.468 40.863
-17.975 43.210 43.397
-23.794 42.510 45.935
-28.634 40.086 49.066
-29.745 36.329 53.925
-29.307 30.962 58.021
-25.832 26.907 61.258
-20.023 24.149 63.040
-13.366 24.463 61.221
-8.969 29.623 62.730
-7.050 36.080 64.343
-7.807 40.719 68.629
-7.936 41.630 75.413
-8.417 40.056 81.682
-8.452 35.671 86.718
-4.707 30.938 89.283
-0.594 25.712 88.936
2.910 21.114 85.038
8.029 21.603 81.287
12.011 25.305 77.404
15.870 31.031 76.940
19.521 35.301 80.474
23.381 35.819 86.160
26.951 33.051 90.768
30.027 28.306 94.088
33.040 22.968 93.906
35.679 17.318 91.821
35.520 12.804 86.625
36.821 12.753 80.485
37.000 15.915 74.438
41.141 20.725 71.571
45.760 25.656 71.644
52.101 26.758 73.375
57.731 23.874 73.554
62.498 19.032 74.408
63.963 13.216 72.431
64.086 8.310 68.041
60.668 5.020 63.328
56.240 4.558 58.365
52.213 8.249 54.058
52.234 14.301 50.630
56.795 18.042 47.238
61.381 18.180 43.537
63.932 16.130 38.228
67.115 10.541 34.715
67.046 5.642 32.296
63.038 0.889 29.378
57.671 -2.933 28.982
51.448 -3.233 29.566
45.136 -0.445 31.029
42.187 4.229 28.833
41.136 10.955 25.614
41.884 12.836 19.470
42.831 11.592 12.773
42.489 7.579 7.423
40.101 3.432 3.594
36.125 -2.061 3.835
30.060 -4.343 4.445
25.122 -6.428 8.758
21.836 -3.800 14.057
18.899 1.892 15.805
16.532 7.954 14.259
15.280 13.051 9.953
11.544 13.577 4.489
6.154 13.246 1.003
1.267 8.978 -0.503
-3.087 4.042 1.019
-5.562 -0.865 5.790
-5.587 -2.739 12.158
-5.206 -1.483 18.774
-2.658 2.788 23.694
-4.514 9.022 26.112
-8.720 14.244 26.450
-14.629 17.188 25.786
-21.145 15.327 26.813
-26.107 9.509 27.619
-27.065 4.059 30.549
-25.105 -0.130 35.592
-20.810 -1.344 40.826
-17.375 -0.338 45.658
-12.672 3.716 49.902
-13.476 9.242 53.017
-16.241 15.234 54.575
-21.548 15.983 59.057
-25.341 13.701 63.771
-26.837 9.343 68.602
-25.583 4.733 72.958
-20.976 -0.790 75.376
-14.755 -3.048 75.290
-8.772 -0.949 75.852
-4.362 3.985 75.987
-2.209 9.745 77.773
-2.827 15.135 81.843
-4.218 17.482 87.962
-7.509 17.877 93.893
6.550 0.288 92.643
12.102 -2.907 93.809
16.333 -8.191 90.440
17.216 -13.829 86.694
14.860 -17.841 81.581
12.510 -16.648 75.684
8.621 -12.919 71.420
8.156 -6.965 68.361
9.705 -1.099 67.098
13.550 2.420 63.702
19.320 4.213 61.782
25.716 1.789 60.260
29.297 -3.389 56.673
29.942 -5.990 50.688
28.584 -12.137 47.846
23.712 -15.586 45.405
16.688 -15.786 44.482
12.707 -11.130 41.958
12.103 -3.878 40.073
14.312 0.716 36.010
17.788 1.952 30.577
21.231 -0.681 24.470
20.661 -4.232 19.546
19.425 -9.520 15.933
13.770 -12.914 13.752
7.192 -14.766 14.287
1.234 -13.842 17.838
-2.404 -8.617 19.281
-3.931 -1.333 17.698
-3.776 3.007 13.002
-4.056 4.460 6.687
-8.577 4.036 0.886
-12.908 0.223 -2.484
-17.148 -5.902 -2.714
-21.983 -9.639 -0.378
-24.737 -11.925 5.821
-26.241 -10.769 11.779
-26.893 -7.691 17.261
-30.345 -3.160 20.057
-31.920 3.919 18.633
-37.666 7.718 15.396
-44.813 6.798 13.465
-49.566 2.853 12.532
-52.166 -3.210 14.381
-53.444 -8.460 16.407
-53.507 -12.866 22.404
-49.910 -14.240 27.351
-47.495 -11.334 33.680
-47.890 -6.238 37.786
-51.192 -0.107 40.623
-56.908 1.655 42.560
-63.224 1.008 43.535
-68.371 -2.562 45.599
-69.249 -4.930 50.456
-70.205 -11.512 51.093
-67.460 -17.423 55.028
-62.660 -20.829 57.423
-56.029 -20.060 56.722
-50.772 -16.063 59.661
-49.320 -10.549 63.276
-50.656 -6.501 68.531
-52.383 -7.033 74.703
-53.356 -9.633 80.758
-53.735 -15.404 84.315
-51.042 -20.798 86.454
-46.659 -25.905 85.469
-42.942 -29.789 81.176
-36.818 -28.522 78.608
-32.305 -24.211 76.163
-28.459 -18.830 77.412
-24.758 -16.161 82.349
-22.941 -15.548 88.736
-20.442 -19.504 93.740
-16.934 -24.525 95.548
-14.055 -30.493 94.808
-11.104 -35.270 91.748
-9.426 -38.677 86.222
-7.129 -37.614 80.404
-6.885 -33.084 75.272
-2.923 -27.837 73.918
2.024 -22.709 75.742
7.822 -21.939 78.796
13.543 -25.125 79.888
17.700 -29.842 79.006
20.312 -35.547 76.618
20.655 -39.629 71.512
19.651 -40.777 65.257
14.336 -40.625 60.830
12.239 -36.607 55.798
11.861 -29.697 54.457
16.264 -25.002 52.626
21.624 -23.261 49.497
26.157 -24.866 45.162
27.810 -27.343 39.708
28.044 -33.006 35.379
25.596 -37.616 32.349
20.734 -42.209 30.456
14.219 -42.083 29.455
8.347 -40.359 30.355
4.862 -35.175 29.288
4.872 -27.948 27.477
6.169 -24.342 21.975
8.290 -23.458 16.137
9.345 -24.547 10.177
7.599 -29.296 5.317
3.661 -34.829 2.408
-2.394 -37.470 1.908
-8.065 -40.314 4.972
-12.755 -39.379 9.905
-15.919 -34.068 12.240
-18.413 -27.828 12.141
-18.810 -21.971 8.449
-21.853 -19.647 3.484
-26.086 -20.586 -1.810
-31.082 -23.956 -4.278
-35.586 -28.860 -3.896
-38.702 -33.779 -0.975
-40.593 -37.498 5.027
-40.621 -37.066 11.491
-39.479 -34.056 17.160
-41.116 -28.583 21.047
-44.651 -23.316 21.942
-50.413 -20.267 20.344
-57.931 -21.853 20.847
-62.619 -26.024 20.756
-63.525 -33.363 21.069
-63.056 -38.083 25.204
-60.016 -41.256 30.204
-56.025 -41.785 36.152
-52.059 -39.149 40.994
-53.638 -34.894 46.198
-56.880 -29.201 48.389
-61.933 -29.174 52.487
-66.738 -31.991 55.540
-70.104 -36.766 58.347
-70.056 -43.057 60.730
-66.151 -47.083 64.303
-60.981 -50.322 65.819
-53.795 -49.179 67.578
-49.290 -44.723 69.009
-46.670 -39.114 71.548
-47.911 -34.440 76.191
-50.385 -32.983 82.532
-54.957 -34.078 87.426
-49.088 -52.534 82.640
-55.914 -50.423 84.271
-61.114 -46.806 84.233
-63.363 -41.373 81.077
-63.295 -35.397 78.089
-59.790 -30.843 74.313
-56.136 -31.549 68.115
-51.625 -34.578 64.811
-50.810 -39.942 61.045
-52.433 -45.172 57.347
-56.963 -48.336 54.150
-62.265 -49.182 50.467
-67.336 -45.736 47.793
-69.844 -40.840 45.112
-70.607 -35.022 42.010
-67.466 -29.082 39.588
-62.036 -25.630 38.567
-55.466 -26.070 38.382
-50.813 -30.563 34.722
-50.374 -35.735 31.343
-52.254 -39.687 26.105
-55.333 -39.820 20.217
-57.509 -36.151 14.767
-57.031 -31.941 10.098
-53.271 -26.231 8.308
-47.236 -21.821 7.687
-40.468 -19.603 10.506
-35.362 -22.230 13.842
-32.809 -28.161 15.308
-30.867 -34.085 12.338
-30.431 -38.343 6.588
-29.007 -38.278 0.433
-23.770 -36.056 -4.677
-19.723 -30.058 -6.543
-14.799 -26.461 -5.436
-11.238 -23.086 -0.702
-9.424 -22.446 5.473
-8.011 -23.980 11.368
-8.296 -28.398 16.521
-5.212 -34.006 18.003
-2.828 -40.023 15.750
3.571 -42.029 12.307
9.561 -40.991 11.615
14.946 -37.159 13.528
17.572 -32.404 16.555
17.706 -26.351 20.357
16.920 -25.181 25.951
11.716 -24.952 31.416
10.126 -29.382 36.314
9.542 -35.486 39.047
12.478 -41.255 41.018
18.318 -43.185 43.132
23.535 -42.270 46.277
28.548 -39.515 49.483
30.186 -35.687 53.851
29.217 -31.211 58.763
25.731 -26.326 61.353
20.121 -24.304 63.416
13.841 -24.548 61.437
8.746 -29.713 62.793
6.968 -36.128 64.684
7.362 -40.517 68.915
7.520 -41.580 75.644
8.023 -39.879 81.749
8.513 -35.511 86.952
4.621 -30.821 89.426
0.544 -25.736 89.156
-2.959 -21.259 85.299
-8.113 -21.594 81.346
-11.988 -25.316 77.572
-16.123 -30.832 77.115
-20.138 -34.540 80.804
-23.153 -36.061 86.467
-27.203 -33.320 90.798
-29.717 -28.513 94.639
-32.833 -22.951 94.068
-35.680 -17.253 91.931
-35.514 -12.448 86.780
-36.824 -12.668 80.875
-37.202 -15.670 74.665
-41.344 -20.495 71.670
-45.810 -25.517 71.871
-52.112 -26.663 73.392
-57.830 -23.654 73.650
-62.419 -18.618 74.821
-63.673 -12.903 72.474
-63.688 -7.902 68.131
-59.936 -4.606 63.627
-55.642 -4.584 58.620
-52.452 -8.000 54.381
-52.602 -13.961 50.857
-56.668 -18.335 47.771
-61.930 -18.090 43.499
-64.433 -16.533 39.093
-66.976 -11.477 34.217
-65.208 -6.068 31.272
-62.743 -0.232 30.254
-57.474 2.709 28.786
-51.768 3.627 30.099
-44.980 0.352 30.809
-42.021 -4.496 28.792
-41.296 -11.303 26.012
-41.825 -12.550 19.134
-43.066 -11.259 12.781
-42.754 -8.085 8.050
-40.021 -3.964 4.376
-36.595 1.938 4.306
-29.883 4.558 4.497
-24.843 6.386 8.702
-21.515 3.842 14.185
-19.222 -1.885 16.141
-16.444 -7.958 14.303
-15.142 -13.392 10.122
-11.936 -14.188 4.570
-6.225 -12.697 1.434
-0.641 -9.381 -0.293
3.104 -4.089 1.210
5.413 0.304 5.976
6.083 2.176 12.112
5.161 1.484 19.097
3.120 -2.735 24.222
4.694 -9.040 26.408
8.869 -14.216 26.653
14.713 -17.591 25.934
21.075 -14.991 26.959
26.182 -9.311 27.255
27.305 -4.953 31.922
25.035 -0.329 36.386
20.916 0.986 41.210
17.102 0.515 46.069
12.334 -3.785 50.062
13.392 -8.942 53.046
16.267 -14.681 55.169
21.489 -15.978 59.284
25.316 -13.609 64.063
26.523 -8.662 68.712
25.812 -4.766 72.984
21.223 0.920 74.201
15.937 2.568 76.713
9.309 0.751 75.536
4.511 -3.668 76.600
2.323 -9.795 77.629
2.857 -15.125 82.000
4.339 -17.436 88.047
7.832 -17.875 93.988
2.895 -0.328 93.011
9.015 -3.449 93.093
12.137 -9.668 90.390
13.738 -14.814 86.575
11.500 -18.041 81.607
9.033 -17.490 75.202
5.871 -13.679 70.531
4.888 -8.315 67.384
7.236 -2.608 65.800
12.240 0.988 63.064
18.599 2.577 61.691
25.460 0.493 60.918
28.768 -4.201 57.453
30.123 -7.704 52.684
28.309 -14.420 49.944
23.909 -17.251 46.628
17.097 -17.131 45.297
12.792 -12.366 41.783
12.439 -5.425 39.294
16.016 -0.930 36.003
20.940 0.138 30.427
23.786 -2.154 25.337
24.824 -6.081 20.133
22.288 -11.252 16.005
16.721 -15.718 13.845
10.979 -17.701 14.493
4.474 -16.119 17.058
0.703 -10.664 18.103
-0.666 -3.556 16.204
-0.371 1.182 10.721
-0.212 2.651 4.620
-1.727 0.333 -1.458
-6.141 -3.417 -5.558
-11.040 -8.871 -5.577
-14.546 -13.213 -2.531
-19.779 -13.764 2.131
-22.489 -12.857 7.898
-23.125 -9.776 13.427
-27.684 -4.314 14.923
-29.865 2.443 12.684
-33.864 5.508 9.055
-40.767 3.596 6.297
-45.265 -0.767 4.472
-48.737 -6.241 7.901
-50.853 -10.474 10.210
-50.368 -14.308 16.642
-47.363 -15.626 21.576
-46.260 -11.785 27.387
-46.575 -6.499 31.110
-49.624 -0.872 32.634
-55.571 2.353 33.769
-61.871 1.698 35.177
-67.221 -1.463 36.835
-69.902 -6.521 40.289
-70.595 -12.663 42.982
-68.507 -17.170 47.301
-62.992 -20.636 49.808
-56.631 -20.218 50.286
-51.837 -15.220 53.241
-50.540 -10.216 56.901
-52.035 -6.160 61.665
-54.875 -5.750 67.854
-56.887 -9.000 73.567
-57.184 -14.271 78.012
-54.832 -20.034 79.868
-49.989 -24.629 79.855
-46.096 -28.712 75.826
-39.999 -27.745 73.481
-35.252 -23.603 71.783
-31.523 -17.918 72.679
-28.535 -15.050 78.083
-27.268 -14.674 84.695
-24.184 -17.989 90.161
-22.209 -23.634 92.618
-18.587 -29.606 92.495
-15.164 -34.440 89.873
-13.901 -38.718 84.372
-11.195 -37.435 78.756
-10.173 -32.845 73.642
-5.578 -27.919 72.634
-1.040 -23.366 74.575
4.042 -22.697 78.016
10.276 -25.469 80.066
13.937 -31.100 80.513
16.749 -37.287 77.594
17.108 -41.055 72.791
16.475 -42.629 66.835
11.430 -41.789 61.295
10.600 -37.465 56.444
10.539 -30.779 54.618
15.471 -26.039 53.053
20.834 -24.662 50.530
26.229 -26.956 46.773
28.462 -29.867 42.916
28.886 -35.495 37.842
26.513 -40.292 34.769
21.771 -44.526 32.332
15.726 -44.360 29.992
9.015 -41.706 31.191
5.856 -36.565 28.940
6.070 -30.049 27.590
8.308 -26.233 21.937
12.184 -25.873 15.830
12.313 -28.075 9.949
10.938 -32.796 4.477
6.764 -37.047 2.600
1.722 -40.006 1.700
-4.842 -42.878 3.985
-9.362 -41.582 8.975
-12.936 -35.953 10.425
-15.108 -29.703 9.652
-15.436 -24.164 5.923
-17.352 -21.816 0.289
-22.384 -22.697 -4.483
-26.269 -26.099 -8.167
-31.969 -31.215 -7.704
-34.735 -36.157 -4.720
-36.198 -39.451 0.606
-36.951 -39.282 7.021
-36.932 -35.582 12.829
-38.540 -29.925 16.084
-42.780 -24.762 16.189
-48.439 -21.721 15.196
-54.836 -22.835 13.631
-59.476 -28.636 12.215
-61.268 -35.731 14.021
-60.846 -40.478 18.963
-57.562 -42.805 24.599
-55.557 -41.991 30.567
-51.752 -39.217 35.771
-53.754 -34.683 40.484
-57.940 -28.498 40.778
-63.701 -28.356 43.949
-68.725 -32.327 48.122
-71.217 -36.617 50.976
-70.603 -42.372 54.287
-67.766 -46.784 57.922
-61.547 -50.248 59.930
-55.340 -47.116 61.365
-50.777 -43.866 62.410
-49.088 -38.145 65.746
-50.971 -32.940 70.563
-53.552 -32.327 76.443
-57.925 -33.103 81.660
-58.504 -38.018 86.938
-63.121 -46.522 77.422
-66.075 -41.337 74.115
-66.082 -34.109 72.281
-62.744 -30.619 68.126
-58.082 -30.464 62.052
-53.617 -33.105 58.633
-52.513 -38.282 54.749
-52.639 -44.142 51.947
-57.394 -48.150 47.430
-63.803 -48.428 46.069
-67.154 -46.230 41.541
-70.168 -41.236 37.890
-70.103 -35.478 34.370
-66.817 -30.033 30.244
-61.715 -26.096 30.483
-54.923 -26.279 32.073
-50.105 -30.881 29.454
-49.201 -37.145 27.064
-49.558 -40.929 21.206
-52.055 -40.992 14.476
-54.575 -38.232 9.286
-53.408 -33.993 4.485
-49.612 -27.970 2.547
-43.990 -23.598 2.253
-37.952 -20.759 5.929
-32.789 -23.862 9.808
-30.034 -29.500 11.083
-27.789 -36.330 8.725
-26.312 -39.386 2.979
-23.922 -40.438 -2.810
-19.598 -37.550 -7.644
-14.450 -33.968 -8.546
-11.150 -28.718 -6.824
-8.149 -25.290 -2.373
-5.511 -24.654 3.790
-5.417 -26.336 9.762
-5.880 -30.517 15.132
-3.214 -36.253 16.945
-0.393 -42.070 15.026
5.076 -44.770 12.560
11.845 -43.142 12.466
17.455 -39.417 13.843
21.095 -34.674 17.549
20.841 -29.468 21.997
18.621 -26.549 26.850
13.912 -26.410 31.691
10.263 -31.017 36.470
9.647 -36.905 39.055
12.159 -42.393 41.541
16.932 -44.683 44.907
22.687 -43.934 47.856
26.962 -42.007 51.767
29.409 -37.202 55.374
28.207 -32.211 60.453
23.486 -28.327 62.769
18.701 -25.338 63.736
11.643 -25.734 61.284
6.976 -30.481 62.616
4.525 -37.188 64.554
4.254 -41.329 69.188
4.627 -42.097 76.109
4.626 -40.374 82.095
3.954 -35.627 86.810
0.279 -30.935 88.807
-3.933 -25.406 87.857
-6.693 -20.960 83.511
-10.961 -21.407 79.384
-15.289 -25.403 74.824
-19.333 -30.567 74.530
-23.264 -34.576 77.865
-27.313 -34.899 83.104
-31.239 -32.253 87.493
-33.910 -26.836 90.968
-38.233 -21.028 89.626
-40.014 -15.707 86.888
-39.539 -11.192 81.883
-39.495 -11.610 75.320
-38.963 -15.731 69.800
-43.174 -20.067 66.570
-48.400 -25.328 66.317
-54.984 -25.705 67.243
-60.536 -23.743 67.384
-64.714 -18.219 67.137
-65.969 -10.974 65.475
-65.067 -6.539 61.096
-61.874 -4.044 55.545
-56.318 -3.331 51.979
-53.151 -7.556 47.825
-52.511 -14.374 44.464
-56.385 -18.130 41.230
-61.638 -18.418 35.622
-63.996 -17.124 30.955
-65.189 -13.138 26.831
-64.272 -6.977 23.633
-60.421 -0.918 21.977
-55.293 1.734 20.358
-49.066 2.280 21.345
-43.230 0.025 24.386
-39.975 -5.281 23.126
-38.978 -12.142 20.892
-39.264 -13.948 14.607
-38.959 -13.903 7.449
-38.537 -10.371 1.805
-35.194 -6.112 -2.862
-31.125 -0.537 -1.748
-24.574 1.722 -0.743
-20.860 4.732 4.284
-17.751 2.367 9.620
-16.801 -3.845 12.873
-13.461 -9.763 11.766
-11.588 -15.076 7.311
-6.851 -15.860 2.421
-1.033 -15.848 -0.109
4.251 -11.300 -1.419
7.993 -6.489 0.041
9.407 -1.612 4.628
9.550 0.808 11.747
8.278 -0.539 17.818
5.265 -4.638 22.503
6.875 -10.952 25.660
10.868 -16.364 26.274
16.509 -19.407 26.489
23.031 -17.120 28.185
27.858 -13.230 29.838
28.766 -6.107 32.118
27.281 -1.764 37.612
21.988 -0.656 41.499
17.877 -0.633 46.016
12.558 -5.018 49.191
12.484 -10.090 52.660
15.671 -16.530 54.953
20.698 -17.794 59.502
23.265 -15.125 65.092
24.381 -11.172 69.847
23.979 -5.960 73.375
19.457 -0.189 75.269
13.129 1.847 76.028
6.373 0.185 74.735
1.921 -3.663 75.861
-0.691 -10.289 77.071
-0.390 -15.447 81.209
0.668 -18.630 86.833
4.933 -18.376 92.979
7.668 -0.382 92.621
13.123 -3.181 93.759
16.276 -8.641 90.745
17.263 -14.051 87.290
15.349 -17.054 81.901
12.667 -16.484 75.841
8.516 -13.239 71.584
7.510 -7.428 68.584
9.316 -1.341 66.939
13.554 2.132 64.259
19.764 4.212 62.153
25.593 1.792 60.062
29.682 -2.672 56.807
30.291 -5.741 50.963
28.365 -12.517 48.368
23.235 -16.136 45.960
16.655 -16.114 45.218
12.450 -11.083 42.363
11.419 -4.060 40.118
13.826 0.110 35.450
18.043 1.406 30.280
21.406 -0.472 24.964
20.676 -4.375 19.443
18.991 -9.298 15.462
13.520 -13.174 14.206
6.976 -15.222 14.609
1.164 -14.404 18.396
-2.796 -8.700 19.038
-3.831 -1.835 18.108
-3.607 2.694 13.316
-4.636 4.796 6.480
-8.535 3.201 1.284
-12.770 -0.600 -2.223
-16.726 -5.388 -2.769
-21.419 -10.410 0.623
-24.214 -12.007 5.784
-26.165 -10.572 12.112
-26.738 -7.817 17.432
-30.098 -2.774 19.798
-32.697 3.494 18.356
-37.866 6.591 16.208
-44.437 6.265 14.179
-49.856 3.019 12.992
-52.868 -2.893 14.712
-54.434 -8.361 17.193
-53.548 -13.384 22.637
-49.629 -14.171 28.346
-47.878 -11.303 33.651
-47.975 -6.285 37.979
-51.427 -0.572 40.928
-57.324 2.027 42.154
-63.034 1.158 43.967
-68.096 -2.151 46.034
-70.494 -7.153 48.433
-70.594 -12.137 53.660
-67.698 -17.527 55.372
-62.517 -21.099 56.080
-55.768 -20.482 57.606
-50.954 -16.434 60.061
-49.376 -10.689 63.501
-50.640 -6.516 68.681
-52.603 -6.746 74.963
-53.629 -10.214 81.298
-53.807 -15.336 84.852
-50.744 -20.988 86.617
-46.761 -25.944 85.597
-42.701 -29.646 81.357
-36.949 -28.571 78.711
-32.380 -24.327 76.309
-28.661 -18.796 77.312
-24.988 -16.028 82.763
-22.705 -15.965 88.748
-20.022 -19.522 93.509
-17.199 -24.896 95.665
-14.175 -30.547 95.017
-10.862 -35.120 91.972
-9.839 -39.036 86.473
-7.158 -37.693 80.607
-7.121 -33.136 75.510
-2.686 -27.988 74.118
1.475 -22.978 76.159
8.025 -22.230 79.040
13.682 -25.354 79.969
17.936 -30.108 79.057
20.260 -36.165 77.144
20.613 -39.714 71.627
19.377 -40.982 65.503
14.191 -40.802 60.952
12.159 -36.538 56.195
11.640 -29.774 54.525
16.129 -25.062 52.873
21.568 -23.412 49.772
25.819 -24.767 45.036
28.272 -29.189 40.213
28.475 -33.422 35.945
25.791 -38.308 32.734
20.830 -42.437 30.759
14.302 -42.451 29.215
7.999 -40.406 30.723
4.792 -35.351 29.292
4.817 -28.135 27.946
6.631 -24.128 22.943
9.525 -23.323 16.853
9.230 -24.851 9.765
6.678 -29.309 5.233
2.869 -34.756 2.808
-2.348 -37.664 2.200
-8.547 -40.448 4.970
-12.909 -39.538 10.077
-15.877 -34.678 12.865
-18.376 -27.690 12.798
-18.858 -21.620 8.598
-21.969 -19.910 3.380
-25.925 -20.295 -0.975
-31.385 -24.079 -4.352
-35.388 -29.557 -3.772
-38.574 -34.141 -1.037
-40.020 -37.419 4.839
-40.599 -37.048 11.397
-39.714 -34.340 17.524
-40.812 -28.651 21.200
-45.143 -23.681 21.983
-50.883 -20.809 21.119
-57.485 -21.543 21.219
-62.722 -26.950 20.121
-63.744 -34.434 20.618
-64.232 -39.146 26.396
-60.058 -41.353 31.179
-56.531 -42.049 36.484
-52.237 -39.326 41.166
-53.600 -34.844 46.499
-56.814 -29.342 48.808
-62.032 -29.238 52.545
-67.086 -32.420 55.755
-69.913 -36.891 58.486
-70.640 -43.582 61.965
-66.502 -47.379 64.741
-61.080 -50.297 66.668
-53.811 -49.259 68.208
-49.323 -44.643 69.075
-47.128 -39.222 71.951
-47.988 -34.364 76.325
-50.283 -33.108 82.423
-54.709 -33.315 87.614
-55.966 -50.519 84.391
-60.885 -46.648 84.210
-63.550 -40.958 81.270
-63.276 -35.311 78.520
-60.236 -31.528 74.186
-56.285 -31.697 68.524
-51.599 -34.780 65.397
-50.741 -40.596 61.074
-52.783 -45.386 57.817
-57.072 -48.376 54.446
-62.566 -49.646 50.613
-67.465 -45.695 48.045
-69.839 -40.613 45.341
-70.245 -35.945 41.166
-67.429 -29.084 40.280
-62.140 -26.081 38.583
-55.221 -25.860 37.823
-50.993 -30.371 35.161
-50.145 -35.969 31.716
-52.718 -40.284 25.914
-55.841 -39.428 20.568
-57.795 -36.251 14.994
-56.663 -32.236 10.091
-53.356 -25.941 8.018
-47.402 -21.697 7.826
-40.644 -19.782 10.379
-35.806 -22.565 14.481
-32.995 -28.612 15.199
-31.147 -34.370 12.325
-30.554 -38.418 6.871
-28.604 -38.186 0.532
-24.153 -34.709 -4.754
-19.420 -31.838 -6.235
-15.602 -26.081 -4.671
-12.212 -22.908 -0.670
-9.746 -22.524 5.733
-7.951 -24.336 11.485
-8.523 -28.674 16.752
-5.604 -34.022 18.362
-2.846 -40.607 15.771
3.423 -42.468 12.526
9.222 -41.234 11.922
14.507 -37.581 13.042
17.572 -32.428 16.902
17.764 -26.854 20.631
16.610 -25.041 26.371
11.744 -25.225 32.083
9.692 -29.571 36.276
9.216 -35.560 38.961
12.536 -41.789 40.797
18.071 -42.981 43.970
23.797 -42.573 46.045
28.500 -39.976 49.350
29.765 -36.298 54.329
29.583 -30.989 58.110
25.756 -27.032 61.626
19.824 -24.449 63.443
13.116 -24.830 61.821
8.816 -29.855 63.028
6.866 -36.235 64.804
7.621 -40.975 68.941
7.812 -42.130 75.657
8.374 -40.302 82.030
8.350 -35.647 87.023
4.681 -30.953 89.478
0.445 -25.841 89.430
-2.963 -21.264 85.434
-8.073 -21.686 81.532
-12.154 -25.268 77.830
-15.768 -31.197 77.157
-19.897 -34.647 80.765
-23.296 -36.088 87.005
-26.778 -33.452 91.680
-29.909 -28.323 94.505
-33.024 -22.859 94.339
-35.805 -17.243 92.139
-35.346 -12.461 87.440
-37.292 -12.553 80.896
-36.562 -16.044 75.005
-41.262 -20.824 71.843
-45.874 -25.666 72.128
-52.260 -26.696 73.912
-57.926 -23.933 74.534
-62.543 -18.842 74.983
-63.874 -12.986 73.491
-63.759 -7.759 68.700
-60.867 -4.907 63.779
-55.665 -4.035 59.467
-52.322 -8.381 54.536
-52.624 -14.320 51.153
-56.708 -17.839 47.775
-61.186 -19.044 43.618
-65.287 -16.105 39.636
-66.403 -11.183 34.029
-66.729 -5.036 32.923
-63.746 -0.630 29.824
-58.021 2.800 29.464
-51.315 3.335 29.768
-45.270 0.224 31.061
-42.143 -4.265 29.143
-41.230 -10.938 26.059
-42.353 -12.457 19.115
-42.332 -10.999 12.060
-42.466 -6.917 7.247
-39.737 -2.789 3.943
-36.180 1.827 3.901
-30.062 4.727 4.773
-24.933 6.467 9.057
-21.660 3.799 14.093
-19.538 -2.024 16.345
-16.719 -8.403 14.656
-15.602 -13.279 10.208
-11.834 -14.173 4.786
-6.595 -12.385 1.098
-0.954 -10.110 0.119
2.416 -4.041 1.158
5.492 0.462 6.200
5.437 2.440 12.433
5.316 1.241 19.256
3.018 -2.998 24.138
4.617 -9.165 26.510
8.435 -14.566 26.789
14.638 -18.002 25.837
21.151 -15.792 27.052
25.676 -10.953 28.497
26.926 -4.900 31.308
24.986 -0.780 36.107
20.997 1.012 41.085
17.118 0.236 46.162
12.496 -3.930 50.163
13.500 -9.230 53.398
16.509 -15.090 55.144
21.135 -16.281 59.391
25.257 -14.001 64.037
26.714 -9.873 68.791
26.500 -5.225 73.189
21.754 0.087 75.110
14.719 2.967 75.180
8.608 0.460 75.919
4.535 -3.959 76.662
2.330 -9.921 78.069
2.805 -15.280 82.168
4.414 -17.648 88.300
7.836 -18.033 94.252
6.971 -0.211 92.688
13.084 -2.836 93.188
16.467 -7.985 90.507
17.254 -13.712 87.105
15.222 -17.764 82.165
12.734 -16.391 75.864
8.592 -13.305 71.627
7.605 -7.235 68.647
9.323 -1.822 66.493
13.045 2.423 63.919
19.602 3.983 61.965
25.565 2.027 60.439
29.353 -2.498 56.188
30.013 -5.700 50.891
28.609 -12.143 48.053
23.770 -15.530 45.627
16.319 -15.724 44.548
12.354 -11.148 42.396
11.389 -4.144 40.233
13.755 0.294 36.097
18.187 1.629 30.764
21.311 -0.749 24.790
21.094 -4.331 19.324
18.849 -9.402 15.489
12.975 -13.684 13.785
6.793 -15.211 14.540
0.827 -13.963 18.058
-2.761 -8.908 19.186
-3.915 -1.552 18.239
-3.831 2.769 13.258
-4.902 4.886 6.485
-8.935 3.257 1.332
-12.739 -0.170 -2.604
-17.144 -5.493 -2.366
-21.441 -9.873 0.071
-24.334 -11.820 5.979
-26.425 -10.666 11.988
-26.973 -8.057 17.410
-29.951 -2.884 19.963
-32.292 4.050 18.183
-38.515 7.236 15.865
-44.812 6.133 13.958
-49.845 2.513 13.270
-53.088 -3.148 14.327
-54.218 -8.912 17.159
-53.693 -13.382 22.471
-50.074 -14.175 28.286
-47.679 -11.342 33.590
-48.071 -6.327 38.024
-51.087 -0.395 41.003
-57.422 1.785 42.431
-63.061 0.912 44.333
-68.279 -3.034 45.798
-70.414 -6.386 49.479
-70.315 -12.525 52.223
-67.263 -17.758 55.557
-62.365 -21.297 56.490
-55.655 -20.610 57.568
-50.983 -16.570 60.090
-49.507 -10.856 63.609
-50.652 -6.635 68.688
-52.478 -6.779 74.783
-53.689 -10.562 81.309
-53.870 -15.531 84.832
-51.031 -21.442 86.704
-46.812 -26.014 85.727
-42.691 -29.643 81.516
-36.894 -28.563 78.845
-32.307 -24.373 76.363
-28.438 -18.941 77.787
-25.095 -16.015 82.779
-22.853 -15.779 88.918
-20.370 -19.643 93.846
-17.208 -25.048 96.114
-14.271 -30.534 95.296
-10.896 -35.280 92.138
-9.351 -38.991 86.580
-6.859 -37.694 80.674
-6.985 -33.096 75.531
-2.651 -27.966 74.163
1.755 -23.026 76.090
7.842 -22.297 78.924
13.672 -25.153 79.999
18.006 -29.847 79.042
20.446 -35.851 77.224
20.835 -39.567 71.727
19.458 -40.966 65.563
14.231 -40.671 60.951
12.238 -36.471 56.145
11.686 -29.668 54.582
16.124 -25.067 52.825
21.452 -23.064 49.827
26.222 -24.642 45.295
28.245 -28.298 40.321
28.247 -33.388 35.907
25.555 -37.525 32.397
20.704 -42.011 30.342
14.404 -42.231 28.974
7.941 -40.357 30.936
4.747 -35.188 29.235
4.806 -27.925 27.951
6.566 -24.129 22.584
9.336 -23.317 16.345
9.404 -24.815 9.686
6.974 -29.158 5.093
3.056 -34.769 2.866
-2.505 -36.664 1.988
-7.861 -40.709 5.090
-12.845 -39.425 10.399
-16.148 -34.183 12.623
-18.340 -27.879 12.430
-19.257 -22.236 8.833
-21.900 -19.684 3.663
-26.101 -20.378 -1.071
-31.011 -23.753 -4.483
-35.968 -29.164 -3.674
-38.739 -34.152 -0.690
-40.410 -36.982 4.956
-40.595 -37.158 11.462
-39.417 -34.543 17.221
-40.979 -28.517 21.294
-45.193 -23.542 22.057
-50.881 -20.872 21.258
-57.695 -21.428 20.862
-62.809 -27.002 20.644
-64.284 -33.546 22.020
-64.232 -38.669 26.117
-60.164 -41.604 30.715
-56.539 -41.959 36.412
-52.208 -39.273 41.315
-53.587 -34.856 46.511
-56.871 -29.512 48.841
-61.980 -29.134 52.839
-67.211 -32.462 55.878
-70.019 -37.431 58.642
-70.010 -42.694 62.229
-66.471 -47.429 64.805
-61.109 -50.498 66.731
-53.862 -49.231 68.331
-49.261 -44.764 69.228
-46.803 -39.140 71.625
-47.806 -34.528 76.379
-50.177 -33.213 82.531
-54.590 -33.436 87.630
-56.235 -50.361 84.277
-61.203 -46.498 84.302
-63.473 -41.045 81.303
-63.293 -35.435 78.714
-60.295 -31.608 74.749
-56.025 -31.408 68.607
-51.445 -34.897 65.436
-50.731 -40.589 61.003
-52.508 -45.362 57.637
-57.047 -48.749 54.493
-62.449 -49.344 50.720
-67.267 -46.005 48.019
-69.783 -41.035 45.111
-69.935 -35.497 41.390
-67.176 -29.103 40.632
-62.097 -26.102 38.309
-55.144 -25.853 38.770
-51.231 -30.412 35.160
-50.189 -36.067 31.813
-52.667 -39.451 26.401
-55.639 -39.709 20.501
-57.531 -36.390 14.891
-56.696 -31.067 10.809
-53.384 -26.148 8.111
-48.979 -22.014 7.812
-42.026 -19.948 10.013
-36.362 -22.419 14.467
-32.921 -28.510 15.098
-31.223 -34.402 12.354
-30.408 -38.317 6.883
-28.671 -38.475 0.439
-24.450 -35.561 -4.241
-20.156 -31.710 -6.301
-14.974 -26.612 -5.011
-12.090 -22.735 -0.390
-9.387 -22.636 5.587
-8.604 -24.178 11.599
-8.636 -28.464 16.727
-5.611 -33.880 18.276
-2.632 -40.267 15.559
3.769 -42.180 12.400
9.397 -40.993 12.263
14.640 -37.010 13.445
17.441 -32.593 16.440
17.787 -26.437 20.753
16.576 -24.986 26.494
11.570 -24.689 31.847
9.666 -29.419 36.350
9.246 -35.431 39.022
12.748 -41.631 40.949
17.808 -43.014 43.817
24.082 -42.644 46.232
28.547 -39.823 49.365
29.761 -36.239 54.197
29.261 -31.141 58.394
25.733 -26.959 61.729
19.808 -24.178 63.416
13.152 -24.634 61.589
8.809 -29.703 63.065
6.924 -36.246 64.796
7.706 -40.932 68.972
8.031 -41.848 75.860
8.241 -39.868 81.986
8.679 -35.528 87.190
4.765 -30.937 89.600
0.515 -25.768 89.484
-2.931 -21.149 85.501
-8.109 -21.648 81.715
-12.167 -25.250 77.831
-15.648 -31.106 77.208
-19.728 -35.411 81.337
-23.369 -35.748 86.676
-26.833 -33.216 91.469
-29.890 -28.534 94.338
-33.260 -23.049 94.371
-35.516 -17.080 92.767
-35.249 -12.909 87.441
-37.546 -12.684 80.876
-36.633 -16.063 75.090
-41.239 -20.853 71.914
-45.841 -25.752 72.194
-52.283 -26.756 73.913
-57.978 -23.978 74.555
-62.559 -18.728 74.899
-64.105 -12.941 72.875
-63.916 -8.029 68.357
-60.308 -4.604 63.964
-56.154 -4.409 59.709
-52.356 -8.372 54.434
-52.649 -14.359 51.213
-56.714 -18.335 47.937
-61.173 -19.176 43.733
-64.796 -16.240 38.986
-66.910 -11.604 34.591
-66.939 -5.110 32.878
-63.238 -1.395 29.916
-57.981 2.700 29.292
-51.437 3.190 29.611
-45.202 0.266 30.964
-42.131 -4.258 29.154
-41.382 -10.888 25.757
-42.306 -12.908 19.281
-42.291 -10.486 12.068
-43.430 -7.748 7.442
-40.334 -2.840 4.085
-36.121 2.586 4.014
-29.865 4.209 4.410
-25.322 6.410 9.037
-21.780 3.867 14.118
-19.095 -1.970 16.288
-16.657 -8.024 14.618
-15.542 -13.004 10.294
-12.164 -13.924 4.399
-6.019 -12.677 0.857
-1.448 -7.815 -0.188
2.970 -3.992 1.864
5.402 0.531 5.723
5.367 2.486 12.452
5.252 1.236 19.213
2.446 -2.940 24.083
4.472 -9.027 26.580
8.427 -14.352 26.649
14.947 -17.744 25.817
21.293 -15.607 26.789
25.789 -11.217 28.104
26.923 -4.607 30.857
24.689 0.187 36.056
20.613 1.512 41.091
17.409 0.327 46.024
12.527 -3.745 49.965
13.542 -9.346 53.423
16.810 -15.045 54.983
21.523 -16.043 59.423
25.527 -13.953 63.692
27.157 -9.536 68.581
25.596 -4.369 73.423
21.108 1.094 75.842
14.746 3.258 74.620
8.226 1.231 76.199
4.244 -3.779 76.588
2.309 -9.734 78.173
2.772 -15.162 82.202
4.432 -17.549 88.331
7.724 -17.555 94.397
