15.675 6.378 -6.580
13.286 1.393 -2.406
14.058 -4.250 1.117
18.166 -8.464 4.678
23.563 -9.548 7.985
27.541 -7.461 12.830
31.424 -2.490 15.806
29.820 3.399 18.626
25.040 7.016 21.946
19.719 8.486 23.978
14.824 6.780 27.609
10.193 2.602 30.538
9.876 -1.642 35.292
12.152 -7.640 38.551
27.259 2.858 38.369
27.363 -3.297 36.207
24.173 -7.830 32.102
18.535 -10.593 29.140
14.395 -8.239 24.279
11.989 -3.714 19.932
12.344 1.748 15.929
16.106 6.646 12.912
21.855 8.889 10.707
27.330 7.323 6.939
32.304 2.959 4.755
32.167 -2.133 0.652
29.369 -6.045 -3.602
24.244 -9.564 -6.582
32.657 57.936 81.534
33.900 55.861 87.829
31.175 53.101 92.696
24.979 50.855 94.889
19.158 48.123 94.441
15.084 44.182 91.225
14.470 38.815 87.263
15.859 35.065 82.029
20.422 32.219 77.995
26.450 29.545 77.919
31.891 26.780 80.388
33.671 23.448 85.775
33.481 20.452 90.874
30.959 17.481 97.280
25.772 14.208 99.204
24.062 12.662 80.061
18.698 15.046 82.029
16.791 19.739 86.581
15.958 21.825 92.965
19.439 25.839 96.855
24.915 29.851 96.840
30.278 32.780 94.636
33.470 35.911 90.268
33.157 39.479 84.819
29.670 42.268 80.286
24.565 43.328 75.913
19.445 47.594 76.525
14.992 51.053 79.749
14.244 54.440 85.876
17.320 57.422 91.321
-4.646 -13.230 85.257
-5.909 -10.176 91.238
-4.131 -6.325 95.797
1.090 -1.781 97.017
6.819 1.389 96.790
10.062 5.441 93.113
10.360 9.751 87.927
8.486 12.463 82.209
3.754 13.993 77.639
-2.640 15.368 76.388
-8.302 18.055 78.155
-10.774 22.111 82.931
-11.401 26.032 87.251
-9.493 29.364 93.687
-5.117 33.889 94.900
-2.389 34.784 76.532
2.490 32.037 78.820
4.971 28.064 83.362
6.008 27.080 90.148
2.893 23.534 94.690
-2.068 18.802 95.385
-6.596 14.785 93.685
-9.440 10.581 89.457
-8.269 6.462 84.539
-4.041 3.090 81.316
1.502 1.940 77.804
6.993 -1.156 79.334
12.162 -2.994 82.918
13.048 -5.367 89.520
10.757 -8.326 94.876
-52.019 77.275 -12.117
-47.973 80.674 -16.448
-46.543 86.306 -19.211
-45.872 92.757 -19.921
-45.373 98.643 -16.510
-45.611 103.056 -11.676
-44.485 104.365 -5.027
-41.429 101.814 0.489
-38.442 97.091 4.238
-34.092 92.430 4.991
-27.703 90.852 4.167
-21.717 91.609 1.115
-17.596 96.363 -0.987
-17.347 102.627 -3.902
-20.435 108.640 -5.815
-23.570 113.573 -2.268
-27.001 115.973 3.690
-26.245 117.326 10.388
-24.060 117.703 17.065
-18.208 120.039 19.416
-12.606 123.133 18.803
-9.176 127.388 15.186
-18.712 127.128 -0.140
-12.902 124.602 0.188
-9.380 119.575 3.110
-8.157 115.114 7.381
-10.536 110.551 11.808
-15.404 106.659 13.326
-22.636 106.192 13.886
-28.469 107.719 10.955
-30.894 108.316 4.848
-30.559 108.633 -2.143
-29.118 104.934 -7.144
-26.654 100.195 -11.674
-27.251 93.458 -11.788
-31.341 88.529 -10.445
-35.594 86.879 -5.327
-39.915 87.688 0.006
-45.503 90.531 1.908
-51.371 92.982 -0.455
-55.099 95.642 -4.552
-57.853 97.786 -10.277
-58.774 94.922 -16.272
-59.752 90.659 -20.586
30.844 39.513 -5.070
25.909 39.516 -0.464
21.395 36.550 3.581
20.577 32.487 7.769
19.975 28.909 12.823
21.986 24.635 17.394
25.607 20.514 21.370
31.446 21.096 24.633
37.628 24.132 26.274
40.183 29.819 29.023
38.301 34.960 32.879
33.703 38.156 36.236
28.288 39.530 39.511
23.598 37.338 43.707
19.323 33.484 46.537
17.995 28.789 50.810
20.222 26.322 56.126
20.398 27.705 62.526
