9.266 46.296 32.944
15.717 46.352 35.486
19.909 47.290 40.702
22.474 45.663 47.552
22.060 40.498 51.880
19.510 34.968 54.673
17.395 29.355 53.573
21.658 23.098 54.733
26.155 19.379 52.353
31.967 18.092 49.071
36.230 19.504 43.762
39.220 24.841 41.430
42.536 30.923 42.545
44.232 35.812 46.682
40.552 25.889 61.228
35.788 31.600 59.400
33.878 36.029 54.561
33.256 36.601 47.712
32.271 34.639 42.012
28.575 30.212 38.654
26.578 24.018 36.927
22.024 28.693 37.616
14.339 30.018 37.745
9.604 31.093 42.344
7.521 34.869 47.352
7.832 40.305 51.268
10.505 46.547 52.727
11.784 52.164 49.342
