18.958 -46.366 14.722
16.745 -44.521 8.376
12.051 -40.951 4.480
12.726 -34.252 2.685
15.945 -27.973 3.759
19.100 -23.590 8.412
24.948 -32.381 18.970
19.385 -28.839 19.669
12.266 -29.608 18.688
7.436 -32.185 16.194
3.280 -36.748 13.089
22.476 -46.466 13.028
18.825 -44.613 7.709
14.323 -40.987 4.043
14.915 -34.501 2.339
17.535 -27.812 3.625
20.303 -23.401 8.166
25.603 -21.461 12.007
31.670 -35.827 13.246
27.706 -32.123 17.253
21.881 -30.231 18.589
15.680 -30.196 18.555
9.429 -32.405 16.155
5.821 -38.000 12.389
-15.576 -9.782 37.821
-12.487 -11.459 32.407
-10.458 -10.645 25.802
-8.446 -6.511 21.155
-3.508 -2.929 20.397
-4.101 -8.347 16.959
-0.214 -11.633 12.593
5.554 -13.066 10.200
12.327 -14.010 9.155
17.742 -14.898 13.343
20.683 -15.538 19.423
19.456 -18.775 25.322
15.205 -21.000 30.022
10.761 -25.633 31.688
8.943 -31.717 29.805
16.317 -31.255 13.798
10.000 -29.883 14.350
4.378 -27.764 17.480
2.843 -22.974 22.311
4.509 -18.815 27.165
8.916 -13.954 28.655
13.098 -8.924 27.168
14.142 -4.275 23.015
13.621 -1.243 17.141
8.430 1.041 13.312
-3.253 2.645 38.098
-7.025 6.445 34.325
-11.417 7.027 29.549
-15.682 4.388 25.195
-19.635 -0.751 23.485
11.721 6.911 12.037
40.366 9.450 -5.047
34.323 11.257 -3.166
27.290 10.474 -2.803
21.920 6.491 -2.081
20.080 3.337 2.681
17.964 9.688 0.902
12.929 13.402 3.779
8.723 14.307 8.179
5.496 14.276 14.308
7.784 15.009 20.663
12.729 15.420 25.453
18.805 18.460 26.105
24.664 20.794 23.456
27.615 25.626 19.800
26.510 31.480 17.073
9.447 32.052 19.686
11.461 30.754 13.743
15.710 27.977 9.755
20.723 23.184 9.449
25.207 19.052 12.457
25.219 13.972 16.729
22.444 8.868 20.178
18.128 4.206 19.886
12.904 1.082 17.209
10.558 -0.802 10.810
37.100 -2.865 7.215
34.414 -6.630 2.639
30.969 -7.347 -2.781
27.770 -4.560 -8.034
27.308 0.408 -12.316
18.488 -0.083 20.522
36.686 -0.018 -5.502
32.076 4.197 -3.629
25.646 6.509 -3.987
19.745 4.823 -1.503
16.328 0.633 2.634
12.702 6.017 0.085
9.734 10.924 3.370
6.643 13.315 9.088
4.443 14.384 15.324
7.110 15.009 21.714
12.446 15.136 25.867
18.541 17.125 26.298
23.794 20.532 24.265
27.710 23.393 19.639
27.699 29.112 16.162
9.800 30.358 17.409
12.605 28.764 11.534
16.642 24.606 8.437
20.856 19.631 9.003
24.329 14.847 12.400
23.488 10.337 17.312
19.987 6.368 21.105
14.470 2.979 21.112
8.610 1.234 18.951
5.255 -1.427 15.236
29.831 -9.099 7.788
26.367 -11.696 3.219
22.779 -11.385 -2.282
20.855 -8.479 -7.762
20.580 -3.418 -12.339
3.804 -5.036 14.226
41.102 9.068 -4.880
35.449 11.344 -2.996
28.312 11.106 -2.734
23.109 7.200 -2.209
21.017 4.253 2.475
17.042 10.066 0.393
11.860 12.863 3.323
7.949 14.037 8.411
4.886 14.040 14.542
7.262 14.788 20.944
12.323 15.235 25.548
18.063 18.646 26.076
24.065 21.017 23.601
26.880 25.629 19.864
26.123 31.410 16.874
8.602 31.830 20.186
10.565 30.740 14.225
15.110 28.093 9.714
20.143 23.649 9.498
24.493 19.316 12.494
24.686 14.068 16.773
22.071 8.977 20.243
17.767 4.380 19.906
12.484 1.120 18.090
10.701 -1.824 12.464
37.229 -2.783 7.573
34.617 -6.390 2.874
31.288 -6.992 -2.820
28.355 -4.251 -8.074
27.737 0.876 -12.333
41.240 9.722 -5.110
35.396 11.622 -2.918
28.392 11.199 -2.510
23.137 7.138 -2.052
21.638 2.860 2.693
17.899 8.577 0.771
12.562 11.503 3.089
8.740 13.712 8.115
5.431 13.942 14.142
7.634 14.665 20.629
12.462 15.371 25.398
18.189 18.737 26.094
24.207 20.767 23.501
27.191 25.563 19.803
26.477 31.447 16.465
8.823 32.239 19.973
11.220 31.364 13.860
15.322 27.972 9.741
20.685 23.649 9.473
24.810 19.461 12.555
25.129 14.264 16.861
22.558 9.046 20.298
18.236 4.442 19.848
12.691 1.170 18.043
37.478 -2.761 7.398
34.807 -6.418 2.803
31.454 -6.840 -2.810
28.333 -3.971 -7.982
27.634 1.008 -12.249
9.441 -3.077 11.429
8.714 -5.796 11.197
9.045 -7.027 13.649
36.536 -0.110 -5.385
32.053 4.283 -3.485
25.614 6.921 -3.773
19.871 5.110 -0.901
16.351 0.674 2.789
12.693 6.029 -0.113
9.782 10.975 3.336
6.642 13.392 9.000
4.396 14.392 15.267
7.069 14.976 21.743
12.329 15.011 26.132
18.627 16.959 26.458
24.111 20.150 24.307
28.186 23.067 19.888
27.987 28.903 16.491
9.790 29.762 17.648
12.764 28.627 11.728
17.306 25.109 8.380
21.016 19.329 8.868
24.335 14.639 12.665
23.550 10.182 17.609
19.735 6.163 21.345
14.036 2.703 21.184
8.277 1.433 18.477
30.167 -8.831 7.990
26.659 -11.639 3.460
23.160 -11.237 -2.094
21.330 -8.318 -7.557
20.331 -3.553 -12.437
5.033 -2.051 15.082
4.032 -4.650 14.044
4.205 -6.290 16.348
-15.904 -9.362 37.328
-12.927 -11.107 31.806
-11.086 -10.502 24.939
-9.512 -6.599 19.816
-5.030 -3.116 18.539
-5.677 -9.780 16.182
-0.799 -12.919 12.381
4.641 -13.678 9.795
11.617 -13.973 8.935
16.968 -15.012 13.283
20.039 -15.625 19.554
18.620 -18.802 25.350
14.338 -21.621 29.957
9.573 -26.316 31.156
7.879 -32.396 28.844
15.960 -31.197 13.038
9.826 -29.609 13.413
3.847 -27.856 16.518
2.262 -23.500 21.861
3.675 -19.272 26.949
7.730 -14.180 28.571
11.904 -9.134 27.105
13.082 -4.547 23.049
12.713 -1.174 17.172
-4.673 2.639 36.652
-8.572 6.572 32.947
-12.678 7.341 27.847
-17.302 4.552 23.946
-21.378 -0.984 22.795
9.037 2.606 13.002
8.432 5.243 12.278
10.456 6.430 13.545
-15.873 -9.250 36.890
-12.938 -10.999 31.285
-10.850 -10.163 24.524
-9.202 -6.244 19.309
-4.668 -3.075 18.512
-5.586 -9.713 16.099
-1.143 -13.139 12.283
5.035 -13.892 9.725
11.714 -13.979 8.903
17.165 -14.893 13.165
19.949 -15.640 19.350
18.399 -18.693 25.139
14.021 -21.144 29.743
9.631 -26.031 30.977
7.759 -32.074 28.629
15.607 -30.894 12.962
9.444 -29.396 13.320
3.551 -27.526 16.490
2.056 -22.993 21.594
3.594 -18.650 26.500
7.881 -13.767 28.291
12.143 -8.969 26.723
13.338 -4.250 22.383
12.380 -1.603 16.593
-4.121 2.445 36.238
-8.226 6.523 32.873
-12.434 7.426 27.808
-16.786 4.611 23.433
-20.827 -0.820 22.611
9.707 2.442 13.021
8.959 5.009 12.234
10.967 6.362 13.518
49.906 -3.592 37.634
46.221 0.257 33.665
41.767 0.633 28.729
37.771 -2.321 24.374
33.875 -7.501 22.604
69.801 -38.796 14.790
63.435 -37.972 15.371
58.347 -34.619 18.375
56.651 -30.219 23.169
58.277 -25.616 28.062
62.247 -20.321 28.806
66.511 -15.473 27.110
67.429 -11.034 22.668
66.317 -8.087 16.782
61.698 -6.009 12.440
36.792 -15.026 38.237
40.424 -17.439 33.632
42.583 -17.442 26.766
44.314 -13.683 21.438
44.381 -13.569 21.503
47.492 -9.096 19.622
48.272 -9.278 20.130
48.880 -15.280 17.514
48.988 -15.892 17.706
52.550 -19.666 13.360
58.378 -20.827 10.616
65.064 -21.212 9.262
70.682 -21.994 13.338
73.941 -22.329 19.220
73.277 -25.026 25.341
69.919 -28.571 30.254
64.949 -32.129 32.551
62.434 -38.062 31.246
16.493 -0.950 67.306
19.689 -3.413 72.302
22.933 -2.886 77.979
24.209 1.294 83.216
23.290 6.839 87.025
36.631 36.178 61.572
33.235 33.821 66.608
27.828 30.079 68.435
23.812 24.887 66.434
21.684 20.503 61.894
23.078 16.518 56.764
27.578 12.957 53.640
33.266 9.992 54.090
38.760 8.489 56.821
42.322 6.611 60.498
9.737 10.594 75.451
13.994 14.649 76.506
20.906 15.034 76.168
27.106 12.560 77.057
30.099 7.355 75.264
33.378 13.373 75.169
36.410 18.487 71.690
39.594 20.799 66.197
42.185 21.802 59.987
39.769 22.295 53.627
34.694 23.517 49.608
28.634 26.112 49.102
22.724 28.383 51.450
18.622 31.013 55.920
18.411 35.735 60.520
43.586 2.844 62.074
43.511 1.170 59.711
30.166 -2.284 8.289
26.675 -4.817 3.568
23.295 -4.499 -2.041
21.500 -1.746 -7.532
20.812 2.902 -12.433
9.807 35.969 17.522
12.388 34.324 12.063
17.270 31.296 8.715
21.548 25.925 9.334
24.479 21.290 12.817
23.194 16.675 17.405
19.607 12.945 21.551
14.037 9.733 21.555
8.450 7.973 19.452
4.903 5.830 15.632
36.860 6.652 -5.662
32.096 9.946 -4.431
26.086 13.379 -3.852
20.229 11.218 -2.409
16.535 7.103 0.671
12.629 12.795 0.352
9.720 17.723 3.968
6.745 20.257 9.441
4.364 21.372 15.649
7.106 22.042 22.078
12.317 22.067 26.275
18.521 24.195 26.850
24.099 27.070 24.623
27.985 30.273 20.228
27.768 35.950 16.757
3.926 0.476 16.565
3.941 2.204 14.309
4.686 -2.215 40.946
8.361 1.520 44.803
12.919 1.878 49.641
16.953 -0.884 53.836
20.874 -5.823 56.289
-14.762 -37.406 64.038
-8.494 -36.177 63.401
-3.293 -33.439 60.286
-1.690 -28.617 55.399
-3.395 -24.177 50.830
-7.549 -19.057 49.686
-11.730 -14.203 51.580
-12.459 -9.791 55.894
-12.423 -9.792 56.069
-11.379 -6.606 61.799
-11.824 -5.503 59.361
-7.053 -5.180 66.222
-7.330 -1.416 60.628
18.295 -13.936 40.241
14.227 -16.284 44.818
11.871 -16.105 51.601
10.439 -12.371 56.813
7.111 -7.524 58.275
6.137 -13.733 61.279
2.393 -17.488 65.126
-3.257 -19.402 67.938
-9.945 -19.936 69.478
-15.647 -20.508 65.483
-19.115 -20.905 59.590
-18.491 -23.689 53.521
-14.741 -26.353 48.506
-9.965 -30.387 46.157
-7.627 -36.259 46.975
29.555 -1.289 9.545
26.327 -3.806 4.582
23.144 -3.210 -1.079
21.753 0.918 -6.426
23.000 6.341 -10.246
9.612 36.086 14.867
12.970 33.586 10.082
18.129 29.728 8.318
22.226 24.919 10.322
24.222 20.287 14.668
22.906 16.408 20.171
18.341 12.732 23.184
12.568 9.819 22.716
6.995 8.311 19.941
3.495 6.466 16.186
36.422 10.454 1.285
32.057 14.450 0.496
24.919 14.765 0.471
18.687 12.271 0.030
15.570 7.066 1.542
12.248 13.195 1.441
9.512 18.260 4.889
6.189 20.589 10.442
3.640 21.546 16.657
6.143 22.032 23.079
11.240 23.307 26.983
17.014 25.996 27.714
23.160 28.105 25.292
27.213 30.961 20.990
27.739 35.453 16.368
2.222 2.575 14.568
2.187 1.046 16.969
40.063 2.891 -4.517
34.944 5.800 -1.677
28.283 7.657 -1.421
22.076 5.309 -0.844
19.011 1.218 3.590
17.209 7.766 2.070
14.372 12.549 5.451
9.797 15.193 9.976
6.368 15.340 15.857
8.273 14.550 22.433
12.710 13.394 27.471
18.507 16.047 29.253
23.802 20.118 27.945
27.970 23.885 24.141
27.442 28.768 20.447
9.827 28.960 24.175
10.043 29.340 18.537
13.643 27.240 13.969
19.486 25.092 11.028
23.758 20.104 12.351
25.354 14.326 14.696
25.229 9.187 19.489
20.677 5.058 21.745
15.027 1.829 20.840
9.693 0.423 18.279
32.522 -8.703 8.149
29.506 -11.104 3.038
26.403 -10.420 -2.745
24.018 -6.779 -7.667
24.013 -1.323 -11.728
9.162 9.376 -7.604
3.224 12.001 -7.266
-3.690 11.406 -7.115
-8.786 7.156 -5.908
-10.598 2.960 -1.361
-13.394 9.013 -2.559
-17.346 12.888 0.432
-22.168 14.761 4.976
-25.442 14.166 10.923
-23.217 14.600 17.405
-18.774 15.034 22.438
-13.586 18.257 24.366
-7.478 20.457 24.891
-1.885 23.565 22.152
-0.582 29.649 19.495
-17.051 32.137 26.415
-18.166 34.062 21.896
-16.362 32.828 15.812
-12.733 30.057 11.315
-10.233 24.693 9.199
-6.153 19.143 10.208
-5.476 13.439 13.931
-8.793 8.562 16.696
-13.231 3.900 16.180
-18.368 1.065 14.050
5.791 -2.361 3.124
3.328 -5.954 -1.768
-0.155 -6.483 -7.346
-3.554 -3.744 -12.510
-3.599 1.338 -16.991
54.881 12.517 105.528
48.987 14.453 106.633
42.433 15.081 105.635
36.651 12.156 105.470
33.913 7.527 109.547
30.438 13.089 106.854
27.238 18.169 109.994
23.923 20.910 115.312
21.418 21.764 121.585
23.854 22.595 127.876
29.382 23.248 131.587
35.853 24.288 132.493
41.957 26.134 130.639
45.929 30.117 127.118
47.075 35.096 122.695
28.501 37.467 122.445
32.077 35.880 116.409
36.577 30.999 113.972
40.865 26.017 114.832
41.872 20.600 118.573
40.381 16.147 123.370
36.605 13.137 127.712
30.871 9.625 127.901
25.296 8.226 125.305
47.813 -1.283 114.776
44.470 -4.047 109.854
41.166 -3.491 104.164
39.440 0.318 98.631
41.241 5.592 94.929
41.156 5.598 94.934
21.812 4.576 121.414
21.095 1.997 120.452
21.194 0.390 122.794
97.263 -2.943 113.866
93.913 -5.815 109.286
90.469 -5.671 103.771
88.537 -2.939 98.305
87.606 1.638 93.339
77.673 35.957 122.755
80.481 34.961 116.699
84.729 30.246 114.376
89.216 25.336 115.000
91.086 20.013 118.029
89.781 14.863 122.073
86.601 11.821 127.037
80.896 8.236 126.977
75.421 6.755 125.040
72.071 4.436 121.186
103.358 6.441 100.565
99.167 10.527 102.579
91.800 12.477 102.308
86.148 10.139 104.261
83.440 6.022 108.784
79.915 11.487 106.160
77.086 16.468 109.594
74.080 19.188 114.935
71.303 20.154 121.058
73.682 20.887 127.473
79.041 20.940 131.469
85.424 22.312 132.727
90.992 25.232 130.516
94.208 29.451 126.808
95.435 34.346 122.442
70.884 0.761 119.878
70.970 -0.989 122.115
69.889 8.540 47.672
65.659 12.459 49.090
58.799 14.728 49.101
53.232 12.714 52.061
50.280 8.540 56.105
46.886 13.893 53.587
43.761 18.857 56.878
40.629 21.519 62.279
38.246 22.416 68.560
40.786 23.077 74.977
46.139 22.947 79.085
52.486 24.589 79.949
58.192 27.300 77.705
61.843 31.242 74.010
62.839 36.365 69.877
44.574 38.080 70.325
48.028 36.841 64.006
52.275 32.147 61.534
56.594 27.367 62.242
58.123 21.723 65.654
57.231 17.011 70.385
53.295 13.678 74.456
47.773 10.147 74.603
42.263 8.702 71.927
64.177 -1.124 61.236
60.757 -3.699 56.509
57.265 -3.465 50.901
54.836 -0.060 45.514
54.290 4.621 41.076
38.419 5.243 68.108
38.268 2.573 67.194
38.083 0.801 69.373
120.982 8.673 47.923
116.532 13.149 49.505
109.545 15.093 49.518
104.285 13.046 52.144
101.286 8.581 56.395
97.727 13.926 53.821
94.630 19.023 56.922
91.499 21.623 62.442
89.085 22.620 68.684
91.572 23.604 75.019
96.876 23.386 79.343
103.301 25.112 80.425
108.637 28.168 78.017
112.463 32.003 74.298
113.562 36.998 69.895
95.516 38.484 70.467
98.331 37.206 64.335
102.859 32.613 61.961
107.220 27.759 62.500
108.915 22.279 65.803
108.105 17.489 70.722
104.317 14.234 74.746
98.595 10.768 74.787
93.148 9.553 72.187
114.853 -0.622 61.326
111.424 -3.376 56.765
107.749 -2.952 51.247
105.838 0.079 45.853
105.386 5.230 41.197
89.795 5.737 68.587
88.608 3.176 67.533
88.833 1.585 70.013
69.647 8.035 47.800
65.254 12.356 49.818
58.682 14.596 49.802
52.730 12.189 51.879
49.970 7.692 56.198
46.340 13.202 53.572
43.330 18.203 56.776
40.263 20.864 62.129
37.723 21.779 68.313
40.093 22.734 74.651
45.497 24.204 78.145
52.082 24.287 79.551
57.726 27.031 77.657
61.345 30.989 73.746
62.441 35.831 69.244
44.511 37.235 69.615
47.328 36.395 63.476
51.615 31.617 61.099
55.932 26.675 61.684
57.639 21.306 65.064
56.339 16.506 69.679
52.925 13.464 74.421
47.280 10.008 74.510
41.797 8.611 72.179
38.461 6.345 68.540
63.510 -1.111 61.291
60.129 -3.929 56.722
56.702 -3.555 51.149
54.294 -0.269 45.867
53.534 3.739 40.768
38.415 4.967 68.260
37.300 2.645 67.142
37.476 1.474 69.711
37.362 2.472 67.297
37.391 0.734 69.555
36.061 -1.159 -4.947
33.737 2.002 -1.713
27.585 4.907 -2.485
20.466 5.291 -1.032
16.577 0.070 -0.102
12.691 5.859 0.035
9.866 10.647 3.784
6.929 13.272 9.117
4.206 14.589 15.317
6.828 15.199 21.709
11.983 15.353 26.017
18.124 17.544 26.509
23.559 20.699 24.405
27.574 23.962 20.125
27.486 29.448 16.372
9.374 30.846 16.992
12.455 29.107 11.406
16.766 25.161 8.384
20.770 19.823 8.899
23.953 14.973 12.351
23.446 10.561 17.312
19.808 6.497 21.317
14.514 3.034 21.436
8.416 1.230 19.081
29.635 -8.912 8.278
26.283 -11.732 3.652
22.952 -11.278 -1.910
21.287 -8.169 -7.416
21.254 -2.804 -11.907
5.151 -2.155 14.831
3.838 -4.620 13.886
4.000 -6.139 16.278
36.515 -0.115 -5.546
32.075 4.552 -3.669
25.513 6.940 -4.337
19.838 5.199 -1.404
16.400 -0.107 0.238
12.664 5.861 0.084
9.686 10.718 3.607
6.615 13.264 9.064
4.232 14.514 15.290
6.868 15.043 21.705
12.090 15.193 26.030
18.352 17.379 26.486
24.065 19.981 24.049
27.781 23.315 19.839
27.707 29.065 16.386
9.538 30.246 17.186
12.519 28.769 11.436
17.075 25.155 8.358
20.950 19.648 8.975
24.253 14.898 12.567
23.568 10.437 17.432
19.781 6.457 21.364
14.479 2.967 21.350
8.394 1.216 19.042
29.943 -8.668 8.199
26.595 -11.415 3.611
23.265 -11.127 -2.007
21.527 -8.233 -7.542
20.924 -3.182 -12.357
4.979 -2.192 15.018
3.755 -4.655 13.984
3.903 -6.112 16.422
39.549 6.566 -0.016
35.063 12.426 1.213
28.713 14.667 1.021
21.343 12.913 0.548
17.011 7.803 3.783
13.009 13.302 1.542
10.080 18.276 5.107
6.833 20.816 10.536
4.093 21.987 16.533
6.591 22.714 23.033
11.998 23.988 27.024
18.598 25.415 27.407
24.661 27.342 25.184
29.268 29.991 20.762
29.586 35.278 16.506
11.081 35.446 16.472
14.046 33.849 11.067
19.535 30.393 8.173
23.061 24.705 9.891
24.916 19.920 14.528
23.861 16.581 20.356
19.121 12.960 23.096
13.333 10.010 23.047
7.575 8.516 19.941
30.366 -2.019 9.618
27.204 -4.178 4.715
24.242 -3.166 -1.013
22.949 0.915 -6.213
24.213 6.967 -9.232
4.169 5.091 16.133
2.999 2.445 15.233
-17.456 -1.907 2.721
-13.881 3.968 4.951
-7.246 5.078 4.702
-3.431 10.157 1.735
-3.013 17.127 1.887
-2.930 21.930 6.260
-3.133 24.590 12.578
-3.466 24.086 19.159
-1.528 20.895 24.580
3.355 17.679 27.594
9.549 15.537 27.381
-41.476 8.008 -18.435
-35.774 11.745 -19.321
-31.290 15.754 -15.953
-29.369 19.873 -10.740
-30.071 20.781 -4.208
-29.983 17.220 1.458
-29.879 11.599 5.212
-28.932 4.942 6.153
-24.164 0.351 5.250
13.253 26.740 11.499
12.074 21.695 9.952
11.550 14.636 11.625
8.892 9.641 14.476
3.659 7.367 17.867
-1.989 8.590 21.053
-8.198 11.566 19.968
-12.824 15.910 17.324
-14.690 19.853 12.338
-15.682 20.232 6.081
-14.027 19.210 -0.583
-14.094 15.067 -5.300
-16.204 9.922 -7.891
-19.950 4.480 -9.238
-25.638 0.917 -8.907
-31.914 1.644 -6.848
-37.146 4.081 -3.964
-40.469 9.603 -1.255
-41.836 15.834 -2.264
-40.734 21.983 -4.704
-40.002 24.738 -10.806
6.549 -34.046 39.133
3.159 -32.020 45.070
-3.752 -31.898 45.912
-7.837 -34.827 50.771
-8.832 -34.940 57.593
-8.564 -31.156 62.628
-8.173 -25.341 65.723
-7.168 -18.573 65.521
-8.763 -12.793 62.454
-13.474 -9.655 59.158
-20.459 -9.472 56.666
29.664 -56.842 49.408
23.478 -57.877 52.966
19.025 -54.794 56.546
16.950 -49.495 61.015
18.029 -42.984 62.023
18.668 -37.098 58.491
18.797 -33.283 53.016
17.952 -32.014 46.546
13.297 -32.332 41.657
-23.087 -26.670 62.531
-23.061 -25.131 55.408
-20.049 -21.930 50.549
-14.228 -18.585 48.795
-8.554 -16.162 50.216
-2.515 -17.105 52.964
1.938 -20.038 57.615
3.901 -25.337 60.807
4.332 -31.786 61.301
2.194 -38.177 59.957
2.677 -42.624 55.636
4.963 -45.530 50.686
7.929 -46.763 44.970
13.574 -46.498 41.388
20.064 -45.091 42.651
25.378 -42.591 45.409
28.581 -39.809 50.991
29.733 -41.002 57.235
28.428 -43.464 63.405
27.537 -49.529 66.371
41.267 9.666 -4.416
35.187 11.462 -2.597
28.147 10.621 -2.502
22.906 6.492 -2.386
21.137 1.234 0.109
17.020 6.442 0.173
12.609 10.483 2.899
8.438 12.789 7.622
5.395 13.647 13.801
7.717 14.777 20.280
12.383 15.452 25.243
18.460 18.649 25.956
24.260 20.855 23.280
27.234 25.558 19.640
26.248 31.458 16.949
8.419 31.296 19.620
10.655 30.395 13.352
15.180 27.632 9.506
20.451 22.954 9.244
24.893 19.213 12.287
25.205 14.061 16.521
22.458 9.073 20.172
18.195 4.441 19.925
12.611 1.042 18.282
37.581 -2.789 7.591
34.918 -6.427 2.952
31.548 -7.096 -2.711
28.809 -4.415 -8.185
28.440 0.632 -12.404
9.454 -3.355 11.888
8.707 -6.097 11.336
9.224 -7.149 13.877
28.246 4.259 13.251
34.568 3.843 15.121
35.212 5.364 9.892
36.012 4.157 8.750
35.730 8.847 3.807
38.758 8.383 -2.227
42.117 4.670 -5.963
43.854 -1.308 -8.532
45.717 -7.611 -9.378
43.262 -13.784 -8.353
39.494 -18.753 -5.953
33.476 -21.195 -4.914
24.833 -6.678 -11.591
26.076 -6.006 -11.543
25.512 -7.565 -4.712
28.482 -10.493 0.528
33.978 -12.917 3.626
40.541 -13.232 4.510
46.110 -9.734 4.898
46.079 -9.899 5.016
49.334 -4.388 4.254
48.312 -4.058 6.476
51.418 2.125 4.945
52.953 4.136 6.165
55.193 2.699 7.242
28.165 4.019 13.159
34.361 3.586 14.976
35.176 5.256 9.790
36.006 4.103 8.700
35.581 8.749 3.784
38.542 8.432 -2.276
41.939 4.795 -5.975
43.853 -1.226 -8.498
45.586 -7.542 -9.175
43.096 -13.707 -8.167
39.339 -18.612 -5.626
33.401 -21.090 -4.787
24.890 -6.623 -11.588
26.595 -5.791 -11.299
25.298 -7.559 -4.638
28.337 -10.432 0.586
33.778 -12.892 3.692
40.302 -13.121 4.519
45.884 -9.720 4.992
45.874 -9.839 5.054
49.251 -4.231 4.625
48.145 -3.965 6.482
51.096 2.102 4.865
52.730 4.056 6.064
54.941 2.561 7.068
34.757 4.003 15.103
34.544 6.011 9.656
35.569 9.038 3.770
38.864 8.459 -2.131
42.351 4.706 -5.931
44.353 -1.293 -8.765
45.933 -7.739 -9.426
43.482 -13.874 -8.560
39.745 -18.800 -6.041
33.711 -21.330 -5.005
25.191 -6.719 -11.836
25.686 -7.600 -4.888
28.643 -10.562 0.328
34.180 -12.847 3.396
40.689 -13.169 4.298
46.321 -9.730 4.780
49.555 -4.020 4.202
51.457 1.536 4.127
51.568 2.162 4.887
53.157 4.133 6.160
55.343 2.708 7.267
53.114 4.231 6.350
55.409 2.679 7.285
34.848 3.791 14.915
34.750 5.898 9.693
35.563 9.046 3.780
38.835 8.489 -2.162
42.290 4.751 -5.902
44.568 -1.263 -8.687
45.945 -7.754 -9.493
43.593 -13.915 -8.490
39.850 -18.776 -6.073
33.849 -21.406 -4.989
25.494 -6.720 -11.882
25.807 -7.581 -4.925
28.718 -10.523 0.363
34.222 -12.673 3.403
40.790 -13.116 4.257
46.366 -9.665 4.753
49.431 -3.903 4.236
51.307 1.517 3.855
51.605 2.206 4.782
53.194 4.193 6.093
55.445 2.858 7.252
53.169 4.232 6.173
55.521 2.824 7.154
34.841 3.972 15.018
34.820 6.002 9.742
35.680 9.076 3.847
39.013 8.569 -2.121
42.481 4.725 -5.944
44.422 -1.331 -8.587
46.167 -7.761 -9.306
43.666 -13.974 -8.372
39.957 -18.946 -5.908
33.909 -21.421 -4.846
25.993 -6.517 -11.788
25.904 -7.586 -4.976
28.854 -10.471 0.292
34.275 -12.793 3.527
40.814 -13.124 4.359
46.450 -9.666 4.839
49.544 -3.896 4.317
51.426 1.607 3.806
51.741 2.237 4.732
53.391 4.156 6.102
55.623 2.791 7.295
53.361 4.204 6.229
55.705 2.794 7.219
34.784 3.873 15.029
34.617 5.967 9.627
35.471 8.996 3.775
38.716 8.478 -2.191
42.286 4.697 -5.935
44.229 -1.298 -8.683
45.957 -7.748 -9.533
43.394 -13.888 -8.406
39.704 -18.777 -5.867
33.678 -21.250 -4.958
25.336 -6.686 -11.846
25.709 -7.477 -4.873
28.720 -10.348 0.346
34.181 -12.803 3.376
40.724 -13.147 4.204
46.285 -9.679 4.756
49.269 -3.869 4.309
51.321 1.609 3.720
51.518 2.224 4.711
53.110 4.211 6.050
55.353 2.863 7.232
53.082 4.280 6.167
55.401 2.881 7.254
28.228 4.255 13.279
33.917 3.921 15.276
33.952 6.215 9.506
35.221 9.012 3.747
38.541 8.390 -2.173
41.997 4.666 -5.815
43.961 -1.318 -8.631
44.253 -1.224 -8.720
45.648 -7.708 -9.567
43.153 -13.805 -8.550
39.406 -18.712 -6.048
33.402 -21.102 -4.952
24.814 -6.572 -11.765
26.596 -5.872 -11.492
25.331 -7.502 -4.769
28.438 -10.298 0.442
33.875 -12.613 3.571
40.434 -13.131 4.454
46.060 -9.671 4.773
46.026 -9.747 4.859
49.790 -4.382 2.516
49.330 -4.075 3.906
51.191 2.093 4.997
52.783 4.057 6.288
54.993 2.556 7.339
28.056 4.215 13.134
33.874 4.028 15.200
33.809 5.929 9.550
35.092 8.931 3.774
38.303 8.375 -2.175
41.798 4.705 -5.837
41.827 4.649 -5.808
43.428 -1.339 -8.615
44.966 -1.175 -8.504
45.428 -7.603 -9.489
43.095 -13.834 -8.419
39.261 -18.735 -5.983
33.228 -21.054 -4.914
25.331 -6.258 -11.772
26.609 -5.792 -11.554
25.217 -7.364 -4.826
28.265 -10.176 0.372
33.659 -12.652 3.547
40.216 -13.096 4.515
45.823 -9.597 4.851
45.808 -9.690 4.919
49.647 -4.381 2.524
49.018 -4.126 4.139
51.067 2.022 4.957
52.654 4.070 6.237
54.880 2.551 7.289
28.209 4.436 13.199
34.185 3.790 15.012
34.087 5.875 9.566
35.214 8.975 3.792
38.432 8.385 -2.163
41.999 4.698 -5.813
41.937 4.662 -5.839
43.910 -1.439 -8.714
44.915 -1.170 -8.438
45.520 -7.681 -9.461
43.303 -13.898 -8.269
39.401 -18.799 -5.848
33.337 -21.150 -4.858
25.359 -6.345 -11.748
26.788 -5.813 -11.482
25.353 -7.445 -4.732
28.426 -10.285 0.471
33.794 -12.775 3.610
40.333 -13.166 4.500
45.959 -9.657 4.857
45.934 -9.712 4.903
49.745 -4.398 2.781
49.170 -3.986 4.354
51.251 2.092 4.933
52.883 4.039 6.220
55.072 2.594 7.278
28.340 3.905 13.150
34.175 3.858 15.088
33.987 6.061 9.524
35.312 8.974 3.680
38.510 8.387 -2.243
42.024 4.666 -5.917
42.022 4.666 -5.918
45.240 -1.285 -8.504
45.246 -1.288 -8.506
45.617 -7.724 -9.598
43.098 -13.803 -8.649
39.386 -18.695 -6.060
33.352 -21.094 -5.060
24.626 -6.699 -11.853
26.611 -5.880 -11.626
25.289 -7.571 -4.936
28.393 -10.527 0.240
33.873 -12.944 3.317
40.393 -13.162 4.279
45.909 -9.625 4.739
45.873 -9.696 4.819
49.770 -4.590 2.664
49.131 -4.039 4.088
50.987 1.461 3.838
51.209 2.133 4.949
52.771 4.121 6.249
54.955 2.635 7.316
52.709 4.109 6.302
55.014 2.640 7.289
28.340 3.905 13.150
34.175 3.858 15.088
33.987 6.061 9.524
35.312 8.974 3.680
38.510 8.387 -2.243
41.964 4.768 -5.975
41.976 4.810 -5.986
44.026 -1.367 -8.767
44.689 -1.307 -8.688
45.555 -7.710 -9.515
45.539 -7.714 -9.519
43.182 -13.904 -8.431
39.386 -18.695 -6.060
33.352 -21.094 -5.060
24.626 -6.699 -11.853
26.611 -5.880 -11.626
25.289 -7.571 -4.936
28.393 -10.527 0.240
33.873 -12.944 3.317
40.393 -13.162 4.279
45.909 -9.625 4.739
45.873 -9.696 4.819
49.770 -4.590 2.664
49.131 -4.039 4.088
50.987 1.461 3.838
51.263 2.120 4.926
52.840 4.099 6.214
55.015 2.660 7.319
52.749 4.118 6.312
55.046 2.610 7.277
28.394 4.257 13.043
34.286 3.893 15.061
34.181 6.027 9.617
35.289 8.982 3.751
38.512 8.387 -2.172
42.001 4.811 -5.904
42.037 4.824 -5.907
43.776 -1.407 -8.680
45.184 -1.274 -8.483
45.608 -7.652 -9.527
45.600 -7.657 -9.529
43.152 -13.871 -8.466
39.400 -18.733 -5.841
33.382 -21.125 -4.920
25.078 -6.493 -11.742
26.874 -5.825 -11.399
25.378 -7.460 -4.759
28.457 -10.246 0.461
33.899 -12.748 3.446
40.419 -13.175 4.378
46.047 -9.727 4.822
46.062 -9.705 4.788
49.189 -4.020 4.173
49.753 -4.556 2.966
51.116 1.380 3.978
51.290 2.133 4.917
52.874 4.104 6.235
55.066 2.693 7.317
52.861 4.143 6.316
55.143 2.698 7.298
28.988 4.032 13.017
35.097 3.804 15.029
34.590 6.253 9.529
35.814 9.091 3.767
39.103 8.431 -2.175
42.471 4.655 -5.956
44.459 -1.330 -8.731
45.896 -7.717 -9.515
43.689 -13.996 -8.579
39.936 -18.951 -6.161
33.876 -21.522 -5.036
25.009 -7.058 -11.795
26.393 -6.243 -11.641
25.888 -7.651 -4.892
28.854 -10.539 0.383
34.386 -12.815 3.383
40.919 -13.204 4.233
46.428 -9.741 4.750
49.702 -4.126 4.341
51.664 2.337 4.962
53.292 4.293 6.118
55.565 2.811 7.114
28.709 3.933 13.010
34.568 3.694 15.043
34.202 6.184 9.641
35.285 8.985 3.818
38.529 8.410 -2.142
42.036 4.708 -5.875
44.066 -1.263 -8.650
45.584 -7.678 -9.389
43.455 -13.871 -8.456
39.588 -18.772 -6.150
33.563 -21.235 -4.957
25.477 -6.511 -11.759
25.345 -6.548 -11.788
25.552 -7.584 -4.837
28.459 -10.485 0.356
33.911 -12.694 3.535
40.484 -13.052 4.400
46.014 -9.664 4.880
49.277 -3.995 4.332
49.273 -4.006 4.353
50.885 1.546 4.325
51.216 2.170 5.031
52.929 4.078 6.151
55.173 2.578 7.134
52.872 4.105 6.291
55.247 2.590 7.007
28.895 3.933 13.085
34.787 3.754 15.064
34.343 6.290 9.576
35.469 9.047 3.745
38.706 8.466 -2.178
42.200 4.721 -5.889
44.152 -1.266 -8.701
45.696 -7.653 -9.454
43.495 -13.902 -8.492
39.747 -18.865 -6.115
33.735 -21.307 -4.975
25.589 -6.602 -11.720
25.447 -6.624 -11.737
25.660 -7.590 -4.789
28.679 -10.480 0.427
34.174 -12.739 3.485
40.735 -13.121 4.275
46.300 -9.703 4.745
49.488 -3.997 4.250
49.462 -4.001 4.268
51.103 1.531 4.162
51.399 2.233 4.948
53.087 4.143 6.142
55.349 2.693 7.188
53.066 4.130 6.244
55.425 2.675 7.062
28.895 3.933 13.085
34.787 3.754 15.064
34.343 6.290 9.576
35.469 9.047 3.745
38.706 8.466 -2.178
42.200 4.721 -5.889
44.152 -1.266 -8.701
45.696 -7.653 -9.454
43.495 -13.902 -8.492
39.747 -18.865 -6.115
33.735 -21.307 -4.975
25.589 -6.602 -11.720
25.447 -6.624 -11.737
25.660 -7.590 -4.789
28.679 -10.480 0.427
34.174 -12.739 3.485
40.735 -13.121 4.275
46.300 -9.703 4.745
49.488 -3.997 4.250
49.462 -4.001 4.268
51.103 1.531 4.162
51.399 2.233 4.948
53.087 4.143 6.142
55.349 2.693 7.188
53.066 4.130 6.244
55.425 2.675 7.062
28.580 3.900 12.891
34.409 3.744 14.934
34.266 5.950 9.693
35.248 8.995 3.805
38.487 8.434 -2.159
41.977 4.728 -5.873
43.920 -1.259 -8.628
45.467 -7.618 -9.325
43.477 -13.885 -8.262
39.586 -18.766 -6.083
33.565 -21.209 -4.859
25.819 -6.320 -11.681
25.382 -6.519 -11.770
25.607 -7.538 -4.755
28.456 -10.258 0.434
33.844 -12.691 3.620
40.418 -13.056 4.481
46.018 -9.672 4.916
49.349 -3.996 4.325
49.352 -3.998 4.321
50.839 1.476 4.277
51.167 2.150 5.092
52.933 4.040 6.138
55.253 2.549 6.971
52.846 4.064 6.313
55.238 2.605 7.043
-27.008 58.345 11.126
-23.972 59.028 5.032
-22.868 55.995 -0.839
-24.383 51.300 -4.809
-28.650 46.789 -7.490
-33.163 42.152 -8.221
-39.693 41.005 -7.189
-45.867 41.844 -4.637
-51.028 45.844 -3.931
-42.525 60.496 -10.595
-43.230 59.701 -3.774
-44.101 55.775 1.488
-43.294 49.762 4.680
-40.494 43.914 5.602
-34.744 40.889 6.201
-34.732 40.893 6.192
-28.921 40.072 6.938
-28.179 39.873 5.785
-21.634 41.852 5.716
-18.988 41.628 7.067
-19.319 38.961 8.099
50.235 16.841 67.898
45.395 12.222 66.416
40.841 8.264 64.671
43.375 4.684 59.824
45.413 2.253 54.699
46.435 2.829 49.027
47.137 6.320 44.054
46.496 11.168 39.261
47.499 17.671 39.510
46.876 24.247 41.300
50.230 27.289 46.991
52.186 28.177 53.302
56.202 27.383 57.854
64.421 23.101 42.734
63.365 16.315 44.404
60.944 15.023 49.735
56.244 13.667 55.525
50.989 16.845 57.934
45.245 20.092 57.066
39.946 20.643 53.573
35.475 18.499 49.442
32.850 13.832 46.672
31.413 8.255 45.878
-8.214 -23.393 48.264
-9.583 -17.414 45.849
-10.603 -11.446 43.373
-16.094 -12.379 39.969
-20.624 -13.389 36.048
-22.033 -15.537 30.813
-20.934 -18.946 25.935
-17.965 -22.263 20.647
-13.223 -26.828 20.512
-7.295 -30.004 22.022
-5.068 -33.381 27.082
-3.591 -34.069 33.974
-18.769 -37.949 30.642
-21.476 -32.526 35.065
-16.971 -27.978 39.187
-10.576 -25.157 39.485
-5.188 -23.199 36.356
-2.963 -19.905 30.642
-3.495 -15.843 26.053
-6.496 -11.535 23.142
-10.637 -7.239 22.629
30.109 2.906 48.997
27.896 1.605 50.187
25.671 2.716 48.887
-13.091 -2.784 26.007
-12.816 -0.080 26.687
-11.207 0.985 24.686
162.749 160.261 177.215
160.142 162.620 171.006
157.940 168.285 167.703
158.439 167.358 161.067
159.370 170.849 155.231
162.647 175.478 151.917
164.562 175.450 145.262
165.626 175.629 139.562
171.679 175.493 136.179
168.742 157.741 128.100
172.431 157.708 133.657
174.984 159.764 139.075
176.090 163.428 143.733
177.855 166.685 148.890
177.860 169.877 154.184
175.253 172.319 159.281
174.003 175.739 164.846
171.227 176.573 170.742
146.836 182.166 141.421
148.563 182.179 143.483
150.950 183.398 144.204
168.303 192.407 125.822
169.278 190.984 127.886
171.620 189.684 128.609
188.751 180.307 110.247
188.110 178.703 112.308
188.336 176.033 113.030
15.599 6.249 12.825
13.558 -0.169 12.821
10.841 -4.169 17.337
7.455 -5.511 21.910
3.574 -4.238 27.728
1.858 -0.155 32.916
-1.702 5.389 33.460
-4.956 10.607 30.276
-7.414 13.887 24.796
-9.435 -3.789 16.458
-5.372 0.389 13.051
-2.714 6.556 13.795
-0.725 12.189 16.780
2.846 14.608 21.847
7.458 13.230 26.845
11.166 10.040 30.548
14.934 4.598 32.701
18.558 -0.628 29.880
5.432 -19.960 -9.081
-0.470 -22.085 -6.469
-6.457 -19.596 -5.284
-10.895 -15.199 -6.877
-13.122 -10.066 -9.988
6.455 -29.952 -26.284
3.440 -24.216 -24.161
-0.661 -18.750 -25.446
-6.216 -17.225 -23.712
-1.271 -12.239 -25.098
0.874 -7.129 -21.298
0.491 -3.373 -15.649
-1.601 -2.169 -9.667
-2.855 -4.198 -3.119
-2.256 -8.270 1.915
-13.002 -31.587 -27.700
-12.024 -27.287 -32.455
-7.399 -24.449 -36.071
-16.048 -8.052 -14.402
-18.496 -7.987 -16.365
-20.396 -8.668 -14.678
13.075 -26.265 -14.496
14.399 -30.689 -14.966
11.991 -32.758 -10.648
10.159 -34.814 -4.324
12.223 -37.630 1.571
17.164 -38.314 5.614
23.242 -37.251 8.304
29.681 -35.449 8.943
33.789 -30.454 8.078
36.398 -24.779 5.567
35.194 -18.366 4.401
18.129 -18.167 11.579
19.575 -18.320 4.461
23.487 -19.329 -0.914
28.206 -22.820 -3.929
31.676 -28.432 -4.893
31.381 -34.943 -5.118
28.453 -40.425 -4.575
24.033 -45.844 -5.320
23.001 -48.142 -6.524
25.421 -49.182 -7.682
-1.958 20.255 10.680
-3.275 15.099 6.758
-4.725 11.794 1.013
-1.425 9.867 -4.613
4.303 9.525 -8.085
10.627 8.611 -7.594
16.900 8.916 -4.822
19.022 5.675 0.937
18.292 2.813 6.945
15.536 -2.159 10.135
13.126 -8.167 11.054
10.694 -8.166 -7.291
5.323 -8.143 -3.349
2.659 -5.729 2.300
4.327 -0.893 7.120
7.976 3.805 10.069
11.806 9.307 9.309
15.107 14.039 5.493
13.301 18.224 0.514
9.443 20.865 -3.963
4.180 20.767 -8.567
-2.500 21.124 -8.187
143.780 31.365 69.558
139.475 26.949 66.205
133.443 25.890 64.009
129.346 30.079 60.485
125.936 36.407 58.697
132.499 38.571 56.573
133.757 44.283 54.211
138.576 49.820 55.370
144.838 50.210 53.659
150.695 48.011 51.807
145.004 32.613 45.551
148.816 32.736 51.829
150.809 37.041 57.742
149.194 39.737 61.686
144.665 44.033 64.997
139.040 45.817 65.206
133.300 45.102 70.051
129.264 41.265 72.391
125.243 35.717 73.404
126.648 29.005 74.402
144.655 35.723 98.163
139.840 39.159 101.101
134.634 39.202 104.311
128.732 35.742 105.764
125.810 29.643 107.122
132.326 27.421 110.131
133.149 22.142 113.076
138.232 17.036 112.591
144.659 16.447 113.102
150.308 18.254 116.613
141.834 31.378 123.880
145.123 33.096 118.322
148.721 31.473 112.579
148.814 27.783 107.862
145.582 22.970 104.029
140.544 21.144 102.576
135.030 21.146 97.228
131.179 24.812 94.371
126.842 30.001 92.315
127.758 36.708 91.448
32.850 10.771 21.805
34.116 17.531 19.728
40.122 19.952 22.008
45.733 18.390 24.295
43.748 22.691 19.828
49.001 25.501 15.823
44.609 27.158 10.996
40.314 27.369 6.382
42.391 32.255 1.751
-45.974 6.004 -17.699
-41.073 8.043 -18.217
-35.298 12.120 -19.058
-30.558 15.691 -16.575
-28.222 19.693 -10.745
-28.294 21.220 -4.925
-28.943 18.048 1.118
-29.459 12.506 5.055
-27.222 6.607 6.942
-22.719 1.933 6.215
-17.579 -0.304 3.035
-17.587 -0.297 3.024
-13.526 4.575 5.099
-6.991 5.209 4.598
-2.947 10.134 1.920
-1.986 16.920 1.377
-1.761 22.075 5.443
-2.881 24.800 11.560
-2.562 24.712 18.422
-0.392 21.489 24.257
4.387 18.441 26.992
10.532 15.929 27.186
12.068 21.254 9.286
12.220 14.648 10.603
9.714 9.249 14.452
3.951 7.427 17.975
-1.845 8.822 20.513
-7.580 12.119 19.714
-12.186 16.121 16.914
-14.260 19.772 11.260
-15.308 20.375 5.249
-13.089 19.217 -1.388
-14.078 14.451 -5.232
-14.965 8.551 -8.526
-19.777 4.641 -9.589
-25.553 1.064 -8.797
-31.942 1.745 -6.419
-36.778 4.819 -2.966
-39.202 10.709 -0.570
-40.241 16.890 -2.136
-38.969 23.138 -5.143
-39.312 25.350 -11.439
29.713 -55.966 48.677
23.256 -56.946 52.284
19.003 -54.941 56.242
15.527 -49.800 60.042
16.843 -43.104 61.903
17.531 -37.020 58.967
18.370 -33.100 53.640
16.419 -30.716 47.795
11.927 -30.712 42.858
6.318 -32.775 40.077
6.386 -32.806 40.026
2.666 -31.812 45.097
-4.190 -31.394 45.678
-8.688 -34.613 50.149
-9.784 -35.197 56.866
-9.636 -31.679 62.361
-8.961 -25.812 65.730
-8.610 -19.278 64.971
-10.132 -13.032 62.172
-14.549 -9.934 58.767
-21.421 -9.890 55.770
-24.214 -27.335 61.358
-23.553 -25.168 54.395
-20.323 -21.281 49.670
-14.954 -18.524 48.659
-8.682 -16.004 49.926
-3.117 -17.162 52.809
1.223 -20.147 57.474
3.345 -25.221 60.793
3.741 -32.262 60.905
1.501 -38.517 59.596
1.989 -42.503 54.617
3.021 -45.503 48.746
7.982 -46.405 44.851
13.678 -46.017 41.516
20.201 -43.723 42.583
24.948 -40.779 46.148
27.522 -38.355 51.729
28.715 -39.569 57.682
27.479 -42.831 63.607
27.687 -48.983 65.958
0.759 53.030 -30.224
-0.383 57.663 -26.669
-4.186 63.621 -27.149
-9.527 65.138 -29.418
-15.401 65.462 -30.953
-20.619 62.622 -31.591
-24.876 56.875 -33.103
-24.224 50.294 -30.235
-21.386 44.771 -26.541
-20.264 42.464 -21.249
-18.986 42.750 -15.014
-19.459 42.155 -8.476
-23.077 43.931 -3.103
-28.734 46.937 0.211
-34.862 49.633 -1.078
-40.736 47.682 -3.089
-44.291 43.564 -6.342
-47.071 38.119 -9.554
-47.017 31.799 -7.785
-44.232 26.040 -5.282
-41.901 23.561 0.999
-38.856 25.346 7.163
-41.038 39.807 9.594
-35.452 36.007 7.318
-31.857 32.279 2.558
-32.012 30.587 -3.512
-32.758 29.750 -10.030
-33.134 34.558 -14.446
-33.212 40.619 -17.064
-35.075 47.668 -16.764
-33.840 53.525 -14.032
-30.781 57.510 -9.715
-26.831 58.201 -14.142
-19.176 59.283 -14.366
-13.820 56.945 -17.006
-9.677 51.441 -19.788
-9.998 47.930 -25.357
-12.357 45.489 -30.863
-13.447 48.038 -37.339
-13.937 54.564 -41.438
-10.569 59.265 -43.194
-5.846 64.175 -42.060
0.470 66.565 -41.137
6.006 63.858 -37.560
-49.725 19.344 7.485
-53.540 22.016 3.756
-57.720 27.761 3.981
-57.195 33.331 6.112
-55.389 38.928 7.523
-50.824 42.784 8.133
-43.975 44.672 9.786
-38.042 41.605 7.101
-33.859 36.821 3.674
-31.964 34.785 -1.470
-32.535 33.478 -7.707
-31.651 33.523 -14.188
-31.832 37.381 -19.695
-32.494 43.658 -23.215
-32.750 50.346 -22.116
-28.814 55.175 -20.160
-23.813 57.063 -16.836
-17.761 57.752 -13.520
-11.912 55.323 -15.129
-7.488 50.548 -17.295
-5.900 47.324 -23.481
-8.523 44.947 -29.632
-21.061 52.443 -32.545
-19.671 45.900 -30.129
-17.701 41.275 -25.217
-16.187 40.964 -19.092
-15.323 41.462 -12.561
-19.764 43.662 -8.329
-25.369 46.107 -5.896
-31.245 50.279 -6.461
-37.017 51.363 -9.355
-41.784 49.988 -13.682
-44.076 46.683 -9.264
-47.892 40.002 -8.933
-47.741 34.215 -6.167
-44.259 28.325 -3.229
-41.026 27.474 2.457
-38.021 28.877 8.013
-40.150 30.960 14.380
-46.115 33.917 18.284
-51.774 32.624 19.910
-58.052 30.045 18.714
-62.572 25.057 17.785
-62.045 18.831 14.368
261.918 -28.799 326.670
257.008 -32.945 328.158
254.797 -39.155 329.913
257.177 -45.165 331.929
261.586 -49.930 332.676
267.150 -51.391 335.822
271.454 -50.385 340.950
273.673 -46.322 345.980
272.537 -41.236 350.421
268.677 -39.149 355.090
264.191 -39.254 359.288
259.303 -39.304 363.867
255.616 -43.607 367.910
254.615 -49.920 370.304
255.912 -56.567 371.071
260.807 -60.723 370.902
266.902 -62.871 373.088
273.448 -61.532 375.139
276.811 -57.076 378.821
276.799 -52.978 383.728
273.834 -50.533 389.216
268.611 -49.299 393.268
263.579 -52.180 396.677
262.369 -57.414 400.097
262.523 -63.985 401.777
265.834 -69.731 402.844
271.293 -71.575 405.678
279.858 -55.794 406.729
281.626 -59.750 401.622
279.951 -64.339 397.318
276.044 -66.850 393.066
270.056 -67.842 389.883
263.539 -66.272 388.961
259.474 -60.921 388.075
259.159 -54.793 385.974
261.592 -48.525 384.657
265.589 -46.074 380.184
265.953 -46.141 380.259
270.202 -45.470 376.021
272.445 -46.738 377.906
273.829 -48.048 370.687
272.323 -51.559 365.467
268.843 -56.038 361.843
263.191 -56.928 358.940
256.477 -57.648 358.612
258.342 -54.434 353.358
254.421 -49.053 349.513
254.651 -42.451 348.323
258.230 -37.031 346.317
263.373 -34.949 343.132
269.720 -34.407 340.989
273.178 -37.802 336.292
274.309 -42.910 332.249
271.083 -46.297 327.466
265.929 -47.348 323.641
261.210 -45.364 319.919
21.323 -31.802 -128.924
21.822 -31.459 -135.219
20.689 -29.169 -141.059
19.634 -25.469 -144.281
21.431 -24.462 -150.010
22.163 -28.026 -155.515
20.020 -28.389 -160.985
19.751 -26.826 -166.491
22.336 -29.448 -171.398
21.573 -35.720 -173.923
20.487 -38.822 -178.369
19.333 -40.282 -184.101
21.099 -45.544 -186.724
21.600 -51.766 -186.185
20.442 -57.586 -188.034
19.928 -61.522 -190.696
21.070 -66.371 -191.395
21.259 -71.389 -186.952
19.280 -77.216 -185.286
19.110 -82.873 -186.126
20.352 -86.735 -183.714
20.863 -88.936 -177.127
19.747 -93.027 -172.841
17.988 -97.290 -170.790
20.902 -99.980 -165.657
21.251 -98.850 -159.182
19.899 -99.461 -153.531
18.999 -102.137 -149.350
20.625 -101.513 -143.560
21.027 -96.507 -139.080
19.971 -94.432 -133.577
19.416 -94.001 -128.573
20.783 -91.107 -124.627
21.245 -84.514 -123.521
20.482 -79.645 -119.599
18.462 -75.835 -115.468
20.637 -71.180 -114.076
20.686 -65.365 -116.324
19.858 -59.219 -116.376
9.221 46.088 33.074
15.507 46.548 35.923
20.085 46.991 41.087
22.015 45.470 48.200
21.880 40.881 51.816
18.770 34.813 54.952
16.982 28.995 53.795
21.685 23.212 54.591
26.215 19.687 52.307
31.967 18.594 48.899
36.562 20.139 43.958
39.532 25.357 41.131
42.972 30.944 42.279
45.113 35.871 46.316
40.882 26.719 60.993
35.318 31.463 59.111
33.860 36.549 54.499
32.815 37.348 47.320
31.651 34.801 41.429
28.630 30.103 38.167
26.536 23.915 36.671
21.848 28.941 37.490
14.204 29.997 37.732
9.425 31.201 42.181
7.212 35.067 47.228
7.271 40.545 50.656
10.105 46.397 52.929
11.678 52.295 49.270
3.447 47.990 34.807
10.034 46.596 33.003
16.295 46.234 35.700
20.188 47.084 41.081
22.262 45.467 47.973
22.324 40.296 52.254
19.467 34.667 55.077
17.296 28.996 54.045
21.742 22.821 55.179
26.400 19.443 52.867
32.111 18.071 49.456
36.265 19.240 43.940
39.420 24.615 41.495
41.983 30.892 42.300
45.424 34.954 46.301
45.125 20.732 59.477
41.333 25.978 60.979
36.445 31.418 59.215
33.658 35.859 54.601
33.156 37.428 47.948
31.972 34.372 42.193
28.447 30.017 38.863
26.760 23.685 37.261
22.147 29.474 37.899
14.406 29.816 37.979
9.646 30.875 42.511
7.569 34.581 47.607
7.901 39.988 51.618
10.542 46.220 53.002
11.655 51.852 49.672
36.750 8.412 -5.439
31.675 12.231 -3.878
24.872 13.768 -4.013
19.115 11.482 -2.017
16.251 7.918 2.593
12.642 13.232 -0.239
9.778 18.274 3.391
6.770 20.565 9.013
4.427 21.687 15.325
7.059 22.156 21.701
12.193 22.388 26.060
18.372 24.597 26.812
23.922 27.605 24.595
27.976 30.846 20.314
27.750 36.497 16.751
9.570 36.624 18.030
12.138 34.938 12.390
17.139 32.217 8.630
21.449 26.767 9.202
24.565 22.024 12.570
23.509 17.299 17.050
19.866 13.416 21.195
14.303 10.039 21.086
8.352 8.470 18.593
30.348 -1.797 7.818
26.753 -4.568 3.327
23.189 -4.370 -2.252
21.445 -1.725 -7.830
20.779 3.149 -12.671
5.138 5.342 14.879
3.949 2.760 13.800
4.209 1.310 16.087
36.040 8.411 -5.817
31.222 12.180 -4.067
24.508 13.892 -3.769
18.735 11.006 -2.320
16.091 7.575 2.625
12.465 13.018 -0.077
9.615 17.931 3.544
6.758 20.487 8.966
4.282 21.633 15.305
7.040 22.049 21.654
12.235 22.211 25.956
18.371 24.410 26.731
24.114 27.003 24.533
28.068 30.109 20.072
28.074 35.885 16.990
10.053 36.420 17.671
12.418 34.743 12.316
17.430 31.749 8.541
21.312 26.266 9.341
24.351 21.576 12.398
23.268 16.827 17.170
19.528 13.238 21.259
13.936 9.962 21.100
7.835 8.425 19.205
30.069 -1.826 7.955
26.540 -4.465 3.386
23.016 -4.246 -2.029
21.105 -1.377 -7.620
20.094 3.172 -12.436
5.156 5.029 14.660
4.038 2.512 13.798
4.115 0.989 16.303
39.410 10.355 -5.871
34.268 13.711 -6.130
27.358 14.475 -6.196
21.221 11.495 -6.324
17.915 8.465 -2.610
16.415 14.798 -3.002
11.179 18.176 -0.292
6.292 19.328 4.008
2.698 18.799 9.679
4.546 19.320 16.418
8.508 19.705 21.732
14.642 21.281 24.041
20.007 24.877 23.966
25.363 28.061 20.878
25.572 34.277 18.300
7.558 35.785 20.367
9.942 35.060 14.325
14.327 32.588 10.166
20.534 29.433 9.264
23.282 23.830 11.396
22.165 17.669 13.918
18.873 12.913 16.985
14.301 8.692 16.278
9.217 5.867 13.196
9.228 5.859 13.206
5.944 5.549 7.445
33.241 0.230 4.270
30.704 -3.209 -0.485
27.910 -3.538 -6.327
26.017 -0.808 -12.080
25.251 4.767 -16.160
6.619 2.176 8.703
6.119 -0.493 7.896
6.318 -2.053 10.129
6.609 -2.174 10.053
6.433 -0.730 7.696
33.311 0.231 4.203
30.734 -3.154 -0.618
27.979 -3.399 -6.493
26.437 -0.455 -12.263
25.822 5.314 -16.188
7.720 35.560 20.784
9.996 34.954 14.780
14.559 32.598 10.554
20.665 29.534 9.494
23.500 23.923 11.579
22.287 17.740 14.018
19.003 12.919 17.012
14.389 8.633 16.214
9.317 5.759 13.315
9.328 5.753 13.323
6.172 5.247 7.548
40.172 11.135 -5.893
34.707 14.079 -5.981
27.742 14.552 -6.370
21.539 11.626 -6.538
18.022 8.414 -2.694
16.171 14.671 -3.259
11.262 18.134 -0.365
6.525 19.409 4.072
2.752 18.761 9.757
4.633 19.329 16.494
8.691 19.556 21.825
14.886 21.050 24.155
20.147 24.669 24.226
25.541 27.946 21.279
25.994 33.995 18.876
6.511 2.237 8.710
6.065 -0.893 7.912
6.347 -2.125 10.068
6.428 -2.110 10.016
6.116 -0.853 7.615
10.852 -1.326 -5.145
8.024 3.160 -2.696
1.178 5.741 -3.775
-4.652 4.538 -2.403
-8.594 0.611 0.961
-12.829 6.088 0.082
-15.973 10.918 3.383
-19.273 13.262 8.998
-21.353 14.383 15.205
-18.553 14.908 21.620
-13.289 14.985 25.883
-7.218 17.013 26.420
-1.482 19.666 24.227
2.243 23.180 20.242
2.429 28.922 16.683
-15.678 29.855 17.378
-12.749 28.684 11.594
-8.101 25.018 8.456
-4.585 19.323 9.179
-1.531 14.592 12.312
-2.058 10.208 17.321
-5.617 6.212 21.152
-11.245 2.727 21.118
-17.314 1.393 18.573
4.611 -9.150 8.276
1.290 -11.834 3.489
-1.975 -11.790 -2.158
-3.690 -8.788 -7.864
-4.244 -3.951 -12.393
-20.435 -2.074 14.916
-21.498 -4.561 13.972
-21.369 -6.126 16.294
37.308 -0.262 -0.131
32.931 5.287 0.455
26.529 6.963 0.698
20.211 5.569 1.053
16.369 0.852 4.175
12.594 6.344 1.703
9.763 11.065 5.190
6.550 13.350 10.891
4.250 14.141 17.047
6.770 14.800 23.405
12.088 15.938 27.210
18.680 17.547 26.998
24.374 18.960 24.555
28.917 21.687 20.198
28.826 27.363 16.237
10.706 27.602 16.365
13.447 25.501 10.908
18.876 22.257 7.928
22.019 16.532 9.437
23.348 11.621 13.873
23.287 8.856 19.862
18.905 5.182 23.084
13.176 2.145 22.976
7.406 0.869 20.057
29.381 -9.590 9.647
26.045 -11.637 4.585
22.971 -10.686 -1.038
21.736 -6.404 -6.176
20.243 -1.171 -8.546
3.931 -2.283 16.245
2.806 -4.627 15.171
2.882 -6.235 17.394
-16.986 -10.451 37.232
-13.998 -12.000 31.554
-11.874 -11.129 25.116
-9.839 -7.217 20.257
-4.864 -3.158 19.947
-4.883 -8.683 15.365
-0.951 -11.056 10.735
5.110 -13.234 8.596
11.835 -14.128 8.705
16.865 -15.443 13.229
19.467 -16.338 19.611
17.481 -19.407 25.280
13.231 -22.275 29.361
7.976 -26.506 30.490
6.314 -32.594 28.150
14.981 -31.413 12.567
8.920 -29.768 12.756
2.835 -27.895 15.671
1.106 -23.432 20.734
2.691 -19.219 25.805
6.797 -14.285 27.847
11.490 -9.579 26.764
13.012 -5.030 22.651
13.449 -1.577 16.834
-4.972 2.154 37.220
-8.563 5.880 33.404
-12.908 6.713 28.492
-17.017 3.878 23.763
-20.795 -1.393 22.225
9.253 3.038 12.414
9.360 5.689 11.316
11.512 6.814 12.645
36.227 0.140 -5.249
31.423 4.573 -3.832
25.337 6.723 -3.506
19.866 4.994 -1.145
16.341 0.969 2.772
12.680 5.911 -0.099
9.703 10.913 3.292
6.666 13.293 8.875
4.510 14.255 15.101
7.150 14.856 21.671
12.491 15.106 25.905
18.391 17.019 26.126
24.046 20.085 23.864
27.877 23.149 19.443
27.601 28.941 16.292
9.410 29.296 17.597
12.312 28.020 11.699
17.006 24.656 8.299
21.031 19.145 9.004
24.157 14.564 12.318
23.553 10.236 17.254
19.894 6.170 21.095
14.076 2.757 21.029
8.259 1.284 18.509
30.125 -8.931 7.788
26.573 -11.664 3.235
23.072 -11.234 -2.295
21.305 -8.413 -7.599
20.475 -3.677 -12.298
5.056 -2.089 14.958
3.985 -4.677 13.954
3.960 -6.350 16.182
36.913 0.014 -5.355
32.642 3.878 -3.432
26.170 6.617 -3.981
20.366 5.084 -1.530
16.728 1.305 2.502
12.855 6.510 -0.072
9.833 11.076 3.321
6.537 13.409 8.840
4.463 14.460 15.117
7.114 15.002 21.557
12.345 15.103 25.940
18.466 17.224 26.325
24.036 20.254 24.325
28.085 23.140 19.641
27.814 28.985 16.593
9.539 29.525 17.504
12.391 28.132 11.667
17.192 24.920 8.365
21.118 19.264 8.943
24.477 14.676 12.539
23.579 10.133 17.291
19.794 6.318 21.034
14.110 2.876 21.053
8.244 1.407 18.282
30.363 -8.979 7.999
26.924 -11.625 3.329
23.552 -11.354 -2.188
21.560 -8.370 -7.677
20.630 -3.281 -12.358
4.960 -1.971 14.655
3.808 -4.508 13.814
3.998 -6.155 16.178
36.453 8.139 -5.149
31.575 12.334 -4.488
24.931 14.073 -3.958
19.090 11.889 -1.774
16.090 7.556 2.414
12.510 13.081 -0.251
9.635 18.212 3.298
6.652 20.542 8.920
4.356 21.574 15.222
7.283 22.255 21.547
12.506 22.422 25.797
18.823 24.471 26.566
24.030 27.736 24.571
28.093 31.146 20.444
27.729 36.451 16.349
9.619 36.883 17.327
12.413 34.913 11.739
17.003 31.555 8.547
21.851 26.611 8.921
24.956 21.934 12.569
23.764 17.261 17.215
19.881 13.525 21.066
14.246 10.216 20.982
8.588 8.634 18.596
5.171 6.550 15.224
29.852 -1.577 7.504
26.195 -4.393 3.132
22.582 -4.121 -2.430
20.789 -1.362 -8.010
20.487 3.546 -12.792
4.305 0.976 16.204
3.540 2.381 13.911
53.996 7.993 100.424
49.709 12.557 101.636
42.625 14.798 101.625
37.241 12.553 104.570
34.257 7.911 108.717
30.551 13.357 106.219
27.507 18.279 109.460
24.412 20.881 114.920
21.984 21.827 121.180
24.501 22.698 127.530
29.804 22.670 131.692
36.355 24.365 132.642
41.949 27.040 130.024
45.579 31.083 126.204
46.288 36.004 121.829
28.427 37.513 122.988
31.160 36.596 116.666
35.379 31.924 114.018
40.004 27.285 114.775
41.658 21.632 117.990
41.021 16.813 122.739
37.346 13.665 127.165
31.708 10.095 127.211
26.208 8.703 124.943
22.771 6.471 121.387
47.758 -0.958 113.752
44.303 -3.821 109.157
40.620 -3.426 103.638
38.351 -0.100 98.369
37.887 4.848 93.598
21.705 0.687 122.250
21.591 2.442 120.034
-9.385 -4.210 32.165
-12.960 -0.873 28.004
-17.105 -0.446 23.157
-21.863 -2.887 19.097
-24.819 -8.606 16.233
14.463 -39.449 14.347
7.803 -38.202 14.079
2.488 -35.236 16.051
-1.126 -31.366 20.003
-0.107 -26.845 25.183
3.588 -21.171 26.040
7.708 -16.627 23.939
9.171 -12.355 19.296
8.364 -10.058 13.433
6.069 -6.821 9.698
-22.245 -13.171 33.264
-20.042 -17.386 28.773
-16.841 -18.263 22.732
-14.571 -15.848 16.998
-10.340 -13.403 15.340
-10.379 -15.487 10.109
-5.622 -19.683 7.913
0.743 -21.303 6.677
7.408 -22.013 6.228
12.763 -23.135 10.673
15.705 -23.739 16.678
15.228 -25.182 23.046
12.592 -28.711 27.996
7.179 -32.039 30.993
4.656 -38.039 29.867
5.248 -3.015 9.074
-16.113 -16.560 -33.540
-13.012 -22.131 -36.063
-9.587 -23.677 -41.178
-7.678 -22.641 -47.768
-7.617 -18.106 -53.124
-3.825 -12.584 -54.215
-0.533 -6.817 -53.366
3.245 -3.196 -49.874
7.559 -3.601 -44.631
12.356 -7.059 -41.791
16.178 -12.241 -40.438
-47.219 -25.823 -50.032
-41.757 -24.596 -53.389
-37.258 -20.979 -56.799
-33.413 -15.436 -56.070
-31.911 -9.575 -53.031
-31.963 -5.917 -47.208
-32.025 -4.875 -40.710
-28.942 -6.928 -35.646
-27.369 -10.872 -31.219
11.038 -19.051 -56.425
9.253 -22.940 -51.278
7.020 -22.070 -44.482
5.507 -18.403 -39.394
2.346 -12.742 -36.781
-1.901 -7.562 -37.320
-6.798 -3.806 -41.126
-11.007 -4.988 -46.575
-14.700 -8.963 -49.932
-18.861 -14.314 -50.641
-21.084 -20.056 -49.783
-23.970 -23.877 -44.592
-28.137 -25.140 -39.825
-33.989 -23.024 -37.788
-38.684 -18.562 -36.381
-42.051 -13.433 -39.083
-42.682 -7.742 -43.003
-42.399 -5.428 -49.002
-43.416 -6.183 -55.544
-46.963 -9.828 -59.579
-7.410 5.979 290.731
-10.461 0.517 293.544
-13.626 -1.145 298.871
-15.482 0.160 305.326
-15.551 4.298 310.642
-19.693 9.696 311.730
-23.038 15.701 310.615
-26.468 19.273 306.828
-31.028 18.765 302.418
-35.654 15.515 298.945
-39.485 10.533 297.068
23.801 -3.211 306.903
18.470 -1.875 310.342
14.058 1.544 313.834
10.140 7.087 313.202
8.517 12.947 310.117
8.408 16.430 304.343
8.554 17.571 297.849
5.578 15.503 292.708
3.857 11.440 288.382
-34.234 3.717 313.206
-32.090 -0.262 308.183
-30.378 0.429 301.374
-28.866 4.524 296.413
-26.781 9.842 293.946
-21.754 15.000 294.314
-16.488 18.819 298.329
-12.005 17.691 303.016
-8.533 13.920 306.920
-4.368 8.748 307.983
-2.350 2.338 306.720
0.358 -1.619 301.694
4.625 -2.643 297.073
10.482 -0.447 294.946
15.277 3.801 293.503
18.672 9.059 296.044
19.370 14.599 300.016
18.711 17.291 306.093
20.055 16.450 312.613
23.546 12.786 316.565
40.680 9.676 -5.020
34.793 11.505 -3.002
27.709 10.719 -2.657
22.582 6.772 -2.080
20.827 2.816 2.488
17.703 8.797 0.279
12.619 12.253 3.063
8.606 13.784 8.054
5.592 14.148 14.145
7.888 14.830 20.612
12.837 15.475 25.342
18.868 18.589 26.031
24.626 21.106 23.336
27.523 25.772 19.863
26.439 31.587 16.850
8.962 31.721 19.891
11.325 30.702 13.761
15.465 27.824 9.562
20.760 23.197 9.361
25.064 19.282 12.345
25.351 14.062 16.696
22.712 9.074 20.298
18.318 4.476 19.861
12.983 1.267 17.812
37.326 -2.806 7.451
34.583 -6.448 2.757
31.173 -7.046 -2.741
28.093 -4.286 -8.002
27.425 0.719 -12.337
40.699 9.469 -5.085
34.838 11.304 -3.096
27.793 10.699 -2.646
22.620 6.748 -1.949
20.935 2.708 2.710
17.753 8.621 0.736
12.672 12.231 3.151
8.607 13.941 8.183
5.612 14.143 14.281
7.871 14.740 20.722
12.715 15.328 25.505
18.688 17.942 26.428
24.583 20.697 23.792
27.166 25.346 20.965
26.406 31.259 17.636
8.886 31.405 20.591
10.927 30.226 14.350
14.917 27.167 10.426
20.640 23.279 9.393
24.958 18.959 12.416
25.304 14.102 16.895
22.655 8.892 20.126
18.258 4.321 19.780
12.810 1.093 17.615
37.256 -2.869 7.120
34.611 -6.556 2.672
31.125 -7.186 -2.914
27.740 -4.495 -8.001
27.256 0.448 -12.406
40.563 9.602 -5.010
34.644 11.190 -2.901
27.604 10.663 -2.537
22.428 6.744 -1.841
20.678 2.852 2.957
17.604 8.657 0.744
12.692 12.428 3.350
8.743 14.133 8.375
5.592 14.196 14.430
7.859 14.667 20.884
12.823 15.233 25.598
18.447 18.262 26.446
24.084 21.566 24.464
27.225 25.037 19.549
26.528 30.657 15.948
9.019 32.317 19.651
11.539 31.024 13.533
15.809 28.138 9.562
20.513 23.199 9.352
24.946 18.877 12.345
25.394 14.053 16.864
22.664 8.905 20.297
18.274 4.374 19.873
12.969 1.127 17.764
37.166 -2.776 7.292
34.505 -6.617 2.713
30.873 -7.142 -2.758
27.642 -4.435 -7.914
27.158 0.535 -12.345
-28.655 57.577 16.363
-27.243 58.511 10.669
-23.893 58.814 4.947
-22.393 55.696 -0.885
-24.515 51.602 -4.640
-28.586 46.647 -7.413
-33.090 41.720 -7.880
-39.476 41.300 -7.339
-45.727 41.688 -4.839
-50.867 45.808 -3.972
-40.950 56.569 -16.108
-42.686 60.612 -10.818
-43.252 59.538 -4.057
-44.464 55.319 1.272
-43.952 49.427 4.490
-40.575 43.775 5.440
-34.768 40.943 6.049
-34.779 40.891 6.053
-28.899 40.857 6.464
-28.513 40.548 5.365
-21.539 41.803 5.699
-18.916 41.501 7.069
-19.281 38.794 8.087
-27.104 58.008 11.074
-23.891 58.805 5.036
-22.756 55.827 -0.866
-24.091 51.117 -4.605
-28.128 46.264 -7.464
-33.212 41.913 -7.939
-39.405 39.957 -6.499
-45.634 41.766 -4.921
-50.916 45.660 -3.806
-40.658 56.529 -15.613
-42.671 60.516 -10.647
-43.227 59.286 -3.960
-44.530 55.433 1.453
-43.425 49.641 4.659
-40.377 43.715 5.493
-34.703 40.663 6.108
-28.724 40.117 6.445
-21.648 41.791 5.649
-19.044 41.465 6.959
-19.347 38.892 7.984
-28.235 57.512 16.038
-27.119 58.326 10.856
-23.848 58.839 4.941
-22.699 55.849 -0.933
-24.061 51.092 -4.732
-28.263 46.255 -7.522
-33.313 42.013 -8.057
-39.384 39.945 -6.530
-45.663 41.642 -4.982
-50.936 45.656 -3.925
-40.422 56.288 -15.759
-42.418 60.242 -10.877
-43.145 59.323 -4.028
-44.485 55.439 1.354
-43.477 49.777 4.583
-40.452 43.896 5.525
-34.741 40.801 6.115
-34.736 40.816 6.118
-28.673 40.307 6.241
-28.258 40.179 4.799
-21.532 41.882 5.802
-18.890 41.560 7.092
-19.312 38.835 8.007
52.074 -32.808 -28.210
44.991 -32.784 -25.989
40.129 -28.919 -23.921
36.752 -23.861 -22.347
34.047 -19.292 -24.948
31.870 -15.435 -29.924
31.714 -13.856 -36.963
32.046 -18.112 -42.506
28.968 -32.884 -36.921
36.190 -35.075 -35.652
42.273 -31.763 -36.137
45.099 -25.702 -36.923
46.727 -19.743 -38.887
48.835 -15.843 -34.402
50.171 -13.119 -28.438
49.374 -13.452 -21.630
49.936 -18.042 -16.881
4.797 10.615 12.906
7.256 6.246 8.196
9.343 6.089 2.172
10.833 8.465 -3.822
11.947 13.553 -7.855
15.261 19.012 -8.451
18.978 24.598 -6.321
22.596 26.714 -1.044
26.669 25.748 4.481
30.325 21.160 7.871
33.463 15.841 8.866
-28.771 4.351 -2.456
-22.344 6.180 -4.696
-17.314 10.223 -6.048
-13.610 15.389 -3.466
-12.671 20.854 0.443
-13.264 24.046 6.061
-12.217 23.743 12.622
-8.522 20.002 16.585
31.768 13.116 -8.850
28.460 8.036 -5.212
25.841 7.434 1.196
23.488 10.609 6.665
21.187 16.348 9.841
17.529 21.409 9.646
12.616 25.750 6.764
7.819 25.735 2.443
2.858 22.277 -1.363
-1.597 17.509 -2.790
-3.512 11.367 -1.729
-4.737 6.697 2.252
-8.628 4.054 7.000
-13.919 5.268 10.807
-18.264 8.645 14.330
-22.424 14.202 13.802
-24.062 19.567 10.217
-23.907 23.194 4.474
-23.559 24.492 -1.913
-26.474 22.311 -7.110
20.725 10.227 -29.632
23.122 5.990 -34.335
25.339 5.568 -40.207
26.929 7.847 -46.359
27.676 12.622 -50.600
31.055 17.799 -51.101
34.513 23.538 -49.253
38.435 25.619 -44.361
42.485 24.786 -38.298
45.926 20.263 -35.522
49.648 15.018 -34.230
-11.857 3.615 -45.514
-6.042 5.727 -47.626
-1.169 9.950 -49.009
2.374 15.081 -46.422
3.155 20.525 -42.467
2.489 23.573 -36.666
3.765 23.134 -30.089
7.304 19.381 -26.204
7.295 19.385 -26.196
47.331 12.422 -51.895
44.333 7.258 -48.280
41.667 6.557 -42.027
39.788 9.949 -36.295
37.224 15.362 -33.387
33.303 20.429 -33.162
27.967 24.767 -36.101
23.609 25.102 -40.414
18.954 21.734 -44.131
14.556 16.565 -45.624
12.572 10.212 -44.551
10.708 6.561 -40.572
7.409 3.553 -35.732
1.921 4.685 -32.104
-2.457 8.048 -28.674
-6.417 13.785 -29.039
-8.056 19.068 -32.715
-8.081 22.619 -38.420
-7.588 23.805 -44.900
-10.528 21.260 -50.197
9.606 13.591 -24.139
9.486 13.767 -23.999
95.742 5.799 205.472
92.610 0.299 208.314
89.545 -1.555 213.735
87.537 -0.218 220.123
87.914 4.018 225.536
84.080 9.995 226.152
80.428 15.467 224.912
76.835 18.085 220.493
72.029 18.696 215.917
67.594 15.150 213.324
63.078 9.953 211.499
127.152 -3.273 221.589
121.875 -2.129 225.343
117.324 1.445 228.699
113.393 7.036 228.030
111.571 12.685 224.819
111.665 16.376 219.100
111.733 17.469 212.613
108.466 15.331 207.827
108.656 15.542 207.567
106.478 10.019 203.924
106.332 10.428 203.800
69.109 3.521 227.992
71.236 -0.621 222.974
73.266 -0.662 216.665
74.257 3.899 210.965
74.256 3.914 210.972
77.458 9.915 208.805
77.860 9.916 209.557
81.424 15.297 208.957
81.470 15.714 208.511
86.842 18.731 212.585
90.626 17.705 218.248
93.903 13.831 221.739
98.647 7.961 222.959
100.297 1.477 221.734
103.163 -1.533 216.537
107.786 -2.879 211.865
113.517 -0.711 209.643
118.293 3.617 208.244
121.808 8.789 210.992
122.767 14.318 214.822
122.488 17.006 220.752
123.694 16.422 227.219
127.043 12.883 231.309
26.695 10.324 205.264
23.689 4.997 208.420
20.712 3.426 213.624
18.875 4.671 220.184
18.439 8.986 224.877
15.104 14.723 226.230
11.452 20.130 224.605
7.780 23.398 220.759
3.135 23.466 216.130
-1.605 20.061 212.933
-5.667 14.673 211.193
58.451 1.427 221.322
53.112 2.768 224.768
48.642 6.192 228.317
44.551 11.683 227.681
42.941 17.407 224.481
42.926 21.110 218.763
43.052 22.059 212.265
39.877 19.905 207.075
39.885 19.941 207.083
37.937 15.069 203.246
37.907 15.179 203.150
0.017 8.263 227.532
2.214 4.189 222.478
4.089 3.805 216.660
5.353 7.860 210.338
5.355 8.089 210.415
8.481 14.458 208.836
8.572 14.998 209.715
12.453 19.874 208.876
12.539 20.430 208.088
18.060 23.290 212.353
21.712 22.588 218.003
25.574 18.468 221.259
29.564 12.528 222.837
31.539 6.251 221.650
34.064 3.012 216.180
38.726 1.808 211.452
44.557 3.927 209.373
49.339 8.170 207.857
52.920 13.304 210.543
53.829 18.930 214.300
53.250 21.783 220.352
54.610 21.193 226.832
58.232 17.590 230.713
168.773 -0.473 205.994
165.643 -5.821 208.790
162.673 -7.412 214.232
160.861 -6.186 220.810
160.326 -1.840 225.610
156.724 3.740 226.745
153.192 9.238 225.341
149.538 12.449 221.454
144.877 12.408 216.898
140.088 8.913 213.937
136.170 3.490 212.099
200.379 -9.503 222.462
194.873 -8.053 225.797
190.342 -4.688 229.228
186.373 0.821 228.585
184.627 6.459 225.250
184.665 10.133 219.506
184.686 11.277 213.058
181.605 9.116 207.891
181.588 9.147 207.940
179.717 4.355 203.973
179.910 4.425 203.746
141.663 -2.670 228.653
143.868 -6.798 223.742
145.837 -7.019 217.582
147.268 -3.115 211.233
150.241 3.532 209.452
154.223 8.314 209.481
159.681 11.875 212.861
163.514 11.692 218.623
167.559 7.575 221.856
171.289 1.526 223.583
173.350 -4.580 222.228
176.233 -7.792 216.977
180.563 -9.038 212.017
186.459 -6.762 210.174
191.216 -2.453 208.576
194.887 2.593 211.250
195.714 8.140 215.104
195.297 10.972 221.052
196.796 10.340 227.555
200.005 6.551 231.774
-1.300 -37.154 2.598
-4.873 -42.331 -0.277
-4.177 -45.638 -6.396
-3.613 -52.392 -7.953
-7.144 -58.248 -7.724
-13.034 -60.359 -9.303
-19.578 -60.322 -11.235
-23.625 -56.913 -15.394
-25.069 -51.843 -19.842
-22.846 -48.016 -24.812
-18.860 -46.377 -29.527
7.533 -48.894 30.859
5.259 -52.798 26.145
1.190 -56.638 22.756
-5.182 -56.783 20.059
-11.545 -54.645 19.291
-14.682 -48.854 17.908
-14.710 -42.588 15.978
-12.130 -38.420 11.831
-7.331 -36.261 7.430
-10.476 -61.687 -25.711
-6.482 -55.965 -24.849
-7.370 -49.397 -23.606
-11.541 -44.953 -20.743
-16.652 -43.191 -16.924
-19.716 -44.038 -11.416
-21.798 -47.262 -5.805
-20.383 -52.221 -1.426
-16.200 -55.424 2.104
-9.955 -57.071 4.469
-4.697 -54.653 6.424
1.328 -52.154 7.252
3.677 -47.313 10.913
3.846 -42.212 15.169
0.161 -39.587 20.246
-5.184 -38.272 24.143
-10.263 -41.323 27.251
-12.385 -46.732 30.171
-12.532 -53.214 31.896
-8.499 -57.612 34.678
-1.636 -37.284 2.874
-5.323 -42.475 0.164
-4.429 -46.136 -5.950
-3.767 -52.988 -7.224
-7.503 -58.612 -7.256
-13.386 -60.822 -8.853
-19.923 -60.577 -10.623
-24.224 -57.159 -14.696
-25.711 -52.129 -19.145
-23.290 -48.225 -24.087
-19.326 -46.526 -28.584
7.849 -49.716 30.537
5.412 -53.645 25.906
1.056 -57.322 22.609
-5.222 -57.163 19.952
-11.319 -54.808 19.188
-14.675 -49.090 17.912
-14.899 -42.794 15.927
-12.311 -38.262 12.261
-7.394 -35.622 8.357
-11.267 -61.922 -25.147
-7.202 -56.235 -24.446
-8.102 -49.737 -23.144
-12.298 -45.200 -20.313
-17.275 -43.465 -16.462
-20.136 -44.340 -10.810
-22.247 -47.664 -5.179
-20.636 -52.632 -0.669
-16.235 -56.260 2.417
-9.536 -56.897 4.614
-3.397 -55.093 2.980
1.138 -52.240 7.923
3.566 -47.356 11.390
3.669 -42.155 15.484
-0.057 -39.326 20.407
-5.343 -38.498 24.399
-10.192 -41.832 27.645
-12.360 -47.440 30.158
-12.400 -53.841 31.823
-8.305 -58.233 34.629
23.112 10.421 205.191
20.023 4.900 208.185
16.981 3.691 213.743
14.773 4.862 219.602
14.759 8.809 225.137
11.318 14.561 226.206
7.602 19.929 225.129
4.134 23.302 221.070
-0.634 22.928 216.687
-5.208 19.463 213.588
-9.270 14.296 212.169
54.527 1.279 221.709
49.029 2.679 225.155
44.562 6.126 228.603
40.610 11.604 227.813
38.932 17.334 224.570
38.924 21.026 218.995
39.039 22.120 212.388
36.218 20.080 207.196
34.668 15.084 203.587
34.660 15.069 203.579
-3.878 7.804 228.031
-1.707 3.767 223.155
0.737 3.915 216.697
1.971 8.135 210.896
4.610 13.663 208.164
8.643 18.977 208.914
13.650 22.378 213.094
17.825 22.040 218.366
22.019 18.371 221.313
25.689 12.468 223.027
27.976 6.835 221.399
30.929 3.690 216.469
34.916 1.871 211.477
40.837 4.159 209.470
45.651 8.410 208.033
49.058 13.413 210.686
50.052 19.042 214.631
49.722 21.576 220.471
50.938 21.039 226.915
54.290 17.232 231.113
0.015 -37.369 2.066
-3.795 -42.622 -0.658
-2.795 -46.243 -6.544
-2.311 -53.000 -7.957
-5.842 -58.853 -7.569
-11.588 -60.958 -9.206
-18.257 -60.663 -10.868
-22.123 -57.369 -15.343
-23.569 -52.354 -19.802
-21.037 -48.254 -24.552
-17.078 -46.559 -29.202
9.425 -49.654 30.191
7.062 -53.507 25.350
2.751 -57.177 21.948
-3.552 -57.229 19.400
-9.759 -54.837 18.486
-13.078 -48.995 17.682
-13.115 -42.744 15.613
-10.575 -38.313 11.600
-5.936 -36.501 6.953
-9.184 -62.052 -25.652
-5.034 -56.492 -24.774
-5.892 -49.750 -23.615
-9.914 -45.372 -20.590
-15.529 -43.677 -17.230
-18.365 -44.386 -11.474
-20.436 -47.652 -5.831
-18.918 -52.311 -1.202
-14.678 -55.866 2.207
-8.358 -57.490 4.372
-3.066 -54.892 6.306
3.356 -52.384 6.292
5.298 -47.535 10.705
5.314 -42.280 14.776
1.654 -39.392 19.724
-3.724 -38.378 23.754
-8.517 -41.804 26.955
-10.828 -47.397 29.287
-10.739 -53.678 31.259
-6.759 -58.265 33.856
-69.448 -2.971 -13.333
-63.513 -3.849 -14.934
-64.307 -6.221 -9.888
-62.533 -8.690 -3.853
-59.402 -8.564 2.063
-56.246 -4.437 5.960
-54.400 1.492 8.769
-52.627 7.821 9.309
-55.274 13.858 8.538
-58.836 18.946 5.678
-64.847 21.433 4.969
-73.787 6.776 11.813
-72.961 7.605 4.919
-69.971 11.025 -0.261
-64.544 13.234 -3.393
-57.933 13.319 -4.308
-52.556 9.705 -4.832
-49.514 4.400 -4.275
-46.817 -2.104 -4.873
-45.426 -4.172 -6.256
-43.308 -2.655 -7.321
9.349 46.212 33.479
16.034 46.144 35.692
19.927 47.337 41.156
22.705 45.663 47.680
21.928 40.474 52.191
19.416 34.819 54.913
17.454 29.207 53.857
21.745 22.901 55.054
26.334 19.470 52.642
32.258 18.562 49.474
36.696 19.816 44.199
39.491 24.988 41.409
42.587 31.132 42.417
45.168 35.718 46.429
41.445 25.827 60.903
36.836 31.434 59.147
34.053 36.187 54.841
33.124 37.600 48.091
31.709 34.747 42.334
28.469 30.260 38.908
26.840 23.986 37.181
21.831 28.315 38.188
14.253 30.062 37.877
9.495 31.081 42.455
7.393 34.782 47.528
7.501 39.879 51.386
11.119 46.166 53.179
11.818 52.204 49.585
8.573 46.526 33.303
15.790 46.268 35.846
19.991 46.526 41.190
22.586 45.179 47.104
21.806 40.440 52.240
19.654 34.654 54.721
17.380 29.186 53.792
21.609 22.893 55.017
26.167 19.387 52.700
32.010 18.533 49.467
36.425 20.009 44.241
39.227 25.401 41.377
42.373 31.372 42.612
44.936 35.527 47.075
40.757 25.501 60.865
36.055 31.414 59.695
34.075 36.816 54.677
33.120 37.624 47.355
31.903 34.540 41.808
28.810 29.855 38.418
26.576 23.668 37.104
21.602 27.842 38.038
14.210 30.044 37.902
9.447 30.867 42.646
7.491 34.501 47.727
7.984 39.538 51.889
10.837 46.402 53.085
11.717 51.885 50.065
17.927 -11.047 -32.402
19.266 -11.657 -27.090
21.015 -11.489 -20.901
24.884 -10.481 -15.428
23.709 -5.321 -11.523
23.350 1.072 -10.178
20.869 7.139 -11.096
16.252 11.217 -13.244
9.588 12.165 -14.372
3.588 9.224 -16.213
-0.673 4.206 -16.269
-3.680 -0.151 -12.605
-4.976 -3.282 -7.152
-5.157 -3.828 -1.096
-13.733 22.274 -3.752
-7.613 18.806 -0.613
-3.527 15.088 -1.339
0.591 14.300 3.831
4.927 9.586 4.422
8.123 3.735 4.185
9.412 -1.020 -0.137
8.880 -5.921 -4.663
7.454 -7.245 -10.945
6.680 -5.167 -17.166
7.425 -1.180 -22.346
10.486 3.493 -25.458
16.181 7.040 -25.581
22.210 8.104 -23.595
27.833 6.141 -21.584
32.559 2.570 -21.081
35.086 -3.716 -22.944
5.319 4.962 -84.202
3.968 6.399 -78.581
2.353 6.228 -72.401
-1.353 5.148 -66.821
-0.233 0.104 -63.227
0.135 -6.542 -61.378
2.445 -12.254 -62.503
6.946 -16.458 -64.687
13.587 -17.612 -65.794
19.646 -14.528 -67.711
23.921 -9.616 -67.768
26.861 -5.143 -64.061
28.261 -2.124 -58.625
28.403 -1.512 -52.549
35.998 -28.282 -55.989
30.954 -24.235 -52.081
26.729 -20.378 -52.808
22.638 -19.650 -47.542
18.272 -14.839 -46.989
15.079 -9.161 -47.330
13.845 -4.359 -51.546
14.343 0.489 -56.119
15.647 1.823 -62.376
16.517 -0.096 -68.627
15.751 -4.113 -73.780
12.742 -8.875 -76.903
6.941 -12.329 -77.052
0.800 -13.404 -75.242
-4.620 -11.219 -72.927
-9.352 -7.784 -72.564
-12.006 -1.921 -73.909
17.122 55.309 65.600
19.293 56.030 61.405
21.101 56.285 55.428
24.926 54.040 49.493
23.944 49.603 45.919
22.903 42.954 44.007
20.792 37.197 45.161
16.244 32.900 47.293
9.662 31.874 48.587
3.638 34.825 50.450
-0.678 39.789 50.494
-3.569 44.272 46.757
-4.890 47.387 41.273
-5.110 47.914 35.272
-13.329 21.435 37.898
-7.565 25.276 34.708
-3.449 29.062 35.494
0.695 29.825 30.387
4.999 34.618 29.617
8.222 40.320 30.022
9.510 45.088 34.292
8.899 49.909 38.786
7.587 51.290 45.043
6.815 49.377 51.244
7.455 45.326 56.491
10.476 40.550 59.583
16.150 36.984 59.670
22.453 36.168 57.827
27.983 37.933 55.495
32.705 42.017 55.306
35.120 47.544 56.293
5.007 -59.738 15.954
3.947 -61.231 10.147
2.302 -61.122 3.820
-1.256 -59.459 -1.696
-0.317 -54.569 -5.803
0.213 -48.317 -7.171
2.448 -42.412 -6.342
6.961 -38.280 -4.073
13.542 -37.183 -2.872
19.643 -40.248 -1.030
23.831 -45.322 -0.973
26.766 -49.741 -4.719
28.125 -52.835 -10.173
28.331 -53.230 -16.130
36.680 -26.954 -13.377
30.806 -30.702 -16.655
26.687 -34.489 -15.886
22.604 -35.143 -21.192
18.202 -39.970 -21.765
14.986 -45.726 -21.430
13.715 -50.522 -17.190
14.268 -55.359 -12.601
15.704 -56.772 -6.339
16.406 -54.690 -0.165
15.777 -50.595 4.976
12.783 -45.922 8.201
6.980 -42.564 8.275
0.830 -41.566 6.503
-4.745 -43.399 4.305
-9.442 -46.888 3.576
-11.746 -53.036 5.894
-6.861 -2.011 4.332
-8.989 -1.440 6.270
-10.856 -3.526 5.383
30.153 -3.379 -47.124
32.268 -3.993 -45.123
34.108 -1.870 -46.041
-6.806 46.103 29.764
-8.923 45.491 27.897
-10.692 47.712 28.695
30.017 -51.502 -21.665
32.123 -51.003 -23.570
34.021 -53.047 -22.712
-10.955 65.875 53.167
-13.041 70.928 51.652
-15.073 76.645 47.120
-14.107 79.271 40.571
-14.894 76.829 34.078
-17.891 72.731 29.960
-20.742 66.443 29.364
-26.023 62.392 30.306
-32.264 61.812 31.780
-38.468 63.798 32.535
-35.980 84.684 14.786
-30.389 81.729 19.140
-30.500 78.582 24.392
-33.298 81.959 28.890
-34.756 81.643 35.938
-33.983 77.715 41.266
-32.428 72.238 44.681
-29.099 66.630 45.286
-24.889 62.071 42.647
-19.776 60.700 38.154
-14.072 62.181 34.807
-8.245 65.472 34.903
-5.982 71.554 35.629
-2.456 75.646 41.006
-29.405 10.175 56.825
-25.018 6.583 53.408
-22.979 3.074 49.395
-25.024 -2.567 44.943
-29.614 -5.155 41.536
-35.913 -4.978 38.619
-39.855 -1.543 34.793
-40.885 4.259 31.328
-38.762 10.798 30.163
-34.171 14.982 27.633
-29.440 16.054 24.086
-24.977 14.995 19.500
-42.532 -0.280 5.590
-42.175 -0.604 12.712
-37.189 1.147 16.712
-32.302 -2.960 16.782
-26.187 -3.386 19.887
-21.899 -0.865 24.227
-20.057 3.493 28.932
-21.595 8.279 33.077
-26.108 12.505 36.024
-32.341 14.167 38.097
-38.759 12.842 39.805
-41.812 8.935 44.079
-42.390 2.856 47.135
-39.816 -3.009 49.706
-35.845 -7.238 52.069
-29.836 -8.376 55.325
-25.839 16.100 14.346
-23.161 16.407 13.594
-23.642 16.877 10.785
-42.216 63.297 29.360
-44.730 62.719 28.063
-45.402 65.013 26.466
3.952 20.840 62.621
7.669 15.948 58.611
11.627 15.550 53.149
15.117 17.827 48.075
18.521 22.438 45.913
20.921 29.156 47.402
24.247 33.268 51.371
26.618 34.460 57.327
28.714 32.129 63.186
30.530 28.606 68.218
34.117 23.361 69.185
38.179 19.033 68.034
46.345 36.992 53.544
42.694 31.518 54.754
43.198 26.617 50.687
40.063 20.350 50.799
35.872 15.267 52.470
30.040 14.600 56.121
25.817 14.319 61.271
21.736 17.893 64.658
18.655 24.382 65.687
15.745 30.077 64.118
13.182 34.139 59.536
10.788 34.372 53.138
9.256 32.338 48.300
5.412 27.507 45.483
2.241 22.049 44.638
1.155 11.505 118.168
2.559 14.847 124.817
4.357 15.111 130.985
10.510 13.795 133.495
17.100 12.490 133.406
22.815 13.577 130.813
26.209 15.497 125.709
27.444 17.537 119.604
26.576 22.191 115.363
25.266 28.374 114.429
24.176 34.016 115.869
39.155 28.084 133.721
33.087 28.290 131.124
28.721 31.494 134.333
22.492 32.567 133.257
16.428 32.250 130.019
13.185 28.971 125.332
11.854 26.477 119.391
12.679 21.280 115.538
14.973 14.857 114.268
16.159 9.345 116.224
16.236 4.194 119.059
13.096 0.643 124.220
8.537 0.635 129.093
3.246 1.153 131.150
44.208 17.948 67.612
47.087 17.732 67.799
47.141 18.022 70.610
26.527 39.496 117.567
28.024 41.961 117.594
28.924 41.946 114.851
-21.468 -59.928 5.745
-25.117 -57.595 10.832
-25.874 -55.847 17.389
-23.228 -53.582 23.117
-18.389 -49.934 26.187
-12.587 -46.738 26.132
-8.248 -42.586 22.672
-6.887 -39.374 16.753
-8.575 -37.539 10.464
-12.318 -35.387 5.469
-17.359 -31.343 4.292
-22.082 -26.897 6.226
-24.688 -23.929 12.009
-23.438 -20.622 17.743
-19.684 -16.015 21.003
-14.221 -12.487 21.864
-9.102 -9.140 19.417
-5.928 -6.215 14.468
-5.082 -3.532 8.963
-7.705 0.014 3.940
-22.299 -1.781 16.251
-24.597 -2.273 10.113
-22.638 -5.930 5.532
-18.648 -9.983 1.882
-13.571 -13.785 2.654
-7.614 -16.303 5.040
-5.152 -19.047 10.483
-5.503 -21.892 16.521
-10.315 -24.030 21.133
-16.630 -25.284 23.134
-21.956 -29.180 21.774
-25.826 -32.526 17.763
-26.143 -37.663 13.183
-22.735 -42.040 9.149
-16.830 -44.794 7.393
-10.425 -46.668 8.051
-6.936 -50.563 12.031
-5.739 -54.452 17.358
-8.673 -58.934 21.174
-13.592 -62.363 24.130
36.853 7.577 -5.455
32.390 11.709 -3.534
25.919 14.331 -3.707
20.046 12.450 -1.213
16.484 8.090 2.568
12.553 13.302 -0.374
9.824 18.283 3.356
6.790 20.549 8.955
4.365 21.812 15.174
7.077 22.370 21.492
12.331 22.538 25.803
18.457 24.813 26.314
23.713 28.008 24.313
27.792 31.351 20.017
27.709 36.670 15.833
9.730 37.986 16.967
12.733 36.337 11.139
17.033 32.326 8.371
21.021 26.781 8.843
24.587 22.232 12.412
23.715 17.720 17.201
20.085 13.652 21.161
14.643 10.233 21.164
8.452 8.575 18.761
30.010 -1.589 7.944
26.472 -4.317 3.452
22.833 -3.880 -2.131
20.624 -0.738 -7.444
21.019 4.349 -12.204
5.278 5.332 14.798
4.035 2.843 13.765
4.249 1.446 16.084
