18.958 -46.366 14.722
16.745 -44.521 8.376
12.051 -40.951 4.480
12.726 -34.252 2.685
15.945 -27.973 3.759
19.100 -23.590 8.412
24.948 -32.381 18.970
19.385 -28.839 19.669
12.266 -29.608 18.688
7.436 -32.185 16.194
3.280 -36.748 13.089
22.476 -46.466 13.028
18.825 -44.613 7.709
14.323 -40.987 4.043
14.915 -34.501 2.339
17.535 -27.812 3.625
20.303 -23.401 8.166
25.603 -21.461 12.007
31.670 -35.827 13.246
27.706 -32.123 17.253
21.881 -30.231 18.589
15.680 -30.196 18.555
9.429 -32.405 16.155
5.821 -38.000 12.389
-15.576 -9.782 37.821
-12.487 -11.459 32.407
-10.458 -10.645 25.802
-8.446 -6.511 21.155
-3.508 -2.929 20.397
-4.101 -8.347 16.959
-0.214 -11.633 12.593
5.554 -13.066 10.200
12.327 -14.010 9.155
17.742 -14.898 13.343
20.683 -15.538 19.423
19.456 -18.775 25.322
15.205 -21.000 30.022
10.761 -25.633 31.688
8.943 -31.717 29.805
16.317 -31.255 13.798
10.000 -29.883 14.350
4.378 -27.764 17.480
2.843 -22.974 22.311
4.509 -18.815 27.165
8.916 -13.954 28.655
13.098 -8.924 27.168
14.142 -4.275 23.015
13.621 -1.243 17.141
8.430 1.041 13.312
-3.253 2.645 38.098
-7.025 6.445 34.325
-11.417 7.027 29.549
-15.682 4.388 25.195
-19.635 -0.751 23.485
11.721 6.911 12.037
