18.958 -46.366 14.722
16.745 -44.521 8.376
12.051 -40.951 4.480
12.726 -34.252 2.685
15.945 -27.973 3.759
19.100 -23.590 8.412
24.948 -32.381 18.970
19.385 -28.839 19.669
12.266 -29.608 18.688
7.436 -32.185 16.194
3.280 -36.748 13.089
22.476 -46.466 13.028
18.825 -44.613 7.709
14.323 -40.987 4.043
14.915 -34.501 2.339
17.535 -27.812 3.625
20.303 -23.401 8.166
25.603 -21.461 12.007
31.670 -35.827 13.246
27.706 -32.123 17.253
21.881 -30.231 18.589
15.680 -30.196 18.555
9.429 -32.405 16.155
5.821 -38.000 12.389
-15.576 -9.782 37.821
-12.487 -11.459 32.407
-10.458 -10.645 25.802
-8.446 -6.511 21.155
-3.508 -2.929 20.397
-4.101 -8.347 16.959
-0.214 -11.633 12.593
5.554 -13.066 10.200
12.327 -14.010 9.155
17.742 -14.898 13.343
20.683 -15.538 19.423
19.456 -18.775 25.322
15.205 -21.000 30.022
10.761 -25.633 31.688
8.943 -31.717 29.805
16.317 -31.255 13.798
10.000 -29.883 14.350
4.378 -27.764 17.480
2.843 -22.974 22.311
4.509 -18.815 27.165
8.916 -13.954 28.655
13.098 -8.924 27.168
14.142 -4.275 23.015
13.621 -1.243 17.141
8.430 1.041 13.312
-3.253 2.645 38.098
-7.025 6.445 34.325
-11.417 7.027 29.549
-15.682 4.388 25.195
-19.635 -0.751 23.485
11.721 6.911 12.037
40.366 9.450 -5.047
34.323 11.257 -3.166
27.290 10.474 -2.803
21.920 6.491 -2.081
20.080 3.337 2.681
17.964 9.688 0.902
12.929 13.402 3.779
8.723 14.307 8.179
5.496 14.276 14.308
7.784 15.009 20.663
12.729 15.420 25.453
18.805 18.460 26.105
24.664 20.794 23.456
27.615 25.626 19.800
26.510 31.480 17.073
9.447 32.052 19.686
11.461 30.754 13.743
15.710 27.977 9.755
20.723 23.184 9.449
25.207 19.052 12.457
25.219 13.972 16.729
22.444 8.868 20.178
18.128 4.206 19.886
12.904 1.082 17.209
10.558 -0.802 10.810
37.100 -2.865 7.215
34.414 -6.630 2.639
30.969 -7.347 -2.781
27.770 -4.560 -8.034
27.308 0.408 -12.316
18.488 -0.083 20.522
36.686 -0.018 -5.502
32.076 4.197 -3.629
25.646 6.509 -3.987
19.745 4.823 -1.503
16.328 0.633 2.634
12.702 6.017 0.085
9.734 10.924 3.370
6.643 13.315 9.088
4.443 14.384 15.324
7.110 15.009 21.714
12.446 15.136 25.867
18.541 17.125 26.298
23.794 20.532 24.265
27.710 23.393 19.639
27.699 29.112 16.162
9.800 30.358 17.409
12.605 28.764 11.534
16.642 24.606 8.437
20.856 19.631 9.003
24.329 14.847 12.400
23.488 10.337 17.312
19.987 6.368 21.105
14.470 2.979 21.112
8.610 1.234 18.951
5.255 -1.427 15.236
29.831 -9.099 7.788
26.367 -11.696 3.219
22.779 -11.385 -2.282
20.855 -8.479 -7.762
20.580 -3.418 -12.339
3.804 -5.036 14.226
41.102 9.068 -4.880
35.449 11.344 -2.996
28.312 11.106 -2.734
23.109 7.200 -2.209
21.017 4.253 2.475
17.042 10.066 0.393
11.860 12.863 3.323
7.949 14.037 8.411
4.886 14.040 14.542
7.262 14.788 20.944
12.323 15.235 25.548
18.063 18.646 26.076
24.065 21.017 23.601
26.880 25.629 19.864
26.123 31.410 16.874
8.602 31.830 20.186
10.565 30.740 14.225
15.110 28.093 9.714
20.143 23.649 9.498
24.493 19.316 12.494
24.686 14.068 16.773
22.071 8.977 20.243
17.767 4.380 19.906
12.484 1.120 18.090
10.701 -1.824 12.464
37.229 -2.783 7.573
34.617 -6.390 2.874
31.288 -6.992 -2.820
28.355 -4.251 -8.074
27.737 0.876 -12.333
41.240 9.722 -5.110
35.396 11.622 -2.918
28.392 11.199 -2.510
23.137 7.138 -2.052
21.638 2.860 2.693
17.899 8.577 0.771
12.562 11.503 3.089
8.740 13.712 8.115
5.431 13.942 14.142
7.634 14.665 20.629
12.462 15.371 25.398
18.189 18.737 26.094
24.207 20.767 23.501
27.191 25.563 19.803
26.477 31.447 16.465
8.823 32.239 19.973
11.220 31.364 13.860
15.322 27.972 9.741
20.685 23.649 9.473
24.810 19.461 12.555
25.129 14.264 16.861
22.558 9.046 20.298
18.236 4.442 19.848
12.691 1.170 18.043
37.478 -2.761 7.398
34.807 -6.418 2.803
31.454 -6.840 -2.810
28.333 -3.971 -7.982
27.634 1.008 -12.249
9.441 -3.077 11.429
8.714 -5.796 11.197
9.045 -7.027 13.649
36.536 -0.110 -5.385
32.053 4.283 -3.485
25.614 6.921 -3.773
19.871 5.110 -0.901
16.351 0.674 2.789
12.693 6.029 -0.113
9.782 10.975 3.336
6.642 13.392 9.000
4.396 14.392 15.267
7.069 14.976 21.743
12.329 15.011 26.132
18.627 16.959 26.458
24.111 20.150 24.307
28.186 23.067 19.888
27.987 28.903 16.491
9.790 29.762 17.648
12.764 28.627 11.728
17.306 25.109 8.380
21.016 19.329 8.868
24.335 14.639 12.665
23.550 10.182 17.609
19.735 6.163 21.345
14.036 2.703 21.184
8.277 1.433 18.477
30.167 -8.831 7.990
26.659 -11.639 3.460
23.160 -11.237 -2.094
21.330 -8.318 -7.557
20.331 -3.553 -12.437
5.033 -2.051 15.082
4.032 -4.650 14.044
4.205 -6.290 16.348
-15.904 -9.362 37.328
-12.927 -11.107 31.806
-11.086 -10.502 24.939
-9.512 -6.599 19.816
-5.030 -3.116 18.539
-5.677 -9.780 16.182
-0.799 -12.919 12.381
4.641 -13.678 9.795
11.617 -13.973 8.935
16.968 -15.012 13.283
20.039 -15.625 19.554
18.620 -18.802 25.350
14.338 -21.621 29.957
9.573 -26.316 31.156
7.879 -32.396 28.844
15.960 -31.197 13.038
9.826 -29.609 13.413
3.847 -27.856 16.518
2.262 -23.500 21.861
3.675 -19.272 26.949
7.730 -14.180 28.571
11.904 -9.134 27.105
13.082 -4.547 23.049
12.713 -1.174 17.172
-4.673 2.639 36.652
-8.572 6.572 32.947
-12.678 7.341 27.847
-17.302 4.552 23.946
-21.378 -0.984 22.795
9.037 2.606 13.002
8.432 5.243 12.278
10.456 6.430 13.545
-15.873 -9.250 36.890
-12.938 -10.999 31.285
-10.850 -10.163 24.524
-9.202 -6.244 19.309
-4.668 -3.075 18.512
-5.586 -9.713 16.099
-1.143 -13.139 12.283
5.035 -13.892 9.725
11.714 -13.979 8.903
17.165 -14.893 13.165
19.949 -15.640 19.350
18.399 -18.693 25.139
14.021 -21.144 29.743
9.631 -26.031 30.977
7.759 -32.074 28.629
15.607 -30.894 12.962
9.444 -29.396 13.320
3.551 -27.526 16.490
2.056 -22.993 21.594
3.594 -18.650 26.500
7.881 -13.767 28.291
12.143 -8.969 26.723
13.338 -4.250 22.383
12.380 -1.603 16.593
-4.121 2.445 36.238
-8.226 6.523 32.873
-12.434 7.426 27.808
-16.786 4.611 23.433
-20.827 -0.820 22.611
9.707 2.442 13.021
8.959 5.009 12.234
10.967 6.362 13.518
49.906 -3.592 37.634
46.221 0.257 33.665
41.767 0.633 28.729
37.771 -2.321 24.374
33.875 -7.501 22.604
69.801 -38.796 14.790
63.435 -37.972 15.371
58.347 -34.619 18.375
56.651 -30.219 23.169
58.277 -25.616 28.062
62.247 -20.321 28.806
66.511 -15.473 27.110
67.429 -11.034 22.668
66.317 -8.087 16.782
61.698 -6.009 12.440
36.792 -15.026 38.237
40.424 -17.439 33.632
42.583 -17.442 26.766
44.314 -13.683 21.438
44.381 -13.569 21.503
47.492 -9.096 19.622
48.272 -9.278 20.130
48.880 -15.280 17.514
48.988 -15.892 17.706
52.550 -19.666 13.360
58.378 -20.827 10.616
65.064 -21.212 9.262
70.682 -21.994 13.338
73.941 -22.329 19.220
73.277 -25.026 25.341
69.919 -28.571 30.254
64.949 -32.129 32.551
62.434 -38.062 31.246
16.493 -0.950 67.306
19.689 -3.413 72.302
22.933 -2.886 77.979
24.209 1.294 83.216
23.290 6.839 87.025
36.631 36.178 61.572
33.235 33.821 66.608
27.828 30.079 68.435
23.812 24.887 66.434
21.684 20.503 61.894
23.078 16.518 56.764
27.578 12.957 53.640
33.266 9.992 54.090
38.760 8.489 56.821
42.322 6.611 60.498
9.737 10.594 75.451
13.994 14.649 76.506
20.906 15.034 76.168
27.106 12.560 77.057
30.099 7.355 75.264
33.378 13.373 75.169
36.410 18.487 71.690
39.594 20.799 66.197
42.185 21.802 59.987
39.769 22.295 53.627
34.694 23.517 49.608
28.634 26.112 49.102
22.724 28.383 51.450
18.622 31.013 55.920
18.411 35.735 60.520
43.586 2.844 62.074
43.511 1.170 59.711
30.166 -2.284 8.289
26.675 -4.817 3.568
23.295 -4.499 -2.041
21.500 -1.746 -7.532
20.812 2.902 -12.433
9.807 35.969 17.522
12.388 34.324 12.063
17.270 31.296 8.715
21.548 25.925 9.334
24.479 21.290 12.817
23.194 16.675 17.405
19.607 12.945 21.551
14.037 9.733 21.555
8.450 7.973 19.452
4.903 5.830 15.632
36.860 6.652 -5.662
32.096 9.946 -4.431
26.086 13.379 -3.852
20.229 11.218 -2.409
16.535 7.103 0.671
12.629 12.795 0.352
9.720 17.723 3.968
6.745 20.257 9.441
4.364 21.372 15.649
7.106 22.042 22.078
12.317 22.067 26.275
18.521 24.195 26.850
24.099 27.070 24.623
27.985 30.273 20.228
27.768 35.950 16.757
3.926 0.476 16.565
3.941 2.204 14.309
4.686 -2.215 40.946
8.361 1.520 44.803
12.919 1.878 49.641
16.953 -0.884 53.836
20.874 -5.823 56.289
-14.762 -37.406 64.038
-8.494 -36.177 63.401
-3.293 -33.439 60.286
-1.690 -28.617 55.399
-3.395 -24.177 50.830
-7.549 -19.057 49.686
-11.730 -14.203 51.580
-12.459 -9.791 55.894
-12.423 -9.792 56.069
-11.379 -6.606 61.799
-11.824 -5.503 59.361
-7.053 -5.180 66.222
-7.330 -1.416 60.628
18.295 -13.936 40.241
14.227 -16.284 44.818
11.871 -16.105 51.601
10.439 -12.371 56.813
7.111 -7.524 58.275
6.137 -13.733 61.279
2.393 -17.488 65.126
-3.257 -19.402 67.938
-9.945 -19.936 69.478
-15.647 -20.508 65.483
-19.115 -20.905 59.590
-18.491 -23.689 53.521
-14.741 -26.353 48.506
-9.965 -30.387 46.157
-7.627 -36.259 46.975
29.555 -1.289 9.545
26.327 -3.806 4.582
23.144 -3.210 -1.079
21.753 0.918 -6.426
23.000 6.341 -10.246
9.612 36.086 14.867
12.970 33.586 10.082
18.129 29.728 8.318
22.226 24.919 10.322
24.222 20.287 14.668
22.906 16.408 20.171
18.341 12.732 23.184
12.568 9.819 22.716
6.995 8.311 19.941
3.495 6.466 16.186
36.422 10.454 1.285
32.057 14.450 0.496
24.919 14.765 0.471
18.687 12.271 0.030
15.570 7.066 1.542
12.248 13.195 1.441
9.512 18.260 4.889
6.189 20.589 10.442
3.640 21.546 16.657
6.143 22.032 23.079
11.240 23.307 26.983
17.014 25.996 27.714
23.160 28.105 25.292
27.213 30.961 20.990
27.739 35.453 16.368
2.222 2.575 14.568
2.187 1.046 16.969
40.063 2.891 -4.517
34.944 5.800 -1.677
28.283 7.657 -1.421
22.076 5.309 -0.844
19.011 1.218 3.590
17.209 7.766 2.070
14.372 12.549 5.451
9.797 15.193 9.976
6.368 15.340 15.857
8.273 14.550 22.433
12.710 13.394 27.471
18.507 16.047 29.253
23.802 20.118 27.945
27.970 23.885 24.141
27.442 28.768 20.447
9.827 28.960 24.175
10.043 29.340 18.537
13.643 27.240 13.969
19.486 25.092 11.028
23.758 20.104 12.351
25.354 14.326 14.696
25.229 9.187 19.489
20.677 5.058 21.745
15.027 1.829 20.840
9.693 0.423 18.279
32.522 -8.703 8.149
29.506 -11.104 3.038
26.403 -10.420 -2.745
24.018 -6.779 -7.667
24.013 -1.323 -11.728
9.162 9.376 -7.604
3.224 12.001 -7.266
-3.690 11.406 -7.115
-8.786 7.156 -5.908
-10.598 2.960 -1.361
-13.394 9.013 -2.559
-17.346 12.888 0.432
-22.168 14.761 4.976
-25.442 14.166 10.923
-23.217 14.600 17.405
-18.774 15.034 22.438
-13.586 18.257 24.366
-7.478 20.457 24.891
-1.885 23.565 22.152
-0.582 29.649 19.495
-17.051 32.137 26.415
-18.166 34.062 21.896
-16.362 32.828 15.812
-12.733 30.057 11.315
-10.233 24.693 9.199
-6.153 19.143 10.208
-5.476 13.439 13.931
-8.793 8.562 16.696
-13.231 3.900 16.180
-18.368 1.065 14.050
5.791 -2.361 3.124
3.328 -5.954 -1.768
-0.155 -6.483 -7.346
-3.554 -3.744 -12.510
-3.599 1.338 -16.991
54.881 12.517 105.528
48.987 14.453 106.633
42.433 15.081 105.635
36.651 12.156 105.470
33.913 7.527 109.547
30.438 13.089 106.854
27.238 18.169 109.994
23.923 20.910 115.312
21.418 21.764 121.585
23.854 22.595 127.876
29.382 23.248 131.587
35.853 24.288 132.493
41.957 26.134 130.639
45.929 30.117 127.118
47.075 35.096 122.695
28.501 37.467 122.445
32.077 35.880 116.409
36.577 30.999 113.972
40.865 26.017 114.832
41.872 20.600 118.573
40.381 16.147 123.370
36.605 13.137 127.712
30.871 9.625 127.901
25.296 8.226 125.305
47.813 -1.283 114.776
44.470 -4.047 109.854
41.166 -3.491 104.164
39.440 0.318 98.631
41.241 5.592 94.929
41.156 5.598 94.934
21.812 4.576 121.414
21.095 1.997 120.452
21.194 0.390 122.794
97.263 -2.943 113.866
93.913 -5.815 109.286
90.469 -5.671 103.771
88.537 -2.939 98.305
87.606 1.638 93.339
77.673 35.957 122.755
80.481 34.961 116.699
84.729 30.246 114.376
89.216 25.336 115.000
91.086 20.013 118.029
89.781 14.863 122.073
86.601 11.821 127.037
80.896 8.236 126.977
75.421 6.755 125.040
72.071 4.436 121.186
103.358 6.441 100.565
99.167 10.527 102.579
91.800 12.477 102.308
86.148 10.139 104.261
83.440 6.022 108.784
79.915 11.487 106.160
77.086 16.468 109.594
74.080 19.188 114.935
71.303 20.154 121.058
73.682 20.887 127.473
79.041 20.940 131.469
85.424 22.312 132.727
90.992 25.232 130.516
94.208 29.451 126.808
95.435 34.346 122.442
70.884 0.761 119.878
70.970 -0.989 122.115
