-5.349 10.853 -34.923
-2.423 8.081 -29.586
-2.921 4.778 -23.849
-5.353 1.982 -18.641
-0.287 6.870 -18.667
-2.133 12.651 -21.852
-7.059 12.600 -17.927
-11.642 8.024 -15.868
-17.232 4.161 -16.354
-22.435 1.480 -18.633
-25.177 -3.275 -15.367
-16.862 -12.203 -20.771
-23.233 -11.709 -18.667
-27.892 -10.209 -14.330
-30.776 -8.312 -9.237
-31.264 -14.823 -11.461
-26.252 -17.703 -13.358
-24.936 -17.545 -6.812
-25.409 -13.021 -2.434
-23.269 -7.715 0.960
-19.651 -2.112 2.345
-14.399 -11.432 2.441
-10.865 -5.868 0.180
-9.471 -1.096 -4.099
-3.925 -7.016 -4.947
-4.893 -7.512 -11.087
-8.483 -5.187 -16.514
-14.181 -3.866 -20.190
-20.318 -3.774 -21.698
-21.752 0.027 -26.252
-5.804 10.749 -35.347
-3.047 7.855 -30.015
-3.234 4.547 -24.225
-5.500 1.941 -18.911
-0.587 6.931 -18.923
-2.428 12.568 -21.967
-7.296 12.683 -18.171
-12.017 7.768 -16.290
-17.749 4.200 -16.635
-22.981 1.306 -18.914
-25.816 -3.400 -15.916
-17.010 -12.172 -20.959
-23.488 -11.684 -18.909
-28.414 -10.569 -14.748
-31.398 -8.703 -9.837
-32.569 -15.414 -11.895
-26.855 -17.668 -13.553
-25.838 -18.073 -7.408
-26.274 -12.642 -3.042
-24.030 -7.822 0.905
-21.448 -2.104 2.108
-18.830 -4.185 6.229
-18.855 -3.824 6.622
-15.159 -11.109 1.909
-11.474 -5.852 -0.120
-9.842 -0.953 -4.196
-9.251 2.496 -9.449
-6.586 -2.973 -9.568
-6.537 -7.721 -4.663
-5.321 -7.676 -11.314
-9.274 -4.581 -16.157
-14.545 -3.680 -20.140
-20.728 -3.886 -22.018
-22.495 -0.298 -26.743
21.371 22.575 13.636
15.072 23.499 15.502
8.765 22.999 13.875
3.542 22.687 8.904
3.224 19.224 3.232
4.824 13.824 -0.750
8.242 8.057 -2.403
9.994 2.356 0.216
11.264 -2.313 4.710
11.290 -4.814 11.266
6.111 -7.868 14.166
-5.557 0.415 2.628
-5.410 2.075 8.946
-1.411 4.359 13.901
4.630 4.679 17.351
10.312 7.210 15.875
15.640 7.865 12.006
18.410 9.856 5.928
17.652 14.203 0.716
15.094 19.700 -1.476
10.416 24.854 -2.332
9.854 30.415 1.478
-16.099 -24.975 14.626
-9.721 -25.152 16.760
-3.447 -24.218 15.651
1.910 -22.723 11.701
2.515 -19.348 6.071
1.064 -14.446 1.608
-3.192 -9.786 -1.185
-6.112 -4.331 0.793
-7.770 0.656 4.369
-8.456 3.934 10.528
-4.254 6.928 14.573
9.239 -0.510 4.926
8.356 -2.381 11.305
3.862 -4.233 15.474
-2.355 -4.890 18.448
-7.548 -7.940 16.448
-12.337 -9.148 11.798
-13.877 -12.257 5.814
-11.663 -16.752 1.159
-8.194 -21.838 -0.457
-3.408 -26.670 -0.072
-2.777 -31.913 4.090
9.449 -0.735 4.988
8.546 -2.467 11.422
3.988 -4.385 15.761
-2.264 -5.030 18.356
-7.593 -7.965 16.250
-12.264 -9.277 11.704
-13.802 -12.385 5.705
-11.247 -16.799 1.052
-7.729 -21.854 -0.630
-3.356 -26.778 -0.094
-2.477 -32.088 4.073
-15.088 -24.946 14.789
-9.048 -25.293 17.033
-2.985 -24.032 15.602
2.307 -22.790 11.315
3.036 -19.019 5.939
1.368 -14.272 1.777
-2.896 -9.616 -1.094
-6.097 -4.182 0.843
-7.498 0.889 4.455
-8.408 4.041 10.563
-3.947 6.815 14.692
6.044 0.439 11.589
2.891 -4.355 7.485
3.920 -3.482 0.033
36.784 -38.414 -16.125
31.690 -42.022 -11.761
-9.986 -15.329 1.103
15.751 -20.763 -2.633
101.565 108.875 91.929
96.124 112.297 93.271
91.964 116.841 91.546
90.788 122.174 88.093
91.966 126.563 83.031
94.217 126.691 76.915
97.100 124.492 70.823
97.541 118.951 67.428
95.930 112.649 65.938
90.860 109.057 64.213
85.291 107.759 62.775
78.016 109.324 62.004
74.093 114.097 60.267
73.119 119.461 56.902
74.968 123.658 51.632
79.966 126.874 48.281
85.326 125.934 45.031
90.171 121.543 42.836
90.643 114.569 41.337
88.120 110.779 36.623
83.832 109.381 31.854
79.655 111.160 26.513
78.726 115.595 21.785
80.164 120.236 17.742
85.263 124.109 15.840
90.818 126.230 15.915
98.000 125.155 17.467
102.162 120.264 18.876
103.604 113.846 16.775
103.481 109.199 12.062
103.196 107.267 5.861
106.516 108.748 0.279
110.777 112.801 -3.219
114.151 117.852 -4.675
119.046 121.969 -2.397
123.284 124.679 2.202
125.701 123.689 8.025
126.249 120.062 13.843
128.965 114.110 15.226
131.459 108.269 13.876
136.977 105.968 11.469
142.846 106.300 8.612
148.400 110.223 7.041
151.936 115.695 8.126
153.369 121.481 10.839
153.752 124.294 16.469
149.842 126.019 21.920
149.122 122.915 27.704
149.587 117.607 31.826
153.277 112.539 33.872
158.909 110.466 35.658
165.662 110.561 36.987
170.341 113.566 38.861
173.893 118.297 41.368
173.836 125.078 43.510
171.234 130.225 46.114
165.883 132.595 49.834
159.234 132.041 50.473
154.884 127.305 53.068
153.957 121.294 56.570
155.947 117.992 61.564
158.319 117.922 67.937
160.445 120.699 73.172
160.454 125.463 77.372
158.763 131.606 79.456
154.313 136.114 79.359
149.617 139.532 76.415
143.582 138.852 73.005
138.692 134.564 72.005
135.713 128.582 73.377
132.317 126.247 78.365
130.113 125.802 84.868
128.318 128.936 90.097
126.398 134.358 93.231
123.318 140.269 93.236
121.265 145.741 89.785
117.411 148.024 85.320
114.821 147.363 79.582
113.504 143.082 74.387
109.193 137.922 73.632
105.118 133.027 75.826
99.205 132.315 79.354
93.550 135.057 81.272
89.077 139.977 82.065
87.142 145.991 79.988
87.704 150.666 74.925
89.980 152.327 68.923
92.092 150.620 62.886
92.501 146.447 57.907
92.189 139.932 56.024
87.412 135.981 54.147
81.659 134.481 52.257
76.337 136.232 49.098
74.253 141.047 44.604
73.301 146.898 41.560
75.911 151.729 38.207
80.427 153.686 34.380
86.578 153.839 31.870
93.202 151.747 32.534
95.929 146.216 30.634
95.402 139.498 29.741
93.740 136.045 24.224
91.525 135.469 18.282
89.529 137.267 12.241
90.339 141.319 6.782
94.064 146.289 3.839
99.754 149.014 3.302
105.401 151.299 5.321
110.441 150.540 9.929
114.530 145.894 11.596
117.090 139.699 10.868
117.468 133.806 7.404
120.185 131.955 1.701
123.295 133.056 -3.669
128.201 136.848 -7.231
132.372 142.003 -7.544
134.840 147.174 -4.390
138.299 149.607 0.733
138.008 150.061 7.604
137.346 146.437 13.267
140.038 140.682 15.900
144.117 135.742 15.987
150.404 132.782 14.112
156.358 134.678 12.621
161.402 139.122 13.341
164.043 144.719 15.487
163.764 150.202 19.036
161.870 153.605 23.936
157.650 153.923 29.428
154.150 150.329 34.316
155.916 145.035 38.217
159.732 140.215 40.694
165.531 140.096 43.670
170.104 142.152 46.540
174.594 146.269 49.691
174.116 152.086 52.731
170.190 157.012 54.750
164.111 159.802 56.274
157.917 158.788 58.421
153.331 155.166 61.520
152.420 150.274 65.680
154.182 145.108 70.055
157.412 143.853 75.256
162.137 145.316 80.119
165.583 149.130 84.003
165.131 154.664 87.398
162.721 161.041 88.127
160.050 161.851 73.273
165.700 159.450 73.894
169.557 153.944 72.870
168.721 147.794 70.139
165.702 142.934 66.551
161.652 142.164 61.351
156.915 143.584 57.120
155.110 148.679 53.247
156.587 154.133 49.942
160.817 157.536 46.495
165.871 159.500 43.510
170.370 157.176 39.118
173.019 151.498 36.079
172.910 145.724 33.812
168.962 140.859 31.046
163.528 137.779 30.060
157.070 137.813 29.078
151.727 142.280 28.404
150.703 148.669 26.255
150.392 151.436 20.167
152.396 152.330 14.256
154.672 149.487 8.287
153.946 145.002 3.852
151.036 139.064 1.772
145.877 135.270 2.858
140.401 132.954 5.141
135.094 134.610 8.923
131.871 139.731 11.395
130.017 145.314 8.751
127.676 150.153 4.068
125.334 151.167 -2.607
120.437 148.667 -6.020
115.745 144.338 -6.599
111.664 138.964 -5.809
108.064 135.787 -1.599
105.924 133.662 4.632
105.995 135.661 11.093
107.549 140.253 16.034
105.275 146.255 17.261
101.758 151.648 16.218
95.881 153.598 15.001
89.087 152.730 14.671
84.045 148.826 16.329
81.092 144.289 19.838
81.246 139.213 24.262
83.181 137.312 30.057
88.671 136.722 34.009
91.828 140.595 38.245
92.896 146.587 41.167
90.388 151.877 43.787
85.747 154.296 47.634
80.655 154.419 51.262
76.966 152.061 55.831
74.564 147.261 59.936
75.279 141.396 63.074
79.527 136.860 65.287
85.244 134.951 66.287
91.828 135.117 64.484
96.593 139.925 64.086
98.492 146.205 65.958
99.004 150.264 71.139
99.396 151.572 77.402
99.376 149.758 83.722
100.411 145.515 88.403
103.597 140.104 90.350
107.888 135.129 89.191
111.160 131.185 84.816
115.089 131.278 79.495
119.188 135.404 75.876
122.546 141.181 74.993
127.486 144.046 78.221
131.683 145.171 83.090
135.471 142.775 87.710
138.391 137.958 90.563
141.274 131.971 90.152
142.936 126.303 87.077
144.359 123.001 81.479
144.359 122.960 75.029
143.448 126.345 69.378
146.911 131.369 66.329
151.541 136.531 66.054
158.089 137.546 66.800
164.126 134.783 66.599
168.663 130.001 66.549
169.923 123.504 64.340
167.478 118.062 61.257
163.140 115.529 56.724
158.975 116.147 51.733
156.222 119.586 46.839
155.460 125.693 44.073
158.993 129.288 39.680
163.604 130.070 35.627
167.776 127.544 30.899
168.739 122.833 27.480
168.390 117.032 24.103
164.327 111.638 23.563
158.439 108.938 22.775
152.109 108.528 22.350
145.903 110.847 24.941
142.680 116.125 23.337
142.201 122.669 20.964
141.919 124.549 15.252
141.737 124.207 8.568
141.243 121.326 2.710
138.366 116.824 -0.606
134.327 110.837 -1.022
129.142 107.610 1.030
123.964 106.628 5.319
121.403 109.000 11.023
118.591 114.320 13.458
115.214 120.092 12.801
113.190 125.446 9.057
109.062 126.384 4.196
104.029 124.883 0.934
98.689 121.654 0.342
94.192 116.184 2.196
92.503 111.702 6.910
91.895 109.771 13.120
94.710 110.038 19.549
98.102 114.455 23.792
95.928 120.255 26.631
92.111 125.344 27.518
85.948 128.524 27.834
79.476 126.589 29.163
75.387 122.486 31.915
73.881 117.322 35.898
75.239 113.017 39.849
79.441 109.841 44.749
85.495 110.190 48.113
90.455 114.645 50.246
90.394 120.378 53.389
87.485 125.925 56.425
83.840 126.480 61.877
80.693 124.639 66.759
78.977 120.098 71.739
79.883 114.202 74.528
85.584 110.118 76.324
91.539 107.271 75.724
97.596 109.562 75.377
102.586 113.922 75.518
105.069 119.369 78.703
104.584 125.247 82.060
101.797 127.557 87.801
98.635 126.292 93.368
96.089 121.929 98.154
98.023 116.909 101.537
102.076 111.629 102.999
