-5.349 10.853 -34.923
-2.423 8.081 -29.586
-2.921 4.778 -23.849
-5.353 1.982 -18.641
-0.287 6.870 -18.667
-2.133 12.651 -21.852
-7.059 12.600 -17.927
-11.642 8.024 -15.868
-17.232 4.161 -16.354
-22.435 1.480 -18.633
-25.177 -3.275 -15.367
-16.862 -12.203 -20.771
-23.233 -11.709 -18.667
-27.892 -10.209 -14.330
-30.776 -8.312 -9.237
-31.264 -14.823 -11.461
-26.252 -17.703 -13.358
-24.936 -17.545 -6.812
-25.409 -13.021 -2.434
-23.269 -7.715 0.960
-19.651 -2.112 2.345
-14.399 -11.432 2.441
-10.865 -5.868 0.180
-9.471 -1.096 -4.099
-3.925 -7.016 -4.947
-4.893 -7.512 -11.087
-8.483 -5.187 -16.514
-14.181 -3.866 -20.190
-20.318 -3.774 -21.698
-21.752 0.027 -26.252
-5.804 10.749 -35.347
-3.047 7.855 -30.015
-3.234 4.547 -24.225
-5.500 1.941 -18.911
-0.587 6.931 -18.923
-2.428 12.568 -21.967
-7.296 12.683 -18.171
-12.017 7.768 -16.290
-17.749 4.200 -16.635
-22.981 1.306 -18.914
-25.816 -3.400 -15.916
-17.010 -12.172 -20.959
-23.488 -11.684 -18.909
-28.414 -10.569 -14.748
-31.398 -8.703 -9.837
-32.569 -15.414 -11.895
-26.855 -17.668 -13.553
-25.838 -18.073 -7.408
-26.274 -12.642 -3.042
-24.030 -7.822 0.905
-21.448 -2.104 2.108
-18.830 -4.185 6.229
-18.855 -3.824 6.622
-15.159 -11.109 1.909
-11.474 -5.852 -0.120
-9.842 -0.953 -4.196
-9.251 2.496 -9.449
-6.586 -2.973 -9.568
-6.537 -7.721 -4.663
-5.321 -7.676 -11.314
-9.274 -4.581 -16.157
-14.545 -3.680 -20.140
-20.728 -3.886 -22.018
-22.495 -0.298 -26.743
21.371 22.575 13.636
15.072 23.499 15.502
8.765 22.999 13.875
3.542 22.687 8.904
3.224 19.224 3.232
4.824 13.824 -0.750
8.242 8.057 -2.403
9.994 2.356 0.216
11.264 -2.313 4.710
11.290 -4.814 11.266
6.111 -7.868 14.166
-5.557 0.415 2.628
-5.410 2.075 8.946
-1.411 4.359 13.901
4.630 4.679 17.351
10.312 7.210 15.875
15.640 7.865 12.006
18.410 9.856 5.928
17.652 14.203 0.716
15.094 19.700 -1.476
10.416 24.854 -2.332
9.854 30.415 1.478
-16.099 -24.975 14.626
-9.721 -25.152 16.760
-3.447 -24.218 15.651
1.910 -22.723 11.701
2.515 -19.348 6.071
1.064 -14.446 1.608
-3.192 -9.786 -1.185
-6.112 -4.331 0.793
-7.770 0.656 4.369
-8.456 3.934 10.528
-4.254 6.928 14.573
9.239 -0.510 4.926
8.356 -2.381 11.305
3.862 -4.233 15.474
-2.355 -4.890 18.448
-7.548 -7.940 16.448
-12.337 -9.148 11.798
-13.877 -12.257 5.814
-11.663 -16.752 1.159
-8.194 -21.838 -0.457
-3.408 -26.670 -0.072
-2.777 -31.913 4.090
9.449 -0.735 4.988
8.546 -2.467 11.422
3.988 -4.385 15.761
-2.264 -5.030 18.356
-7.593 -7.965 16.250
-12.264 -9.277 11.704
-13.802 -12.385 5.705
-11.247 -16.799 1.052
-7.729 -21.854 -0.630
-3.356 -26.778 -0.094
-2.477 -32.088 4.073
-15.088 -24.946 14.789
-9.048 -25.293 17.033
-2.985 -24.032 15.602
2.307 -22.790 11.315
3.036 -19.019 5.939
1.368 -14.272 1.777
-2.896 -9.616 -1.094
-6.097 -4.182 0.843
-7.498 0.889 4.455
-8.408 4.041 10.563
-3.947 6.815 14.692
6.044 0.439 11.589
2.891 -4.355 7.485
3.920 -3.482 0.033
36.784 -38.414 -16.125
31.690 -42.022 -11.761
-9.986 -15.329 1.103
15.751 -20.763 -2.633
101.565 108.875 91.929
96.124 112.297 93.271
91.964 116.841 91.546
90.788 122.174 88.093
91.966 126.563 83.031
94.217 126.691 76.915
97.100 124.492 70.823
97.541 118.951 67.428
95.930 112.649 65.938
90.860 109.057 64.213
85.291 107.759 62.775
78.016 109.324 62.004
74.093 114.097 60.267
73.119 119.461 56.902
74.968 123.658 51.632
79.966 126.874 48.281
85.326 125.934 45.031
90.171 121.543 42.836
90.643 114.569 41.337
88.120 110.779 36.623
83.832 109.381 31.854
79.655 111.160 26.513
78.726 115.595 21.785
80.164 120.236 17.742
85.263 124.109 15.840
90.818 126.230 15.915
98.000 125.155 17.467
102.162 120.264 18.876
103.604 113.846 16.775
103.481 109.199 12.062
103.196 107.267 5.861
106.516 108.748 0.279
110.777 112.801 -3.219
114.151 117.852 -4.675
119.046 121.969 -2.397
123.284 124.679 2.202
125.701 123.689 8.025
126.249 120.062 13.843
128.965 114.110 15.226
131.459 108.269 13.876
136.977 105.968 11.469
142.846 106.300 8.612
148.400 110.223 7.041
151.936 115.695 8.126
153.369 121.481 10.839
153.752 124.294 16.469
149.842 126.019 21.920
149.122 122.915 27.704
149.587 117.607 31.826
153.277 112.539 33.872
158.909 110.466 35.658
165.662 110.561 36.987
170.341 113.566 38.861
173.893 118.297 41.368
173.836 125.078 43.510
171.234 130.225 46.114
165.883 132.595 49.834
159.234 132.041 50.473
154.884 127.305 53.068
153.957 121.294 56.570
155.947 117.992 61.564
158.319 117.922 67.937
160.445 120.699 73.172
160.454 125.463 77.372
158.763 131.606 79.456
154.313 136.114 79.359
149.617 139.532 76.415
143.582 138.852 73.005
138.692 134.564 72.005
135.713 128.582 73.377
132.317 126.247 78.365
130.113 125.802 84.868
128.318 128.936 90.097
126.398 134.358 93.231
123.318 140.269 93.236
121.265 145.741 89.785
117.411 148.024 85.320
114.821 147.363 79.582
113.504 143.082 74.387
109.193 137.922 73.632
105.118 133.027 75.826
99.205 132.315 79.354
93.550 135.057 81.272
89.077 139.977 82.065
87.142 145.991 79.988
87.704 150.666 74.925
89.980 152.327 68.923
92.092 150.620 62.886
92.501 146.447 57.907
92.189 139.932 56.024
87.412 135.981 54.147
81.659 134.481 52.257
76.337 136.232 49.098
74.253 141.047 44.604
73.301 146.898 41.560
75.911 151.729 38.207
80.427 153.686 34.380
86.578 153.839 31.870
93.202 151.747 32.534
95.929 146.216 30.634
95.402 139.498 29.741
93.740 136.045 24.224
91.525 135.469 18.282
89.529 137.267 12.241
90.339 141.319 6.782
94.064 146.289 3.839
99.754 149.014 3.302
105.401 151.299 5.321
110.441 150.540 9.929
114.530 145.894 11.596
117.090 139.699 10.868
117.468 133.806 7.404
120.185 131.955 1.701
123.295 133.056 -3.669
128.201 136.848 -7.231
132.372 142.003 -7.544
134.840 147.174 -4.390
138.299 149.607 0.733
138.008 150.061 7.604
137.346 146.437 13.267
140.038 140.682 15.900
144.117 135.742 15.987
150.404 132.782 14.112
156.358 134.678 12.621
161.402 139.122 13.341
164.043 144.719 15.487
163.764 150.202 19.036
161.870 153.605 23.936
157.650 153.923 29.428
154.150 150.329 34.316
155.916 145.035 38.217
159.732 140.215 40.694
165.531 140.096 43.670
170.104 142.152 46.540
174.594 146.269 49.691
174.116 152.086 52.731
170.190 157.012 54.750
164.111 159.802 56.274
157.917 158.788 58.421
153.331 155.166 61.520
152.420 150.274 65.680
154.182 145.108 70.055
157.412 143.853 75.256
162.137 145.316 80.119
165.583 149.130 84.003
165.131 154.664 87.398
162.721 161.041 88.127
160.050 161.851 73.273
165.700 159.450 73.894
169.557 153.944 72.870
168.721 147.794 70.139
165.702 142.934 66.551
161.652 142.164 61.351
156.915 143.584 57.120
155.110 148.679 53.247
156.587 154.133 49.942
160.817 157.536 46.495
165.871 159.500 43.510
170.370 157.176 39.118
173.019 151.498 36.079
172.910 145.724 33.812
168.962 140.859 31.046
163.528 137.779 30.060
157.070 137.813 29.078
151.727 142.280 28.404
150.703 148.669 26.255
150.392 151.436 20.167
152.396 152.330 14.256
154.672 149.487 8.287
153.946 145.002 3.852
151.036 139.064 1.772
145.877 135.270 2.858
140.401 132.954 5.141
135.094 134.610 8.923
131.871 139.731 11.395
130.017 145.314 8.751
127.676 150.153 4.068
125.334 151.167 -2.607
120.437 148.667 -6.020
115.745 144.338 -6.599
111.664 138.964 -5.809
108.064 135.787 -1.599
105.924 133.662 4.632
105.995 135.661 11.093
107.549 140.253 16.034
105.275 146.255 17.261
101.758 151.648 16.218
95.881 153.598 15.001
89.087 152.730 14.671
84.045 148.826 16.329
81.092 144.289 19.838
81.246 139.213 24.262
83.181 137.312 30.057
88.671 136.722 34.009
91.828 140.595 38.245
92.896 146.587 41.167
90.388 151.877 43.787
85.747 154.296 47.634
80.655 154.419 51.262
76.966 152.061 55.831
74.564 147.261 59.936
75.279 141.396 63.074
79.527 136.860 65.287
85.244 134.951 66.287
91.828 135.117 64.484
96.593 139.925 64.086
98.492 146.205 65.958
99.004 150.264 71.139
99.396 151.572 77.402
99.376 149.758 83.722
100.411 145.515 88.403
103.597 140.104 90.350
107.888 135.129 89.191
111.160 131.185 84.816
115.089 131.278 79.495
119.188 135.404 75.876
122.546 141.181 74.993
127.486 144.046 78.221
131.683 145.171 83.090
135.471 142.775 87.710
138.391 137.958 90.563
141.274 131.971 90.152
142.936 126.303 87.077
144.359 123.001 81.479
144.359 122.960 75.029
143.448 126.345 69.378
146.911 131.369 66.329
151.541 136.531 66.054
158.089 137.546 66.800
164.126 134.783 66.599
168.663 130.001 66.549
169.923 123.504 64.340
167.478 118.062 61.257
163.140 115.529 56.724
158.975 116.147 51.733
156.222 119.586 46.839
155.460 125.693 44.073
158.993 129.288 39.680
163.604 130.070 35.627
167.776 127.544 30.899
168.739 122.833 27.480
168.390 117.032 24.103
164.327 111.638 23.563
158.439 108.938 22.775
152.109 108.528 22.350
145.903 110.847 24.941
142.680 116.125 23.337
142.201 122.669 20.964
141.919 124.549 15.252
141.737 124.207 8.568
141.243 121.326 2.710
138.366 116.824 -0.606
134.327 110.837 -1.022
129.142 107.610 1.030
123.964 106.628 5.319
121.403 109.000 11.023
118.591 114.320 13.458
115.214 120.092 12.801
113.190 125.446 9.057
109.062 126.384 4.196
104.029 124.883 0.934
98.689 121.654 0.342
94.192 116.184 2.196
92.503 111.702 6.910
91.895 109.771 13.120
94.710 110.038 19.549
98.102 114.455 23.792
95.928 120.255 26.631
92.111 125.344 27.518
85.948 128.524 27.834
79.476 126.589 29.163
75.387 122.486 31.915
73.881 117.322 35.898
75.239 113.017 39.849
79.441 109.841 44.749
85.495 110.190 48.113
90.455 114.645 50.246
90.394 120.378 53.389
87.485 125.925 56.425
83.840 126.480 61.877
80.693 124.639 66.759
78.977 120.098 71.739
79.883 114.202 74.528
85.584 110.118 76.324
91.539 107.271 75.724
97.596 109.562 75.377
102.586 113.922 75.518
105.069 119.369 78.703
104.584 125.247 82.060
101.797 127.557 87.801
98.635 126.292 93.368
96.089 121.929 98.154
98.023 116.909 101.537
102.076 111.629 102.999
97.584 0.716 93.597
92.319 3.560 93.067
89.059 8.570 90.286
88.357 13.755 86.576
90.703 17.444 81.155
93.009 16.271 75.333
97.191 12.631 71.250
97.852 6.855 68.394
95.842 1.199 66.404
91.392 -2.545 64.001
86.377 -4.246 61.453
79.658 -1.485 59.847
76.276 3.126 57.077
75.044 7.059 51.581
77.791 12.685 48.726
82.644 14.942 45.318
89.584 14.716 44.164
93.441 9.823 41.492
94.036 3.458 39.375
90.745 -1.224 35.567
87.384 -2.379 30.532
84.052 -2.122 24.674
83.301 1.584 20.162
84.847 6.536 15.866
88.814 9.178 13.356
93.225 12.698 12.465
99.638 15.312 13.761
105.003 13.122 17.284
107.948 7.073 19.429
109.619 0.868 17.367
109.731 -3.410 12.710
111.102 -5.578 6.877
114.323 -4.547 1.398
118.557 -0.341 -2.913
123.274 4.049 -3.129
127.087 8.939 -0.812
129.199 11.351 5.243
131.980 10.695 10.345
132.419 7.959 16.783
135.671 2.884 19.079
138.522 -3.379 18.395
143.709 -5.753 16.017
149.914 -5.090 13.654
155.404 -1.072 13.340
158.489 4.492 14.296
159.731 10.321 17.100
158.794 13.987 21.974
154.836 14.815 28.098
153.248 11.726 33.234
153.538 6.580 37.602
157.018 1.357 40.630
163.297 -0.126 42.256
168.536 1.169 44.453
173.926 5.199 45.973
175.391 12.090 47.858
172.147 17.705 50.157
167.074 20.394 52.584
162.117 20.972 56.539
156.553 17.090 58.906
155.351 11.757 62.724
156.838 7.077 67.758
157.722 7.574 73.833
158.558 10.320 80.157
159.097 15.677 83.889
156.472 21.340 85.392
152.053 26.359 84.754
148.339 30.039 80.516
142.444 28.689 77.805
137.790 24.494 75.612
134.128 18.932 76.884
130.400 16.438 81.954
128.197 16.068 87.896
125.441 19.559 92.893
122.659 24.774 95.054
119.599 30.467 94.081
116.978 35.771 91.467
115.499 38.455 85.402
113.472 37.147 79.505
112.399 32.849 74.707
108.186 27.531 73.491
103.920 22.567 75.421
97.950 22.021 77.968
92.129 25.095 78.872
87.538 29.932 79.684
85.234 35.166 76.445
85.047 39.318 71.031
86.278 40.589 65.008
91.341 40.238 60.236
93.927 35.747 55.965
93.557 29.200 53.778
89.078 24.390 52.111
83.990 23.246 48.155
79.664 24.654 44.114
78.064 28.871 38.914
77.175 33.714 35.556
79.319 38.176 31.975
84.342 41.145 29.865
90.525 41.914 29.047
96.755 39.694 30.287
100.178 34.743 28.820
100.664 27.592 27.675
99.210 23.956 22.254
96.580 23.048 15.951
97.306 24.668 9.107
98.856 28.787 4.025
102.622 33.585 0.833
107.539 36.549 2.042
111.986 40.570 5.340
117.141 38.997 9.623
120.596 34.183 12.663
123.621 27.633 12.156
124.276 21.815 8.591
127.552 19.832 3.372
131.573 20.027 -1.805
136.757 23.640 -4.424
140.152 29.429 -4.526
143.973 34.144 -1.506
145.030 37.117 4.233
145.163 37.376 10.488
143.991 34.487 16.785
146.063 29.152 20.286
150.207 23.802 21.038
155.501 21.102 18.937
162.514 21.936 18.538
167.034 27.544 18.447
169.047 33.555 20.148
168.490 38.790 25.364
164.980 41.896 30.120
161.632 42.141 35.229
157.410 39.767 40.553
158.855 35.390 45.039
161.953 29.697 47.473
167.337 29.910 51.358
172.293 33.045 54.707
175.180 38.048 57.479
175.548 43.252 60.688
171.579 47.736 63.818
165.662 50.729 65.115
159.377 49.138 67.136
154.269 44.980 67.959
152.340 39.503 71.042
153.646 34.709 75.429
156.009 33.019 81.320
160.533 33.485 86.241
161.146 50.018 83.514
166.545 47.170 83.703
168.716 42.337 79.895
168.457 36.126 77.800
165.703 32.082 73.292
161.621 32.044 67.942
156.961 35.290 64.157
156.031 40.430 60.301
157.773 45.705 56.950
162.183 48.896 53.467
167.599 49.867 49.942
172.451 46.384 46.943
175.307 41.184 44.035
174.926 35.942 40.628
172.477 29.625 38.899
167.343 26.546 37.622
160.363 26.963 38.188
156.162 30.996 34.918
154.909 36.620 30.739
157.570 40.400 25.630
160.617 40.144 19.951
162.000 36.584 14.456
161.010 31.829 9.913
158.434 26.156 7.746
153.040 22.421 7.378
147.227 20.794 9.323
141.789 22.679 13.841
138.091 28.105 14.113
136.310 34.322 11.752
135.245 37.617 6.103
134.046 38.133 -0.392
130.041 35.481 -4.869
125.076 31.314 -6.710
121.323 25.381 -5.277
118.442 21.845 -0.538
115.284 21.458 6.014
113.539 24.120 11.588
113.441 28.685 15.909
110.930 34.771 17.265
106.574 39.687 15.036
101.567 42.299 12.430
94.943 40.202 11.190
90.079 36.752 12.057
87.352 31.471 16.129
87.062 26.616 19.694
88.314 24.300 26.636
93.082 24.744 31.592
95.599 28.814 35.750
95.821 34.925 38.600
92.897 40.447 40.161
87.292 42.636 42.802
82.226 42.060 46.226
77.940 39.128 49.613
75.116 35.022 53.481
75.897 29.835 57.394
79.979 25.977 60.976
85.946 23.154 59.815
91.865 24.126 62.362
96.566 29.091 62.435
98.180 35.455 64.188
97.844 40.273 68.738
97.381 41.213 75.062
97.142 39.777 81.655
97.303 35.337 86.454
100.515 30.207 88.924
104.815 25.317 88.543
108.356 20.827 84.643
113.583 21.492 80.905
117.705 25.155 77.058
121.115 30.879 76.513
125.865 34.201 80.299
128.711 35.773 86.023
132.195 33.542 90.670
135.702 28.639 93.456
138.974 23.012 93.308
140.365 16.762 91.628
140.974 13.167 86.200
140.825 13.565 79.787
142.446 16.147 74.346
146.767 21.122 70.963
151.260 26.025 71.130
157.570 26.875 72.652
163.233 23.812 72.759
168.530 20.067 71.636
171.088 14.832 68.510
169.904 8.356 66.567
165.455 4.839 63.190
161.085 4.944 58.130
157.214 8.879 53.862
157.918 14.690 50.166
162.211 18.379 46.614
167.055 18.667 42.133
170.209 14.831 37.241
171.990 9.180 34.016
169.405 3.909 30.742
164.677 -1.296 29.426
157.928 -2.176 29.222
151.562 -0.061 30.956
147.683 4.636 28.479
147.135 10.953 25.833
148.178 13.362 19.774
149.989 12.763 13.197
148.919 8.696 8.063
146.134 4.363 3.938
142.678 -0.782 3.865
137.328 -4.233 5.002
131.986 -5.959 8.238
128.115 -4.137 13.897
124.757 1.500 15.203
122.442 7.565 13.870
120.950 12.428 9.204
117.027 12.884 3.732
112.305 10.926 0.051
107.300 7.421 -1.376
103.059 2.172 1.170
100.754 -2.041 5.735
100.402 -3.678 12.144
100.908 -2.060 18.591
102.070 2.101 23.216
101.174 8.363 26.039
96.828 13.686 25.672
91.132 16.008 24.954
84.455 15.475 24.612
79.572 11.860 25.553
77.116 7.813 29.681
77.417 2.006 32.484
79.489 0.090 37.835
85.099 -1.952 41.215
88.700 -0.868 46.091
93.291 3.131 49.760
92.538 8.637 52.924
89.854 14.417 55.034
85.058 15.337 59.698
80.726 12.933 63.995
78.418 9.873 68.487
79.042 3.818 72.683
82.899 0.335 75.223
89.336 -1.974 76.216
95.513 -0.897 76.416
101.112 3.707 75.974
103.262 9.532 77.929
102.818 15.002 81.513
101.831 17.606 87.482
98.523 17.839 93.495
55.216 50.869 268.756
60.842 47.199 268.742
63.720 42.239 265.538
63.689 36.431 262.547
61.201 33.417 257.266
56.014 32.536 252.495
51.661 36.436 249.205
51.188 41.772 245.533
53.254 46.758 242.194
57.995 49.992 238.819
63.212 49.898 235.552
68.976 47.352 232.466
71.864 41.590 230.894
71.100 35.976 227.896
67.608 31.189 224.632
62.016 28.136 222.611
56.113 28.592 220.070
50.948 33.093 218.675
49.956 40.019 216.961
50.732 42.306 210.852
54.108 43.136 205.107
56.635 40.317 199.547
56.666 35.408 195.266
53.964 30.620 192.291
48.730 26.100 192.165
42.661 24.400 194.125
36.999 25.739 197.538
33.136 31.194 199.179
31.368 37.821 197.047
30.187 41.512 191.466
29.136 42.094 185.055
24.037 39.941 180.884
19.583 35.313 179.319
15.644 29.789 179.718
11.450 27.035 183.540
8.434 25.049 189.344
7.541 26.903 195.677
8.743 31.411 200.797
6.173 37.435 201.973
3.217 43.327 199.837
-2.670 44.840 198.634
-8.959 44.158 197.150
-14.203 39.936 197.434
-17.829 35.899 201.368
-18.370 30.440 205.249
-17.306 28.566 211.247
-12.071 27.765 216.014
-9.777 31.699 220.771
-9.128 37.793 223.621
-12.377 43.084 225.676
-17.199 45.533 228.891
-22.918 45.464 231.969
-26.910 42.896 235.923
-29.973 39.196 240.076
-29.177 33.313 243.955
-26.202 27.949 245.699
-20.258 25.656 247.869
-13.390 25.928 247.580
-8.523 30.790 247.069
-6.807 37.019 249.369
-6.718 40.941 254.426
-7.635 42.783 260.995
-7.953 40.392 267.062
-7.985 36.045 272.113
-4.420 31.008 274.090
-0.348 25.692 273.402
3.223 21.735 269.722
7.968 21.868 264.630
12.383 25.723 261.612
16.259 31.364 261.545
20.382 34.998 265.503
23.488 36.027 271.235
26.996 33.483 275.775
30.067 28.431 278.814
32.624 22.203 278.754
35.447 16.931 275.923
37.008 13.031 270.749
37.835 13.048 264.243
36.650 16.841 258.496
41.188 21.478 255.685
45.951 26.482 256.043
52.478 27.166 257.648
58.498 24.410 258.322
62.899 19.548 258.147
64.485 12.958 256.569
62.744 8.007 252.639
58.601 5.339 247.789
54.762 6.220 242.515
53.077 9.949 237.326
52.567 16.225 234.530
56.765 19.694 230.638
61.952 20.042 227.053
66.424 17.318 223.475
67.741 12.674 219.456
67.721 6.266 217.341
63.774 1.689 215.161
57.885 -1.353 213.519
51.436 -1.358 212.545
45.335 1.386 214.409
42.201 6.676 212.184
42.520 13.370 210.280
42.217 15.685 204.197
42.719 15.298 197.587
43.129 12.629 191.907
40.651 8.008 187.709
37.041 2.503 186.698
30.988 -0.145 187.890
25.979 -1.977 191.219
22.466 -0.326 197.031
19.545 5.142 199.217
16.422 11.437 198.235
15.037 17.036 194.428
10.817 17.085 189.144
6.045 15.454 185.280
1.148 11.429 183.148
-2.822 6.299 184.970
-5.033 2.692 189.845
-6.471 0.601 195.888
-5.073 1.074 202.473
-2.223 5.518 207.203
-4.455 11.421 209.778
-8.423 16.408 210.191
-14.749 19.408 209.728
-21.182 17.789 209.020
-25.461 14.105 212.390
-27.278 9.356 216.782
-26.622 4.513 221.004
-23.353 1.170 225.557
-17.557 1.202 229.442
-12.864 5.531 232.523
-13.109 11.027 236.023
-15.998 16.854 238.461
-20.576 17.664 243.181
-24.499 15.948 247.614
-27.456 11.543 251.881
-26.671 6.017 255.195
-21.467 1.527 257.923
-15.476 -1.068 257.341
-9.378 0.752 258.014
-4.489 5.139 257.991
-1.993 10.381 262.011
-2.773 15.918 265.750
-5.101 17.948 271.930
-8.687 16.939 277.590
-5.970 -0.599 275.786
-11.641 2.020 275.844
-15.945 6.576 273.756
-17.293 13.168 270.629
-15.966 16.630 265.478
-12.508 18.575 259.867
-9.439 15.884 254.436
-8.086 9.969 251.090
-9.822 3.971 249.204
-14.543 -0.047 247.031
-19.795 -1.200 244.344
-26.456 0.410 242.441
-30.278 5.869 240.530
-30.462 11.040 236.590
-27.807 15.207 232.496
-22.867 17.704 229.065
-17.161 17.205 225.980
-12.181 12.489 224.524
-11.383 5.367 223.682
-13.077 2.222 217.967
-16.890 0.353 212.990
-20.403 2.623 207.476
-20.690 5.939 202.528
-18.192 10.562 198.367
-13.520 15.275 197.025
-7.584 17.472 198.188
-1.344 16.323 201.120
2.733 11.198 202.460
4.187 4.402 201.157
4.355 -0.041 196.141
5.667 -1.710 190.025
8.663 -0.101 184.655
13.499 3.615 181.974
17.271 8.923 180.786
22.221 12.775 183.682
25.506 15.720 188.537
27.243 14.452 194.724
26.981 10.868 200.646
29.950 5.092 202.555
32.524 -0.841 201.528
37.798 -3.066 198.853
43.912 -2.622 196.525
49.444 1.026 195.942
53.276 5.921 198.095
54.622 11.866 201.043
54.588 14.684 207.144
50.044 16.343 212.214
48.218 13.223 217.687
48.041 7.764 221.583
51.573 2.725 224.124
57.097 -0.268 226.211
62.434 0.387 228.768
67.557 3.474 231.146
71.064 8.448 234.077
70.933 14.756 236.385
67.635 20.001 238.749
62.434 22.264 241.676
55.542 22.206 241.958
50.743 17.521 243.501
49.550 11.517 246.766
50.788 7.961 251.855
52.655 7.406 258.244
53.239 10.636 264.084
54.426 15.433 268.389
51.164 20.912 270.148
46.794 26.064 269.841
42.571 29.733 265.967
37.343 28.969 262.071
32.458 24.848 260.162
28.555 19.265 261.391
25.077 16.433 266.335
22.910 16.016 272.721
20.121 19.518 277.283
17.740 24.825 280.141
14.998 30.461 279.602
11.889 35.586 276.526
9.454 38.729 271.054
7.484 37.946 264.933
7.933 33.454 259.613
2.908 28.584 258.057
-1.564 23.664 259.899
-7.661 23.182 262.725
-13.649 26.095 264.035
-18.150 30.613 263.762
-20.173 36.887 261.505
-18.697 41.609 256.789
-15.435 43.271 251.125
-12.680 41.707 245.465
-11.855 37.567 240.354
-11.678 30.897 238.420
-16.389 26.814 235.976
-21.984 25.967 233.392
-26.892 28.149 229.533
-28.374 32.084 225.074
-28.953 38.395 222.118
-25.791 42.324 218.489
-20.590 44.684 215.361
-14.231 45.172 213.915
-7.855 42.941 215.425
-4.778 37.336 213.595
-4.939 30.524 212.704
-5.988 27.312 207.136
-7.102 26.602 200.601
-8.487 28.216 194.584
-6.692 32.454 189.623
-3.063 37.383 187.175
2.492 40.200 186.936
8.297 42.952 189.330
12.730 42.063 194.834
15.766 36.900 197.533
19.035 30.608 196.931
19.712 24.647 193.696
23.023 23.028 188.179
27.651 24.389 183.896
32.031 27.679 180.154
36.513 32.738 180.627
39.249 37.539 184.572
41.077 40.778 189.773
40.640 41.095 196.524
38.600 37.453 202.152
41.235 31.836 205.097
45.273 26.894 205.754
51.703 24.109 204.632
57.891 25.409 203.861
62.533 29.808 205.559
64.932 34.990 208.546
64.388 40.577 212.161
62.010 44.335 216.890
56.793 44.840 221.275
52.627 41.291 225.650
53.549 36.276 229.810
57.093 31.082 232.859
62.285 31.079 236.861
66.837 33.056 240.512
70.138 37.988 243.876
71.171 44.393 245.693
66.773 48.142 248.942
61.188 51.071 251.088
54.711 50.180 253.033
49.512 45.927 253.673
47.248 40.099 256.300
48.026 35.053 260.675
51.274 33.059 266.428
56.076 33.679 271.299
-15.404 37.795 26.912
-19.551 36.658 22.815
-23.282 33.750 17.951
-23.464 28.926 13.229
-21.732 22.537 11.826
-20.039 16.530 14.489
-18.402 12.600 20.044
-20.703 10.052 25.633
-25.348 9.079 30.273
-31.378 7.437 31.096
-37.311 5.630 28.530
-42.330 5.383 23.819
-43.125 4.694 17.152
-41.374 0.634 12.056
-37.918 -3.854 8.707
-35.000 -9.800 8.934
-36.485 -15.036 28.589
-33.688 -10.692 26.665
-28.464 -8.779 23.175
-25.900 -6.672 17.033
-27.850 -2.594 11.997
-31.015 3.141 10.284
-35.221 8.182 10.963
-37.302 13.227 14.704
-37.802 17.424 19.796
-35.298 19.880 25.576
-30.318 20.619 29.658
-23.842 19.812 31.284
-17.628 18.372 28.977
-13.503 18.957 23.570
-12.659 20.226 16.856
-12.658 24.797 12.251
37.904 55.889 11.395
36.708 52.150 15.641
33.812 48.034 19.098
28.917 47.728 24.872
22.565 49.406 26.002
16.437 50.862 23.205
12.535 52.326 17.749
9.974 50.009 12.135
9.435 45.306 7.292
7.615 39.154 6.620
6.045 33.411 9.027
6.644 28.098 13.606
5.557 27.269 20.263
1.505 28.719 25.415
-2.971 31.988 28.959
-9.080 34.844 28.891
-13.457 31.516 8.867
-9.612 36.007 11.159
-8.525 41.394 14.512
-6.446 44.039 20.613
-2.293 42.202 25.633
3.609 39.258 27.268
8.721 35.178 26.584
13.722 33.123 22.767
17.907 32.912 17.692
20.248 35.377 11.972
21.354 40.724 8.272
19.773 47.015 6.582
18.478 53.192 8.833
18.665 57.402 14.255
19.775 58.427 20.963
24.183 58.698 25.553
247.235 121.437 181.693
242.147 122.162 186.788
241.402 125.364 192.137
241.910 129.919 197.451
245.058 135.702 199.206
248.401 141.179 196.774
249.732 145.139 191.462
250.217 148.039 185.549
246.318 151.329 181.318
240.200 153.412 180.299
234.556 155.256 183.893
230.015 155.936 187.672
227.518 156.994 193.848
229.975 158.541 200.714
234.867 161.392 205.966
241.415 165.433 206.467
245.931 170.610 202.851
246.954 176.077 198.110
244.296 181.334 193.369
238.313 184.396 190.833
231.252 187.049 192.225
225.938 189.217 196.046
223.533 190.698 202.443
225.250 194.377 208.336
229.669 198.984 210.637
233.498 204.274 208.561
236.307 208.968 204.254
236.001 212.268 198.030
233.487 214.118 191.678
227.713 214.949 187.938
220.751 215.248 187.115
214.765 216.750 190.097
212.784 220.791 195.036
212.849 225.334 199.522
216.875 231.254 200.685
219.533 236.498 198.678
221.149 238.646 192.991
221.332 241.599 186.439
217.801 241.729 180.854
211.765 241.129 177.712
205.166 240.582 177.349
199.768 243.851 179.435
195.720 247.649 184.624
195.854 253.630 186.952
198.844 259.641 188.246
203.869 264.035 187.499
207.258 267.396 183.024
208.142 269.937 177.938
205.745 274.128 174.325
202.152 278.867 173.884
199.401 283.101 175.979
198.777 286.801 180.367
198.483 290.153 185.520
200.006 290.656 190.945
204.677 289.972 195.907
209.604 286.104 198.774
214.566 281.887 197.546
219.483 280.223 193.215
222.871 279.391 187.483
225.252 282.527 181.908
225.892 288.532 178.517
225.785 295.312 178.590
226.784 300.777 182.260
229.598 304.221 187.381
236.273 288.372 192.404
232.234 291.081 196.942
226.120 293.797 196.648
220.805 296.927 193.631
217.059 297.295 188.090
214.800 294.951 182.387
213.588 289.469 178.683
213.038 282.831 179.383
212.239 277.056 183.209
210.031 273.774 188.214
204.578 272.836 190.867
198.420 273.324 193.107
194.221 271.965 189.877
190.260 269.889 186.277
189.490 267.084 181.306
190.526 264.031 176.211
193.149 261.650 171.729
198.391 257.721 169.926
204.872 255.959 171.672
210.962 256.381 174.880
213.054 256.242 181.208
212.254 255.606 187.851
209.111 252.100 192.351
205.015 246.880 194.529
202.011 241.031 193.387
202.240 235.455 188.522
205.579 231.389 184.878
211.255 230.932 180.781
217.496 229.168 182.047
224.088 229.587 184.131
227.908 229.685 189.901
228.942 229.185 196.764
226.123 224.769 202.126
223.193 219.352 204.160
219.790 213.123 202.968
217.794 208.614 197.507
220.276 205.499 192.533
226.169 202.733 190.323
232.896 202.189 191.153
237.703 200.328 194.539
240.568 196.726 200.376
240.565 193.444 207.354
235.959 188.185 209.403
230.255 183.885 209.098
227.616 179.134 204.187
227.773 175.495 199.413
228.082 173.598 192.913
233.042 171.108 188.871
239.325 169.149 189.089
244.886 166.850 192.416
246.434 161.520 197.786
244.134 156.457 201.440
239.907 151.097 201.764
235.812 146.482 199.010
232.994 143.422 193.961
232.102 141.414 187.640
233.712 139.282 182.040
239.262 136.715 179.404
246.099 136.743 179.217
251.907 137.052 182.413
256.108 135.883 187.521
257.743 133.643 192.222
256.788 127.551 196.630
29.208 9.515 79.577
31.362 13.443 74.195
30.615 19.073 71.493
30.919 25.609 72.220
32.381 30.914 75.978
32.296 34.909 77.290
36.045 36.971 83.542
39.805 36.148 89.278
44.037 32.053 91.967
49.654 28.588 89.954
53.044 24.781 85.777
58.087 26.489 82.075
60.173 29.097 75.779
61.305 35.083 73.438
60.266 41.791 72.417
62.560 47.140 75.829
64.581 50.959 80.337
69.207 50.028 85.879
73.491 47.515 88.918
78.375 43.076 89.876
80.351 47.707 70.141
79.589 42.585 71.456
77.172 36.917 75.966
76.000 34.468 82.276
71.896 36.052 87.285
67.418 38.894 90.278
61.051 42.020 90.129
56.002 44.694 87.611
52.046 43.531 82.710
49.956 41.161 77.256
48.676 36.167 73.435
48.877 29.331 72.113
48.188 23.733 75.940
46.133 20.741 80.950
41.380 20.632 87.018
38.408 24.415 91.751
30.936 26.072 91.580
26.351 28.081 90.184
22.423 26.665 83.916
18.819 25.523 80.265
190.234 123.675 141.053
191.275 117.186 139.969
193.712 112.348 144.807
192.049 109.695 150.218
189.599 109.891 156.265
184.858 112.915 160.528
179.128 115.074 160.889
173.850 116.064 158.831
169.268 115.686 153.926
166.921 112.325 148.647
166.569 106.047 145.176
167.631 99.302 145.755
166.212 92.686 149.134
162.480 89.971 153.993
158.393 91.104 159.675
153.689 93.824 162.299
149.098 97.382 163.105
145.534 101.819 161.157
142.314 104.831 156.660
142.099 106.646 149.939
142.032 102.464 144.509
138.812 97.136 141.488
133.498 93.005 142.245
127.905 90.142 144.735
121.955 91.266 147.876
116.944 95.381 149.942
114.811 101.187 148.434
114.044 107.335 146.222
116.941 111.284 142.027
119.414 112.178 136.008
119.670 108.049 130.663
116.003 105.265 126.002
110.347 102.903 122.932
104.681 105.740 120.817
101.096 111.113 119.968
98.894 117.567 121.501
99.493 123.634 121.628
103.672 129.173 121.897
109.463 131.114 121.378
116.162 129.720 119.918
118.949 127.984 114.426
119.108 126.259 107.990
116.902 128.393 101.864
114.250 132.837 97.782
112.333 139.011 96.616
112.752 145.613 98.275
114.756 150.874 101.640
119.265 153.394 105.110
124.271 152.313 109.021
130.294 150.172 109.777
135.414 147.513 106.708
138.592 146.798 100.811
141.788 149.826 95.797
143.897 155.327 92.911
145.271 160.830 91.286
146.271 167.371 93.224
147.794 171.660 98.111
148.878 173.071 104.546
151.147 170.976 110.321
151.389 165.904 115.158
154.945 160.114 115.196
159.133 155.828 112.694
164.755 155.633 108.874
170.782 157.897 108.532
175.884 162.265 110.572
179.001 166.274 114.950
179.397 168.408 121.393
178.316 167.859 127.615
174.383 165.916 132.477
171.049 160.966 135.027
170.280 154.090 134.554
172.962 148.080 132.974
178.363 144.891 134.466
184.821 143.347 136.578
188.682 145.625 141.894
189.749 147.485 147.296
188.690 149.666 153.714
184.099 149.659 158.326
178.037 148.042 161.562
172.284 145.568 160.030
168.803 140.684 157.904
169.116 134.126 156.468
172.117 127.930 156.041
175.561 123.739 160.097
175.931 121.416 166.226
175.808 121.627 173.115
171.599 123.802 178.392
165.835 127.334 180.129
159.509 128.721 178.667
154.741 128.529 175.040
150.809 126.743 170.705
150.294 122.087 165.689
149.079 115.483 165.778
146.628 110.090 168.395
143.919 106.383 172.368
138.464 107.181 176.193
133.831 110.131 180.020
128.833 114.790 179.563
125.547 119.765 178.378
123.446 124.004 174.519
124.770 127.501 168.614
124.599 125.994 162.503
124.332 121.503 157.449
120.310 116.629 155.074
114.493 113.110 154.798
108.065 112.854 156.580
102.439 116.467 157.953
98.475 121.904 158.673
97.516 128.430 156.754
99.218 133.824 154.554
104.385 137.654 151.412
106.948 137.616 145.818
108.470 135.895 139.187
105.228 131.991 134.305
100.095 132.382 129.908
94.288 135.567 128.044
91.458 141.215 127.208
89.913 147.911 128.407
92.950 153.647 129.954
97.515 157.522 131.293
103.998 158.158 132.642
109.687 156.186 132.183
114.445 154.711 127.036
115.268 154.438 120.126
114.588 157.368 113.976
113.294 163.282 111.075
112.298 169.999 112.425
113.441 175.862 115.838
117.175 179.436 119.686
121.653 179.526 124.395
126.331 177.623 128.918
131.506 173.026 129.195
136.513 171.345 125.034
139.323 173.100 118.556
142.778 176.279 115.607
144.979 182.696 114.156
148.154 187.080 116.445
149.232 191.637 121.527
150.202 191.843 128.410
151.640 189.304 134.743
153.465 183.859 138.187
156.141 177.380 137.944
161.983 174.206 135.832
167.266 172.879 132.799
172.924 174.372 130.774
177.540 179.456 129.613
180.283 184.218 133.494
174.738 176.242 146.119
171.606 181.484 146.919
169.557 187.451 143.325
169.733 190.543 137.354
168.989 189.908 129.731
167.585 184.977 123.960
164.609 180.622 122.588
160.211 175.861 123.059
155.140 173.304 127.033
150.265 174.537 131.444
145.666 179.225 133.842
143.069 185.525 133.375
138.754 190.052 128.943
135.913 190.631 123.103
133.916 188.785 116.384
132.512 183.420 112.661
130.745 178.292 111.533
130.886 172.244 113.125
128.931 167.153 116.305
127.496 165.355 122.989
123.713 167.479 128.030
117.849 170.517 129.362
111.807 171.608 126.943
106.293 170.926 123.411
102.838 167.021 118.930
101.580 160.256 115.608
102.369 154.372 117.380
105.725 148.331 118.605
108.551 146.692 124.231
108.736 147.062 130.979
105.733 149.415 136.773
99.347 150.059 139.266
93.682 148.625 140.237
90.368 143.278 141.297
90.146 136.255 141.836
92.626 129.620 139.354
96.515 125.236 141.001
102.885 123.068 141.766
108.248 124.593 144.094
112.125 129.550 147.120
112.118 131.860 152.977
109.431 133.170 159.193
107.362 129.317 164.385
106.546 123.827 168.081
108.871 117.664 169.173
113.356 112.506 167.809
118.509 109.999 165.466
124.466 110.433 163.495
128.976 114.638 161.350
132.698 120.122 162.044
134.055 124.891 166.274
134.967 126.676 172.577
137.177 125.240 178.621
141.127 121.081 182.243
145.212 117.642 184.364
150.369 113.031 183.569
154.933 110.548 179.312
158.307 110.500 173.550
160.446 113.798 168.356
158.801 118.703 163.656
158.364 125.457 164.180
158.878 131.243 167.438
162.461 133.950 172.340
168.737 135.571 174.455
175.476 135.245 173.927
181.105 133.830 170.259
184.061 133.275 164.845
184.495 132.765 158.415
181.445 132.649 152.797
176.868 135.270 149.287
172.566 140.223 148.666
170.923 146.746 151.027
173.805 152.471 150.582
178.357 157.804 149.633
183.883 158.573 146.122
187.374 158.626 140.655
188.948 156.242 134.345
187.089 153.638 128.861
182.102 152.126 124.555
175.962 150.982 124.072
169.706 152.590 124.974
165.839 158.084 126.058
164.944 164.825 126.718
166.144 170.503 123.314
167.175 173.192 117.106
168.092 173.256 110.165
167.678 169.910 104.274
165.247 164.239 101.381
161.200 159.021 101.731
156.903 156.259 103.593
151.154 155.584 106.944
147.105 158.720 111.237
142.461 163.208 110.417
138.160 166.889 106.804
134.264 167.807 101.409
131.574 164.170 96.457
131.036 159.606 92.484
129.381 153.660 90.675
129.894 147.245 91.700
129.068 142.529 96.022
130.514 139.930 102.392
127.744 140.602 108.234
123.997 144.377 112.550
117.468 145.214 113.433
111.173 144.418 111.949
106.106 141.427 108.789
103.707 135.981 105.395
103.977 129.306 104.640
106.179 123.208 106.659
109.831 119.351 109.438
115.271 118.839 113.859
116.240 120.008 119.894
114.847 121.650 126.531
109.532 122.766 130.574
104.410 118.442 132.375
101.166 113.787 134.295
100.606 107.028 134.615
104.014 100.973 133.081
109.753 97.612 133.002
116.025 97.444 133.675
122.524 99.650 133.129
125.436 105.586 135.451
126.140 108.097 141.773
125.619 108.313 147.993
124.678 105.164 154.071
126.513 99.549 156.837
130.758 93.115 156.520
135.816 90.010 155.083
141.482 88.720 151.559
145.704 91.320 147.517
149.125 96.523 145.286
150.540 103.086 146.087
152.853 106.409 151.311
154.135 107.655 158.101
158.366 105.456 162.526
163.697 101.584 164.037
169.153 99.602 162.581
173.846 97.160 158.988
176.120 97.669 153.014
177.254 101.136 146.876
175.835 107.513 143.343
174.444 114.359 144.069
176.671 119.704 146.771
179.503 123.120 151.944
184.569 125.045 154.831
190.257 123.113 157.678
196.635 120.936 156.311
118.196 99.724 163.759
114.779 101.281 169.218
115.536 100.983 176.290
119.291 103.650 180.786
124.224 105.166 184.069
130.392 108.249 182.787
134.045 111.994 179.285
134.466 116.708 175.638
131.948 121.519 171.278
126.649 124.780 169.543
120.804 128.307 171.565
117.158 130.292 176.416
116.187 133.930 182.952
119.563 137.971 187.138
125.202 141.479 188.706
130.774 144.414 186.746
134.389 147.681 183.116
136.660 148.984 177.157
135.549 150.103 170.782
130.320 150.382 166.270
123.844 152.375 165.911
119.571 157.920 166.386
119.214 164.056 169.068
121.522 170.228 170.479
125.621 174.936 168.759
130.890 177.871 165.186
134.401 176.911 159.923
135.710 174.768 153.913
133.400 171.211 148.870
127.979 168.386 146.064
121.154 169.803 145.735
116.656 174.230 144.033
114.929 180.507 141.875
115.886 184.449 136.427
119.114 185.329 130.915
124.400 184.699 126.481
127.418 181.317 122.236
129.263 175.479 119.813
128.521 168.942 120.144
124.967 163.410 122.297
118.776 161.349 121.217
112.273 161.771 118.679
109.204 163.218 112.709
109.103 164.369 106.174
111.680 162.138 100.430
117.069 159.643 96.867
121.805 155.112 96.018
124.847 149.804 97.900
125.901 145.628 102.670
123.702 141.054 106.607
118.478 137.999 108.604
112.414 135.145 107.179
109.071 131.522 102.725
109.473 127.601 97.547
110.763 123.846 93.184
115.296 119.752 90.061
121.306 116.782 90.101
127.075 114.864 93.126
130.182 114.064 98.750
130.896 115.463 105.607
126.674 115.208 111.046
121.256 112.853 113.963
117.117 107.710 114.616
116.976 101.357 114.619
119.206 94.990 114.128
124.091 90.778 114.611
130.359 89.349 116.737
135.513 90.430 120.449
139.524 95.060 123.372
139.500 100.225 127.337
136.069 103.768 132.048
130.720 104.080 136.652
128.728 101.001 141.794
128.199 95.787 146.011
132.224 91.004 148.971
137.482 89.223 151.142
144.339 89.313 152.883
149.257 92.968 154.220
152.625 99.131 153.814
151.526 105.112 153.806
148.368 110.834 154.997
143.623 113.449 159.123
139.173 113.343 164.366
139.345 112.365 171.122
142.879 112.951 176.549
148.487 113.300 180.302
155.112 115.856 180.385
159.598 119.641 176.953
160.947 124.496 172.729
159.139 129.161 168.765
155.398 133.367 166.358
149.094 136.045 166.977
145.957 139.975 171.283
145.899 144.452 176.016
148.206 148.558 179.877
152.883 153.282 178.761
158.954 156.140 177.885
162.269 158.616 172.532
164.603 158.790 166.635
164.438 158.794 160.856
160.703 156.334 155.503
155.038 157.541 153.047
148.386 159.584 153.267
145.519 165.575 153.437
145.237 172.509 154.008
147.991 178.054 152.603
152.585 182.007 149.305
156.564 182.847 143.908
159.035 180.882 138.183
159.928 176.285 133.849
157.986 170.560 130.369
152.170 167.938 129.232
146.014 168.104 126.443
140.260 171.830 125.262
139.085 176.232 120.725
140.343 180.126 115.189
143.172 181.305 109.896
147.556 179.365 105.004
151.250 174.079 102.932
153.672 167.930 102.197
153.763 161.662 105.139
150.381 157.419 108.174
144.162 153.919 107.967
138.237 153.397 104.323
134.891 152.793 98.309
136.482 150.548 91.899
140.946 148.896 86.973
145.885 145.363 85.690
150.432 140.595 86.346
153.617 136.653 90.221
154.330 133.314 95.926
151.277 130.244 101.340
145.501 126.851 102.079
140.129 123.470 98.902
138.508 119.200 94.553
140.541 113.979 90.592
144.206 109.139 89.250
150.165 105.964 90.346
155.126 104.786 94.283
158.761 105.189 100.480
158.010 106.429 107.123
153.981 106.220 112.705
149.053 102.456 115.774
144.531 98.176 116.235
142.523 92.288 115.512
143.405 85.709 112.838
148.512 81.542 113.142
155.437 89.814 125.499
159.390 90.794 120.032
160.747 89.604 113.091
157.206 88.201 107.546
151.428 88.723 102.591
144.925 92.688 102.154
141.591 97.141 103.607
140.399 103.234 105.510
143.010 109.188 108.147
148.738 112.812 108.938
154.502 114.822 105.541
157.421 115.171 99.519
157.731 116.041 92.072
154.474 118.946 87.161
148.662 121.213 83.753
143.026 124.465 84.654
139.794 128.708 86.955
137.744 131.790 92.127
138.300 135.324 97.671
143.389 137.499 101.964
149.598 140.571 101.921
154.136 144.597 98.803
153.970 149.518 94.186
151.786 154.458 90.597
146.926 159.013 89.929
141.033 162.901 92.487
138.697 165.429 97.518
136.656 164.609 104.086
138.897 163.431 109.734
144.453 162.525 113.568
151.276 164.039 114.365
155.520 169.276 113.152
157.227 175.289 112.407
155.981 180.611 115.470
153.132 184.064 121.183
147.247 185.591 125.693
144.566 183.436 130.864
142.934 178.342 135.269
143.561 172.772 137.149
147.680 167.021 137.210
153.744 166.007 139.030
160.098 167.610 140.809
162.836 171.234 145.909
163.452 174.310 151.647
160.628 174.960 157.730
155.154 173.485 161.910
150.694 169.883 164.486
148.022 164.153 165.157
147.112 158.218 162.266
149.739 152.567 160.359
155.283 148.715 159.618
161.378 147.280 161.958
164.806 145.984 167.492
164.468 144.255 174.015
163.403 142.400 179.235
159.141 139.294 183.764
153.094 136.579 184.831
147.381 133.821 182.414
144.468 130.178 177.988
143.917 129.311 171.065
148.076 126.918 166.310
153.798 123.956 164.158
157.734 119.050 165.605
159.109 112.944 168.433
156.580 107.124 170.584
151.336 102.884 171.867
145.949 100.290 170.304
140.567 100.082 166.975
136.758 102.781 162.422
136.196 105.994 156.787
139.482 107.682 151.331
144.784 106.375 146.875
146.837 101.634 143.552
147.833 94.987 141.500
144.289 89.502 140.580
138.978 86.249 138.281
132.313 85.975 137.467
127.111 88.565 135.281
123.755 93.689 132.602
123.496 99.507 129.972
127.013 104.518 127.525
131.647 106.167 122.538
136.164 103.846 117.897
136.336 100.410 111.915
132.685 98.317 106.741
126.867 97.308 103.041
120.554 99.532 102.004
115.477 104.049 103.737
114.127 109.923 106.076
115.293 115.906 107.882
119.311 120.788 108.283
125.458 123.202 106.880
128.236 125.582 101.423
128.286 127.638 95.038
125.006 130.616 90.022
119.503 134.273 89.027
114.453 137.092 89.233
110.819 141.416 92.518
107.793 144.031 98.033
108.914 146.461 103.794
112.392 146.055 109.891
118.176 148.164 111.607
124.500 150.376 110.281
127.604 155.712 107.581
127.130 161.906 105.443
124.130 167.659 103.388
119.873 172.417 105.910
115.040 174.671 110.046
112.427 175.009 115.894
112.238 173.284 122.130
114.727 168.761 127.091
120.225 167.383 129.674
126.354 168.806 131.648
132.154 172.865 131.151
133.101 178.400 134.100
132.214 184.221 137.376
128.755 187.425 142.197
123.626 186.941 146.970
120.411 183.233 151.577
118.554 177.524 154.058
118.619 170.833 154.413
123.095 166.021 152.620
128.874 163.253 154.676
134.531 163.959 158.061
138.103 166.173 163.654
136.768 166.965 169.929
132.255 166.457 175.872
127.711 163.070 178.785
122.760 158.843 180.151
119.619 153.653 177.221
119.947 148.026 173.694
123.243 143.598 169.426
129.055 140.569 170.258
134.671 138.635 174.080
136.249 135.904 180.032
133.478 133.459 185.741
130.264 128.729 187.941
124.428 125.785 189.163
119.438 123.211 185.392
116.280 120.211 180.029
117.552 119.574 173.389
121.401 117.260 167.973
126.120 112.880 166.427
131.434 108.753 168.217
133.741 103.405 170.636
132.952 98.818 175.563
128.737 94.294 178.198
29.225 9.508 79.579
31.377 13.457 74.208
30.623 19.084 71.494
30.913 25.600 72.228
32.372 30.908 75.945
32.288 34.928 77.284
36.066 36.972 83.546
39.802 36.146 89.295
44.046 32.068 91.961
49.660 28.591 89.955
53.045 24.773 85.785
58.078 26.488 82.068
60.181 29.096 75.784
61.310 35.085 73.426
60.274 41.792 72.410
62.542 47.139 75.835
64.567 50.957 80.340
69.193 50.038 85.895
73.498 47.536 88.926
78.375 43.084 89.883
80.345 47.713 70.145
79.569 42.565 71.459
77.174 36.916 75.976
75.997 34.459 82.284
71.890 36.034 87.287
67.403 38.886 90.291
61.057 42.014 90.133
55.993 44.684 87.616
52.049 43.546 82.710
49.960 41.160 77.260
48.659 36.174 73.434
48.883 29.343 72.108
48.189 23.740 75.960
46.129 20.729 80.970
41.370 20.623 87.018
38.410 24.413 91.740
30.952 26.107 91.582
26.354 28.100 90.172
22.402 26.657 83.931
18.812 25.541 80.272
26.911 -29.718 -29.613
24.127 -26.611 -35.411
18.265 -24.290 -38.440
11.719 -22.942 -37.287
6.870 -20.739 -33.244
6.057 -14.787 -30.010
7.606 -10.294 -24.708
12.751 -6.588 -22.322
19.023 -4.372 -22.520
24.975 -2.856 -25.481
28.165 1.805 -26.791
29.330 6.966 -30.631
27.678 8.897 -37.266
22.328 10.415 -40.930
15.958 13.100 -39.469
10.984 14.860 -35.282
9.654 20.498 -32.332
10.615 24.588 -27.037
15.583 28.302 -23.935
21.734 30.645 -23.475
20.596 30.962 -40.389
26.438 27.906 -37.507
27.931 25.622 -31.173
25.042 22.708 -25.720
19.936 20.513 -22.344
17.317 14.364 -22.418
12.940 9.823 -25.403
11.402 6.623 -31.227
13.357 5.025 -37.505
16.011 0.590 -40.313
16.070 -4.338 -39.880
21.419 -9.005 -39.562
24.736 -10.969 -34.667
25.301 -12.406 -28.363
21.581 -13.650 -23.049
16.026 -16.224 -19.745
13.169 -21.725 -20.450
8.428 -26.010 -23.675
7.762 -29.626 -29.456
10.586 -31.972 -35.504
15.763 -20.021 36.978
19.197 -20.305 31.497
20.259 -21.897 25.270
18.113 -22.363 19.145
13.434 -22.029 14.369
7.445 -18.441 13.564
3.402 -14.014 14.105
1.501 -8.704 15.640
2.098 -2.238 17.444
6.607 2.906 18.097
12.129 5.360 15.772
17.014 5.569 11.442
20.224 3.715 5.841
19.738 1.451 -0.348
17.015 1.174 -5.872
3.480 10.690 3.743
1.514 5.486 1.891
2.089 -0.987 0.243
6.566 -6.090 -0.510
12.129 -8.611 1.927
17.129 -8.649 6.121
20.156 -6.910 11.790
19.834 -4.544 17.954
16.565 -3.355 23.465
11.999 -6.472 27.942
8.118 -10.650 28.820
3.313 -15.731 27.546
1.856 -21.357 25.066
3.718 -27.064 23.248
9.476 -30.974 21.649
8.059 -36.310 -11.412
3.520 -32.062 -9.933
1.669 -26.215 -7.387
3.269 -20.358 -5.445
8.906 -16.155 -5.092
14.055 -13.632 -7.971
19.094 -14.149 -11.893
20.300 -14.029 -18.390
18.990 -15.325 -25.076
14.402 -15.759 -29.859
9.079 -12.863 -32.156
4.405 -7.902 -31.989
0.660 -3.043 -29.753
1.133 3.234 -27.614
4.968 8.353 -26.067
19.004 0.671 -37.150
20.264 0.642 -30.692
18.916 1.837 -24.065
14.471 2.223 -19.216
9.167 -0.480 -16.931
4.445 -5.410 -17.081
0.898 -10.505 -19.224
1.216 -16.543 -21.474
4.761 -21.984 -22.394
10.031 -25.613 -22.109
15.648 -27.305 -19.471
18.943 -27.346 -13.896
20.439 -26.355 -7.549
18.164 -25.348 -1.752
13.661 -25.253 3.141
4.094 -6.682 -15.429
-0.353 -10.298 -13.501
-4.679 -13.542 -10.940
-8.790 -14.630 -5.087
-10.589 -12.147 0.041
-13.827 -9.735 4.458
-18.406 -8.982 8.157
-23.008 -10.501 11.576
-26.267 -13.928 15.178
