-5.349 10.853 -34.923
-2.423 8.081 -29.586
-2.921 4.778 -23.849
-5.353 1.982 -18.641
-0.287 6.870 -18.667
-2.133 12.651 -21.852
-7.059 12.600 -17.927
-11.642 8.024 -15.868
-17.232 4.161 -16.354
-22.435 1.480 -18.633
-25.177 -3.275 -15.367
-16.862 -12.203 -20.771
-23.233 -11.709 -18.667
-27.892 -10.209 -14.330
-30.776 -8.312 -9.237
-31.264 -14.823 -11.461
-26.252 -17.703 -13.358
-24.936 -17.545 -6.812
-25.409 -13.021 -2.434
-23.269 -7.715 0.960
-19.651 -2.112 2.345
-14.399 -11.432 2.441
-10.865 -5.868 0.180
-9.471 -1.096 -4.099
-3.925 -7.016 -4.947
-4.893 -7.512 -11.087
-8.483 -5.187 -16.514
-14.181 -3.866 -20.190
-20.318 -3.774 -21.698
-21.752 0.027 -26.252
