8.690 -25.214 40.639 
13.955 -29.283 41.826 
19.635 -30.075 42.928 
18.576 -35.306 43.571 
22.058 -26.006 52.077 
21.033 -21.840 57.798 
17.555 -22.570 63.571 
13.048 -25.535 68.288 
9.770 -31.075 70.528 
9.714 -37.569 71.635 
12.842 -43.646 71.640 
18.519 -47.762 70.655 
25.467 -47.311 70.896 
31.284 -44.120 71.444 
34.632 -39.639 75.913 
34.759 -35.292 81.257 
24.639 -55.036 87.960 
21.738 -48.502 87.157 
19.125 -42.929 88.975 
20.194 -36.427 86.897 
23.578 -31.589 82.748 
27.013 -30.704 76.743 
29.563 -33.281 70.745 
28.705 -36.167 65.013 
24.478 -38.593 60.420 
18.391 -41.789 57.861 
11.565 -41.166 57.774 
6.985 -36.480 57.896 
4.130 -30.167 58.537 
4.626 -23.411 57.854 
7.286 -18.212 54.981 
9.096 -15.137 49.868 
8.345 -8.614 50.340 
5.838 -3.503 49.012 
3.555 1.151 45.276 
5.323 5.363 41.448 
-13.510 19.140 18.886 
-12.809 25.178 18.297 
-11.602 30.081 17.903 
-4.922 30.628 8.578 
-1.674 27.759 3.005 
-3.658 25.772 -3.230 
-8.292 23.687 -8.023 
-14.716 24.254 -10.607 
-20.006 28.334 -12.284 
-22.683 34.493 -12.961 
-24.239 40.598 -9.813 
-19.847 46.100 -10.515 
-14.052 50.250 -11.561 
-7.833 49.376 -15.531 
-16.334 41.033 -29.224 
-11.945 36.590 -26.337 
-6.785 35.673 -21.879 
-3.775 38.923 -15.811 
-5.958 41.518 -9.551 
-9.370 42.560 -3.733 
-14.141 40.359 0.205 
-19.864 36.251 2.529 
-22.986 30.842 0.682 
-21.899 24.176 0.825 
-18.279 18.726 0.829 
-12.424 15.464 1.703 
-6.644 14.229 4.789 
-3.862 13.634 10.137 
1.078 9.018 9.691 
3.620 4.131 10.978 
5.637 -0.848 15.092 
10.492 -1.780 19.270 
