13.229 -35.691 36.710 
14.023 -29.626 33.560 
17.325 -28.053 28.179 
22.817 -28.102 23.353 
25.336 -32.551 19.228 
24.699 -37.703 15.093 
21.777 -42.130 11.995 
15.357 -46.025 10.751 
9.842 -44.760 9.727 
3.610 -41.396 10.717 
1.114 -35.745 8.336 
0.875 -29.939 3.820 
3.072 -26.759 -1.646 
6.346 -25.657 -6.777 
4.931 -19.963 -8.080 
2.521 -15.859 -12.067 
18.567 -34.184 0.616 
17.292 -28.393 4.071 
13.566 -26.453 10.382 
8.912 -28.430 14.372 
6.097 -33.163 17.771 
7.107 -38.333 21.573 
10.107 -42.750 24.230 
16.437 -46.635 25.855 
21.944 -46.141 27.313 
28.127 -42.839 28.179 
30.694 -37.467 30.960 
30.104 -31.194 33.003 
24.825 -28.351 43.726 
26.367 -22.139 45.717 
28.665 -18.275 49.712 
36.986 -6.966 100.963 
33.884 -12.288 104.012 
36.047 -17.770 108.563 
41.255 -1.983 132.064 
36.114 -6.424 134.609 
36.174 -13.166 137.355 
38.394 -17.113 140.713 
42.377 -20.496 144.814 
46.175 -2.145 148.399 
51.511 -4.099 144.050 
54.448 -9.424 140.758 
52.916 -15.278 137.182 
47.423 -18.024 134.548 
40.970 -18.574 132.771 
36.164 -16.464 127.516 
34.265 -11.175 124.198 
36.508 -6.251 120.716 
40.485 -3.178 117.127 
45.047 -2.694 113.174 
