18.972 44.246 22.254 
14.241 47.099 17.605 
8.286 48.977 17.305 
1.259 50.203 19.923 
-2.132 51.216 25.116 
-2.671 54.766 30.148 
-0.729 58.424 35.812 
3.971 62.774 37.823 
8.233 67.611 35.236 
11.765 70.679 30.066 
10.333 74.192 24.948 
-7.718 68.916 23.170 
-2.765 67.028 18.748 
4.182 65.210 18.148 
9.977 63.780 20.724 
13.786 61.468 25.574 
14.781 57.972 31.134 
13.131 52.734 34.386 
8.370 48.035 36.429 
4.118 43.650 33.801 
1.568 40.358 28.744 
2.308 37.901 22.301 
5.254 38.192 16.710 
5.153 34.508 11.457 
3.736 29.631 8.350 
-1.323 31.374 7.910 
-5.560 30.749 3.634 
