104.228 -43.290 57.698 
109.324 -41.325 53.801 
114.183 -37.345 53.438 
117.825 -31.481 54.195 
120.865 -28.300 59.123 
122.852 -27.503 65.559 
125.348 -30.576 71.048 
126.211 -36.040 74.959 
128.685 -42.361 74.707 
131.992 -47.095 71.221 
136.241 -48.590 66.041 
142.878 -46.171 63.326 
141.071 -29.846 72.774 
138.711 -27.720 66.029 
138.227 -31.242 59.850 
136.096 -36.625 56.532 
131.119 -41.134 56.416 
126.810 -45.582 59.302 
121.829 -46.795 63.703 
117.744 -44.960 68.735 
114.013 -40.442 71.525 
112.402 -33.295 72.171 
110.040 -28.419 68.244 
111.536 -25.335 62.474 
109.934 -20.250 60.452 
107.062 -13.890 61.166 
107.338 -8.344 61.885 
105.521 -2.114 60.764 
