235.144 191.787 193.856 
230.231 188.200 196.627 
224.852 184.002 194.325 
223.792 181.372 188.111 
224.590 174.145 188.359 
228.533 169.714 184.064 
231.829 167.187 184.978 
237.981 163.830 186.869 
240.259 162.580 192.883 
240.287 161.986 199.095 
239.111 162.547 204.553 
234.095 159.697 208.269 
229.271 156.272 207.671 
227.285 152.061 208.359 
226.589 145.397 205.367 
229.741 139.992 204.483 
234.431 137.178 207.818 
239.855 137.943 210.889 
242.971 139.269 216.363 
242.823 141.355 222.839 
240.721 143.242 227.458 
236.470 141.175 231.299 
232.756 138.787 234.181 
230.697 135.052 236.642 
228.461 128.189 235.461 
229.119 123.572 231.129 
232.531 118.073 234.841 
239.150 118.410 237.381 
243.089 120.293 243.842 
242.326 123.937 250.016 
240.433 124.196 255.680 
235.715 120.719 260.101 
237.920 118.225 266.468 
236.212 112.311 270.302 
235.111 101.627 262.138 
238.339 102.598 257.811 
237.959 109.092 254.225 
236.024 113.311 252.851 
230.149 111.302 250.877 
227.574 116.257 247.168 
227.691 123.522 249.170 
232.665 128.025 250.991 
238.698 130.476 248.736 
240.363 130.757 241.714 
241.701 130.275 236.995 
243.077 126.569 231.268 
240.104 126.819 225.116 
234.604 126.093 221.993 
228.247 129.374 221.179 
227.090 136.084 220.756 
227.623 141.573 221.520 
229.860 147.264 222.235 
236.303 150.502 222.115 
238.888 151.006 218.075 
239.490 150.863 211.638 
240.129 148.882 204.472 
237.457 146.744 198.022 
234.123 146.013 195.293 
230.839 151.164 192.802 
227.420 157.038 194.063 
224.861 162.809 197.597 
226.290 168.120 200.910 
231.613 172.548 200.332 
236.217 174.081 200.147 
239.106 178.379 195.227 
239.958 179.967 188.808 
238.541 181.786 184.683 
232.314 184.033 181.409 
226.948 186.328 180.901 
