187.489 222.366 193.642 
182.426 226.869 193.207 
176.523 228.415 195.636 
170.688 226.854 198.977 
167.776 222.915 203.469 
168.299 219.426 209.295 
171.704 217.975 214.896 
176.087 220.599 219.251 
180.801 224.866 221.505 
182.726 230.622 222.195 
181.082 236.494 225.292 
177.753 239.322 229.578 
175.571 238.693 234.767 
174.893 236.622 239.796 
178.022 233.885 243.551 
180.446 229.364 247.190 
185.552 225.450 248.023 
191.400 222.513 246.194 
196.217 222.454 241.526 
198.933 224.497 235.538 
200.097 230.035 232.181 
200.164 236.473 230.487 
201.595 242.614 232.540 
201.912 245.823 238.009 
205.650 247.657 242.768 
211.193 246.409 245.954 
216.744 242.875 247.025 
221.036 238.471 245.293 
226.273 238.508 240.877 
229.842 241.374 239.247 
229.864 235.897 236.792 
232.477 232.164 232.668 
231.655 229.971 227.795 
230.244 228.148 223.477 
230.222 231.564 217.321 
229.203 234.297 213.693 
228.936 239.430 215.206 
227.694 245.901 213.436 
226.121 252.155 215.486 
230.189 248.968 215.459 
231.449 252.305 210.120 
232.075 257.094 209.544 
230.336 261.539 208.618 
236.963 262.025 205.523 
242.455 261.045 206.828 
241.147 264.940 203.771 
242.826 269.784 202.121 
246.254 272.621 204.254 
248.817 274.578 208.564 
250.841 272.631 212.998 
249.691 277.730 216.090 
253.885 279.434 219.987 
254.537 279.279 226.555 
253.336 276.546 232.466 
253.017 270.993 235.758 
253.083 264.267 236.096 
255.686 258.689 233.215 
259.292 254.888 229.992 
265.405 253.463 228.344 
271.699 256.429 226.873 
276.575 260.551 228.493 
280.685 264.255 232.710 
281.403 267.714 238.890 
281.423 266.114 245.345 
278.650 261.502 249.981 
280.929 255.730 251.094 
284.295 250.227 249.695 
289.386 246.711 246.453 
295.453 246.277 243.587 
301.214 250.120 242.044 
304.931 255.360 243.173 
307.898 259.090 247.613 
309.696 260.783 253.914 
310.595 258.451 260.533 
313.229 253.262 263.946 
314.342 246.690 265.828 
317.912 241.509 263.653 
321.691 237.670 259.334 
325.851 238.908 253.879 
330.985 241.421 251.008 
334.484 247.587 250.377 
337.454 252.976 253.058 
335.766 247.784 270.555 
333.172 253.876 267.393 
331.076 256.752 260.718 
328.417 255.812 254.775 
325.784 251.899 249.712 
321.426 246.897 247.371 
316.980 242.059 248.905 
311.953 239.734 252.222 
307.076 241.076 256.478 
303.152 245.322 259.984 
300.725 251.430 261.929 
298.030 257.218 260.273 
297.763 262.093 254.709 
297.765 263.499 248.091 
298.105 261.719 241.227 
295.971 256.680 237.210 
289.975 251.906 236.486 
283.174 249.857 239.481 
275.938 248.589 243.043 
271.440 253.732 246.345 
269.776 260.431 246.601 
268.835 266.484 243.635 
268.726 268.814 236.662 
268.056 268.834 230.274 
267.242 269.121 224.031 
264.606 264.775 219.667 
259.467 260.682 219.595 
253.197 259.499 221.284 
247.891 261.008 224.303 
244.369 264.702 229.198 
241.065 269.889 227.981 
239.437 275.340 227.570 
237.858 279.667 224.035 
235.791 282.892 218.943 
233.895 283.273 214.033 
232.631 288.231 217.224 
227.918 292.057 217.438 
221.951 291.767 216.335 
217.916 293.074 212.428 
212.589 288.883 212.081 
208.925 286.621 209.551 
207.276 280.112 207.647 
208.535 274.264 208.971 
208.424 270.204 211.942 
203.401 271.278 210.676 
205.219 264.692 213.214 
210.581 267.071 216.788 
209.537 260.861 214.218 
214.453 257.973 216.638 
215.988 256.370 223.888 
214.692 255.527 228.362 
218.101 249.214 225.548 
217.926 249.298 229.941 
221.553 244.132 227.757 
217.010 239.834 228.060 
215.375 233.873 231.914 
214.092 231.370 236.860 
211.936 230.539 243.517 
208.027 233.208 248.483 
202.321 236.762 249.072 
197.270 239.912 248.351 
192.201 240.691 244.109 
189.065 239.288 238.255 
188.047 235.023 233.300 
188.121 229.525 230.131 
186.085 224.070 230.787 
180.936 220.246 231.276 
174.388 220.289 232.368 
168.933 221.571 231.736 
164.728 225.026 228.148 
162.719 230.241 224.663 
163.917 233.482 220.317 
167.637 235.089 214.914 
173.638 237.930 212.030 
179.540 235.446 210.598 
183.283 230.366 209.742 
185.561 223.970 209.898 
183.674 217.768 208.361 
179.170 213.046 206.302 
175.053 211.685 201.282 
171.253 213.348 195.904 
171.198 217.709 190.629 
