295.831 283.123 259.741 
295.540 275.529 259.529 
297.048 269.407 259.051 
294.400 264.032 261.851 
288.348 261.499 262.476 
282.366 260.296 260.872 
277.694 258.257 255.569 
277.810 257.751 249.838 
280.726 254.862 244.073 
284.560 252.361 240.431 
287.185 245.471 240.122 
285.841 239.175 242.705 
283.496 235.031 246.425 
277.399 233.009 249.404 
271.064 232.178 248.251 
265.133 232.934 246.229 
261.039 235.478 241.331 
261.825 234.241 233.877 
263.770 230.911 228.731 
266.564 226.875 225.030 
267.467 220.217 223.949 
267.428 215.003 226.340 
266.344 208.776 230.074 
261.224 205.978 231.744 
255.448 203.148 229.145 
249.090 204.820 228.184 
254.705 199.928 215.772 
254.338 207.013 214.822 
254.162 212.988 218.340 
251.632 215.320 224.524 
254.069 217.290 230.502 
256.583 217.364 236.441 
263.065 218.359 239.543 
267.754 220.479 240.365 
274.494 221.493 238.365 
276.696 225.672 233.082 
275.035 231.306 230.520 
272.852 236.979 231.254 
271.307 242.007 235.243 
267.984 244.782 241.017 
268.714 245.762 246.713 
273.081 246.167 252.041 
278.638 243.813 254.721 
284.971 244.089 255.842 
290.628 245.875 253.490 
293.089 251.537 251.106 
293.899 255.983 247.225 
290.124 261.546 246.485 
285.689 267.212 248.732 
281.902 270.215 254.502 
281.401 270.697 260.178 
285.720 273.168 265.377 
292.512 274.523 268.427 
297.158 278.137 266.726 
374.603 238.183 427.453 
370.755 242.958 424.249 
369.167 249.513 421.704 
364.244 247.407 418.138 
361.102 249.972 412.976 
355.502 246.686 409.651 
350.616 245.381 408.604 
344.381 243.109 411.447 
339.775 246.587 415.261 
338.465 252.867 417.835 
336.997 258.237 415.875 
336.800 263.734 412.054 
338.828 267.585 406.349 
337.071 267.285 400.543 
333.739 265.381 395.148 
328.687 261.438 393.071 
324.110 257.200 392.022 
318.287 256.576 394.482 
313.422 260.328 396.396 
310.364 264.458 398.948 
311.250 271.481 399.635 
312.896 277.933 397.283 
314.701 282.175 391.239 
314.285 283.156 385.862 
309.629 281.993 380.828 
304.642 279.946 377.799 
298.080 281.579 379.066 
295.445 286.106 384.204 
300.215 281.368 387.080 
301.448 274.521 387.018 
306.526 271.199 385.159 
313.088 271.418 384.035 
318.971 272.766 385.377 
323.474 273.720 391.023 
323.333 273.536 396.651 
322.431 270.185 402.806 
319.938 265.800 406.408 
320.885 258.430 407.147 
325.514 253.035 404.505 
329.640 250.751 400.746 
336.343 251.513 398.811 
341.879 255.003 399.296 
347.306 259.210 401.346 
349.821 261.739 407.415 
348.381 260.515 414.018 
347.540 256.564 419.335 
348.365 252.350 423.173 
349.935 245.788 423.976 
351.155 241.282 422.339 
355.210 237.134 417.766 
360.929 236.788 415.628 
367.649 238.455 416.133 
