174.152 -0.780 158.005 
167.162 0.818 158.664 
161.148 0.894 155.500 
157.142 -1.531 150.673 
155.635 -6.425 146.410 
156.498 -12.663 144.341 
158.562 -18.852 145.517 
161.319 -22.887 149.893 
160.126 -25.630 156.461 
157.155 -25.628 162.162 
152.078 -24.613 166.152 
145.740 -23.555 167.285 
139.439 -23.629 165.452 
134.545 -25.660 161.511 
144.010 -31.713 150.337 
142.133 -25.281 149.899 
142.165 -19.167 152.333 
144.586 -14.619 156.553 
149.064 -13.019 161.332 
155.300 -13.773 163.577 
161.617 -15.633 162.340 
166.477 -16.759 158.037 
169.205 -16.039 152.064 
169.603 -13.133 146.159 
168.286 -8.019 142.103 
166.261 -1.686 141.156 
128.588 64.793 124.495 
126.521 60.385 129.248 
121.624 58.275 133.352 
115.172 58.056 134.860 
108.809 59.044 133.130 
104.891 61.207 128.240 
102.672 59.157 121.679 
103.271 55.710 116.306 
105.014 50.487 112.843 
106.886 44.305 112.284 
107.677 38.267 114.605 
106.250 33.446 118.835 
102.433 30.734 123.522 
94.059 43.940 126.300 
99.718 42.898 129.878 
106.305 42.075 129.964 
112.192 43.001 127.305 
116.184 45.995 122.951 
117.049 50.407 117.925 
115.315 56.419 115.518 
112.309 62.350 116.631 
110.202 66.910 120.971 
110.123 69.452 127.120 
106.286 -9.011 80.375 
113.030 -8.327 80.691 
118.839 -7.160 77.530 
122.017 -4.442 72.377 
122.053 -0.263 67.221 
118.639 4.194 63.813 
115.310 10.543 64.672 
113.212 15.425 68.245 
113.337 19.429 73.370 
116.246 22.125 78.498 
121.488 23.485 82.152 
127.975 24.053 83.036 
134.184 24.399 80.756 
127.783 25.193 63.540 
130.112 19.408 65.823 
131.925 14.926 70.508 
130.679 12.091 76.369 
126.404 10.220 80.910 
120.206 9.207 82.973 
113.601 9.485 81.834 
108.731 8.983 77.264 
106.877 7.025 71.125 
107.832 3.140 65.883 
110.720 -2.051 62.953 
114.020 -7.736 63.159 
115.831 -13.274 66.322 
115.213 -17.599 71.386 
86.424 35.066 74.905 
88.049 37.854 68.459 
87.709 43.398 64.573 
86.899 50.040 64.028 
87.040 56.086 66.823 
88.825 60.009 71.841 
92.791 61.226 76.989 
97.626 58.855 80.748 
104.480 56.637 80.258 
109.581 54.700 76.857 
113.535 54.730 71.691 
115.792 57.303 66.153 
116.428 62.253 61.899 
116.342 68.668 60.415 
124.193 67.142 79.350 
118.409 70.165 79.858 
112.545 72.105 77.547 
107.749 73.097 72.921 
104.735 71.097 67.374 
103.044 66.317 63.274 
102.779 59.881 61.612 
104.102 53.460 63.224 
104.303 48.912 68.103 
102.502 47.086 74.260 
98.391 47.458 79.337 
92.679 49.229 82.075 
86.430 51.182 81.736 
80.774 52.113 78.346 
76.906 50.855 73.016 
75.579 47.223 67.195 
