135.047 223.372 112.578 
139.589 219.906 108.201 
147.011 221.173 107.627 
151.941 222.321 110.550 
155.953 224.460 115.485 
156.076 224.831 122.193 
154.010 220.897 127.919 
152.815 215.655 130.689 
153.223 209.563 131.386 
153.959 203.121 128.086 
158.614 199.604 125.371 
164.864 198.309 122.404 
171.575 199.694 122.054 
177.078 203.007 123.693 
180.455 204.665 128.494 
181.417 202.841 134.407 
181.233 201.822 139.789 
178.015 196.595 143.335 
174.968 189.672 143.801 
174.761 182.577 140.839 
178.988 178.007 138.288 
185.662 176.071 137.718 
191.989 176.771 138.153 
196.493 176.227 143.531 
190.283 184.302 146.112 
192.796 188.090 140.783 
189.813 189.389 136.145 
184.107 187.061 132.325 
178.843 187.081 130.244 
171.878 187.570 132.350 
169.123 193.401 135.376 
167.242 199.545 138.394 
169.575 205.871 138.654 
171.336 211.708 134.691 
171.063 213.635 127.779 
169.631 212.661 122.038 
164.676 210.880 116.810 
159.203 207.746 115.584 
153.704 206.435 116.850 
147.890 206.992 120.761 
145.027 212.389 123.724 
143.969 218.747 125.280 
143.433 224.477 124.697 
146.245 230.298 121.408 
143.287 233.634 109.364 
138.641 230.475 105.764 
