279.829 242.786 254.125 
284.290 242.696 259.731 
289.046 247.010 263.753 
291.035 252.358 265.554 
291.180 258.496 266.897 
286.954 264.580 265.217 
280.683 266.117 264.992 
274.067 265.696 268.002 
271.323 264.493 274.627 
271.436 263.211 280.821 
274.558 264.101 287.159 
278.532 267.238 291.447 
283.800 271.596 291.700 
286.759 277.089 289.931 
287.442 281.696 286.353 
283.035 285.293 281.363 
276.815 288.368 280.306 
271.793 290.827 283.459 
269.036 293.994 288.293 
269.536 298.571 292.887 
273.333 303.439 295.821 
279.690 307.239 297.315 
284.302 310.457 294.624 
288.720 311.673 289.349 
289.612 310.914 283.364 
286.654 309.452 276.508 
282.537 312.150 273.099 
277.194 315.544 271.889 
275.684 321.931 271.743 
276.690 328.370 273.031 
280.790 333.310 272.314 
286.638 335.568 270.276 
293.060 335.412 268.420 
297.197 332.767 264.522 
299.008 328.085 261.056 
297.178 323.916 255.817 
292.528 322.815 250.890 
288.430 325.617 246.422 
288.238 330.765 242.061 
290.617 335.699 239.373 
294.637 338.700 236.652 
300.607 340.059 233.281 
306.803 338.742 233.503 
311.554 334.138 233.197 
312.954 328.796 232.804 
312.256 321.964 234.020 
307.457 317.425 232.466 
302.288 315.716 228.483 
300.528 315.523 222.442 
301.352 315.830 215.848 
305.202 313.908 211.164 
311.807 313.363 209.002 
316.885 309.436 209.482 
320.084 305.014 211.934 
322.032 300.741 216.505 
319.929 297.810 222.097 
314.407 293.999 224.384 
308.807 290.697 223.055 
306.741 286.020 219.329 
307.184 281.629 214.182 
311.236 277.474 210.947 
316.293 274.141 210.115 
321.919 270.515 213.117 
325.293 268.971 218.550 
326.033 268.079 224.706 
323.488 269.680 230.822 
318.416 269.107 234.680 
312.461 266.472 235.844 
307.706 262.330 233.633 
306.713 255.649 233.172 
308.204 248.977 233.868 
312.151 244.782 237.470 
317.398 243.015 240.600 
321.139 245.486 246.281 
321.950 249.873 251.284 
319.541 254.660 254.684 
315.009 257.745 257.782 
308.095 258.899 258.277 
302.999 255.879 260.717 
300.463 251.905 264.849 
301.255 248.302 270.417 
304.719 246.388 275.022 
306.856 248.133 280.077 
312.627 251.387 283.361 
315.838 257.173 284.877 
315.954 263.442 285.741 
315.059 269.083 281.565 
309.623 272.688 280.628 
302.695 273.161 279.873 
297.860 274.041 284.869 
295.597 273.993 290.388 
297.213 275.623 297.734 
299.103 279.662 302.000 
304.901 282.015 304.434 
308.552 286.816 303.938 
311.570 291.519 300.715 
313.108 294.282 294.935 
309.357 296.716 289.152 
304.240 299.931 288.109 
298.087 303.477 288.623 
295.782 308.381 292.751 
297.843 313.600 296.571 
301.464 318.029 299.093 
306.747 321.508 299.090 
313.663 321.674 297.285 
315.545 323.580 291.620 
317.623 321.108 285.998 
315.388 317.422 279.602 
311.177 318.865 274.818 
307.489 323.036 271.342 
306.294 329.690 269.821 
309.417 335.523 270.392 
313.995 339.502 268.768 
320.103 340.992 269.007 
325.509 337.804 266.495 
329.209 334.057 261.977 
328.143 328.750 257.964 
326.174 322.948 254.309 
321.816 321.855 250.641 
325.372 341.213 248.697 
320.475 338.788 249.318 
316.244 335.042 252.944 
314.610 328.799 255.994 
317.014 323.392 258.702 
321.486 322.561 263.919 
324.798 324.592 269.357 
326.114 329.519 274.223 
324.433 333.690 278.518 
318.165 336.964 280.385 
310.978 336.697 282.570 
305.320 331.793 283.231 
303.077 326.427 282.708 
303.976 319.480 282.409 
307.293 314.176 282.497 
313.041 311.825 285.853 
315.410 311.251 291.914 
315.028 311.279 298.790 
311.065 307.486 302.889 
305.288 305.386 305.475 
299.979 301.605 304.805 
296.271 297.940 301.042 
295.387 293.702 296.240 
298.061 291.349 290.724 
303.510 289.787 287.575 
308.964 286.574 288.018 
313.274 283.529 291.676 
313.874 277.818 295.277 
312.515 272.912 298.816 
308.544 268.741 299.313 
303.659 264.304 296.885 
301.066 262.814 292.881 
299.015 261.175 288.446 
298.058 262.660 282.792 
300.706 265.008 278.354 
305.230 265.878 274.090 
311.484 265.246 272.268 
316.953 261.690 272.766 
319.540 255.801 271.266 
318.601 249.083 270.290 
316.563 243.964 268.084 
312.984 240.879 263.862 
307.731 240.687 259.339 
304.480 243.474 254.498 
303.758 248.210 250.501 
304.678 255.435 250.233 
310.468 259.501 248.841 
316.995 259.642 247.978 
322.252 257.163 244.839 
324.709 254.269 239.625 
324.078 252.085 233.301 
321.235 252.113 227.642 
316.318 254.137 223.278 
312.417 259.171 221.413 
309.366 263.958 222.686 
308.542 269.847 226.159 
312.256 274.823 228.913 
318.714 277.267 229.511 
322.794 279.817 226.022 
326.185 281.768 220.052 
324.863 284.010 214.155 
321.516 286.235 209.076 
316.094 289.285 206.493 
310.402 292.201 207.663 
306.812 295.820 210.276 
304.973 297.703 217.345 
307.104 300.781 222.288 
311.862 304.789 225.736 
317.698 308.324 224.783 
320.015 313.631 221.815 
318.801 319.107 218.308 
314.734 324.092 215.901 
308.471 327.105 216.025 
301.927 326.726 218.639 
298.193 325.314 223.630 
297.005 322.529 229.769 
299.167 322.111 236.043 
304.629 322.109 240.041 
308.164 327.240 243.014 
308.536 332.961 244.853 
305.892 338.806 246.596 
300.316 341.105 248.692 
292.985 342.637 248.473 
288.208 340.145 251.461 
284.413 335.919 254.038 
282.899 330.081 255.844 
284.430 323.655 257.409 
288.677 320.441 261.232 
293.781 320.196 265.327 
295.814 322.853 271.172 
293.431 325.618 277.201 
289.308 328.513 280.472 
283.458 327.468 284.293 
278.372 323.429 285.429 
274.142 319.296 285.038 
272.728 312.736 282.571 
275.179 307.343 278.380 
279.856 303.069 278.817 
284.969 299.879 281.811 
288.763 299.312 287.667 
287.801 297.022 292.794 
284.333 294.257 297.707 
279.410 290.028 299.496 
274.011 286.388 297.377 
270.323 283.072 293.543 
269.779 280.341 288.196 
271.952 279.580 281.091 
277.310 279.307 277.161 
283.623 276.481 276.886 
288.205 272.298 279.426 
289.242 266.230 282.332 
286.378 259.250 282.900 
280.049 255.335 280.830 
277.555 252.781 276.872 
273.953 253.513 271.146 
274.199 254.921 265.243 
276.343 258.784 259.483 
282.378 261.922 256.196 
287.837 259.284 254.085 
