182.441 233.497 97.118 
186.696 231.946 91.420 
192.989 231.429 88.383 
200.015 230.344 88.894 
203.711 227.765 94.094 
205.381 222.910 96.351 
203.849 216.643 99.583 
198.742 211.062 99.289 
195.271 208.004 95.454 
192.106 205.079 90.172 
193.571 203.241 84.058 
197.255 201.872 78.393 
203.357 199.639 76.917 
209.015 196.261 78.729 
212.031 192.034 82.685 
212.833 189.198 89.351 
210.294 185.480 93.299 
205.874 182.226 97.104 
198.608 180.466 96.867 
193.624 178.443 93.217 
192.505 173.418 88.445 
195.211 168.593 83.838 
200.144 162.940 83.566 
201.918 157.564 86.714 
202.785 154.094 93.165 
201.846 153.637 99.194 
198.417 153.691 104.258 
193.556 156.175 107.399 
187.100 158.372 106.380 
181.040 157.854 102.935 
177.511 152.936 100.165 
175.113 146.687 99.809 
174.080 141.170 103.055 
172.402 138.092 109.487 
174.783 138.722 116.686 
172.968 140.754 121.810 
172.065 145.485 125.619 
170.737 152.106 125.715 
167.809 157.989 124.263 
162.156 159.306 120.186 
156.358 158.055 117.315 
150.398 155.254 118.964 
145.838 152.494 122.925 
144.203 152.849 129.296 
143.447 155.468 135.547 
146.809 159.151 140.922 
147.728 164.393 142.376 
150.575 170.039 141.447 
152.323 175.668 138.005 
148.713 179.936 132.899 
144.308 182.832 132.130 
138.161 186.807 132.313 
134.607 188.817 136.695 
131.730 189.595 141.835 
131.845 192.128 147.955 
135.963 195.598 151.622 
141.539 198.450 153.655 
146.972 201.024 153.092 
151.960 201.999 148.931 
153.995 203.204 142.199 
151.033 207.005 137.311 
147.035 211.542 134.210 
145.401 217.868 134.845 
146.518 223.789 138.519 
150.053 227.557 142.920 
155.912 229.340 144.221 
161.823 229.681 145.591 
166.292 226.057 144.755 
171.884 222.126 142.341 
173.321 219.305 135.818 
172.695 220.483 129.021 
172.689 225.252 123.891 
174.788 231.318 122.030 
178.841 236.762 123.004 
184.044 239.401 125.878 
190.315 238.552 128.419 
194.803 234.387 130.463 
198.321 229.221 130.939 
199.482 223.364 129.694 
199.631 218.393 125.687 
198.920 216.287 119.099 
199.120 217.702 112.796 
203.004 220.596 107.716 
209.149 222.551 107.329 
215.784 222.950 108.318 
220.572 219.252 112.067 
222.357 213.895 116.380 
221.897 208.262 118.612 
221.143 202.944 119.469 
215.454 198.893 118.451 
211.438 196.094 113.327 
212.042 193.945 107.095 
215.102 190.030 103.388 
220.259 185.370 101.437 
225.641 182.263 103.475 
228.532 177.589 106.743 
228.593 175.588 113.375 
227.273 173.462 118.375 
222.405 172.224 123.171 
216.703 171.213 124.473 
210.563 170.081 122.406 
206.425 166.562 119.212 
205.518 162.109 113.539 
207.854 156.529 111.700 
208.484 150.040 113.175 
210.453 146.120 119.273 
209.770 144.621 125.329 
207.040 144.712 131.120 
204.163 146.366 135.849 
199.657 151.401 137.622 
193.850 154.127 137.424 
187.592 153.992 134.538 
182.659 150.430 130.356 
179.965 144.466 130.548 
178.064 139.595 134.674 
175.718 138.427 141.104 
177.022 138.577 148.247 
176.791 142.118 152.893 
176.235 146.496 156.116 
177.300 153.229 156.112 
176.991 159.504 153.239 
171.952 162.658 149.669 
165.178 163.490 148.167 
158.399 161.724 150.243 
154.728 161.916 154.737 
152.768 163.123 161.652 
155.860 165.650 168.118 
160.312 168.872 171.703 
163.318 174.283 172.141 
166.388 179.344 169.330 
168.034 184.634 165.774 
163.571 189.767 162.773 
157.470 192.786 160.730 
150.646 194.019 163.797 
146.976 194.343 169.285 
146.541 195.800 175.414 
149.673 196.188 182.116 
155.309 198.663 183.971 
161.152 202.576 184.587 
163.236 208.223 181.909 
162.979 214.069 178.050 
157.976 218.605 176.458 
152.162 221.734 176.526 
147.445 223.512 180.551 
144.335 223.949 186.909 
144.640 224.369 193.517 
162.674 231.302 189.629 
162.945 225.536 192.120 
161.287 218.985 193.598 
155.998 214.072 194.352 
150.007 212.239 191.561 
145.070 211.940 186.423 
144.709 212.158 179.813 
147.794 211.030 174.026 
153.657 209.956 169.776 
158.246 206.547 168.630 
162.985 202.230 172.215 
163.709 197.740 175.618 
162.316 192.037 179.089 
155.848 188.052 179.028 
151.216 185.315 175.586 
148.420 184.320 169.440 
149.942 182.569 163.519 
152.519 180.295 159.136 
158.003 179.530 156.079 
164.495 178.340 156.504 
168.544 175.362 161.598 
168.694 169.575 166.633 
166.213 163.688 168.338 
165.233 157.072 165.869 
162.842 152.809 162.526 
160.720 150.908 155.408 
162.380 149.574 150.100 
165.079 151.834 144.937 
169.863 155.410 142.606 
176.519 157.388 144.052 
182.224 155.195 147.610 
185.999 149.775 149.330 
188.235 143.359 148.257 
189.486 138.212 143.931 
189.761 136.723 137.348 
191.141 137.368 131.304 
191.627 140.618 125.922 
192.082 146.079 122.665 
193.366 152.574 122.759 
196.311 157.606 126.892 
201.803 158.416 131.296 
208.456 156.403 131.806 
213.851 153.670 128.559 
218.394 153.505 123.885 
220.363 155.331 117.832 
220.392 158.340 112.735 
217.813 162.492 108.204 
214.484 168.242 107.148 
210.473 172.743 110.975 
210.462 177.366 114.258 
213.367 181.484 119.422 
219.149 183.332 121.756 
224.724 186.256 120.958 
228.361 190.034 116.375 
231.121 191.528 111.738 
230.017 194.902 105.597 
226.036 199.500 103.609 
220.750 203.223 102.493 
215.387 205.792 103.573 
209.819 204.330 107.394 
208.889 204.001 114.237 
213.721 206.347 119.293 
216.878 211.679 121.574 
217.209 218.736 121.895 
214.691 225.657 120.578 
210.688 229.691 119.000 
204.841 232.438 115.850 
199.184 232.019 114.752 
193.782 228.768 114.207 
189.483 224.328 116.812 
189.296 220.207 122.879 
190.347 220.299 129.880 
188.618 224.135 134.857 
186.683 230.370 137.909 
182.457 235.490 138.244 
176.490 237.625 136.472 
170.253 237.722 132.730 
165.874 234.809 131.548 
161.843 230.210 130.313 
162.481 223.847 129.183 
163.676 217.170 132.167 
163.175 215.115 138.228 
163.377 214.975 145.163 
158.564 216.550 149.463 
152.288 218.017 151.976 
145.532 216.815 151.400 
139.556 214.874 147.846 
138.378 210.625 143.359 
139.022 206.515 139.074 
143.256 202.821 136.000 
148.461 197.880 137.742 
151.610 194.265 142.848 
149.664 190.475 148.088 
145.711 186.750 152.439 
140.190 182.945 151.062 
135.027 179.575 148.154 
134.752 174.818 144.509 
133.713 172.047 137.839 
135.806 170.349 132.864 
140.277 170.469 128.765 
146.346 171.857 125.845 
152.702 170.166 128.913 
156.476 167.992 134.459 
157.416 161.983 137.436 
156.801 154.993 137.735 
156.170 149.308 134.381 
155.378 144.645 129.015 
156.507 143.319 123.413 
158.050 144.089 117.817 
159.523 148.203 113.274 
163.462 153.273 111.599 
169.375 156.213 112.266 
175.614 154.825 115.881 
180.140 150.290 119.019 
184.508 145.269 117.358 
187.317 141.539 112.588 
188.822 140.608 105.706 
188.412 142.384 99.056 
187.520 146.423 94.370 
186.429 151.977 91.830 
185.479 157.944 93.025 
187.044 162.829 97.544 
191.990 165.083 102.148 
198.341 165.603 102.000 
205.445 165.160 100.738 
208.741 166.625 95.249 
207.727 167.367 88.147 
208.123 173.011 83.970 
204.282 176.980 80.614 
199.384 181.402 80.908 
195.291 185.577 84.110 
194.484 189.110 90.280 
198.957 191.989 94.601 
204.859 195.242 96.678 
209.006 199.763 94.114 
211.733 204.247 89.376 
210.908 209.171 84.609 
205.943 212.044 80.933 
200.968 215.987 81.041 
193.918 215.435 83.173 
191.038 213.560 89.042 
191.043 214.205 95.833 
191.460 218.362 102.368 
194.288 224.120 104.671 
196.478 230.461 105.379 
198.736 236.419 101.485 
