-0.672 2.797 137.605 
0.408 -3.344 134.927 
-1.302 -9.935 134.055 
-5.974 -15.116 135.541 
-12.233 -16.755 136.149 
-18.856 -15.153 134.310 
-23.313 -10.504 131.401 
-24.377 -6.106 127.862 
-29.163 -5.939 122.546 
-32.199 -9.298 118.207 
-36.325 -13.293 117.399 
-35.136 -16.867 129.851 
-29.961 -19.487 130.419 
-25.169 -23.257 127.321 
-22.526 -24.896 120.797 
-20.211 -21.009 115.252 
-20.480 -15.333 112.185 
-18.450 -10.103 110.051 
-13.432 -5.935 108.668 
-8.961 -0.824 110.851 
-3.093 -0.779 113.030 
3.146 -2.603 115.573 
6.755 -8.282 117.505 
8.118 -14.713 115.693 
8.757 -18.811 111.129 
7.388 -22.187 105.150 
7.824 -21.330 98.422 
8.959 -17.448 93.181 
11.406 -12.220 89.723 
16.639 -7.812 89.720 
22.385 -5.194 92.836 
24.422 -21.884 99.628 
24.634 -16.843 103.370 
23.076 -9.647 104.056 
18.359 -4.897 102.341 
11.952 -3.927 100.753 
6.350 -5.614 97.896 
1.636 -10.259 96.521 
-1.763 -14.651 99.997 
-3.284 -17.831 105.666 
-2.321 -19.984 112.306 
-2.809 -17.936 118.365 
-3.537 -13.179 123.615 
-6.193 -7.170 124.884 
-9.592 -1.961 123.591 
-13.566 1.511 127.445 
-16.376 1.496 133.523 
-18.144 -1.598 139.438 
-16.466 -5.450 144.099 
-12.195 -9.028 147.809 
-6.067 -11.949 148.941 
56.015 6.361 6.212 
52.081 4.092 7.392 
50.587 -2.042 9.908 
51.700 -8.800 10.511 
55.910 -14.304 8.798 
62.001 -16.452 7.999 
68.717 -15.595 9.967 
73.539 -11.565 13.243 
74.843 -7.430 17.043 
79.647 -7.371 22.310 
82.733 -10.740 26.567 
80.437 -26.238 15.786 
75.025 -24.645 17.346 
72.888 -26.370 23.960 
70.686 -22.491 29.533 
71.107 -16.873 32.666 
69.098 -11.655 34.871 
64.083 -7.497 36.381 
59.515 -2.423 34.240 
53.586 -2.475 32.168 
47.338 -4.390 29.685 
43.805 -10.129 27.785 
42.514 -16.559 29.638 
41.914 -20.633 34.228 
43.325 -24.016 40.193 
42.946 -23.162 46.929 
41.836 -19.275 52.179 
39.349 -14.070 55.654 
34.129 -9.628 55.614 
28.373 -7.039 52.533 
26.370 -23.816 45.883 
26.042 -18.786 42.116 
27.543 -11.569 41.395 
32.266 -6.787 43.022 
38.692 -5.793 44.565 
44.307 -7.450 47.413 
49.091 -12.048 48.737 
52.593 -16.279 45.168 
54.113 -19.403 39.471 
53.078 -21.569 32.835 
53.377 -19.455 26.749 
53.936 -14.589 21.556 
56.638 -8.564 20.323 
60.003 -3.330 21.851 
64.137 0.510 18.448 
67.116 1.070 12.473 
68.895 -1.405 6.281 
67.238 -4.709 1.196 
62.920 -7.673 -2.972 
56.679 -10.124 -4.550 
