23.507 57.019 -34.009 
19.960 57.669 -39.531 
15.370 56.100 -43.733 
20.153 51.507 -42.597 
15.445 47.482 -44.007 
9.576 45.099 -42.214 
5.075 43.458 -38.028 
9.377 38.004 -37.052 
8.710 39.878 -31.553 
7.504 43.291 -26.123 
8.351 47.779 -21.732 
13.537 44.563 -22.580 
17.587 49.292 -21.645 
18.942 55.199 -23.057 
18.487 60.273 -26.238 
14.668 34.999 -33.583 
17.891 34.145 -39.137 
22.602 35.179 -43.339 
18.113 40.032 -42.476 
22.487 44.473 -43.885 
28.358 46.652 -42.270 
33.089 48.230 -38.141 
28.989 53.822 -37.249 
29.430 51.967 -31.772 
30.783 48.778 -26.164 
30.137 44.183 -21.846 
24.902 47.759 -22.720 
21.283 42.762 -21.363 
19.655 36.799 -22.761 
19.304 31.737 -26.165 
18.711 62.099 -3.592 
15.466 62.809 -9.175 
10.948 61.786 -13.383 
15.118 56.888 -12.335 
10.490 52.889 -13.691 
4.642 50.556 -11.941 
-0.010 49.061 -7.648 
4.121 43.543 -6.770 
3.519 45.414 -1.206 
2.234 48.926 4.201 
3.369 53.609 8.600 
8.549 49.523 7.558 
11.927 54.663 8.952 
13.668 60.701 7.282 
13.908 65.928 3.586 
9.442 40.546 -3.420 
12.370 39.850 -8.936 
16.842 40.363 -13.037 
12.851 45.438 -12.209 
17.622 49.625 -13.553 
23.488 51.898 -11.989 
28.112 53.373 -7.821 
24.046 58.928 -6.907 
24.559 57.102 -1.344 
25.807 53.888 4.138 
24.978 49.314 8.496 
19.867 52.888 7.648 
15.802 48.139 8.866 
14.212 42.199 7.533 
14.097 37.007 4.617 
