17.552 -29.807 154.859 
17.156 -24.633 151.470 
18.751 -17.686 150.596 
23.132 -12.833 152.048 
29.549 -11.388 153.648 
35.292 -13.187 156.547 
39.955 -17.860 158.204 
43.471 -22.234 154.842 
45.043 -25.537 149.335 
44.525 -27.493 142.577 
44.578 -25.469 136.385 
45.681 -20.540 131.483 
48.142 -14.764 130.008 
51.835 -9.467 131.830 
55.839 -6.039 128.090 
58.110 -6.073 121.867 
60.164 -8.893 116.062 
58.266 -12.910 111.133 
53.335 -16.718 107.779 
47.266 -17.861 106.312 
14.926 -31.951 209.538 
15.381 -26.741 212.862 
13.933 -19.742 213.594 
9.628 -14.844 212.072 
3.194 -13.351 210.604 
-2.587 -15.085 207.738 
-7.344 -19.679 206.179 
-10.912 -23.931 209.641 
-12.496 -27.128 215.210 
-11.904 -29.030 221.979 
-11.763 -26.941 228.149 
-12.714 -21.943 233.021 
-15.040 -16.095 234.477 
-18.794 -10.799 232.550 
-22.966 -6.993 235.816 
-25.482 -6.428 241.942 
-27.626 -8.731 247.965 
-25.695 -12.158 253.345 
-20.677 -15.438 257.143 
-14.587 -16.187 258.810 
-10.096 -2.642 246.788 
-8.860 -9.160 244.450 
-10.041 -15.259 243.986 
-13.816 -21.197 245.762 
-20.056 -23.358 246.833 
-26.411 -22.550 245.124 
-31.910 -19.256 241.820 
-33.228 -15.054 237.577 
-38.134 -14.840 232.426 
-41.076 -18.954 228.011 
-46.666 -26.661 228.214 
-43.182 -30.208 233.881 
-40.500 -31.582 239.639 
-34.165 -32.809 237.358 
-30.903 -33.711 231.210 
-29.255 -29.847 225.513 
-30.127 -24.109 221.750 
-27.552 -19.175 219.812 
-22.539 -15.135 218.370 
-17.928 -10.064 220.419 
-12.079 -10.066 222.692 
-6.230 -12.579 226.119 
-2.894 -17.741 227.181 
-1.776 -24.360 225.725 
-1.118 -28.490 220.944 
-2.260 -31.500 214.862 
-2.737 -30.369 207.890 
-0.659 -26.874 202.895 
2.412 -21.904 199.462 
7.610 -17.708 199.323 
13.367 -15.252 202.545 
41.921 -4.201 117.873 
41.242 -10.728 120.410 
43.045 -16.628 121.146 
47.394 -22.236 119.676 
53.813 -23.822 118.728 
60.156 -22.062 120.094 
65.232 -18.096 123.128 
66.319 -13.619 127.171 
71.026 -13.028 132.499 
74.007 -16.903 137.081 
76.038 -23.018 126.112 
74.476 -30.011 126.023 
67.957 -31.278 127.868 
64.551 -32.148 133.935 
62.411 -28.188 139.418 
63.112 -22.389 143.122 
60.352 -17.544 144.981 
55.263 -13.554 146.271 
50.724 -8.479 144.053 
44.937 -8.490 141.679 
39.198 -10.993 138.051 
35.816 -16.119 137.007 
34.624 -22.717 138.528 
33.765 -26.726 143.372 
34.782 -29.683 149.497 
35.245 -28.486 156.448 
33.173 -24.962 161.387 
30.158 -19.994 164.827 
25.079 -15.699 164.978 
19.372 -13.090 161.811 
