158.689 136.591 112.869 
153.707 137.107 118.250 
158.741 139.812 122.897 
159.623 141.999 128.768 
163.181 146.742 133.054 
160.292 148.551 139.887 
155.284 146.194 145.146 
151.962 142.233 147.184 
150.715 135.104 148.388 
153.037 128.619 150.123 
158.123 123.872 148.994 
163.599 122.900 151.736 
168.239 124.202 156.086 
170.038 127.696 161.763 
170.262 132.203 166.605 
167.533 134.058 172.146 
163.120 131.332 176.721 
156.679 129.045 177.220 
152.153 124.390 174.354 
167.866 114.476 172.738 
163.520 114.289 166.612 
157.117 116.628 164.466 
153.583 122.290 163.912 
151.326 128.120 166.183 
152.226 134.501 164.897 
156.023 138.947 162.318 
161.282 140.682 158.591 
165.725 140.356 155.011 
169.887 137.713 150.447 
170.105 133.491 145.517 
166.271 130.170 140.662 
160.908 130.198 137.297 
153.842 130.567 136.342 
149.379 134.788 135.827 
147.792 141.368 134.587 
149.716 147.059 131.570 
154.481 151.054 132.145 
157.481 155.710 128.736 
154.786 160.988 126.380 
155.368 167.833 124.833 
158.767 173.540 122.479 
162.725 177.111 121.064 
167.789 180.398 118.776 
174.641 183.313 118.004 
181.065 180.711 116.028 
183.604 181.362 109.862 
186.019 182.397 104.254 
