48.837 88.781 67.878 
47.967 94.953 65.619 
48.864 101.470 65.993 
50.575 107.371 69.527 
55.828 109.948 72.926 
62.075 109.444 75.432 
67.965 106.213 75.162 
72.137 101.742 72.024 
73.871 98.900 66.189 
74.390 99.070 59.334 
75.419 102.964 54.176 
76.397 109.034 51.026 
78.390 115.542 51.457 
81.697 120.330 55.121 
85.680 122.170 59.418 
89.053 121.350 64.859 
93.416 118.191 68.524 
96.016 111.663 69.186 
98.997 106.477 65.342 
103.068 105.431 60.113 
107.870 107.980 55.986 
112.726 112.563 54.645 
116.889 117.422 56.745 
120.629 120.174 61.619 
122.160 120.296 67.914 
122.657 117.776 73.910 
121.719 112.391 77.652 
121.453 105.536 77.351 
123.511 99.900 73.606 
128.360 97.624 70.538 
134.707 96.467 69.439 
140.631 95.908 72.737 
144.013 96.251 78.319 
145.556 98.156 84.779 
143.275 98.376 91.017 
139.023 96.628 95.710 
133.132 93.950 97.129 
127.628 90.035 95.182 
127.208 83.886 93.000 
129.960 77.907 90.963 
133.321 73.473 93.428 
136.113 70.135 98.613 
137.423 68.742 104.316 
136.245 70.408 110.870 
132.319 72.360 115.648 
126.442 73.141 118.200 
120.224 75.927 116.453 
114.847 73.907 113.376 
111.575 69.506 109.477 
110.424 62.800 108.254 
109.911 56.746 111.138 
108.379 53.279 116.391 
107.221 51.440 122.200 
104.288 52.402 127.202 
101.087 56.182 131.761 
97.504 61.867 133.116 
93.820 66.747 131.004 
92.654 71.392 126.013 
89.557 70.552 119.810 
86.682 66.688 115.072 
82.154 62.003 114.027 
75.999 59.572 115.628 
70.693 59.091 118.853 
66.273 61.956 122.866 
63.497 67.606 124.927 
63.267 74.220 125.543 
65.349 79.997 123.594 
68.471 83.626 118.924 
69.234 84.388 112.477 
67.887 82.369 105.925 
62.639 82.451 102.220 
57.035 82.337 100.342 
50.906 85.579 101.374 
47.747 91.249 103.258 
46.421 96.828 105.260 
48.970 102.968 106.739 
53.303 107.555 106.945 
59.306 109.185 104.796 
64.218 108.118 100.258 
65.472 107.109 93.470 
63.114 106.408 87.080 
59.271 109.566 82.344 
56.865 115.119 80.371 
55.038 121.674 80.634 
57.022 127.650 83.260 
61.271 131.531 87.145 
67.427 132.181 89.882 
73.814 130.072 90.824 
78.950 126.831 88.248 
81.632 122.672 83.552 
83.167 123.777 77.116 
85.347 127.470 72.545 
87.636 133.064 69.855 
90.311 138.886 71.501 
93.908 142.313 76.189 
96.617 144.662 80.969 
100.243 143.307 86.044 
103.273 139.696 90.188 
103.936 133.374 92.856 
106.558 127.747 91.022 
108.929 123.439 86.140 
114.796 123.948 82.657 
120.010 125.672 80.618 
125.402 129.035 81.836 
129.066 134.174 84.995 
131.547 134.992 91.240 
132.105 133.149 97.419 
131.224 129.638 102.803 
129.031 123.946 105.477 
133.637 116.090 89.987 
127.218 116.658 91.528 
122.440 118.217 96.253 
120.320 123.854 98.757 
120.539 130.599 100.083 
120.286 135.836 96.543 
119.225 139.738 91.054 
117.887 141.206 85.346 
114.369 139.330 80.141 
111.380 134.757 75.763 
105.989 131.272 75.600 
102.730 125.963 78.708 
98.624 126.217 84.193 
95.486 128.400 88.846 
92.045 134.081 91.071 
87.595 138.036 88.878 
83.867 141.811 85.720 
79.549 141.825 80.776 
75.688 140.196 76.320 
72.685 135.407 72.902 
72.017 128.839 72.353 
71.225 123.033 74.835 
73.632 118.404 79.408 
73.640 118.333 86.333 
71.030 121.242 92.121 
65.896 123.890 95.443 
59.425 123.394 96.183 
53.062 121.296 94.457 
49.498 115.903 93.027 
47.690 110.227 91.254 
49.681 104.043 90.946 
54.757 99.454 90.304 
60.133 97.503 93.464 
63.892 98.136 98.996 
64.267 100.041 105.810 
61.440 98.459 111.205 
56.612 95.826 115.207 
52.445 90.637 116.085 
51.552 83.989 114.984 
51.950 78.223 113.204 
55.868 73.810 110.309 
61.561 71.532 108.243 
67.885 73.176 107.845 
73.118 75.318 111.066 
76.301 77.475 116.626 
76.398 77.474 123.528 
76.093 73.272 129.117 
76.265 67.201 131.657 
78.302 60.996 131.356 
80.754 55.401 128.160 
84.442 53.613 122.674 
88.757 55.334 117.748 
92.992 59.797 114.810 
97.146 64.703 115.810 
99.198 70.127 119.471 
103.248 70.605 124.856 
107.829 68.279 129.074 
112.927 64.606 129.717 
117.049 60.201 127.174 
120.680 58.169 121.735 
122.883 57.190 116.297 
122.987 58.770 110.040 
122.471 62.691 105.032 
119.004 68.348 102.808 
119.716 74.579 104.041 
121.304 79.961 108.060 
127.449 82.513 109.498 
133.242 83.577 109.820 
139.648 82.261 107.686 
143.711 81.652 102.375 
144.510 80.929 95.577 
142.470 81.603 89.189 
138.096 83.361 84.732 
131.535 85.415 83.489 
128.034 90.835 84.910 
127.831 97.491 87.110 
131.081 103.287 89.189 
135.261 107.734 86.525 
137.784 110.323 81.250 
139.043 111.339 74.509 
137.432 109.824 68.059 
132.782 107.316 63.985 
126.555 105.273 62.522 
120.333 103.435 64.557 
115.988 103.821 69.925 
112.554 108.885 73.054 
110.844 115.405 73.380 
109.736 121.599 70.431 
107.546 123.648 64.291 
105.214 123.620 58.628 
101.290 119.920 54.488 
97.958 115.210 51.995 
94.046 110.018 53.268 
91.215 105.808 57.752 
88.978 105.129 64.295 
85.506 109.556 68.525 
81.372 114.759 69.572 
75.772 117.358 67.151 
70.969 118.712 62.552 
66.437 114.736 59.174 
63.349 110.351 56.464 
62.586 103.323 56.912 
63.944 97.402 59.762 
64.864 94.626 65.548 
65.470 94.806 71.958 
61.832 97.098 78.022 
57.858 99.902 81.518 
51.379 101.093 82.325 
44.976 101.620 79.805 
