45.265 -14.128 -13.622 
45.113 -15.368 -20.604 
45.201 -19.834 -25.258 
44.104 -24.706 -28.030 
40.864 -26.967 -31.252 
40.371 -27.229 -36.831 
37.860 -30.950 -42.068 
32.116 -32.491 -43.753 
26.274 -30.400 -42.970 
24.898 -34.255 -39.085 
29.904 -36.373 -37.078 
34.654 -37.564 -33.611 
38.110 -36.605 -28.391 
39.341 -38.055 -22.845 
35.712 -38.757 -18.059 
29.599 -37.541 -17.069 
24.146 -35.848 -20.393 
19.287 -33.055 -23.363 
15.810 -28.519 -27.674 
16.030 -21.003 -28.613 
20.634 -17.886 -30.641 
25.333 -20.395 -33.797 
30.452 -19.005 -36.105 
28.009 -18.174 -41.739 
34.092 -15.819 -42.301 
39.170 -13.398 -39.332 
40.442 -15.759 -33.048 
34.746 -15.654 -29.592 
32.821 -14.601 -24.055 
28.701 -14.417 -18.699 
22.233 -15.639 -19.646 
17.713 -20.257 -20.262 
17.693 -25.164 -15.459 
18.218 -30.603 -11.864 
24.309 -31.140 -9.542 
29.032 -27.025 -11.084 
34.605 -24.744 -13.452 
36.849 -29.999 -12.977 
42.644 -33.328 -13.738 
47.825 -33.860 -17.844 
-24.900 -26.668 -22.310 
-22.635 -20.450 -21.748 
-22.169 -14.706 -18.754 
-23.201 -10.876 -13.281 
-22.185 -9.336 -8.202 
-23.729 -4.287 -5.764 
-22.910 -0.073 -0.499 
-18.076 2.191 2.844 
-11.989 2.359 2.320 
-10.644 -2.207 5.263 
-15.951 -5.156 5.955 
-19.951 -9.554 4.709 
-22.454 -14.325 2.242 
-22.243 -20.400 2.060 
-18.070 -25.401 1.118 
-11.505 -25.329 1.537 
-7.376 -20.933 1.886 
-2.770 -16.935 1.292 
1.070 -11.679 -0.778 
2.503 -8.130 -7.151 
-1.463 -5.098 -10.452 
-7.109 -3.216 -8.393 
-12.074 -1.435 -10.585 
-10.303 4.392 -9.497 
-16.506 5.253 -13.251 
-22.162 3.876 -14.931 
-19.619 -2.294 -18.532 
-15.044 -6.521 -17.051 
-11.723 -10.806 -18.739 
-7.224 -15.305 -19.947 
-1.206 -14.168 -16.715 
1.855 -15.811 -11.758 
1.005 -22.360 -8.972 
0.067 -27.204 -4.884 
-5.858 -30.549 -5.339 
-11.266 -30.497 -7.161 
-16.841 -28.814 -6.941 
-22.592 -26.620 -5.417 
-27.592 -22.132 -3.480 
-31.356 -17.535 -5.694 
