93.457 173.622 111.333 
87.550 171.288 112.904 
81.713 166.234 113.146 
81.274 160.005 109.667 
84.053 154.387 107.324 
88.800 149.964 108.578 
93.664 147.287 112.820 
96.356 147.340 118.857 
95.239 148.172 125.493 
91.409 149.086 130.729 
85.520 147.540 133.895 
80.520 143.556 134.577 
77.589 137.493 133.677 
77.963 131.119 131.935 
81.472 125.517 130.563 
86.847 122.459 129.604 
92.833 121.238 130.745 
98.612 122.566 133.708 
101.490 125.863 139.013 
100.299 128.347 145.514 
97.790 126.323 151.241 
94.937 121.464 155.292 
94.986 114.877 156.770 
97.964 109.166 157.214 
103.137 104.615 156.393 
109.635 104.029 154.464 
115.586 106.403 153.484 
119.517 111.716 153.898 
120.602 117.631 157.257 
119.366 120.920 163.309 
118.911 119.925 169.860 
121.113 117.096 175.332 
125.694 113.938 178.473 
132.450 111.978 178.279 
138.411 111.157 175.706 
143.359 112.923 171.394 
146.127 117.207 166.858 
145.564 122.761 163.543 
142.364 128.906 162.593 
140.914 134.148 166.600 
141.534 137.775 172.178 
145.815 139.940 176.427 
152.037 141.336 178.633 
158.273 142.160 176.890 
163.306 142.969 172.431 
165.718 143.252 166.123 
165.012 145.513 160.136 
160.765 147.061 155.415 
155.917 150.988 153.606 
152.073 156.422 154.932 
151.541 162.436 157.831 
154.395 168.085 158.796 
159.088 172.390 158.129 
164.411 175.198 155.906 
167.891 176.560 150.378 
169.780 175.416 144.043 
168.984 172.830 137.897 
164.921 170.443 133.636 
158.952 167.798 132.134 
152.363 168.863 133.419 
147.515 173.382 135.536 
145.538 179.369 135.087 
144.836 185.006 131.582 
145.463 188.251 126.113 
146.117 188.782 119.463 
146.393 186.070 113.444 
145.450 180.898 109.502 
143.700 174.809 108.521 
140.166 169.614 110.646 
134.873 167.749 114.050 
128.790 169.173 116.994 
123.238 171.960 115.359 
118.832 175.115 111.311 
116.568 175.537 105.219 
116.052 173.741 99.003 
116.510 169.027 94.164 
118.358 162.808 91.881 
118.785 156.591 93.057 
118.966 151.833 97.311 
117.109 149.506 103.128 
111.945 149.082 107.619 
105.492 150.293 109.026 
99.141 149.272 106.938 
95.256 145.709 103.118 
93.759 141.033 98.301 
95.668 135.096 95.450 
100.647 130.132 94.820 
105.446 126.906 97.823 
108.988 125.165 102.846 
109.711 124.677 109.432 
107.024 125.763 115.583 
102.577 123.062 119.167 
98.348 118.059 120.552 
95.876 111.982 119.468 
98.320 106.060 118.100 
101.699 101.238 115.355 
107.669 98.050 117.186 
114.267 97.592 117.528 
119.771 100.140 120.032 
123.387 105.258 122.707 
123.397 108.765 128.289 
120.536 110.505 134.236 
119.333 107.618 139.984 
119.413 102.568 144.279 
121.561 96.829 146.449 
126.371 92.110 146.997 
132.581 90.332 145.991 
138.723 91.540 143.951 
143.320 95.270 141.663 
145.489 101.455 140.752 
145.553 107.747 142.947 
145.211 111.843 148.404 
144.699 112.818 155.154 
148.476 111.391 160.257 
153.953 109.515 163.194 
160.467 107.937 163.079 
166.288 107.848 159.732 
170.052 109.727 154.552 
171.116 113.072 149.096 
169.148 117.719 144.241 
164.401 122.670 142.946 
162.800 128.627 145.904 
163.872 133.526 150.237 
168.382 137.239 153.956 
174.439 139.343 153.736 
180.456 140.276 150.344 
183.815 141.151 144.855 
184.767 140.669 137.872 
182.134 141.348 131.976 
176.592 142.287 128.026 
170.311 145.120 127.213 
167.621 151.118 128.763 
167.847 157.460 131.099 
171.327 163.005 130.299 
175.975 166.718 127.604 
178.550 168.514 121.779 
180.357 166.680 114.976 
177.745 165.232 109.866 
173.773 161.549 105.478 
167.282 160.185 104.426 
160.541 160.556 105.910 
155.808 164.634 107.429 
152.794 170.560 108.429 
152.588 176.731 106.377 
154.510 182.032 102.587 
157.724 184.648 97.173 
151.191 171.222 90.607 
157.719 167.564 91.053 
163.809 170.747 92.500 
167.738 174.455 95.868 
168.450 177.019 101.929 
166.711 178.586 108.313 
163.643 176.440 114.101 
161.454 171.210 117.396 
160.497 164.477 117.552 
163.128 158.520 116.173 
168.105 154.376 113.201 
174.474 153.317 113.303 
180.709 153.432 115.860 
184.781 155.035 121.044 
185.898 156.885 127.307 
183.132 157.563 133.236 
178.576 156.507 138.312 
174.002 153.541 140.863 
169.282 148.958 140.821 
167.383 143.105 137.717 
169.692 137.575 134.372 
174.126 132.472 135.338 
178.852 129.521 139.069 
181.129 127.789 145.406 
180.161 126.711 151.806 
176.158 125.778 157.421 
169.926 125.624 159.495 
163.680 125.068 158.876 
158.642 123.879 154.719 
156.995 120.383 149.042 
158.806 114.897 145.102 
161.265 108.534 145.106 
161.639 102.546 148.039 
158.437 98.333 151.925 
153.139 96.567 155.415 
147.202 97.338 158.326 
140.909 99.878 158.396 
136.097 103.451 155.489 
134.185 107.182 150.259 
135.327 109.075 143.695 
136.108 105.703 137.893 
136.682 99.819 134.237 
132.934 95.089 132.744 
127.588 90.893 132.764 
121.007 90.853 133.471 
115.034 93.403 134.466 
110.796 98.301 134.612 
109.007 104.344 132.941 
111.342 110.605 131.262 
114.506 113.443 126.367 
116.871 113.607 120.249 
117.033 111.503 113.978 
113.368 110.801 108.693 
107.659 110.208 105.704 
100.907 109.584 105.014 
95.421 112.644 105.994 
92.756 118.969 106.939 
92.100 124.809 110.564 
94.727 130.287 111.923 
100.355 133.956 113.190 
106.808 134.365 110.680 
110.566 133.912 104.947 
110.669 134.912 98.404 
108.832 138.478 93.321 
105.680 143.776 90.804 
102.892 149.614 91.214 
102.206 155.641 94.063 
103.275 159.690 99.286 
106.189 160.952 105.103 
111.451 159.851 108.845 
117.981 157.949 108.923 
123.883 156.906 105.527 
127.842 160.259 101.576 
129.873 165.278 97.584 
129.950 171.957 97.065 
129.500 177.961 99.585 
128.851 182.441 104.704 
128.570 183.762 111.080 
130.251 182.662 117.176 
132.294 178.092 121.362 
136.668 173.135 122.677 
142.658 170.435 121.024 
148.741 170.896 117.806 
154.075 174.622 117.483 
157.775 179.611 120.081 
159.353 184.214 124.529 
158.528 186.648 131.025 
155.577 185.766 137.196 
152.721 181.449 141.530 
151.125 175.455 143.575 
152.467 169.140 143.720 
156.052 163.957 141.160 
162.271 161.564 141.521 
167.853 161.045 144.345 
171.742 162.041 149.479 
171.723 161.928 156.216 
169.437 162.964 162.258 
164.748 161.632 166.681 
159.060 159.442 169.070 
153.624 155.974 168.433 
149.192 152.558 164.620 
149.386 147.023 160.935 
152.849 141.866 157.827 
156.467 136.837 159.686 
159.216 132.694 164.304 
159.396 129.829 170.101 
156.266 127.834 175.764 
151.030 126.976 179.509 
144.365 127.658 180.411 
138.214 128.234 178.285 
134.006 128.736 172.807 
133.105 126.825 166.569 
133.596 121.605 161.952 
135.738 115.199 160.520 
134.008 109.220 162.483 
130.349 104.946 165.674 
124.512 103.046 168.635 
118.027 104.551 170.398 
112.807 108.238 169.933 
109.086 113.185 167.579 
109.076 118.966 163.530 
111.570 121.461 157.460 
112.173 119.114 151.010 
110.920 114.821 146.160 
106.524 110.346 143.368 
100.086 108.473 143.430 
93.858 110.608 144.571 
88.562 115.081 145.519 
86.394 120.525 145.539 
86.914 127.406 145.592 
90.639 132.885 143.315 
95.552 134.965 138.972 
96.840 134.036 132.342 
95.148 132.219 126.211 
89.710 131.609 121.930 
84.620 133.906 119.975 
79.444 138.452 119.358 
77.075 144.225 121.076 
77.870 150.616 123.748 
81.682 155.277 125.888 
88.046 158.208 125.597 
94.084 158.391 123.391 
97.982 158.813 117.881 
98.912 158.317 111.192 
96.818 160.485 105.388 
91.658 163.974 101.896 
