230.757 268.985 331.708 
233.189 273.871 334.739 
238.072 275.096 339.208 
243.617 272.976 343.348 
248.297 267.971 343.087 
251.628 263.906 338.788 
254.337 262.784 332.617 
256.549 265.524 327.269 
259.564 270.076 324.218 
262.755 275.202 324.400 
267.552 277.829 325.277 
272.469 275.673 327.078 
277.823 273.221 328.093 
280.388 267.815 327.720 
282.244 261.998 327.893 
281.752 256.312 326.867 
279.604 252.269 321.429 
274.701 249.969 317.995 
269.729 251.327 314.037 
266.577 255.558 310.106 
266.543 260.974 306.354 
269.984 265.497 302.784 
275.844 267.748 300.058 
282.296 266.518 298.493 
287.275 262.139 297.606 
289.266 255.935 296.460 
288.115 249.960 293.994 
285.864 246.595 289.739 
280.976 246.413 285.613 
278.916 247.831 280.996 
277.181 251.772 276.239 
279.158 256.812 272.751 
284.426 259.420 269.839 
290.683 258.714 267.609 
295.625 254.645 265.612 
297.014 249.599 261.785 
295.865 243.656 258.990 
294.025 241.571 254.058 
290.336 239.618 249.377 
285.573 241.422 245.179 
284.671 245.842 240.326 
287.138 250.619 236.454 
292.467 253.559 233.763 
298.430 253.664 232.314 
303.494 251.703 231.377 
306.669 245.754 230.845 
307.474 240.689 228.472 
306.026 235.040 225.637 
303.169 232.495 220.518 
298.976 232.750 215.100 
296.037 236.380 210.162 
296.348 241.580 206.054 
300.015 246.485 203.189 
305.855 248.759 201.101 
312.193 247.657 199.424 
316.832 243.490 197.242 
318.764 237.812 194.273 
317.233 232.401 190.967 
313.382 229.053 186.780 
308.499 228.948 182.439 
304.859 231.914 177.913 
303.964 236.685 173.504 
306.452 241.601 169.728 
311.693 244.313 166.690 
317.796 243.835 164.398 
322.919 240.047 162.401 
325.143 234.167 160.051 
324.035 228.483 157.013 
320.486 224.876 152.944 
315.993 224.615 147.757 
310.937 227.366 144.109 
324.951 240.306 145.592 
319.332 243.014 147.512 
312.961 242.296 149.333 
308.130 238.277 151.758 
306.716 232.973 155.156 
308.006 228.401 159.491 
312.567 225.640 163.661 
317.620 226.203 167.929 
321.810 230.297 171.554 
322.904 236.154 174.348 
320.894 242.096 176.727 
315.914 246.042 178.853 
309.648 246.677 181.048 
304.166 244.074 183.674 
301.263 239.310 187.032 
301.400 234.101 191.082 
304.364 230.544 195.616 
308.447 229.950 200.565 
312.688 232.719 204.801 
314.586 237.897 208.713 
313.325 244.017 211.262 
308.682 248.534 212.844 
302.348 249.975 214.222 
296.017 247.480 214.214 
291.770 244.552 216.263 
291.653 239.491 221.206 
292.795 237.193 225.377 
295.209 234.048 230.150 
298.618 235.826 235.761 
302.239 239.900 239.658 
303.358 246.268 242.150 
300.460 250.864 245.235 
295.771 255.638 245.889 
289.040 256.630 246.513 
283.534 254.092 249.211 
280.762 249.904 253.723 
280.117 245.445 259.427 
283.139 241.697 263.997 
287.826 240.995 269.001 
292.531 243.772 273.093 
295.007 249.313 276.114 
294.021 255.595 278.133 
289.738 260.670 279.074 
283.495 261.788 279.660 
279.191 260.833 282.606 
274.327 257.315 285.076 
273.010 252.789 289.705 
274.882 249.512 295.157 
278.987 249.057 300.261 
283.057 251.895 304.403 
285.115 257.323 307.507 
283.952 263.145 310.108 
279.792 267.413 312.722 
273.946 268.729 315.502 
267.945 266.282 317.735 
264.490 261.735 320.968 
263.830 258.872 326.344 
264.860 259.125 332.839 
266.157 261.680 337.949 
266.838 266.127 341.428 
264.798 270.787 342.777 
263.510 276.763 343.659 
259.631 280.927 340.659 
254.160 282.558 336.574 
250.091 282.750 331.030 
247.123 278.674 326.541 
244.884 272.690 324.394 
243.392 266.097 325.777 
242.822 260.785 330.309 
240.742 258.066 335.608 
238.604 259.538 342.380 
