202.507 228.993 180.624 
206.713 223.006 182.607 
205.572 215.513 184.135 
199.931 210.885 186.264 
193.767 207.165 183.912 
189.563 206.432 179.364 
187.946 206.487 172.641 
188.425 206.923 166.759 
190.982 207.188 159.936 
196.569 208.495 156.390 
202.928 207.246 155.897 
207.532 202.472 156.896 
209.267 196.337 158.201 
208.335 189.369 158.680 
204.203 184.244 156.602 
201.446 181.259 151.474 
200.160 181.266 144.981 
200.309 184.249 138.978 
203.878 187.774 134.247 
209.661 190.874 131.971 
216.905 192.006 132.379 
222.299 189.452 133.193 
227.557 184.743 133.773 
225.217 170.804 133.832 
222.345 167.413 127.898 
221.252 166.727 120.649 
221.353 167.826 114.858 
223.737 171.649 109.430 
228.315 176.861 107.617 
234.599 177.462 106.724 
241.689 177.105 109.219 
246.192 171.793 112.427 
247.547 164.268 112.455 
247.208 157.875 110.673 
245.582 154.141 104.784 
247.899 169.720 95.953 
240.889 167.947 93.914 
234.770 165.223 96.777 
232.552 160.521 102.416 
233.876 159.133 108.695 
237.599 161.338 114.927 
238.127 165.672 118.777 
238.726 172.155 121.679 
236.028 178.413 119.477 
231.313 181.681 118.787 
225.114 183.809 116.636 
219.453 181.989 118.562 
214.782 178.682 121.808 
212.232 175.613 126.546 
213.624 172.309 133.231 
216.466 173.682 138.758 
219.973 178.639 143.019 
221.157 184.995 143.710 
218.585 191.416 143.062 
213.448 195.850 142.454 
207.312 197.515 141.973 
195.084 192.902 144.647 
191.857 191.060 151.047 
193.223 189.344 156.879 
194.542 190.633 162.743 
199.182 193.012 167.457 
202.159 198.480 169.776 
206.053 204.012 168.712 
205.466 209.649 166.749 
201.912 216.001 165.399 
196.236 218.228 166.686 
190.587 217.753 170.638 
187.419 217.022 177.316 
188.089 216.166 184.522 
192.114 216.973 189.363 
198.154 217.744 192.989 
