177.389 267.621 305.840 
172.302 271.003 302.656 
171.160 277.524 301.198 
172.218 284.365 301.566 
177.098 289.131 302.099 
183.227 291.590 302.218 
189.367 290.823 299.366 
192.611 287.630 294.342 
192.797 284.019 288.400 
190.695 282.657 282.536 
189.233 285.289 277.220 
187.502 289.610 272.614 
191.325 292.938 271.037 
195.271 296.523 268.750 
201.056 297.039 268.832 
207.005 295.904 269.941 
211.912 294.210 272.282 
215.465 288.646 274.146 
214.707 282.153 276.147 
211.670 276.469 278.785 
206.747 272.402 276.808 
201.765 270.308 272.733 
200.446 269.310 266.427 
201.199 269.493 259.590 
205.902 269.464 254.708 
212.622 266.935 253.215 
218.327 264.586 255.419 
221.654 259.851 257.994 
221.910 253.630 261.376 
219.770 248.472 265.445 
215.482 243.141 264.685 
210.278 239.466 261.512 
208.789 237.736 254.323 
210.585 236.573 248.126 
214.810 236.391 242.586 
221.557 236.551 240.391 
227.966 235.242 242.681 
231.426 231.066 246.778 
231.357 224.986 249.826 
229.429 218.538 250.764 
226.594 212.959 248.261 
223.503 208.190 244.166 
223.568 206.673 237.470 
226.801 208.064 230.686 
232.600 211.144 226.788 
238.853 213.415 226.783 
245.414 214.699 229.343 
249.360 211.055 233.741 
239.267 196.147 224.536 
238.199 197.066 232.010 
239.208 200.963 238.526 
241.505 206.943 242.770 
241.210 214.657 242.341 
238.345 219.384 238.538 
233.494 221.299 234.417 
227.568 221.541 231.235 
221.358 220.656 232.924 
216.605 218.796 237.579 
215.411 219.971 243.867 
216.680 221.041 250.764 
219.584 225.126 255.448 
223.631 230.626 257.516 
226.062 236.690 255.904 
226.564 242.678 252.347 
223.150 247.015 248.112 
216.862 248.606 246.484 
210.543 248.952 247.536 
206.379 249.023 253.435 
204.932 251.172 258.400 
206.328 252.529 264.710 
209.960 255.998 269.630 
214.505 261.025 270.523 
217.486 266.458 268.316 
218.368 271.976 264.597 
215.262 276.944 260.932 
208.918 280.606 258.948 
203.693 282.675 261.925 
199.127 282.834 266.980 
197.314 281.714 273.264 
198.849 282.633 279.422 
201.312 285.146 283.973 
201.934 290.440 286.717 
199.674 295.699 287.552 
195.835 299.844 287.564 
190.189 301.172 287.399 
184.045 301.172 286.856 
179.190 298.299 285.635 
175.345 292.655 285.805 
175.060 285.781 285.282 
178.252 280.001 286.074 
182.804 276.778 289.873 
187.733 275.738 294.285 
190.665 277.222 300.331 
189.363 280.447 306.135 
185.342 283.708 310.525 
179.154 284.608 312.851 
172.770 282.982 314.045 
