174.152 266.872 307.041 
169.301 270.345 303.633 
167.666 276.872 302.425 
168.298 283.707 303.284 
172.816 288.697 304.312 
178.935 291.268 305.087 
185.176 290.847 302.653 
188.875 288.288 297.617 
189.449 284.806 291.694 
188.253 283.604 285.652 
187.108 286.494 280.423 
185.209 290.939 275.959 
188.990 294.675 274.896 
192.785 298.330 272.586 
198.491 299.499 273.048 
204.172 298.592 274.608 
209.136 297.087 277.090 
212.807 291.643 279.051 
212.154 285.029 280.894 
208.752 279.273 282.957 
203.978 275.299 280.520 
199.667 273.234 275.598 
199.204 272.459 269.062 
200.443 272.946 262.151 
205.274 273.100 257.750 
212.547 271.973 257.567 
217.780 268.635 258.825 
220.652 265.047 264.148 
220.565 258.329 265.514 
217.848 252.465 268.483 
213.207 247.617 267.512 
208.452 244.257 263.556 
207.273 243.009 256.191 
209.366 242.762 250.004 
214.148 243.507 244.923 
221.192 243.934 244.065 
227.133 241.971 246.677 
230.104 236.805 249.956 
229.370 230.452 252.282 
226.976 224.313 252.121 
224.116 219.252 248.490 
220.984 215.428 243.412 
221.292 214.058 237.140 
225.156 215.886 231.251 
231.383 218.358 227.409 
237.054 219.898 227.319 
243.845 219.600 229.522 
246.901 215.447 233.864 
247.433 209.553 236.546 
239.389 203.431 219.829 
236.154 200.138 225.910 
234.501 202.317 233.023 
235.333 206.951 238.936 
237.985 212.284 243.766 
238.769 219.950 244.037 
237.005 225.189 240.490 
233.087 228.585 236.149 
227.406 229.643 232.486 
221.007 228.659 233.711 
215.962 225.846 237.479 
214.164 226.465 243.914 
214.713 227.088 250.933 
217.460 230.388 256.388 
221.265 235.353 259.498 
224.019 241.711 259.199 
224.855 247.970 256.157 
222.140 252.952 252.163 
215.962 254.922 250.129 
209.436 255.276 250.723 
204.981 254.004 256.200 
203.090 254.850 262.100 
205.748 256.552 267.553 
208.948 259.724 273.124 
213.346 264.461 274.237 
216.305 270.126 272.407 
217.484 275.521 268.797 
214.138 280.673 266.096 
207.954 283.968 263.042 
202.310 285.687 265.520 
197.384 285.527 270.215 
195.117 284.254 276.378 
196.107 284.836 282.560 
198.338 286.893 287.402 
198.253 291.718 290.510 
195.796 297.072 291.656 
191.723 300.722 291.418 
186.302 302.076 291.003 
180.120 301.598 290.389 
175.455 298.675 288.379 
172.172 292.896 288.269 
172.075 286.093 287.074 
175.455 280.350 288.017 
179.814 277.025 291.801 
184.293 275.966 296.759 
186.676 277.359 302.978 
185.201 280.370 308.936 
180.705 283.225 313.085 
174.348 283.722 314.935 
168.063 281.613 315.607 
