180.359 200.731 238.363 
176.822 197.962 241.756 
170.946 194.769 243.267 
164.794 192.623 241.196 
161.115 190.464 235.887 
159.645 187.584 230.903 
161.765 185.073 224.940 
167.115 181.898 221.960 
172.546 177.849 223.590 
175.342 173.075 227.851 
173.448 167.718 231.690 
169.497 162.576 233.460 
164.099 158.656 232.388 
159.188 155.876 228.089 
157.064 155.336 221.925 
158.158 155.621 215.764 
162.241 157.208 210.445 
168.726 157.486 208.570 
175.065 154.713 209.642 
178.375 149.079 211.088 
178.663 142.416 210.615 
177.030 137.132 207.538 
174.669 134.513 201.261 
172.522 134.762 195.265 
170.760 137.552 189.528 
171.088 142.613 185.305 
173.332 148.694 184.074 
178.199 153.484 185.762 
184.985 153.495 186.461 
190.897 150.755 185.220 
194.723 147.668 181.024 
196.266 144.822 175.216 
195.366 144.813 168.677 
192.658 147.697 163.354 
188.563 152.092 160.068 
186.871 158.359 159.205 
185.898 164.279 161.743 
188.571 169.477 165.362 
194.254 171.827 168.104 
200.798 172.808 167.334 
205.207 174.617 162.785 
207.769 175.705 157.258 
207.851 178.432 151.677 
205.100 182.471 146.903 
200.587 185.646 144.427 
194.825 189.808 145.526 
191.615 193.316 149.358 
189.132 194.164 155.726 
191.816 195.519 162.006 
197.286 197.735 165.622 
202.233 201.880 165.697 
204.439 207.848 164.230 
203.843 214.050 162.610 
200.384 219.303 161.308 
195.215 223.142 161.043 
188.313 223.480 162.126 
183.244 221.462 165.028 
180.471 217.671 170.103 
181.863 215.339 176.269 
185.754 215.224 182.078 
187.312 219.486 186.385 
187.936 225.373 189.506 
185.360 231.154 190.691 
180.336 235.211 191.012 
173.859 236.780 190.729 
167.339 234.834 190.444 
162.755 230.367 191.649 
161.074 224.503 193.422 
163.279 218.616 196.169 
166.190 216.384 202.008 
168.713 217.593 208.125 
167.169 220.312 214.004 
162.769 222.636 218.259 
156.520 224.058 220.187 
149.892 222.868 219.905 
144.890 219.229 216.489 
143.450 213.663 212.801 
144.900 207.842 210.437 
147.996 202.046 210.929 
153.048 198.470 213.880 
153.613 195.444 219.338 
150.763 193.095 225.162 
145.150 191.383 228.166 
139.551 188.579 227.041 
134.443 186.353 225.011 
131.823 182.475 220.512 
130.829 179.772 214.299 
133.354 177.822 208.343 
138.534 178.593 203.873 
144.617 175.153 204.224 
149.961 172.509 207.716 
150.845 166.626 210.929 
149.528 160.021 211.602 
145.810 154.645 211.466 
141.977 150.487 207.981 
138.554 148.935 202.403 
138.284 148.891 195.984 
139.165 151.989 190.417 
143.183 155.235 186.405 
149.552 157.042 185.403 
155.929 154.858 185.208 
160.772 150.097 186.590 
161.983 144.315 183.897 
161.552 139.705 179.533 
159.073 137.089 173.703 
156.061 137.967 167.991 
153.357 143.051 163.668 
153.889 148.431 161.011 
155.198 154.889 160.441 
159.085 159.942 163.642 
165.831 161.474 163.864 
172.094 160.625 162.293 
176.662 158.447 157.488 
177.531 156.944 151.438 
175.396 159.033 144.798 
172.236 162.970 140.663 
167.732 168.158 138.870 
165.646 174.007 140.227 
164.569 179.001 144.329 
166.591 183.194 149.702 
172.517 186.349 151.145 
179.307 187.496 149.814 
182.632 190.551 145.103 
183.286 193.261 138.794 
180.641 197.642 134.381 
175.914 202.446 133.028 
171.350 206.485 134.779 
166.854 210.024 139.098 
165.484 210.412 146.095 
167.811 210.574 152.741 
172.226 213.968 156.570 
178.652 216.526 157.452 
182.736 221.584 155.506 
183.179 227.371 152.113 
180.279 232.287 148.551 
165.149 229.517 158.409 
163.671 226.351 151.929 
166.254 225.697 145.558 
171.656 225.072 141.402 
177.260 221.533 140.226 
182.606 217.664 141.969 
184.526 212.313 145.702 
182.696 207.697 150.364 
177.149 204.383 153.038 
170.251 202.964 152.540 
166.235 200.296 147.319 
164.634 198.006 141.822 
165.620 193.671 136.410 
169.093 189.869 132.659 
174.624 185.223 131.879 
178.289 181.486 135.209 
180.850 178.058 140.068 
181.476 175.885 146.275 
178.224 174.532 152.189 
171.814 174.496 154.801 
165.028 173.902 153.370 
161.449 168.657 150.892 
160.555 162.866 147.623 
162.557 156.316 146.619 
165.318 151.025 148.575 
168.900 147.281 153.446 
170.431 147.138 159.742 
170.650 149.283 166.052 
167.591 152.793 170.565 
161.674 155.880 171.990 
154.820 155.659 170.930 
149.404 151.456 170.013 
146.303 145.765 171.722 
145.475 141.387 176.753 
146.956 138.775 182.428 
150.199 138.318 188.321 
152.999 141.456 193.850 
154.528 147.089 197.004 
154.762 153.606 197.250 
152.382 159.687 194.727 
146.259 162.274 194.026 
139.502 162.076 194.131 
135.088 161.559 198.791 
132.529 160.375 204.871 
133.441 161.686 211.239 
136.819 163.955 216.495 
141.880 167.369 219.588 
145.202 172.854 219.576 
149.386 176.534 215.369 
148.361 181.499 211.495 
144.676 185.619 208.038 
139.796 190.001 207.805 
135.690 194.409 210.334 
134.677 198.221 215.490 
134.863 200.200 222.090 
138.550 202.057 227.212 
144.278 205.512 228.284 
151.134 206.144 227.909 
155.986 207.170 224.014 
158.830 206.512 217.737 
156.847 207.048 211.159 
152.601 210.539 206.986 
149.618 216.277 205.657 
149.383 222.782 205.760 
152.730 228.440 206.793 
157.781 232.106 208.979 
164.156 233.052 207.909 
170.634 231.167 206.595 
174.554 226.656 203.983 
175.163 220.874 200.145 
173.123 218.550 194.286 
169.899 219.063 188.355 
169.516 223.006 183.120 
171.101 228.519 179.441 
176.002 232.396 177.849 
182.267 233.964 177.072 
188.847 232.504 177.135 
193.748 227.934 178.218 
195.980 222.115 177.364 
194.571 215.612 177.399 
191.351 210.720 174.063 
187.100 209.019 168.982 
184.805 210.558 162.639 
186.701 211.415 156.553 
191.633 211.093 152.020 
197.959 209.971 150.029 
203.735 206.420 151.514 
207.057 201.691 155.361 
206.659 196.288 159.307 
203.311 191.570 162.526 
198.088 187.567 162.769 
191.682 186.303 160.415 
189.126 182.952 155.005 
189.652 179.274 150.103 
192.752 174.141 147.407 
196.629 168.643 148.614 
199.722 164.872 150.622 
203.478 162.211 155.951 
203.972 160.930 162.247 
201.728 160.602 168.053 
197.421 162.731 172.720 
190.728 162.831 174.005 
184.387 161.026 171.870 
180.949 155.964 169.230 
180.055 149.558 168.431 
181.106 143.300 169.992 
183.767 138.363 173.404 
185.909 136.717 179.994 
187.250 138.091 186.275 
187.131 141.478 191.914 
185.007 147.211 195.055 
179.999 151.571 195.369 
173.146 152.351 195.697 
166.876 149.572 194.922 
163.367 145.234 198.125 
162.174 141.252 203.103 
163.203 138.836 209.094 
166.332 140.014 215.622 
169.273 143.993 219.909 
172.411 149.625 221.984 
174.434 155.888 220.539 
173.064 161.263 216.302 
167.613 165.357 215.410 
161.422 167.415 217.124 
156.713 168.346 222.042 
156.159 169.379 228.531 
158.974 169.893 234.465 
164.467 172.518 238.779 
169.368 176.607 238.997 
174.234 180.585 236.580 
176.533 184.175 231.422 
175.313 187.843 225.589 
171.316 192.989 224.411 
165.735 196.934 226.167 
163.261 200.451 230.591 
163.376 204.456 235.846 
168.319 208.823 238.563 
