179.793 205.202 237.336 
175.297 203.162 241.762 
170.229 198.986 242.509 
164.558 196.137 239.738 
161.478 194.177 234.149 
160.575 190.320 229.953 
163.580 188.029 224.107 
168.215 184.618 222.041 
173.921 180.724 224.347 
175.955 176.619 229.165 
173.810 171.106 233.220 
170.606 166.051 234.744 
165.436 162.014 233.991 
161.109 158.861 229.437 
159.234 157.913 223.235 
160.596 157.249 217.331 
164.494 158.816 212.129 
171.093 159.125 210.383 
177.350 156.700 211.930 
180.782 151.576 213.718 
181.707 145.152 213.749 
180.500 139.576 210.953 
178.915 136.378 205.294 
176.436 135.882 199.175 
174.988 137.967 193.293 
175.553 142.531 188.297 
177.264 148.346 186.853 
181.693 153.570 188.355 
188.629 154.022 189.446 
194.444 151.368 188.364 
198.571 148.464 184.693 
200.650 145.181 179.135 
199.896 144.718 172.702 
197.572 147.172 167.149 
194.241 150.883 163.279 
191.803 156.714 161.798 
190.364 162.545 163.666 
192.543 167.924 167.136 
198.119 171.395 169.895 
204.532 172.344 169.217 
208.895 174.248 164.757 
211.584 175.157 159.349 
211.969 176.983 153.725 
209.222 180.336 148.323 
204.640 182.957 145.686 
199.112 187.142 146.358 
195.516 191.141 149.216 
192.705 192.207 155.283 
194.726 194.407 161.495 
200.132 196.888 165.165 
204.365 201.351 165.300 
206.461 207.425 163.575 
206.204 213.289 160.971 
202.171 218.129 159.365 
196.960 221.275 157.998 
190.511 221.899 159.585 
185.247 220.041 162.308 
182.321 216.866 167.656 
183.334 214.825 173.640 
187.208 215.358 179.562 
188.224 219.812 183.589 
187.991 226.140 186.453 
185.460 231.652 187.266 
180.438 235.567 186.485 
173.942 236.898 186.165 
167.771 234.691 186.192 
163.312 230.235 187.317 
161.586 224.799 189.392 
163.816 219.050 192.442 
166.484 217.216 198.669 
168.872 219.150 204.746 
166.912 221.918 210.437 
162.215 224.856 214.435 
155.969 225.765 215.909 
149.262 224.441 215.549 
144.741 220.192 212.079 
143.615 214.442 209.081 
145.285 208.497 207.199 
148.630 202.999 208.009 
153.724 200.041 211.561 
154.253 197.321 217.393 
151.445 195.064 222.997 
145.978 193.288 226.141 
140.525 190.317 225.109 
135.219 187.946 223.071 
133.146 183.385 218.778 
132.891 180.416 212.708 
135.158 177.773 207.317 
140.456 178.652 203.110 
146.471 175.312 203.374 
151.761 173.673 207.302 
153.296 167.509 210.635 
151.866 161.342 212.129 
148.510 155.780 212.531 
145.077 151.241 209.091 
141.854 148.879 203.839 
141.754 148.500 197.513 
142.802 150.986 191.668 
146.697 153.911 187.620 
152.869 155.732 186.377 
159.468 154.010 186.847 
164.387 149.464 188.651 
166.012 143.981 186.043 
165.637 138.615 182.492 
164.102 135.563 177.066 
161.177 136.123 170.854 
158.776 140.412 166.026 
159.253 145.534 162.885 
160.193 151.954 161.602 
163.663 157.193 164.795 
170.256 159.161 165.453 
176.408 158.446 163.850 
181.458 156.101 159.481 
182.428 153.984 153.677 
180.721 156.177 147.060 
177.827 159.963 142.718 
172.969 164.245 140.080 
171.012 170.086 140.396 
169.576 174.885 144.512 
170.487 179.742 149.191 
176.172 183.347 150.537 
183.478 184.065 149.282 
186.011 187.528 144.834 
186.581 190.207 138.265 
184.448 193.470 133.925 
179.413 197.507 131.680 
175.189 201.529 133.083 
170.836 205.540 136.945 
169.028 205.865 143.906 
171.207 206.554 151.180 
174.830 211.012 153.911 
180.902 214.451 154.781 
184.537 219.165 153.040 
185.057 224.415 148.900 
181.866 228.528 144.637 
166.627 226.388 154.777 
165.738 223.009 148.360 
169.219 221.794 142.501 
174.237 220.755 138.182 
180.364 217.837 137.650 
185.473 214.410 139.769 
187.303 208.970 143.809 
185.249 204.819 148.420 
179.893 201.390 151.408 
172.984 199.793 150.468 
169.843 196.386 145.628 
168.391 194.374 139.690 
170.615 189.758 135.096 
173.388 185.384 132.485 
179.339 181.147 131.869 
182.811 177.793 135.713 
185.123 174.620 140.443 
185.649 172.860 146.525 
182.479 171.599 152.602 
176.021 171.647 155.170 
169.326 170.758 153.803 
166.025 165.257 151.429 
166.130 159.231 148.908 
168.595 152.821 148.566 
170.694 147.787 151.243 
173.922 144.536 156.733 
174.968 144.668 162.746 
175.110 147.198 168.266 
171.936 151.050 172.407 
166.002 154.332 173.407 
159.011 153.575 172.246 
154.090 149.171 171.893 
151.173 143.959 174.430 
150.496 139.258 178.962 
151.473 137.772 184.946 
154.744 137.880 190.990 
157.207 141.683 196.106 
158.055 147.155 198.902 
157.759 153.845 198.811 
155.393 159.455 195.423 
149.282 161.537 194.475 
142.771 161.250 194.726 
138.243 161.203 199.415 
135.578 160.418 204.926 
136.197 162.075 211.257 
139.008 165.101 216.401 
143.907 168.720 219.504 
146.914 174.094 219.060 
151.155 177.841 214.811 
150.016 182.388 210.664 
146.135 186.171 206.867 
141.026 190.161 206.225 
136.830 194.646 208.145 
135.378 198.680 212.897 
135.234 201.175 219.219 
138.809 203.833 223.982 
144.303 207.517 225.095 
151.218 208.269 224.824 
155.925 209.436 221.085 
159.127 208.215 215.140 
157.397 208.334 208.496 
152.985 211.187 203.766 
149.834 216.721 201.890 
149.746 223.253 201.499 
152.833 228.878 202.414 
157.291 233.072 203.800 
163.601 234.162 203.478 
170.171 232.267 202.173 
174.508 228.056 200.051 
175.395 222.053 197.138 
174.020 219.083 191.308 
170.640 219.180 185.166 
170.513 222.472 179.699 
172.242 227.400 175.469 
177.170 231.624 173.987 
183.339 232.594 173.351 
189.655 231.855 173.782 
194.241 227.761 175.157 
197.052 222.159 175.252 
196.266 216.059 175.323 
193.470 210.498 172.219 
189.392 208.047 167.065 
187.112 208.969 160.767 
189.483 209.225 154.772 
194.724 208.709 150.714 
200.763 207.563 148.946 
206.623 204.428 150.701 
209.943 200.362 154.852 
209.636 195.685 159.543 
206.513 190.772 162.860 
201.406 186.870 163.581 
195.270 185.013 161.041 
193.461 180.859 155.753 
194.107 177.005 151.370 
197.968 172.237 149.123 
201.446 166.662 151.361 
204.510 163.191 153.461 
207.588 160.420 158.878 
208.251 160.505 165.304 
205.698 160.211 170.710 
201.199 162.519 175.277 
194.621 162.443 176.397 
188.538 160.302 174.055 
185.394 154.887 171.808 
184.907 148.412 171.449 
186.317 142.383 173.545 
188.682 138.197 177.734 
190.277 137.185 184.388 
191.203 139.022 190.628 
190.873 142.684 195.408 
188.462 148.681 198.161 
183.059 152.463 197.978 
176.509 152.999 198.223 
170.253 149.800 197.080 
166.975 145.778 200.655 
165.727 142.428 205.961 
166.202 140.764 211.979 
169.286 142.607 218.453 
171.971 146.937 222.607 
174.370 152.625 224.260 
176.147 158.554 222.467 
174.895 163.893 218.150 
169.436 167.610 216.852 
163.432 169.508 218.167 
158.384 170.462 222.982 
158.046 172.157 229.069 
160.719 173.414 235.337 
165.897 176.377 239.341 
170.444 180.589 239.096 
174.358 184.672 237.103 
176.519 188.157 231.844 
176.251 191.344 225.685 
172.570 196.359 224.259 
166.571 199.360 224.910 
163.383 203.128 228.757 
163.135 207.040 234.557 
167.155 212.110 236.137 
