201.921 206.640 180.746 
198.863 201.214 183.110 
196.568 195.100 181.380 
196.869 189.826 177.993 
198.461 186.846 171.544 
202.051 186.345 166.166 
207.489 188.209 162.214 
213.673 189.591 162.525 
219.003 191.938 165.683 
223.164 190.700 170.627 
225.481 186.338 175.098 
225.880 180.422 178.178 
226.629 173.849 177.627 
228.287 169.018 173.369 
231.487 167.328 168.014 
234.644 168.385 162.109 
239.071 172.146 158.916 
243.299 177.001 158.378 
247.630 181.506 161.119 
251.585 182.550 166.436 
254.963 180.114 172.083 
257.186 174.967 175.367 
258.921 168.454 176.127 
264.396 159.574 167.354 
268.056 159.777 162.923 
272.218 162.004 158.489 
276.774 166.477 155.747 
280.230 171.974 156.824 
284.202 176.588 161.320 
287.438 175.012 168.114 
289.503 169.843 173.257 
291.632 162.743 174.884 
295.855 158.327 172.814 
299.600 172.359 162.351 
299.551 166.313 158.295 
293.251 161.821 157.402 
287.875 158.079 161.393 
283.918 158.794 168.048 
281.066 163.518 173.299 
278.204 169.508 174.602 
275.946 175.343 171.922 
273.441 178.203 166.451 
269.751 177.509 162.189 
265.456 174.811 159.184 
261.268 170.353 157.619 
256.620 166.519 159.124 
252.484 162.931 163.312 
249.902 162.918 169.751 
248.011 166.653 174.619 
246.766 173.104 177.197 
244.505 179.100 175.794 
241.097 183.549 171.609 
232.951 183.716 161.513 
228.084 179.720 159.269 
223.889 174.161 159.751 
218.825 173.183 163.376 
215.342 172.219 169.358 
212.907 175.855 174.221 
212.752 181.166 178.205 
213.114 187.351 180.015 
213.732 193.550 177.798 
214.466 198.035 172.864 
210.270 200.561 168.207 
204.605 200.212 164.902 
198.223 197.851 163.700 
192.686 197.924 166.858 
188.258 198.388 170.756 
