200.794 230.766 181.347 
203.916 225.058 183.748 
203.986 218.165 185.051 
200.352 212.780 185.892 
195.240 208.699 184.300 
190.446 207.104 179.714 
188.005 205.923 173.725 
187.258 206.219 166.785 
190.254 208.581 160.849 
196.742 210.621 157.529 
203.542 208.811 156.839 
208.004 204.444 157.756 
209.046 197.771 159.385 
208.031 191.505 160.315 
206.227 186.117 157.125 
202.760 182.680 152.244 
201.409 182.983 146.088 
201.619 185.102 139.681 
204.404 189.767 135.594 
209.717 192.569 133.395 
216.394 194.353 133.732 
222.077 191.565 134.743 
226.674 187.004 136.746 
226.448 172.650 134.292 
225.586 169.294 128.507 
222.511 169.779 121.571 
222.986 171.153 116.124 
225.813 173.534 109.840 
230.376 179.251 108.216 
236.464 180.093 108.129 
242.857 178.582 110.949 
248.011 175.003 112.777 
249.970 168.147 112.401 
248.339 161.053 111.719 
247.265 157.660 105.799 
250.053 174.401 96.042 
243.458 170.594 95.117 
238.860 165.909 97.513 
236.324 162.728 103.226 
236.276 161.655 109.944 
239.244 162.481 116.326 
241.505 167.859 119.348 
240.893 173.850 121.391 
238.228 180.252 119.449 
234.108 183.981 119.775 
227.935 185.906 116.547 
222.364 184.740 118.545 
217.128 181.801 121.770 
214.124 177.611 125.873 
214.948 174.438 132.278 
217.480 175.110 138.756 
220.761 180.005 143.100 
221.572 186.253 145.220 
219.497 192.935 144.693 
214.719 197.178 143.715 
208.410 198.817 143.684 
199.587 197.964 145.285 
194.586 193.832 146.099 
192.127 192.194 151.370 
192.391 191.978 158.165 
195.850 191.393 164.039 
198.693 195.091 168.501 
203.114 199.904 170.228 
204.576 205.759 170.190 
205.108 211.899 167.852 
200.825 216.847 168.068 
194.068 219.317 167.935 
187.756 217.514 171.412 
184.579 214.764 177.909 
185.601 216.915 185.119 
190.821 217.352 190.387 
196.826 218.983 193.478 
