182.468 187.598 251.102 
175.902 187.773 249.255 
171.438 193.075 247.374 
170.487 199.515 245.502 
172.580 203.695 240.995 
176.356 206.154 236.855 
180.887 204.487 232.581 
182.489 199.678 227.833 
181.556 192.922 224.536 
177.132 189.029 221.678 
172.083 188.845 217.729 
166.444 191.317 214.307 
163.622 196.718 211.872 
164.546 202.773 208.756 
167.691 206.412 205.594 
173.255 209.226 203.772 
178.998 209.078 201.395 
185.245 205.797 201.495 
186.378 199.520 199.494 
184.959 195.828 193.697 
182.999 195.618 187.287 
181.368 197.835 181.200 
181.771 203.235 176.915 
184.928 208.505 174.179 
190.161 211.962 175.000 
195.759 213.716 177.234 
200.820 212.053 180.438 
204.413 206.970 182.460 
206.156 200.813 180.112 
207.022 196.508 175.583 
209.614 195.736 169.447 
214.708 197.758 166.136 
219.566 202.203 163.799 
223.593 207.493 164.638 
226.929 211.951 168.201 
230.000 213.098 173.499 
230.606 211.940 179.957 
229.202 207.663 185.502 
230.622 202.604 187.337 
233.539 196.775 185.191 
239.304 194.234 183.753 
245.958 194.860 183.436 
251.380 198.331 184.980 
254.733 203.471 188.038 
255.375 207.894 192.860 
254.836 209.979 198.794 
249.636 210.846 202.874 
245.952 207.600 207.421 
244.989 201.668 209.879 
247.382 195.968 212.813 
251.908 193.646 216.891 
257.255 193.211 221.020 
262.882 196.086 223.171 
265.612 201.158 226.510 
263.177 205.877 230.884 
259.711 211.127 233.333 
254.597 213.452 234.995 
247.858 213.185 233.256 
243.163 208.865 233.867 
241.037 202.666 235.861 
241.349 198.254 240.688 
241.807 198.239 247.703 
242.111 199.224 253.421 
240.591 203.449 258.367 
237.193 208.468 260.574 
232.395 213.559 258.812 
229.367 217.564 255.624 
224.827 217.611 250.995 
221.052 213.914 247.263 
217.680 207.935 246.534 
213.118 205.101 250.052 
209.155 203.121 255.270 
205.373 206.069 259.099 
202.140 210.374 261.676 
199.432 216.701 262.236 
197.757 222.266 259.643 
195.581 224.997 254.447 
195.700 224.970 248.152 
195.121 222.295 242.242 
191.728 217.194 239.452 
187.668 211.712 239.551 
180.925 210.971 240.961 
175.288 213.800 240.290 
170.524 218.782 240.666 
169.521 224.443 238.598 
170.934 230.642 235.593 
174.746 233.204 230.673 
178.164 232.719 225.177 
181.077 229.415 220.299 
182.195 223.407 217.485 
178.411 219.276 214.314 
173.820 218.757 209.474 
170.052 220.089 205.221 
168.920 225.134 201.943 
168.649 231.067 199.134 
172.010 235.127 195.906 
177.673 239.632 196.100 
183.873 239.708 194.466 
189.884 238.161 197.312 
193.869 232.895 195.665 
194.019 226.499 193.091 
193.365 223.547 186.931 
193.223 224.237 180.952 
194.019 226.753 174.631 
195.837 231.385 170.133 
200.744 235.999 169.274 
206.229 238.515 171.544 
211.561 241.050 174.784 
214.096 239.610 180.924 
217.910 234.703 183.220 
220.295 228.203 182.485 
222.189 222.757 178.869 
227.280 222.826 174.408 
231.327 224.595 170.981 
236.806 228.984 170.023 
240.740 233.542 170.897 
243.178 237.071 176.107 
244.184 238.132 182.133 
242.081 238.750 188.508 
238.521 234.751 192.980 
240.477 228.837 195.647 
244.974 224.030 196.337 
251.067 220.829 196.104 
256.947 223.002 197.993 
261.434 227.353 200.752 
262.849 232.092 204.000 
261.610 237.375 208.628 
258.048 239.387 213.326 
253.118 238.594 217.240 
247.381 235.342 219.292 
248.738 228.931 222.742 
252.508 224.507 224.823 
257.183 224.968 229.873 
260.943 225.898 234.658 
260.707 229.565 239.926 
259.592 234.517 242.927 
255.097 238.881 245.113 
249.033 241.739 245.032 
243.213 239.782 246.838 
238.959 236.511 244.013 
235.169 231.387 247.411 
235.313 226.059 250.466 
236.694 223.626 255.944 
238.938 222.294 262.064 
242.172 225.518 267.222 
239.188 229.205 270.646 
240.930 234.912 271.327 
236.484 240.217 271.508 
222.925 225.640 270.404 
223.131 230.179 265.734 
225.458 235.817 264.568 
230.306 239.445 261.439 
235.781 241.556 261.943 
240.964 239.654 264.174 
246.707 236.850 261.058 
250.395 230.782 260.700 
249.761 226.490 256.240 
248.109 222.415 252.777 
246.955 222.658 245.780 
244.130 225.094 241.068 
242.783 230.713 236.966 
243.370 237.380 236.258 
249.094 240.835 234.686 
254.388 242.194 233.472 
260.697 240.816 230.906 
264.258 237.193 227.680 
265.382 231.213 223.921 
262.154 227.097 219.806 
259.322 223.555 216.569 
252.941 222.979 213.475 
247.577 227.236 211.807 
247.122 233.775 209.919 
249.452 239.528 205.497 
252.830 239.768 200.040 
256.056 238.050 194.345 
256.480 234.495 189.527 
255.787 228.768 185.470 
250.451 225.182 183.852 
244.054 223.648 184.334 
237.690 224.045 186.499 
233.677 229.541 187.698 
232.827 235.636 186.906 
232.759 239.991 181.431 
232.124 241.777 175.107 
228.093 239.610 170.682 
224.139 236.131 167.666 
219.646 230.615 166.989 
215.831 226.106 168.200 
211.404 224.452 172.179 
209.275 224.756 178.209 
209.726 227.508 184.448 
207.151 233.797 185.988 
202.748 238.693 183.637 
198.255 241.923 181.937 
191.917 241.096 179.381 
187.266 237.511 179.685 
183.176 231.954 180.756 
181.553 226.611 184.067 
181.491 223.886 189.596 
184.872 222.660 195.086 
186.785 225.271 200.987 
187.570 230.834 204.782 
184.196 235.658 206.963 
178.179 238.321 208.536 
172.421 236.705 209.979 
167.821 234.164 212.244 
164.750 230.009 215.588 
163.823 223.562 218.200 
166.665 218.274 220.128 
172.307 216.270 224.208 
179.244 217.386 225.106 
183.742 221.591 226.876 
184.737 227.167 230.057 
182.855 230.307 235.645 
180.265 229.659 241.911 
179.172 227.358 247.666 
181.125 222.374 251.301 
182.874 216.395 253.961 
186.921 212.332 253.082 
191.159 208.960 250.027 
196.672 209.449 247.107 
201.155 214.183 244.334 
204.234 220.115 245.466 
207.780 222.335 250.286 
210.185 223.255 256.454 
212.974 218.982 261.191 
215.118 214.518 264.560 
217.919 208.012 264.021 
220.245 202.996 260.962 
224.586 201.540 256.264 
224.559 201.645 249.634 
227.436 205.741 245.374 
231.252 211.062 244.451 
235.554 216.251 245.730 
241.361 216.334 248.995 
247.661 213.856 249.948 
251.222 209.113 250.261 
253.865 202.973 248.325 
252.199 198.306 243.394 
250.753 195.979 238.081 
247.476 197.111 232.446 
246.407 201.536 227.640 
246.267 207.916 225.592 
250.966 211.827 223.081 
256.781 212.444 220.288 
262.241 210.610 216.976 
264.298 205.336 213.673 
264.561 200.756 210.186 
261.816 196.982 205.599 
256.967 194.603 202.056 
250.746 193.851 200.213 
244.384 196.286 201.023 
241.308 201.958 199.824 
242.135 208.808 198.737 
243.018 212.003 193.057 
245.150 212.402 186.950 
246.142 210.481 181.368 
245.138 206.327 175.940 
240.889 201.831 173.334 
235.499 198.321 172.970 
230.761 196.351 174.828 
225.796 196.471 179.740 
221.459 200.884 181.699 
218.873 207.330 181.030 
217.864 213.249 177.741 
215.105 214.416 172.234 
210.818 212.643 167.038 
206.362 210.276 164.057 
202.281 204.464 165.184 
199.016 200.280 167.377 
195.864 197.801 172.753 
196.349 197.700 179.691 
198.312 201.111 185.223 
195.835 206.557 188.095 
191.612 211.257 188.080 
185.013 213.230 186.835 
179.035 212.858 186.189 
174.051 208.264 187.053 
172.190 202.791 189.738 
171.851 197.289 193.894 
175.532 194.847 199.257 
178.821 192.869 203.433 
182.672 196.685 207.988 
181.278 201.371 212.113 
177.494 207.145 213.895 
172.190 206.486 217.933 
167.794 205.241 220.683 
163.576 201.094 224.143 
165.078 196.793 228.717 
168.251 191.297 230.540 
174.142 188.212 232.114 
180.718 189.767 232.199 
184.526 192.997 236.387 
186.191 197.914 239.442 
184.729 203.373 243.968 
182.476 203.709 250.156 
178.472 201.474 255.279 
