372.685 339.844 281.743 
369.799 341.628 287.438 
367.265 343.826 292.904 
367.474 350.062 293.315 
368.569 356.571 295.788 
371.720 362.139 293.210 
372.770 365.703 287.265 
371.297 368.362 280.247 
368.009 364.280 275.400 
361.428 366.038 272.266 
355.331 367.231 274.758 
349.828 370.309 276.857 
347.729 376.343 278.939 
348.196 383.082 277.543 
352.439 387.477 275.575 
354.578 390.894 269.028 
356.286 389.386 262.696 
355.302 385.320 256.803 
349.758 381.861 252.646 
343.933 382.052 252.165 
337.677 383.844 251.727 
332.432 388.628 254.677 
330.524 395.294 253.321 
333.392 401.107 249.117 
337.078 402.933 243.115 
336.227 402.072 235.730 
334.251 399.494 230.210 
325.293 395.529 227.421 
326.776 396.127 233.316 
333.311 394.318 235.325 
340.095 392.323 237.521 
343.660 394.091 239.685 
345.259 397.611 245.730 
344.003 399.330 252.065 
343.928 395.672 257.208 
341.735 392.319 260.310 
337.514 386.597 260.890 
337.949 379.767 260.334 
344.456 376.593 260.360 
348.644 376.327 261.256 
354.932 374.236 264.475 
357.338 378.139 267.212 
356.230 378.593 273.882 
361.321 379.379 277.131 
360.707 379.996 284.278 
358.058 375.666 288.298 
356.913 368.777 288.756 
356.250 361.746 285.608 
358.877 357.605 281.954 
363.969 355.536 278.226 
370.621 356.372 276.764 
377.060 355.918 279.471 
379.517 352.859 283.969 
379.856 353.866 290.839 
380.899 351.955 296.250 
373.809 409.146 464.700 
375.949 407.616 458.291 
370.827 404.578 458.127 
365.455 402.753 453.274 
362.098 407.182 450.112 
358.925 406.680 443.272 
364.534 406.663 438.775 
362.371 404.097 432.801 
366.602 398.920 429.180 
365.834 392.160 432.647 
363.304 389.273 437.529 
360.146 384.360 434.676 
354.468 384.404 431.397 
349.862 386.891 428.243 
344.136 386.701 426.132 
342.384 388.838 421.080 
340.997 389.162 415.361 
342.316 387.222 408.570 
346.089 382.949 404.604 
347.557 376.300 403.642 
348.859 370.100 406.918 
346.477 364.700 411.714 
340.606 362.668 416.316 
333.586 362.453 416.898 
328.305 361.102 414.322 
323.419 361.043 409.878 
323.370 359.975 403.197 
323.898 353.869 399.795 
331.197 345.275 415.690 
333.962 347.638 410.412 
337.072 349.950 404.471 
337.116 354.336 399.312 
337.469 359.572 400.875 
334.318 366.436 401.852 
331.139 370.083 406.395 
331.966 371.459 412.433 
334.551 372.659 419.030 
341.295 372.399 420.855 
348.138 373.608 419.554 
353.367 376.547 416.400 
355.442 383.393 413.533 
354.621 390.436 414.986 
350.452 395.482 418.199 
348.652 396.515 425.380 
347.666 395.644 432.842 
350.139 392.600 437.935 
355.322 389.762 440.525 
362.564 390.398 441.558 
369.199 393.274 440.676 
373.146 398.750 437.735 
372.610 405.661 440.449 
369.843 412.061 443.272 
365.879 414.313 449.414 
366.207 412.361 455.747 
365.357 410.838 462.665 
