226.934 213.571 228.779 
228.866 215.861 223.825 
235.598 218.734 222.338 
240.857 219.168 223.345 
246.614 219.254 227.289 
249.625 215.396 231.729 
250.375 209.255 234.019 
248.889 202.528 234.230 
247.304 196.005 230.531 
248.126 193.199 224.627 
250.943 193.173 218.261 
256.374 194.919 214.530 
262.415 197.262 213.683 
268.628 199.030 215.313 
274.137 198.603 218.168 
277.329 193.631 221.329 
276.923 188.421 225.694 
273.762 182.984 227.760 
270.152 177.387 226.953 
267.759 173.346 224.181 
268.185 169.436 217.702 
284.360 178.717 216.223 
280.414 181.383 210.769 
274.340 181.807 209.327 
267.363 182.065 209.517 
262.122 182.012 213.865 
260.313 183.052 220.385 
261.883 185.904 226.306 
264.644 189.003 231.436 
266.267 195.149 233.231 
266.109 201.418 231.152 
262.673 205.572 226.847 
259.620 208.233 222.516 
254.844 208.991 218.524 
248.962 207.199 216.641 
243.543 202.680 217.232 
238.861 200.622 222.931 
237.635 201.947 230.305 
238.481 206.088 236.676 
240.412 212.509 240.312 
240.856 220.095 239.851 
238.622 225.127 236.505 
