224.529 206.332 228.538 
223.229 212.801 227.229 
219.503 219.155 226.086 
214.983 223.124 229.626 
211.136 226.177 233.209 
209.034 224.426 239.868 
209.495 223.452 246.081 
213.927 219.573 250.529 
220.329 219.041 252.210 
226.302 219.687 252.298 
231.863 224.079 252.193 
233.493 230.604 250.039 
232.790 236.961 250.596 
230.141 242.117 253.696 
228.172 244.914 258.734 
226.697 244.270 265.519 
227.099 240.008 270.565 
231.337 236.365 275.121 
236.721 232.746 276.351 
242.881 230.847 274.954 
248.801 233.010 272.622 
252.803 238.448 271.163 
253.085 245.375 270.777 
253.847 250.139 273.998 
252.167 254.959 278.633 
250.437 255.216 286.195 
260.588 243.010 287.727 
254.338 241.408 287.990 
247.688 240.638 289.458 
242.762 244.072 286.490 
239.737 248.315 282.021 
240.707 251.110 275.911 
243.345 250.056 269.586 
245.494 245.764 265.171 
245.175 239.625 262.327 
243.802 232.888 263.024 
238.948 228.454 264.251 
232.653 226.807 265.615 
226.214 228.324 265.680 
220.033 232.503 264.686 
217.666 235.396 259.521 
217.030 236.641 253.399 
220.380 237.108 247.361 
221.596 234.237 243.543 
225.843 230.228 240.264 
227.461 223.827 240.888 
227.690 217.750 243.004 
222.301 213.086 242.760 
215.962 211.133 242.176 
208.989 212.827 240.369 
205.687 215.762 234.126 
206.159 218.048 228.074 
