199.183 230.233 179.964 
202.880 224.530 181.528 
202.415 217.853 183.061 
198.287 212.702 184.931 
193.509 208.440 183.495 
188.354 206.439 179.800 
185.592 205.631 173.492 
185.861 206.193 166.300 
188.339 207.990 160.830 
194.511 208.756 157.435 
201.379 207.651 157.738 
205.617 203.089 158.451 
207.867 196.727 160.052 
206.774 190.149 161.052 
204.148 184.679 158.494 
201.687 181.498 153.041 
200.009 181.428 146.670 
200.851 183.889 140.464 
204.243 187.852 136.035 
209.611 191.395 134.520 
216.677 192.382 134.939 
222.245 190.411 137.154 
227.017 186.042 138.523 
226.081 171.545 137.436 
224.183 167.398 131.440 
222.647 167.518 123.968 
222.877 168.262 118.189 
226.246 172.248 112.894 
230.378 177.282 111.082 
236.750 178.526 110.634 
243.765 178.040 113.606 
248.318 173.173 117.332 
249.321 165.501 117.781 
249.757 158.926 115.734 
249.175 155.173 109.549 
254.831 172.723 102.135 
249.269 169.101 99.786 
242.796 165.371 101.067 
237.832 162.318 106.150 
237.365 160.236 113.572 
240.222 162.488 120.345 
241.135 167.599 123.908 
240.565 173.922 126.394 
237.488 179.716 123.662 
233.165 182.319 122.920 
226.892 184.410 121.606 
220.803 181.593 121.724 
216.371 178.669 124.710 
213.613 175.119 129.273 
215.132 172.158 135.787 
216.907 174.134 142.031 
219.905 178.822 146.264 
220.451 185.174 147.443 
217.846 191.621 147.108 
213.322 196.213 145.000 
207.166 197.958 144.007 
194.326 193.084 146.454 
191.400 191.258 151.679 
190.822 190.468 158.397 
193.733 190.767 163.973 
197.385 193.336 168.377 
200.464 198.424 171.334 
203.251 204.741 170.470 
203.048 211.242 167.644 
198.588 216.291 167.091 
192.700 219.328 167.520 
186.710 219.533 171.016 
182.803 218.064 177.022 
183.977 217.628 183.774 
187.920 217.772 189.113 
194.116 219.480 192.232 
