225.695 207.921 237.460 
226.156 211.087 231.265 
231.569 214.377 227.071 
237.808 216.946 226.689 
244.282 217.432 229.027 
249.298 214.943 233.230 
251.820 209.892 236.538 
252.264 203.086 236.718 
250.877 196.898 234.901 
248.848 192.701 229.102 
248.817 191.455 222.283 
252.510 192.381 216.674 
257.413 195.423 213.303 
263.247 198.450 213.007 
269.235 200.735 214.268 
274.739 198.899 216.702 
278.280 193.724 219.474 
279.074 187.776 222.337 
277.210 181.252 222.214 
274.341 175.990 219.562 
271.319 172.185 214.263 
271.155 172.943 206.939 
274.125 174.977 201.257 
279.942 176.422 198.337 
286.775 176.705 197.746 
284.877 163.432 209.454 
288.483 166.922 212.653 
290.817 173.225 212.718 
288.691 179.373 211.282 
285.131 183.822 207.275 
278.298 185.473 204.156 
273.259 186.295 205.127 
266.752 185.844 208.132 
263.949 183.675 213.939 
263.883 182.322 220.542 
265.566 185.180 225.975 
267.151 190.267 229.407 
267.218 196.464 230.432 
265.709 202.702 227.838 
262.280 206.460 223.759 
257.074 207.986 220.105 
250.835 206.732 217.258 
245.004 203.989 218.857 
240.838 200.309 222.756 
238.460 199.435 228.949 
239.089 200.210 235.720 
240.682 204.565 240.663 
242.214 210.915 242.853 
241.838 217.742 241.904 
238.137 222.450 239.035 
