202.109 161.832 273.242 
207.877 165.280 276.786 
209.754 172.058 275.186 
214.886 176.367 271.542 
215.035 181.413 265.810 
211.060 184.312 261.871 
205.424 184.829 258.207 
198.438 183.859 258.300 
193.518 185.200 262.509 
190.391 186.932 267.916 
189.651 191.046 273.090 
190.888 196.324 276.352 
192.059 202.676 276.068 
193.789 208.478 273.156 
193.674 212.019 267.990 
192.024 212.950 261.773 
188.861 211.407 256.215 
183.732 208.343 253.554 
178.108 205.330 255.405 
173.342 203.508 260.148 
168.645 207.603 263.380 
165.993 213.627 263.952 
164.870 220.445 263.183 
163.362 225.710 259.091 
161.071 227.503 252.109 
159.212 225.480 246.549 
158.388 221.404 241.825 
156.363 215.428 240.122 
154.338 210.038 243.861 
148.785 207.867 247.290 
143.053 209.592 250.163 
137.581 212.806 250.128 
132.558 214.016 246.215 
129.895 213.465 239.678 
129.611 211.784 233.434 
131.321 208.109 228.302 
133.487 202.803 225.163 
137.549 197.804 225.805 
140.952 193.333 229.639 
138.367 188.820 234.147 
133.646 185.956 237.724 
127.848 183.231 237.069 
123.455 179.961 233.565 
121.906 177.122 227.882 
123.872 174.024 222.435 
127.904 171.577 217.711 
133.762 169.307 216.493 
140.382 168.698 218.115 
144.022 166.277 223.186 
144.205 162.789 228.708 
141.534 158.265 232.355 
139.788 152.434 232.437 
138.433 146.744 229.649 
138.804 141.891 226.344 
141.615 138.339 221.200 
146.513 137.674 216.698 
152.360 139.557 213.590 
158.348 141.834 214.530 
162.398 147.049 216.919 
164.191 148.366 223.554 
163.707 146.657 230.199 
165.346 141.428 234.102 
168.604 135.956 235.550 
173.328 131.875 233.981 
179.135 130.329 231.448 
184.509 131.941 228.517 
188.688 136.389 225.792 
190.228 142.328 224.358 
189.703 148.691 225.816 
188.472 152.785 230.895 
188.078 153.320 237.721 
192.136 152.503 242.591 
197.404 150.342 245.972 
203.860 150.246 245.669 
209.642 151.330 243.404 
213.931 155.151 239.946 
215.199 160.255 235.599 
213.994 166.403 234.260 
209.274 170.028 230.892 
205.748 175.179 232.903 
203.603 177.134 239.198 
205.396 177.771 245.573 
208.618 181.510 249.463 
212.566 185.257 252.457 
218.511 189.431 251.567 
219.703 193.438 246.704 
218.403 197.057 241.127 
213.738 199.147 236.826 
208.081 201.004 235.320 
202.017 202.385 236.285 
196.926 201.762 241.184 
195.855 205.073 246.738 
195.931 210.228 250.241 
195.391 216.538 249.960 
195.742 222.154 246.894 
194.660 225.660 241.373 
194.724 227.194 234.607 
191.539 225.462 229.128 
186.969 222.177 225.937 
184.062 216.319 224.045 
178.285 213.497 226.400 
173.650 213.038 231.697 
169.224 217.438 234.472 
165.086 222.798 234.157 
162.623 228.046 231.011 
160.073 230.263 225.444 
159.208 229.986 219.081 
158.753 226.822 213.678 
157.955 221.545 210.295 
158.361 214.885 209.712 
156.659 209.304 212.242 
151.691 206.190 216.230 
146.037 206.724 220.165 
139.620 208.252 219.023 
134.694 208.037 214.966 
131.474 207.271 208.770 
132.189 204.085 203.215 
134.705 200.154 198.435 
139.566 196.536 196.128 
144.932 192.736 196.944 
148.361 189.087 201.265 
146.885 184.591 206.001 
143.162 179.991 208.669 
138.526 175.221 207.930 
135.247 171.868 203.893 
134.617 169.326 197.288 
137.173 168.671 191.381 
141.900 166.882 187.449 
147.631 166.158 185.754 
153.691 164.161 186.665 
159.530 162.131 189.916 
160.134 156.373 193.914 
157.308 150.893 196.341 
153.976 145.550 196.397 
150.457 140.695 191.677 
149.834 138.226 186.397 
148.236 136.873 179.584 
152.653 133.632 177.146 
158.389 131.369 175.401 
165.244 131.132 175.872 
171.469 134.242 177.387 
174.704 135.876 183.047 
175.074 136.548 190.092 
174.168 133.324 195.586 
174.045 127.859 199.208 
171.087 121.485 200.219 
173.086 115.732 197.465 
175.829 111.447 193.238 
181.027 110.060 189.429 
187.328 111.176 187.798 
193.244 113.588 189.429 
197.482 115.527 194.112 
187.659 102.678 203.367 
186.756 108.582 206.209 
187.587 115.118 206.010 
189.020 120.576 202.578 
189.497 123.625 196.759 
188.013 123.906 190.341 
184.108 121.165 185.618 
177.645 119.659 183.211 
170.791 117.470 185.753 
165.124 119.047 188.872 
161.496 124.137 190.555 
161.388 130.053 193.690 
164.365 136.419 194.803 
167.739 141.079 191.092 
168.038 144.148 185.505 
166.495 146.709 179.804 
161.406 149.203 176.526 
155.646 150.863 175.006 
148.502 151.264 177.596 
143.903 148.274 180.971 
141.602 148.678 187.192 
142.686 151.244 193.481 
145.819 154.221 198.006 
148.920 158.873 201.199 
151.995 164.552 201.636 
153.904 170.008 198.499 
152.611 174.444 193.933 
148.196 177.454 190.399 
142.227 179.114 189.305 
135.811 180.146 191.045 
131.724 181.661 195.607 
130.149 184.162 201.388 
131.821 186.974 206.753 
135.300 190.051 210.860 
141.477 191.891 212.378 
146.857 194.900 209.892 
149.663 198.335 204.723 
147.417 203.392 200.551 
144.470 209.246 199.661 
143.048 215.014 202.316 
140.818 218.957 207.335 
140.983 219.928 214.278 
143.286 219.198 220.486 
148.372 217.912 224.278 
154.280 214.729 225.223 
159.705 211.667 222.530 
164.587 213.801 218.281 
168.206 218.612 215.358 
170.588 224.463 216.339 
172.326 230.274 219.778 
172.809 233.074 226.052 
175.732 231.325 231.648 
176.975 227.441 236.648 
177.577 221.729 239.854 
179.220 215.355 239.656 
182.697 211.076 236.233 
187.857 210.281 231.671 
193.044 212.687 228.406 
198.711 214.391 230.402 
203.651 217.131 233.928 
207.192 217.635 238.851 
209.521 216.011 244.652 
209.565 211.581 249.871 
207.539 206.123 252.740 
205.222 200.249 252.558 
201.482 195.942 248.918 
202.109 193.776 242.762 
205.597 192.055 237.225 
211.447 190.887 234.974 
217.662 188.492 236.054 
223.343 186.005 239.004 
223.413 179.237 241.794 
219.912 174.654 246.683 
215.436 170.347 247.169 
209.441 168.223 248.319 
203.079 167.006 246.861 
200.033 165.950 240.667 
200.455 165.077 234.054 
202.689 160.530 230.181 
205.122 154.734 228.684 
206.186 148.637 230.575 
203.840 143.533 233.560 
199.684 140.097 237.458 
193.929 139.325 240.231 
187.687 141.217 241.290 
182.823 144.883 239.472 
179.881 148.241 234.605 
178.972 148.335 227.947 
179.445 145.200 222.031 
177.775 139.795 218.992 
174.024 134.022 219.254 
169.697 130.146 220.787 
163.941 129.067 224.461 
159.088 131.408 228.889 
157.286 137.461 232.220 
156.163 143.559 232.096 
154.466 148.896 227.916 
156.557 152.429 222.283 
152.955 152.516 216.614 
148.051 151.090 212.483 
141.873 149.796 212.431 
135.337 150.435 215.477 
131.027 151.667 219.830 
128.919 155.277 224.692 
128.782 159.718 228.884 
131.543 164.414 232.281 
137.294 167.628 233.256 
139.898 172.927 230.171 
141.262 176.365 224.610 
137.708 180.314 220.654 
131.846 183.116 218.540 
126.946 186.519 219.966 
122.872 190.042 224.084 
121.988 192.771 230.048 
124.396 195.777 235.428 
128.737 195.810 240.062 
135.098 196.553 241.402 
140.863 199.061 239.269 
144.138 202.620 234.886 
144.591 207.926 231.039 
142.300 214.011 231.212 
141.278 219.128 234.074 
141.172 223.136 239.383 
142.017 223.781 246.078 
144.694 221.537 251.481 
148.375 217.405 254.730 
153.064 212.736 255.523 
157.767 209.291 252.148 
162.453 210.650 247.272 
167.622 214.548 244.937 
171.622 220.037 246.167 
174.557 222.832 251.208 
175.142 223.805 258.016 
174.858 221.201 264.086 
176.645 216.680 268.366 
177.301 210.184 269.633 
178.143 203.795 267.431 
181.374 199.246 262.897 
186.269 199.178 258.762 
192.298 200.695 257.065 
197.728 201.590 259.488 
202.274 201.074 263.055 
204.642 199.728 269.031 
204.266 195.797 274.048 
201.483 190.312 277.103 
198.004 184.587 276.771 
196.283 179.504 272.831 
195.322 176.159 266.768 
199.011 173.748 261.850 
204.305 173.137 257.566 
210.269 170.403 257.588 
215.505 168.694 261.174 
