58.146 34.971 37.395
60.350 28.396 37.369
62.089 23.066 40.679
59.835 19.083 45.766
56.095 17.238 51.265
50.217 16.940 53.227
45.097 18.253 54.336
45.225 21.896 35.872
44.166 26.506 39.610
43.903 29.298 45.866
47.653 30.548 51.276
52.829 29.410 55.445
59.433 29.879 55.494
65.424 30.295 53.029
36.750 8.412 -5.439
31.675 12.231 -3.878
24.872 13.768 -4.013
19.115 11.482 -2.017
16.251 7.918 2.593
12.642 13.232 -0.239
9.778 18.274 3.391
6.770 20.565 9.013
4.427 21.687 15.325
7.059 22.156 21.701
12.193 22.388 26.060
18.372 24.597 26.812
23.922 27.605 24.595
27.976 30.846 20.314
27.750 36.497 16.751
9.570 36.624 18.030
12.138 34.938 12.390
17.139 32.217 8.630
21.449 26.767 9.202
24.565 22.024 12.570
23.509 17.299 17.050
19.866 13.416 21.195
14.303 10.039 21.086
8.352 8.470 18.593
30.348 -1.797 7.818
26.753 -4.568 3.327
23.189 -4.370 -2.252
21.445 -1.725 -7.830
20.779 3.149 -12.671
5.138 5.342 14.879
3.949 2.760 13.800
4.209 1.310 16.087
-6.398 1.623 27.041
-3.769 7.237 25.274
0.615 12.537 25.855
6.251 14.002 23.694
1.353 19.061 25.239
-0.995 24.288 21.583
-0.312 27.517 15.534
1.789 29.321 9.556
2.384 27.002 2.550
1.898 22.607 -2.080
-5.850 11.517 9.361
-0.002 9.196 6.591
6.003 11.672 5.340
10.482 16.171 6.686
12.733 21.302 9.735
12.904 -3.679 21.567
12.951 -0.460 27.676
12.413 4.003 32.637
7.848 6.840 36.296
16.158 23.515 14.492
18.349 23.664 16.145
20.226 22.858 14.367
7.391 -0.441 92.895
13.026 -2.652 93.422
16.323 -8.059 90.832
17.187 -13.443 87.054
15.508 -17.358 82.140
12.674 -16.492 75.864
9.013 -13.234 71.446
7.722 -7.592 68.394
8.804 -1.638 66.657
13.306 1.944 63.502
19.519 3.772 61.766
25.557 1.872 60.309
29.046 -3.096 56.163
30.027 -5.603 50.686
28.097 -11.929 47.875
23.572 -15.335 45.203
16.787 -15.824 45.068
12.156 -10.830 42.005
11.244 -4.255 40.190
13.709 0.400 35.782
17.466 1.944 30.511
20.811 -0.240 25.048
20.441 -3.978 19.784
18.220 -8.250 15.718
12.742 -13.299 14.243
6.893 -15.068 14.692
0.767 -13.946 18.005
-2.938 -8.930 19.264
-4.152 -1.571 18.079
-4.323 2.948 13.252
-5.137 4.552 7.112
-8.508 3.079 1.657
-12.603 -0.511 -2.068
-16.610 -5.370 -2.687
-21.130 -10.310 0.408
-24.520 -12.232 6.415
-26.490 -10.683 12.248
-27.080 -7.989 17.487
-30.083 -2.670 20.019
-33.117 4.066 18.072
-37.922 5.875 15.966
-44.628 6.980 13.807
-49.828 2.560 13.128
-52.917 -2.822 15.122
-54.438 -8.367 17.493
-53.491 -13.611 22.697
-49.557 -14.519 27.711
-47.733 -11.520 33.841
-48.088 -6.619 38.076
-51.160 -0.494 40.999
-57.258 1.621 42.513
-62.751 1.126 44.688
-68.115 -3.067 45.943
-69.697 -6.087 50.207
-70.353 -12.826 51.864
-67.523 -18.159 55.903
-62.296 -21.464 56.586
-55.527 -20.668 57.876
-50.966 -16.602 60.134
-49.364 -10.670 63.694
-50.610 -6.533 69.018
-52.196 -7.071 75.255
-53.429 -10.040 81.219
-53.770 -15.446 84.852
-50.729 -21.107 87.033
-46.631 -26.048 85.901
-42.303 -29.570 81.908
-36.808 -28.546 78.923
-32.231 -24.430 76.609
-28.558 -18.645 77.574
-24.793 -16.180 82.905
-22.647 -16.053 89.084
-19.826 -19.471 93.787
-17.142 -24.823 96.183
-14.267 -30.538 95.030
-10.639 -35.045 92.246
-9.200 -38.758 86.653
-6.869 -37.601 80.889
-6.832 -33.188 75.669
-2.688 -27.881 74.250
1.865 -22.927 76.103
7.887 -22.212 78.932
13.720 -25.025 79.936
18.023 -29.781 78.995
20.279 -35.787 76.962
20.626 -39.505 71.776
19.315 -40.912 65.575
14.156 -40.513 61.012
12.267 -36.359 56.318
11.697 -29.692 54.679
16.268 -25.043 52.926
21.575 -23.346 49.897
25.957 -24.366 45.477
27.659 -28.154 40.182
28.141 -33.010 35.951
25.501 -37.437 32.247
20.934 -42.312 30.681
14.049 -42.218 28.894
8.012 -40.392 30.986
4.777 -35.058 29.379
4.694 -27.869 27.996
5.967 -24.502 22.319
8.615 -22.672 16.469
9.198 -24.570 10.401
6.937 -29.139 5.476
2.847 -34.824 3.107
-3.187 -37.033 2.552
-8.500 -40.192 5.160
-13.017 -39.390 10.544
-16.178 -34.359 12.815
-18.504 -27.990 12.619
-19.064 -22.313 9.184
-22.087 -20.059 3.675
-26.777 -21.140 -0.755
-31.431 -23.666 -4.304
-35.462 -29.046 -3.375
-38.489 -34.286 -0.913
-40.533 -37.081 5.318
-40.578 -37.559 11.806
-39.770 -34.353 17.541
-41.166 -28.937 21.431
-45.398 -23.519 22.114
-50.783 -20.495 21.201
-57.644 -21.949 20.961
-62.838 -27.651 21.106
-63.344 -34.214 21.214
-63.951 -39.774 26.431
-59.467 -42.001 30.949
-56.427 -41.946 36.757
-52.055 -39.336 41.397
-53.442 -35.094 46.776
-56.643 -29.641 49.194
-61.834 -29.640 52.892
-66.858 -32.733 55.956
-69.762 -36.986 58.866
-69.921 -43.549 61.628
-66.205 -47.304 64.962
-60.931 -50.424 67.016
-53.673 -49.313 68.466
-49.079 -44.806 69.554
-46.800 -39.218 71.947
-47.836 -34.577 76.833
-50.192 -33.355 82.851
-54.550 -33.616 87.909
-55.375 -50.617 84.631
-60.731 -46.597 84.646
-62.963 -41.298 81.697
-62.977 -35.783 78.418
-60.302 -31.103 74.686
-56.051 -31.324 69.118
-51.425 -34.846 65.504
-50.927 -40.276 61.421
-52.651 -45.433 58.052
-57.099 -48.652 54.605
-62.275 -49.520 50.947
-67.202 -45.752 48.364
-69.908 -40.692 45.839
-70.035 -35.876 41.872
-67.036 -29.054 41.335
-62.083 -26.101 38.757
-55.066 -26.090 38.993
-51.110 -30.491 35.309
-50.126 -36.064 32.322
-52.592 -40.449 26.633
-56.036 -39.853 20.953
-58.108 -37.119 15.490
-56.898 -32.138 10.508
-53.055 -26.654 8.578
-47.600 -21.455 8.435
-40.488 -19.643 10.723
-36.201 -22.389 15.098
-32.922 -28.477 15.351
-31.283 -34.472 12.880
-30.248 -38.707 6.802
-28.617 -38.344 0.539
-24.633 -36.101 -4.192
-19.978 -31.713 -5.959
-15.605 -27.204 -4.325
-12.240 -23.620 -0.273
-10.024 -22.655 5.848
-8.088 -24.456 11.719
-8.580 -28.673 16.996
-5.363 -34.516 18.168
-2.724 -40.471 16.179
3.002 -42.413 12.971
9.339 -40.908 12.483
14.288 -37.139 13.697
17.275 -32.119 16.697
17.480 -26.162 20.356
16.823 -25.782 26.981
11.749 -25.031 31.868
10.071 -29.303 36.265
9.424 -35.319 39.221
12.387 -41.155 40.990
17.945 -42.734 43.785
24.084 -42.610 45.846
28.603 -39.908 49.321
29.910 -36.009 54.217
29.263 -30.878 58.329
25.758 -26.761 61.786
19.838 -24.275 63.506
13.224 -24.482 61.787
8.876 -29.544 63.225
7.189 -36.108 64.905
7.676 -40.652 69.208
8.205 -41.628 75.994
8.396 -39.819 82.163
8.646 -35.605 87.347
4.815 -30.942 89.680
0.515 -25.763 89.682
-2.830 -21.067 85.622
-7.688 -21.332 81.836
-12.129 -25.250 77.852
-15.831 -30.944 77.604
-19.432 -35.050 81.257
-23.038 -35.881 86.782
-26.708 -33.168 91.648
-29.783 -28.281 94.540
-33.100 -23.005 94.527
-35.607 -17.411 92.509
-35.794 -12.916 87.421
-36.871 -12.820 81.109
-37.001 -15.922 74.945
-41.205 -20.591 72.135
-45.777 -25.748 72.319
-52.139 -26.917 73.995
-57.790 -23.873 74.500
-62.534 -19.166 75.265
-63.621 -12.861 73.185
-63.480 -7.870 68.923
-60.361 -4.850 63.979
-55.819 -4.439 59.228
-52.566 -8.250 54.669
-52.706 -14.311 51.472
-56.740 -18.532 48.301
-61.016 -19.409 44.040
-64.966 -16.446 39.292
-66.944 -11.640 34.823
-67.215 -5.505 33.527
-63.266 -1.134 30.119
-58.020 2.527 29.348
-51.294 3.521 29.849
-45.370 0.043 30.926
-42.289 -4.481 29.140
-41.404 -11.135 25.926
-41.595 -13.108 19.944
-42.927 -11.580 13.208
-43.074 -8.805 8.003
-41.041 -3.151 4.966
-35.688 1.996 3.804
-30.799 4.616 5.064
-25.456 6.243 8.966
-22.006 3.713 14.156
-19.464 -2.010 16.446
-16.782 -8.145 14.717
-15.594 -13.241 10.500
-11.618 -13.983 5.188
-6.432 -12.655 1.203
-1.404 -9.563 0.547
2.247 -4.350 1.470
5.261 0.638 6.028
5.127 2.569 12.384
4.961 1.292 19.461
1.988 -3.003 24.147
4.160 -9.155 26.633
8.452 -14.336 26.846
14.264 -17.414 25.958
20.950 -15.480 26.722
25.817 -9.860 27.835
26.664 -4.313 31.360
24.924 0.081 35.610
20.664 1.258 40.630
16.934 0.288 46.343
12.639 -3.571 50.265
13.445 -9.155 53.194
16.513 -14.925 55.105
21.049 -15.927 59.345
25.057 -12.996 64.138
26.599 -9.541 68.722
25.351 -4.306 72.933
21.687 0.671 74.994
15.167 3.084 75.123
8.965 0.494 76.292
4.248 -3.572 76.845
2.251 -9.689 78.267
2.892 -15.180 82.345
4.475 -17.474 88.326
7.788 -17.486 94.248
