3.368 -24.403 5.976 
8.068 -28.779 8.257 
14.299 -30.928 8.933 
20.014 -29.362 11.454 
23.572 -26.800 15.233 
26.262 -22.518 20.116 
24.629 -17.456 22.668 
21.481 -14.481 27.493 
15.885 -13.255 31.155 
9.519 -15.070 32.878 
7.297 -20.244 36.678 
22.524 -28.457 38.350 
17.313 -31.278 34.789 
11.996 -30.435 31.050 
8.304 -27.281 26.718 
7.540 -22.722 22.220 
8.162 -17.471 19.086 
11.248 -12.180 16.189 
15.896 -11.656 11.615 
20.643 -13.736 7.471 
21.825 -18.637 3.199 
20.730 -24.711 0.720 
95.372 -24.309 -6.001 
90.813 -28.768 -8.298 
84.553 -30.838 -9.262 
78.790 -29.428 -11.534 
75.213 -26.925 -15.380 
72.532 -22.415 -20.174 
74.239 -17.296 -22.585 
77.288 -14.359 -27.823 
82.829 -13.216 -31.216 
89.233 -15.196 -33.036 
91.437 -20.369 -36.851 
76.193 -28.590 -38.554 
81.462 -31.340 -34.861 
86.663 -30.428 -31.344 
90.428 -27.357 -26.792 
91.260 -22.824 -22.370 
90.658 -17.520 -19.145 
87.549 -12.287 -16.175 
83.014 -11.857 -11.512 
78.115 -13.884 -7.406 
76.959 -18.693 -3.161 
77.975 -24.773 -0.676 
41.084 -33.158 42.550 
45.820 -28.878 40.196 
52.036 -26.760 39.402 
57.817 -28.296 37.067 
61.456 -30.775 33.286 
64.143 -35.306 28.430 
62.619 -40.409 25.995 
59.464 -43.457 20.863 
54.036 -44.508 17.372 
47.724 -42.526 15.504 
45.671 -37.262 11.665 
60.868 -28.998 10.323 
55.646 -26.315 13.965 
50.255 -27.279 17.580 
46.432 -30.491 21.754 
45.598 -35.044 26.255 
46.038 -40.236 29.409 
49.097 -45.687 32.337 
53.781 -46.077 36.892 
58.513 -43.957 41.215 
59.551 -38.990 45.350 
58.463 -32.852 47.828 
18.579 22.457 42.766 
23.162 26.840 40.402 
29.427 28.988 39.428 
35.254 27.444 37.137 
38.870 24.892 33.454 
41.585 20.378 28.619 
39.980 15.244 26.208 
36.874 12.292 21.203 
31.563 11.251 17.458 
25.229 13.263 15.543 
23.147 18.540 11.774 
38.437 26.752 10.437 
33.139 29.375 14.150 
27.635 28.555 17.648 
23.926 25.368 21.996 
23.027 20.785 26.404 
23.414 15.501 29.656 
26.365 10.206 32.621 
31.171 9.748 37.227 
35.844 11.895 41.506 
36.963 16.782 45.607 
35.949 22.891 48.132 
