86.112 119.414 111.126 
89.595 117.178 116.170 
91.864 120.970 110.900 
97.512 119.819 107.121 
103.942 117.912 105.555 
106.582 112.939 107.938 
108.484 108.139 106.995 
109.733 101.352 104.236 
106.258 95.994 102.212 
100.214 93.177 100.876 
94.685 93.312 97.354 
91.785 96.628 92.065 
89.984 102.245 89.367 
93.700 106.387 84.895 
98.232 105.962 79.840 
100.732 102.028 75.071 
101.258 97.182 70.182 
98.696 94.982 65.852 
93.448 91.132 63.313 
87.409 91.771 62.248 
83.099 96.486 61.735 
79.901 100.638 66.217 
78.780 107.691 64.363 
80.473 113.737 65.495 
84.551 118.516 63.881 
89.542 121.639 61.417 
91.223 122.713 54.924 
90.997 121.428 47.880 
89.609 117.063 43.964 
83.924 116.387 40.041 
76.950 115.724 39.336 
71.100 117.366 41.055 
67.169 123.122 41.970 
66.812 129.522 41.931 
84.570 129.994 37.685 
83.714 132.724 42.752 
80.241 133.778 48.107 
76.897 130.584 52.248 
73.217 124.734 53.803 
70.872 118.547 52.126 
74.252 112.725 51.776 
79.352 108.837 49.906 
84.978 107.594 48.626 
90.449 107.559 50.861 
96.120 110.143 54.157 
96.458 111.573 60.774 
93.653 114.838 66.826 
90.405 112.315 71.090 
87.512 106.252 74.235 
83.586 101.810 74.434 
84.682 95.850 77.446 
87.690 90.838 79.380 
92.780 87.040 81.005 
99.001 86.597 83.395 
104.102 90.744 83.894 
107.257 96.234 86.129 
107.119 103.098 87.475 
104.398 108.292 90.047 
99.974 110.665 94.799 
94.894 109.535 98.810 
90.580 104.241 101.821 
91.967 101.752 108.163 
94.229 99.236 112.013 
97.059 101.656 117.980 
100.480 106.341 119.216 
104.987 111.240 119.897 
107.011 117.260 120.113 
105.455 122.161 123.874 
101.712 125.580 127.769 
106.068 125.593 131.932 
107.743 128.082 138.417 
103.710 132.016 142.539 
97.411 134.175 144.514 
91.460 133.160 146.805 
87.757 129.964 151.106 
87.180 125.756 156.182 
89.455 122.954 161.755 
94.070 120.762 165.445 
99.418 121.832 168.609 
105.268 125.345 169.672 
108.526 131.364 168.880 
107.943 137.426 170.533 
104.659 142.191 173.800 
98.283 144.569 174.835 
136.099 62.787 65.051 
139.704 66.097 68.828 
145.272 69.661 69.720 
149.329 73.050 67.082 
152.289 75.572 60.984 
151.119 77.332 54.708 
147.272 80.575 49.987 
140.845 82.136 48.968 
135.068 82.519 49.774 
130.543 84.621 52.382 
128.345 88.998 57.476 
131.256 93.212 61.655 
137.500 95.444 64.671 
140.120 101.234 63.497 
143.058 105.593 59.401 
145.982 106.963 53.718 
143.741 110.615 49.853 
140.446 114.978 45.686 
136.387 120.295 47.153 
130.841 122.864 50.178 
128.097 124.875 55.575 
125.997 124.257 61.924 
127.688 123.523 68.092 
132.828 124.421 72.638 
139.349 125.639 73.925 
144.360 129.731 72.812 
144.896 136.149 73.575 
142.990 141.688 75.369 
140.119 145.984 77.736 
137.847 146.903 82.996 
132.244 145.633 86.621 
126.831 143.583 87.138 
125.068 136.764 89.428 
126.162 130.802 88.848 
130.042 125.862 92.299 
134.455 125.002 97.344 
136.969 126.229 102.499 
140.974 130.792 106.674 
138.024 133.523 112.061 
135.084 135.412 116.204 
130.912 132.666 121.276 
127.739 127.152 122.251 
123.296 122.632 122.006 
121.059 116.606 121.492 
122.075 111.988 125.376 
125.362 107.916 129.906 
119.803 107.844 133.049 
117.479 105.311 139.097 
120.452 100.863 143.489 
126.078 98.629 146.687 
131.706 99.574 149.883 
133.962 102.327 155.132 
134.273 106.095 160.438 
130.888 108.497 165.661 
125.903 111.072 168.321 
120.082 109.535 170.713 
114.193 106.480 170.659 
110.807 100.865 169.899 
111.542 94.801 171.870 
114.801 88.797 172.675 
119.283 86.316 177.116 
143.919 114.900 116.295 
139.958 117.367 120.835 
138.037 113.049 114.434 
132.782 114.479 110.503 
127.175 116.495 107.612 
123.209 121.140 110.323 
122.126 126.538 107.664 
121.070 133.438 105.965 
124.632 139.156 104.652 
130.294 142.168 103.556 
136.562 142.142 101.121 
141.056 139.040 98.105 
142.920 134.241 93.956 
141.272 130.796 88.920 
136.667 127.961 84.865 
131.718 129.682 80.771 
127.066 133.272 77.569 
125.666 137.506 73.312 
127.042 140.281 67.546 
130.707 141.417 63.385 
134.571 138.086 59.597 
140.401 134.917 57.951 
143.475 129.361 59.087 
144.215 123.437 60.890 
142.688 117.640 64.438 
137.385 113.622 65.398 
131.794 111.227 62.880 
127.577 109.528 57.820 
125.204 108.313 52.612 
127.089 103.708 48.075 
132.115 101.133 43.717 
138.961 100.459 43.228 
143.925 98.017 46.595 
147.085 95.397 51.849 
147.549 92.673 57.933 
143.939 91.669 64.054 
139.721 88.556 66.950 
137.502 81.915 67.320 
133.628 76.858 64.701 
132.052 73.744 60.234 
134.283 70.359 54.486 
140.060 68.246 50.884 
146.110 67.727 49.849 
151.528 64.935 53.193 
154.115 62.267 58.834 
98.129 128.216 183.785 
92.146 129.817 180.129 
90.328 132.618 175.814 
89.955 136.193 170.255 
93.009 138.988 164.840 
98.228 139.106 160.785 
104.170 136.332 159.192 
107.034 131.751 157.617 
107.417 125.068 156.170 
104.481 119.215 156.189 
98.768 116.343 154.495 
94.647 115.531 150.791 
91.064 117.140 144.488 
89.150 121.813 141.082 
91.217 124.172 136.076 
95.262 126.355 130.870 
118.504 102.755 185.490 
125.110 101.751 182.676 
127.717 98.226 178.609 
129.257 95.465 173.130 
127.387 92.951 166.886 
122.982 93.131 161.815 
118.026 96.506 158.979 
115.300 101.058 157.731 
114.132 107.907 157.662 
116.913 113.146 156.735 
122.901 116.083 157.129 
127.438 116.762 153.439 
132.105 115.379 148.651 
135.182 111.562 144.660 
134.200 108.943 138.925 
130.946 106.712 133.746 
