114.801 93.889 101.238 
112.075 95.959 95.416 
112.986 100.953 91.426 
115.904 106.434 88.944 
120.812 109.689 92.205 
125.983 111.060 90.167 
132.710 110.824 87.886 
137.641 106.823 86.702 
140.191 100.203 85.603 
139.017 94.548 82.682 
135.915 90.977 78.042 
129.512 90.372 75.639 
125.712 93.395 69.671 
125.858 98.284 64.842 
145.942 97.910 66.182 
142.098 102.499 68.130 
136.795 107.346 69.313 
130.385 107.702 70.694 
124.959 104.637 73.713 
122.372 100.750 78.422 
123.140 95.623 83.330 
126.881 92.274 87.823 
130.822 92.915 92.878 
131.818 95.444 97.756 
129.956 99.916 102.734 
125.114 104.328 104.117 
121.984 109.027 104.270 
115.940 111.853 103.662 
111.302 110.452 107.461 
90.479 138.157 66.058 
94.318 133.568 68.047 
99.606 128.738 69.275 
106.000 128.381 70.700 
111.390 131.486 73.715 
113.891 135.363 78.463 
113.047 140.528 83.355 
109.296 143.809 87.857 
105.342 143.156 92.864 
104.290 140.639 97.711 
106.269 136.242 102.720 
111.040 131.878 104.185 
114.127 127.066 104.262 
120.165 124.235 103.677 
124.738 125.680 107.620 
121.339 142.239 101.197 
124.133 140.147 95.460 
123.036 135.198 91.458 
120.317 129.665 88.963 
115.473 126.411 92.218 
110.207 125.164 90.250 
103.470 125.308 88.001 
98.588 129.328 86.654 
96.012 135.864 85.513 
97.242 141.538 82.615 
100.355 145.109 77.991 
106.779 145.712 75.625 
110.631 142.707 69.679 
110.569 137.786 64.870 
122.181 121.221 122.978 
128.583 120.714 123.384 
133.977 124.378 125.304 
136.879 129.557 128.385 
136.412 135.411 131.330 
134.341 139.042 136.078 
129.898 139.393 141.479 
125.359 137.573 145.357 
122.626 131.803 147.883 
123.486 125.150 149.267 
127.720 119.325 149.544 
133.324 117.143 151.400 
140.112 117.562 152.881 
136.110 132.796 160.318 
140.972 133.544 155.033 
142.200 130.476 149.593 
141.137 125.926 144.523 
137.121 120.914 145.460 
133.408 119.751 141.617 
126.768 119.489 139.306 
121.887 123.194 138.841 
119.279 128.521 136.510 
119.213 133.907 133.976 
122.225 139.175 130.394 
126.551 140.516 126.181 
128.454 138.682 120.428 
129.945 134.727 115.182 
113.760 115.330 122.889 
107.509 115.308 123.481 
101.822 111.966 125.551 
99.249 106.445 128.256 
99.331 100.583 131.319 
101.837 97.103 135.825 
105.960 96.201 141.313 
110.734 98.556 145.367 
113.404 104.305 147.896 
112.510 110.946 149.239 
108.496 116.880 149.580 
102.763 119.132 151.477 
96.203 118.689 153.539 
100.022 103.117 160.146 
95.261 102.759 154.734 
94.303 105.742 149.404 
95.627 110.587 144.444 
98.475 116.658 144.143 
103.179 116.721 139.739 
109.833 116.387 140.069 
114.036 113.163 138.514 
117.069 107.911 136.525 
117.135 101.753 134.165 
113.921 97.006 130.280 
109.259 95.454 126.289 
107.898 97.346 120.390 
106.170 101.416 115.266 
