112.102 90.324 96.328 
114.673 94.009 101.460 
111.105 96.136 95.827 
112.983 100.881 91.662 
115.958 106.585 89.221 
120.985 109.661 92.175 
126.140 110.714 90.040 
132.759 110.704 87.940 
137.874 106.608 86.477 
140.527 100.752 85.723 
138.875 94.175 83.065 
136.088 90.843 78.428 
130.111 90.055 74.987 
126.593 93.585 69.386 
126.588 97.775 64.249 
145.350 98.646 65.665 
142.211 102.152 68.289 
136.950 107.374 69.292 
130.519 107.254 70.764 
125.401 104.723 73.907 
122.313 100.577 78.530 
123.040 96.268 83.444 
127.281 91.941 87.405 
131.089 92.912 93.047 
132.355 95.414 97.474 
130.114 99.605 102.577 
125.512 103.906 104.081 
121.811 109.213 104.038 
116.365 111.749 103.808 
111.916 110.604 107.541 
109.057 107.340 111.334 
108.833 112.645 115.305 
106.244 115.411 121.393 
101.576 112.047 125.629 
98.807 106.555 128.437 
98.617 100.723 131.285 
101.236 97.217 136.066 
104.839 96.234 141.362 
107.698 98.625 146.916 
110.869 103.144 150.235 
110.470 108.948 152.539 
108.570 115.273 153.036 
103.341 119.393 152.282 
97.485 119.806 154.337 
91.568 117.656 156.667 
87.542 111.819 159.264 
90.937 137.459 65.655 
94.073 133.937 68.302 
99.316 128.692 69.360 
105.780 128.839 70.743 
110.893 131.351 73.907 
113.926 135.514 78.590 
113.212 139.838 83.501 
109.016 144.220 87.402 
105.157 143.296 93.026 
103.922 140.827 97.466 
106.018 136.576 102.573 
110.638 132.333 104.101 
114.338 126.928 103.992 
119.810 124.411 103.891 
124.231 125.543 107.631 
127.309 129.135 111.308 
127.702 123.683 115.263 
130.062 120.854 121.277 
134.644 124.092 125.574 
137.392 129.620 128.480 
137.484 135.487 131.269 
134.778 139.032 135.978 
131.154 139.693 141.448 
128.063 137.410 146.904 
125.084 133.146 150.159 
125.439 127.144 152.723 
127.362 120.881 153.082 
132.832 116.919 152.477 
138.914 116.865 154.389 
145.164 119.867 155.248 
148.036 123.994 159.535 
124.122 145.802 96.313 
121.503 142.189 101.440 
125.088 140.030 95.877 
123.225 135.304 91.668 
120.228 129.537 89.278 
115.222 126.450 92.201 
110.021 125.480 90.023 
103.431 125.436 88.127 
98.304 129.592 86.521 
95.731 135.429 85.732 
97.400 142.000 83.012 
100.228 145.306 78.390 
106.218 146.034 74.953 
109.697 142.459 69.372 
109.706 138.250 64.265 
131.680 126.436 168.150 
133.905 132.299 164.878 
137.654 133.590 160.353 
140.646 134.288 154.765 
143.138 131.403 148.887 
142.505 126.174 144.433 
138.218 121.795 142.166 
133.242 120.087 140.596 
126.307 120.306 140.137 
121.711 123.416 139.266 
119.454 129.651 139.144 
119.532 135.463 136.233 
121.722 137.891 130.298 
125.762 139.958 126.073 
128.450 138.259 120.574 
130.183 134.381 115.626 
103.825 109.884 167.733 
101.401 103.885 164.795 
98.364 102.447 160.150 
95.353 101.825 154.560 
92.946 104.504 148.764 
94.461 108.967 144.018 
97.767 114.679 142.360 
102.927 116.461 140.596 
109.543 115.891 139.716 
114.806 112.502 139.900 
116.801 106.275 138.820 
116.682 102.517 134.633 
114.493 98.327 130.143 
110.070 96.186 126.133 
107.849 97.961 120.591 
105.738 101.544 115.579 
