-44.131 -9.436 119.167 
-49.906 -9.068 122.979 
-54.495 -5.235 125.852 
-57.785 0.518 126.306 
-58.772 7.197 125.637 
-59.640 11.856 120.911 
-59.411 14.091 115.372 
-64.007 11.481 113.529 
-67.912 11.865 108.674 
-69.549 7.896 104.805 
-74.016 2.630 104.714 
-79.017 -0.734 107.780 
-77.945 11.777 122.081 
-75.958 5.934 124.859 
-74.408 -0.239 122.632 
-71.300 -4.376 118.296 
-67.802 -6.155 112.882 
-63.450 -4.743 108.816 
-57.118 -2.739 109.105 
-52.344 1.780 107.272 
-48.625 6.098 110.599 
-47.569 10.644 115.557 
-46.974 11.107 122.383 
-47.405 8.180 128.420 
