22.631 16.872 109.668 
29.186 15.319 111.306 
33.939 10.707 111.646 
36.532 4.903 109.720 
36.505 -1.422 107.259 
35.418 -4.754 101.559 
33.328 -5.495 96.009 
37.456 -2.689 93.480 
39.708 -1.976 87.703 
40.594 2.779 84.539 
45.416 7.714 84.277 
51.445 9.993 86.327 
53.152 -5.694 96.970 
52.744 -0.676 101.493 
51.337 5.916 101.342 
47.598 11.138 99.260 
42.904 14.371 95.763 
37.425 14.210 93.041 
31.264 12.451 94.813 
25.677 8.737 93.566 
22.617 3.865 96.797 
22.533 -1.749 100.651 
23.903 -3.910 107.025 
26.408 -2.634 113.132 
-21.372 67.808 103.338 
-14.753 69.545 104.435 
-8.353 67.940 103.775 
-3.510 64.547 100.751 
-0.741 59.470 97.200 
-0.741 56.859 91.039 
-2.849 55.940 85.524 
-0.957 60.755 83.391 
-0.054 63.285 77.756 
-1.989 68.224 75.466 
-0.262 74.895 75.919 
4.084 79.581 78.125 
14.498 65.579 85.722 
12.239 69.043 91.082 
7.786 73.986 92.164 
1.756 76.858 91.184 
-4.301 77.745 88.492 
-9.287 75.233 85.982 
-13.540 70.398 87.633 
-16.707 64.594 85.941 
-16.584 58.456 88.355 
-13.454 53.091 91.144 
-10.447 51.057 96.977 
-8.170 52.567 103.120 
