-29.831 10.015 39.466 
-25.652 10.344 45.236 
-24.369 7.504 50.077 
-19.901 3.361 52.986 
-16.939 -2.784 53.725 
-13.404 -7.321 50.829 
-9.217 -9.505 47.099 
-4.606 -10.417 41.655 
-3.226 -7.593 36.931 
0.938 -3.209 33.955 
3.642 2.972 33.211 
7.257 7.200 35.833 
7.560 -4.885 50.314 
5.523 0.289 52.367 
2.413 6.237 51.288 
-1.279 9.336 46.723 
-3.508 10.065 40.198 
-8.099 7.766 36.625 
-13.829 4.941 36.564 
-16.156 -0.739 34.185 
-18.820 -6.600 35.753 
-22.353 -9.351 40.415 
-24.608 -9.759 46.882 
-19.976 45.397 11.732 
-15.186 39.982 11.879 
-13.848 35.243 9.112 
-9.466 32.201 4.917 
-6.599 31.567 -1.249 
-2.933 34.335 -5.617 
1.290 38.100 -7.955 
5.936 43.533 -8.797 
7.307 48.365 -5.999 
11.550 51.345 -1.656 
14.227 52.079 4.514 
18.014 49.340 8.890 
18.062 34.662 -3.446 
16.037 32.952 2.113 
12.893 33.993 8.005 
9.244 38.584 10.977 
7.001 45.100 11.574 
2.533 48.687 9.615 
-3.370 48.666 6.616 
-5.428 51.105 0.906 
-8.231 49.506 -4.859 
-11.837 44.848 -7.761 
-14.090 38.424 -8.213 
