-11.376 20.909 17.326 
-7.552 17.607 13.061 
-3.483 12.464 12.406 
0.823 7.838 15.533 
3.158 5.294 21.378 
1.499 2.394 26.699 
-1.763 0.223 32.206 
-6.892 -3.945 33.123 
-11.829 -7.496 31.198 
-13.997 -11.785 27.932 
-11.893 -16.911 26.847 
-8.087 -20.564 23.028 
-3.143 -23.841 20.345 
2.601 -26.005 21.668 
8.439 -26.579 25.726 
11.654 -26.235 31.693 
11.356 -27.874 38.022 
-12.295 -19.846 26.553 
-6.958 -29.887 37.133 
-4.016 -25.014 40.585 
0.001 -19.681 40.193 
3.556 -15.534 36.810 
7.533 -13.505 31.652 
7.105 -11.449 25.329 
3.088 -10.283 20.450 
-1.269 -9.216 16.427 
-6.949 -7.118 13.740 
-11.371 -3.221 15.882 
-14.359 1.768 19.318 
-15.964 4.709 25.348 
-12.260 8.102 30.036 
-6.512 11.248 30.964 
-0.900 13.803 30.056 
4.437 16.064 26.358 
6.677 18.905 20.752 
