24.097 -17.568 6.457 
25.310 -23.137 6.003 
27.198 -19.548 10.821 
29.305 -19.288 17.078 
31.878 -22.324 22.288 
35.469 -27.650 24.388 
38.021 -34.040 24.150 
42.084 -38.217 20.403 
-10.610 -22.149 14.293 
-6.864 -22.100 20.007 
-2.358 -24.710 23.742 
2.025 -30.128 25.306 
4.570 -35.788 23.144 
8.030 -38.448 18.201 
10.044 -38.964 11.649 
13.047 -36.253 6.847 
16.560 -31.126 4.287 
18.870 -24.931 4.168 
42.206 -25.174 7.039 
39.065 -30.897 6.204 
35.221 -36.378 8.624 
30.719 -37.869 12.561 
26.851 -37.514 17.973 
24.006 -32.915 23.288 
20.173 -27.826 23.194 
15.967 -23.045 21.624 
12.146 -19.667 17.872 
8.668 -18.922 12.508 
4.925 -21.663 7.412 
1.863 -27.046 5.593 
-0.919 -32.703 6.164 
-3.027 -38.230 10.133 
-5.907 -39.851 15.520 
-7.479 -40.245 22.076 
-10.951 -36.203 26.251 
