-5.456 -7.879 15.967 
-6.170 -7.484 16.848 
-3.769 -2.614 18.189 
-3.503 3.708 20.560 
-6.537 7.632 24.087 
-11.955 10.473 27.630 
-17.393 8.319 30.733 
-22.120 3.701 32.614 
-3.789 -7.879 18.169 
-3.760 -7.893 18.185 
-13.764 -2.201 -16.317 
-13.566 3.565 -13.345 
-15.903 7.599 -8.718 
-20.492 8.840 -3.767 
-25.392 5.894 0.138 
-25.834 0.854 4.505 
-24.666 -5.441 6.730 
-20.944 -10.291 8.510 
-14.643 -11.558 11.359 
-8.991 -10.829 12.325 
-7.677 -7.912 33.056 
-13.431 -8.871 29.754 
-18.471 -6.473 26.066 
-20.989 -2.451 21.660 
-21.597 3.694 18.338 
-17.959 8.400 15.575 
-13.303 7.580 10.563 
-9.816 5.726 6.458 
-8.123 2.211 2.065 
-7.866 -3.022 -1.478 
-10.034 -8.795 -3.981 
-16.056 -11.428 -4.835 
-22.685 -11.257 -4.928 
-28.037 -7.568 -5.845 
-31.149 -2.337 -7.849 
-31.845 3.949 -10.376 
-29.288 7.693 -15.285 
