16.130 -12.847 22.799 
11.114 -9.057 20.298 
8.794 -4.135 16.658 
9.243 1.712 12.882 
13.891 4.605 8.605 
18.047 2.753 3.983 
23.058 -1.048 1.420 
23.223 -5.869 -2.829 
23.510 -5.719 -2.743 
20.675 -11.654 -5.517 
20.785 -10.472 -6.441 
15.806 -12.652 -9.937 
12.307 -11.372 -14.366 
8.476 -7.178 -16.401 
4.347 -2.686 -18.912 
4.595 3.059 -21.430 
7.659 9.201 -23.295 
12.989 12.844 -24.618 
18.468 13.061 -28.266 
11.674 -11.453 -17.091 
18.582 -5.447 -29.064 
23.430 -2.317 -25.897 
24.270 1.888 -20.833 
22.126 5.322 -15.932 
17.499 9.110 -12.601 
12.097 8.527 -8.735 
8.163 4.155 -5.992 
5.089 -0.298 -3.721 
3.440 -6.190 -0.834 
6.572 -10.622 2.307 
11.466 -13.652 5.688 
18.445 -14.191 6.615 
23.811 -10.347 7.792 
25.654 -4.626 10.587 
25.025 0.851 14.678 
21.249 6.014 17.701 
16.719 5.554 22.401 
