15.677 -12.292 22.496 
10.974 -8.461 19.858 
8.922 -3.320 16.307 
10.425 2.157 12.296 
15.403 5.349 9.053 
20.464 3.990 4.866 
23.550 -0.157 0.643 
24.368 -5.843 -2.531 
20.973 -9.891 -6.357 
16.629 -12.541 -9.579 
16.540 -12.530 -9.569 
13.194 -10.854 -14.115 
8.502 -6.911 -16.450 
4.527 -2.399 -18.902 
4.805 3.305 -21.542 
8.024 9.351 -23.276 
13.510 12.857 -24.686 
18.979 12.828 -28.326 
13.181 -10.824 -17.040 
19.005 -5.551 -29.102 
23.562 -2.471 -25.711 
24.550 1.974 -20.816 
22.288 5.455 -15.977 
17.794 9.138 -12.576 
12.379 8.579 -8.810 
8.425 4.256 -6.177 
5.377 -0.174 -3.789 
3.938 -5.873 -0.752 
7.447 -9.978 2.610 
12.303 -13.072 5.643 
19.099 -14.051 6.797 
24.444 -10.534 8.919 
26.686 -4.783 11.212 
25.753 0.902 14.803 
21.995 6.055 17.465 
17.431 6.140 22.102 
