16.160 -12.999 22.594 
11.203 -9.376 19.963 
8.875 -4.101 16.559 
9.814 1.330 12.634 
14.152 4.543 8.372 
18.543 3.200 3.927 
23.192 0.136 0.112 
23.117 -5.075 -4.095 
20.344 -10.047 -6.821 
15.990 -12.471 -9.938 
12.413 -11.321 -14.361 
8.411 -7.148 -16.458 
4.360 -2.526 -18.996 
4.613 3.219 -21.520 
7.708 9.289 -23.336 
13.040 12.970 -24.812 
18.698 13.295 -28.273 
11.768 -11.222 -17.111 
18.638 -5.233 -29.064 
23.484 -2.210 -25.935 
24.392 2.072 -20.888 
22.100 5.480 -15.967 
17.532 9.138 -12.601 
12.134 8.654 -8.880 
8.161 4.354 -6.198 
5.107 -0.146 -3.870 
3.594 -5.941 -0.867 
7.106 -10.277 2.155 
12.149 -13.063 5.591 
18.923 -14.111 6.502 
24.403 -10.493 8.182 
26.487 -5.160 11.138 
25.481 0.606 14.781 
21.423 5.654 17.417 
17.038 5.422 22.168 
