16.007 -13.083 22.604 
11.112 -9.663 19.763 
8.566 -4.146 16.614 
9.957 1.530 12.876 
14.451 4.776 9.135 
19.540 3.891 4.806 
23.104 0.106 0.611 
22.710 -4.699 -3.858 
20.153 -9.830 -6.892 
15.992 -12.354 -9.690 
12.479 -11.162 -14.119 
8.299 -6.894 -16.555 
4.188 -2.382 -18.938 
4.408 3.350 -21.552 
7.535 9.435 -23.270 
12.941 13.004 -24.644 
18.426 13.237 -28.170 
12.156 -10.951 -16.956 
18.607 -5.239 -29.146 
23.332 -2.210 -25.811 
24.158 2.128 -20.778 
21.864 5.621 -15.999 
17.438 9.284 -12.600 
12.024 8.749 -8.817 
8.096 4.433 -6.089 
5.122 -0.060 -3.758 
3.614 -5.922 -0.849 
7.116 -10.301 2.129 
12.095 -13.041 5.701 
18.889 -14.140 6.600 
24.411 -10.802 8.462 
26.505 -5.126 11.141 
25.065 0.689 14.696 
20.830 5.586 17.164 
16.716 5.430 22.096 
