108.676 42.749 44.581 
108.077 45.887 40.543 
105.524 41.735 35.965 
106.664 36.994 30.771 
106.045 29.849 29.195 
106.209 23.891 31.393 
102.570 20.150 35.502 
96.653 18.851 38.304 
90.387 19.259 39.345 
84.411 21.211 38.083 
80.442 24.091 33.410 
79.481 25.325 27.114 
80.611 23.743 20.450 
81.484 19.571 15.709 
84.459 13.413 14.050 
84.581 7.159 15.330 
80.963 1.935 17.944 
76.295 -0.740 20.987 
70.224 -1.658 22.798 
63.804 -0.903 20.740 
59.842 1.293 16.183 
58.258 3.260 10.281 
59.257 3.854 4.124 
63.073 4.252 -1.041 
68.200 0.646 -4.246 
71.773 -4.710 -4.723 
72.215 -11.041 -3.274 
68.228 -16.749 -2.342 
63.002 -20.293 -4.304 
57.474 -20.663 -7.389 
53.226 -21.009 -12.387 
66.075 -8.892 -19.207 
59.066 -6.968 -17.915 
54.881 -6.887 -12.997 
53.156 -8.367 -6.826 
53.968 -11.043 -0.703 
58.302 -12.505 4.025 
64.705 -13.443 6.350 
69.871 -10.549 7.117 
74.524 -5.548 5.575 
75.155 0.784 4.627 
73.158 6.631 6.587 
69.255 11.625 8.962 
66.823 13.588 14.630 
65.285 13.445 21.004 
68.787 11.616 26.145 
73.745 8.694 29.667 
80.593 7.522 30.252 
86.065 7.514 28.238 
90.911 10.004 24.215 
93.336 16.265 21.553 
92.838 22.623 20.550 
90.428 28.526 23.026 
88.186 32.514 28.477 
89.701 33.552 34.484 
93.093 33.016 40.800 
97.765 31.125 44.679 
104.044 29.664 46.342 
110.054 27.271 43.158 
114.278 31.386 39.218 
111.521 36.755 35.188 
-108.638 -42.670 44.587 
-108.038 -45.810 40.549 
-105.485 -41.659 35.971 
-106.626 -36.921 30.774 
-106.007 -29.775 29.196 
-106.171 -23.817 31.390 
-102.533 -20.075 35.500 
-96.616 -18.774 38.300 
-90.350 -19.182 39.342 
-84.373 -21.133 38.080 
-80.404 -24.017 33.408 
-79.443 -25.252 27.111 
-80.574 -23.673 20.448 
-81.447 -19.503 15.705 
-84.422 -13.345 14.044 
-84.545 -7.089 15.323 
-80.925 -1.865 17.934 
-76.259 0.811 20.975 
-70.188 1.731 22.787 
-63.767 0.975 20.728 
-59.805 -1.223 16.172 
-58.221 -3.191 10.270 
-59.221 -3.788 4.113 
-63.037 -4.188 -1.052 
-68.165 -0.584 -4.258 
-71.738 4.771 -4.736 
-72.179 11.104 -3.288 
-68.192 16.812 -2.359 
-62.966 20.355 -4.323 
-57.438 20.724 -7.407 
-53.191 21.069 -12.407 
-66.039 8.949 -19.222 
-59.030 7.026 -17.929 
-54.845 6.946 -13.012 
-53.121 8.429 -6.842 
-53.932 11.107 -0.720 
-58.267 12.570 4.008 
-64.669 13.509 6.332 
-69.834 10.614 7.101 
-74.488 5.613 5.562 
-75.119 -0.719 4.617 
-73.121 -6.566 6.579 
-69.218 -11.557 8.955 
-66.786 -13.519 14.624 
-65.248 -13.374 20.998 
-68.749 -11.542 26.137 
-73.707 -8.620 29.660 
-80.557 -7.449 30.243 
-86.028 -7.440 28.231 
-90.874 -9.931 24.208 
-93.298 -16.195 21.548 
-92.800 -22.553 20.549 
-90.390 -28.455 23.026 
-88.149 -32.441 28.477 
-89.663 -33.475 34.485 
-93.056 -32.938 40.803 
-97.727 -31.047 44.680 
-104.006 -29.584 46.343 
-110.016 -27.193 43.157 
-114.241 -31.308 39.219 
-111.484 -36.680 35.190 
