-12.083 -13.175 -24.083 
-8.361 -8.483 -21.093 
-8.507 -2.824 -17.670 
-11.156 1.862 -13.740 
-15.878 4.005 -9.549 
-21.071 2.472 -5.654 
-23.779 -1.611 -1.285 
-24.226 -7.173 2.219 
-20.644 -12.192 4.805 
-15.818 -12.774 9.256 
-12.896 -10.812 13.455 
-8.765 -6.478 15.476 
-5.352 -1.497 17.915 
-6.324 4.314 20.442 
-9.976 9.864 21.967 
-15.196 12.557 24.494 
-21.485 13.569 26.926 
-12.069 -10.778 16.186 
-18.804 -4.595 27.879 
-24.600 -2.584 25.105 
-26.060 1.208 19.809 
-23.693 5.108 14.933 
-19.488 9.116 11.963 
-14.343 8.191 7.906 
-10.106 4.287 5.231 
-6.287 0.203 2.770 
-4.116 -5.383 -0.031 
-7.037 -10.041 -3.282 
-11.556 -13.655 -6.227 
-18.110 -15.467 -7.476 
-23.608 -12.080 -9.499 
-26.679 -6.831 -11.575 
-25.509 -1.510 -15.486 
-22.015 3.417 -18.484 
-17.221 4.315 -22.804 
