14.296 -13.987 24.381 
9.538 -8.935 22.017 
9.249 -3.282 18.268 
11.488 1.712 14.654 
15.589 4.088 9.729 
20.634 3.009 5.296 
23.633 -0.448 0.923 
25.460 -5.798 -1.824 
22.675 -6.277 -5.817 
21.567 -11.811 -4.622 
16.725 -12.958 -9.329 
13.561 -11.358 -13.533 
9.254 -7.327 -15.575 
5.600 -2.394 -17.926 
5.976 3.527 -20.343 
9.326 9.305 -22.143 
14.310 12.552 -24.533 
20.757 13.583 -27.286 
12.856 -11.022 -16.258 
19.162 -4.538 -28.171 
24.741 -2.014 -25.171 
25.849 2.127 -20.141 
23.590 6.024 -15.315 
18.926 9.088 -12.027 
13.916 7.917 -7.934 
9.971 3.796 -5.060 
6.420 -0.444 -2.761 
4.662 -6.268 0.046 
7.865 -10.765 3.324 
12.746 -14.013 6.226 
19.450 -15.549 7.374 
24.944 -11.814 9.215 
27.377 -6.291 11.450 
26.193 -0.545 15.074 
22.263 3.901 18.437 
17.588 4.190 22.949 
