111.436 136.128 155.430 
159.739 138.987 99.582 
162.066 133.110 102.368 
165.614 130.117 107.279 
164.581 130.815 114.324 
166.549 134.783 120.386 
163.361 138.701 124.099 
158.697 141.595 126.099 
152.692 144.398 125.303 
146.079 142.752 123.149 
141.486 138.357 123.091 
138.341 132.174 123.385 
138.557 126.345 126.759 
141.119 121.722 131.128 
142.283 120.717 137.346 
144.245 124.182 143.363 
141.432 128.027 149.250 
137.794 133.346 151.518 
132.528 136.776 152.034 
125.531 137.782 152.022 
120.025 135.366 153.157 
115.352 136.918 159.893 
113.398 130.892 158.999 
113.065 125.828 162.042 
114.013 120.527 166.257 
119.989 118.868 169.411 
123.264 119.965 174.327 
125.193 123.966 179.742 
124.445 129.171 183.577 
121.068 133.767 186.408 
115.458 135.047 189.379 
108.427 135.009 190.917 
112.748 115.084 193.482 
108.490 117.460 188.673 
106.146 121.765 183.200 
104.737 128.192 179.255 
107.907 134.385 178.198 
114.325 138.459 177.385 
120.647 138.531 175.413 
126.000 135.336 172.500 
129.875 131.518 170.347 
130.980 126.092 165.100 
127.357 121.688 161.421 
126.004 119.223 157.334 
127.493 119.078 150.482 
124.249 120.599 144.581 
124.785 125.874 141.225 
125.960 132.367 137.275 
131.035 136.533 137.618 
136.286 139.804 140.334 
142.825 139.032 141.117 
149.035 134.936 139.835 
152.294 129.901 137.653 
153.480 126.344 131.833 
151.853 123.654 126.045 
148.597 124.677 119.470 
147.410 130.155 114.707 
148.774 135.689 112.271 
150.558 142.477 111.516 
155.712 146.420 112.591 
161.775 148.727 115.025 
168.790 146.436 115.575 
173.885 142.178 112.042 
