15.694 -12.509 22.389 
10.839 -8.901 19.700 
8.340 -3.565 16.510 
9.788 1.629 12.204 
14.400 5.103 8.534 
19.514 3.996 4.372 
23.094 0.030 0.245 
23.098 -4.993 -3.956 
23.058 -4.957 -3.985 
20.870 -11.444 -5.653 
20.137 -9.727 -7.661 
15.962 -12.453 -10.095 
12.492 -11.405 -14.392 
8.262 -7.243 -16.693 
4.169 -2.789 -19.120 
4.480 3.078 -21.886 
7.141 9.050 -23.824 
12.406 12.160 -26.417 
18.430 12.929 -29.074 
12.048 -11.096 -17.251 
18.894 -5.526 -29.564 
23.351 -2.441 -26.007 
24.078 1.848 -21.083 
21.357 5.628 -16.389 
21.523 5.552 -16.384 
16.636 10.471 -14.304 
17.102 9.008 -13.093 
12.324 8.407 -9.460 
8.330 4.262 -6.521 
5.290 -0.093 -3.972 
3.701 -5.916 -0.957 
7.028 -10.087 2.344 
11.894 -13.199 5.432 
18.787 -14.079 6.521 
24.177 -10.575 8.346 
26.307 -5.069 11.106 
25.227 0.814 14.506 
21.420 5.957 17.092 
17.000 6.006 21.972 
