154.710 167.041 163.801 
158.853 163.840 168.653 
158.606 161.322 174.821 
155.717 158.988 180.587 
150.502 155.637 183.477 
144.182 152.691 182.910 
140.166 149.483 179.493 
139.763 145.320 173.611 
142.905 142.178 168.536 
148.496 139.348 166.034 
154.682 136.330 166.867 
158.400 132.640 170.692 
159.432 128.261 175.301 
157.342 123.121 179.412 
152.529 118.961 181.578 
147.018 115.603 180.149 
142.200 113.432 175.946 
139.076 113.195 169.949 
139.409 113.070 163.420 
143.703 113.504 158.045 
150.088 112.053 155.557 
154.339 106.951 155.125 
155.249 100.307 156.011 
153.291 93.935 156.901 
148.971 89.233 155.303 
143.574 86.723 151.840 
139.774 87.529 146.626 
136.599 91.779 141.837 
138.028 95.995 137.177 
143.074 99.516 133.854 
149.717 98.795 131.768 
154.014 94.416 129.178 
155.558 89.423 125.360 
154.168 86.119 119.921 
150.265 85.231 114.520 
145.051 86.771 110.626 
141.219 90.956 107.543 
138.032 97.283 106.856 
138.981 103.505 107.961 
142.753 108.960 110.494 
148.876 111.282 108.954 
154.779 111.373 105.398 
156.583 112.118 99.180 
156.153 112.452 92.383 
152.316 114.639 87.662 
147.300 118.343 85.276 
141.953 122.361 85.903 
139.143 127.134 88.727 
137.727 130.586 94.470 
141.358 134.358 99.010 
147.005 137.625 100.798 
152.286 141.078 98.776 
154.577 145.790 94.616 
153.957 150.019 90.048 
151.255 154.672 86.933 
146.185 159.005 85.645 
140.269 161.519 87.264 
135.130 162.735 91.334 
132.863 162.437 97.446 
133.271 159.724 103.647 
138.108 159.469 108.688 
144.139 161.748 111.133 
147.654 166.825 112.133 
148.539 173.481 113.508 
145.869 179.033 114.991 
140.978 183.250 116.994 
135.677 183.989 120.392 
130.526 181.996 124.375 
127.379 177.118 127.113 
127.709 170.516 130.062 
131.817 166.929 133.445 
137.384 165.676 137.080 
140.419 168.094 142.305 
141.099 172.335 147.615 
138.039 175.891 152.334 
132.822 177.656 155.813 
126.884 176.137 158.416 
121.642 172.334 159.462 
118.727 166.419 159.073 
119.217 160.420 157.485 
122.822 155.325 156.843 
128.655 151.351 159.645 
133.218 151.036 164.327 
134.136 150.267 171.101 
131.481 148.938 176.906 
126.488 147.324 181.275 
120.598 144.235 181.998 
115.369 140.634 179.117 
113.050 136.726 174.130 
113.960 133.061 168.468 
118.257 129.086 165.297 
124.781 126.972 164.271 
128.527 122.518 167.033 
129.811 117.536 170.811 
127.787 111.869 173.478 
123.356 107.558 173.935 
117.721 104.369 172.236 
113.201 102.879 167.643 
109.464 102.614 162.563 
109.364 104.255 156.198 
111.873 107.674 150.594 
117.097 107.551 146.938 
123.500 105.860 145.725 
126.991 100.164 144.888 
127.204 93.644 143.875 
124.857 87.647 142.035 
120.661 83.973 138.365 
115.840 83.805 133.775 
111.983 86.399 128.901 
110.028 91.200 125.115 
111.475 97.334 122.532 
116.067 101.717 120.514 
122.270 102.217 117.499 
128.042 99.375 114.827 
129.217 95.544 109.544 
127.735 93.316 103.765 
123.900 92.868 98.268 
118.951 95.220 94.426 
114.691 100.161 93.022 
111.775 106.132 93.942 
111.712 112.061 97.521 
115.302 116.530 101.245 
120.964 120.256 100.224 
125.790 122.757 96.575 
128.876 124.141 90.507 
126.959 126.500 85.006 
122.537 129.586 80.890 
117.166 133.427 80.198 
111.428 136.971 82.559 
108.932 140.230 87.542 
108.979 142.569 93.963 
112.741 144.697 99.229 
118.324 148.583 99.937 
123.024 152.985 97.391 
123.583 158.206 93.626 
121.363 163.663 91.342 
116.554 168.399 90.897 
110.826 170.682 92.957 
106.891 171.824 98.827 
103.744 169.640 104.596 
105.784 168.320 110.659 
110.051 167.401 115.974 
115.533 169.921 118.711 
120.513 174.133 119.704 
122.074 180.424 120.162 
121.110 187.214 119.173 
116.216 191.694 119.510 
104.411 180.668 125.000 
104.708 183.048 118.167 
106.538 184.275 113.479 
111.931 185.770 108.777 
117.622 182.482 106.513 
122.143 177.358 106.883 
122.879 171.057 107.954 
120.487 164.681 109.656 
115.169 160.714 109.240 
108.849 158.747 106.907 
105.249 158.921 101.523 
104.413 158.953 94.853 
106.690 158.204 88.735 
112.029 156.470 84.041 
117.228 153.658 83.288 
121.873 149.134 84.479 
125.302 144.881 88.364 
125.010 140.882 93.618 
120.577 137.319 97.804 
114.511 134.403 97.858 
110.261 130.272 94.370 
109.737 125.849 89.349 
112.095 121.447 84.521 
116.546 117.049 83.049 
122.079 112.954 83.897 
126.211 110.968 88.427 
128.455 109.970 94.010 
127.402 110.371 100.632 
122.130 110.566 105.205 
115.559 108.396 106.288 
111.061 103.324 105.281 
109.968 96.791 105.015 
111.931 90.491 106.470 
115.962 86.672 109.681 
120.780 84.929 114.026 
125.400 86.368 118.685 
127.589 90.580 123.445 
126.850 96.077 127.030 
122.500 101.135 128.930 
116.245 101.661 131.645 
110.598 98.932 134.211 
108.598 94.782 138.986 
109.336 90.858 144.219 
113.138 89.562 149.557 
118.406 90.564 153.416 
123.199 93.900 155.913 
126.006 99.532 157.237 
126.774 105.908 155.301 
123.062 111.490 154.762 
117.508 115.056 155.663 
111.792 116.062 159.458 
109.883 116.361 165.667 
110.150 116.133 172.106 
112.796 117.308 177.715 
117.655 120.311 181.246 
123.680 123.315 182.279 
128.706 126.805 179.383 
130.575 131.467 175.527 
130.278 133.543 168.780 
125.480 136.659 165.216 
119.075 139.719 164.695 
115.083 144.188 167.550 
114.536 149.617 171.003 
116.810 155.004 173.989 
121.244 159.550 174.909 
127.012 163.056 173.410 
131.965 163.739 169.332 
135.502 162.210 164.036 
135.249 160.109 157.591 
130.951 159.257 152.167 
125.115 160.762 148.880 
122.457 166.085 146.610 
121.389 172.776 145.747 
124.221 178.615 144.894 
129.338 182.384 143.261 
135.381 183.237 140.667 
140.785 181.632 137.530 
143.948 177.854 133.192 
143.896 171.629 130.228 
139.771 167.017 127.074 
134.680 166.432 122.710 
129.636 169.007 118.889 
128.684 172.928 113.496 
131.346 176.232 108.317 
136.164 177.878 104.244 
142.548 176.842 101.534 
147.703 172.520 101.351 
150.202 166.181 102.226 
149.322 159.725 103.818 
145.426 154.410 103.495 
139.223 151.848 102.660 
135.189 150.471 97.471 
134.128 149.465 91.322 
136.061 147.648 85.542 
141.097 144.455 82.297 
146.633 141.474 81.287 
151.655 137.300 83.309 
154.829 133.514 87.381 
155.356 130.380 93.008 
153.427 129.149 99.326 
147.854 126.093 101.789 
141.193 124.144 101.501 
138.384 119.138 98.466 
138.224 113.482 94.799 
140.676 108.017 91.995 
145.129 103.076 92.104 
150.067 99.904 95.102 
153.514 98.300 100.559 
155.769 99.620 106.548 
154.326 102.553 112.799 
149.231 104.095 117.009 
143.000 102.003 119.461 
137.634 97.717 119.164 
136.571 91.510 120.539 
138.029 85.808 123.372 
141.820 81.783 127.645 
147.385 81.117 131.786 
151.185 84.122 135.701 
153.660 88.691 139.496 
153.907 95.579 140.923 
149.748 101.413 140.885 
143.770 103.017 143.961 
138.520 101.654 147.978 
136.004 98.921 153.649 
137.974 97.095 159.728 
142.163 97.050 164.760 
147.072 99.841 167.989 
152.225 103.669 169.424 
155.854 109.262 167.800 
155.571 115.340 164.390 
151.308 120.351 161.986 
145.603 123.445 164.033 
140.867 124.873 168.646 
140.264 126.570 174.840 
142.181 128.506 180.751 
146.324 132.085 184.505 
152.029 135.607 184.993 
156.745 139.326 181.644 
159.183 142.668 175.952 
157.254 145.395 170.320 
153.270 147.581 166.369 
147.066 151.785 165.223 
142.420 155.436 167.471 
140.388 160.521 171.044 
141.153 164.376 176.803 
144.641 168.620 179.726 
