168.505 195.408 290.677 
171.593 188.331 290.223 
172.076 182.974 287.811 
172.173 179.339 281.278 
172.011 179.732 274.951 
172.584 183.221 269.418 
174.758 187.435 265.753 
179.236 192.583 264.347 
185.663 195.272 266.718 
190.686 194.279 268.585 
195.938 191.227 271.647 
198.871 185.849 273.584 
200.601 179.976 271.607 
199.914 174.338 268.730 
203.572 173.262 263.363 
206.167 171.127 258.247 
233.720 195.438 226.426 
237.329 199.625 222.500 
234.230 202.768 224.990 
237.011 208.090 225.567 
239.134 213.330 229.320 
240.238 216.841 233.765 
239.469 217.846 240.041 
238.858 215.404 246.403 
239.562 210.381 250.746 
242.738 204.723 252.445 
247.505 200.266 251.218 
253.129 198.239 248.678 
259.142 199.705 246.295 
263.711 204.093 246.447 
267.287 209.724 246.972 
268.154 214.068 251.420 
266.792 217.890 256.460 
266.121 217.528 263.218 
266.232 214.092 268.368 
138.328 230.218 244.272 
142.968 226.879 242.657 
147.978 222.813 240.426 
153.384 221.200 238.154 
160.261 220.420 239.547 
165.404 215.715 241.229 
171.953 217.477 243.506 
176.993 216.287 243.582 
183.361 216.540 242.011 
186.540 211.751 238.670 
188.299 206.724 234.662 
193.651 207.836 234.927 
200.366 208.327 234.117 
205.915 206.826 234.833 
210.885 204.405 232.645 
213.917 202.589 227.837 
214.983 201.979 222.179 
214.256 203.616 216.582 
212.786 206.874 212.100 
211.723 213.093 210.952 
211.538 218.145 210.484 
276.294 203.144 262.467 
270.692 199.365 260.395 
264.030 200.132 262.409 
259.181 203.064 263.365 
256.115 209.078 263.363 
254.363 214.213 259.585 
254.459 217.158 254.640 
255.796 217.589 248.415 
256.578 214.435 241.867 
255.060 209.081 237.455 
250.846 204.406 235.869 
246.244 199.884 237.618 
241.385 198.381 241.506 
235.976 200.592 244.278 
231.194 204.648 243.896 
227.328 209.408 242.099 
225.310 213.689 238.297 
223.963 215.882 232.700 
222.251 215.676 227.027 
218.263 218.508 227.835 
213.147 220.246 227.876 
207.542 219.468 225.787 
203.306 216.911 222.592 
200.094 213.049 219.878 
198.717 206.977 218.391 
199.915 200.598 217.510 
201.853 195.523 220.510 
203.603 191.936 225.548 
204.394 191.113 231.823 
203.266 192.597 237.720 
198.239 193.947 240.836 
196.182 192.938 246.661 
193.955 189.346 251.871 
196.426 184.425 252.128 
191.371 181.654 254.319 
187.749 178.985 258.836 
186.695 176.502 264.915 
187.304 175.881 271.532 
187.972 179.107 277.046 
188.410 184.601 280.565 
186.647 190.829 281.417 
182.256 195.490 279.670 
178.571 198.609 276.181 
172.273 196.817 272.632 
166.411 193.597 272.600 
163.827 187.480 272.993 
159.707 185.239 278.010 
