339.117 391.290 244.200 
343.493 394.698 248.752 
348.154 396.754 254.024 
346.993 398.988 260.416 
343.513 398.779 265.837 
338.331 395.707 270.308 
337.738 389.290 271.507 
338.639 381.896 270.561 
342.826 377.068 269.397 
350.086 374.754 268.711 
356.066 375.049 269.717 
361.016 376.750 273.996 
363.639 379.534 280.547 
363.456 381.601 286.691 
361.071 380.827 292.029 
356.770 375.940 295.264 
356.429 368.791 296.632 
356.484 363.353 294.321 
360.763 357.973 291.265 
366.520 354.788 287.776 
372.812 355.447 288.736 
377.293 355.948 294.033 
378.323 354.207 300.037 
375.920 349.283 304.383 
373.450 347.408 300.697 
373.049 354.106 302.427 
370.540 359.339 301.946 
371.393 365.859 298.307 
372.300 366.625 290.669 
368.911 362.806 285.029 
362.981 364.455 281.326 
357.042 365.047 283.971 
350.664 369.048 285.913 
347.687 374.308 285.779 
349.212 380.328 287.554 
351.418 386.171 284.583 
354.715 389.293 280.372 
357.299 388.800 273.796 
356.917 386.899 267.608 
353.824 383.155 262.334 
347.343 380.444 260.449 
339.737 381.436 261.155 
334.708 387.072 261.256 
332.164 394.241 259.820 
334.138 401.307 257.846 
338.083 404.090 251.830 
342.013 402.820 245.402 
339.869 400.061 239.112 
