127.916 120.750 138.877 
125.168 116.011 140.198 
119.019 113.640 139.771 
113.297 113.831 138.569 
108.802 115.400 133.417 
107.720 119.756 128.864 
109.424 123.207 123.581 
114.026 123.415 118.174 
117.233 121.054 114.993 
121.442 116.231 112.828 
123.722 110.487 111.752 
121.006 103.960 110.767 
115.254 99.815 111.957 
109.052 98.452 111.424 
103.435 99.240 107.339 
99.330 103.089 103.673 
98.821 105.260 97.489 
101.323 106.764 91.343 
103.047 103.232 86.080 
102.994 99.015 82.840 
103.213 92.933 83.102 
102.526 87.066 83.033 
100.005 81.214 84.976 
94.524 78.559 89.266 
88.398 78.234 90.846 
81.982 79.679 89.676 
77.875 84.150 87.268 
75.655 86.504 80.638 
78.045 87.576 73.435 
81.631 85.906 68.404 
82.609 81.302 63.562 
101.607 97.343 80.837 
72.486 72.762 71.772 
77.047 70.691 75.887 
83.484 70.134 76.252 
89.223 73.263 73.758 
89.186 80.527 71.681 
89.663 86.285 73.088 
87.045 91.748 76.825 
84.384 93.888 82.871 
85.548 93.154 89.631 
88.265 92.372 94.864 
92.685 88.332 98.393 
99.049 87.806 99.425 
105.324 88.455 98.467 
110.750 90.674 96.003 
115.203 94.908 93.652 
116.232 101.755 94.674 
114.853 107.803 96.832 
111.073 113.416 98.583 
105.909 113.592 103.279 
104.830 113.087 108.612 
105.277 110.223 114.794 
108.025 105.129 118.790 
112.179 104.193 122.984 
118.962 104.675 124.387 
122.860 109.636 125.860 
125.810 115.759 126.275 
125.799 122.696 124.716 
122.435 127.207 126.526 
117.208 130.167 130.203 
112.266 129.060 134.804 
111.008 126.684 141.219 
