-12.182 -19.257 22.734 
-11.277 20.804 26.763 
-6.405 18.558 22.612 
-1.328 14.639 21.439 
3.543 10.218 23.610 
4.773 5.465 28.507 
1.724 1.132 32.076 
-3.128 -1.723 35.887 
-8.408 -5.157 34.722 
-13.747 -7.433 31.348 
-14.260 -11.834 26.378 
-11.955 -15.724 23.850 
-7.505 -18.502 19.731 
-2.061 -21.098 16.995 
3.217 -23.946 18.751 
8.818 -25.876 22.816 
11.151 -27.860 28.264 
11.115 -30.601 34.026 
-6.949 -32.021 30.275 
-5.439 -28.620 35.789 
-1.500 -23.568 37.935 
2.831 -18.794 36.275 
6.921 -15.420 32.199 
7.249 -11.630 26.852 
4.081 -8.759 22.129 
0.547 -6.357 18.082 
-4.986 -3.118 15.408 
-10.063 0.298 17.461 
-13.162 3.794 22.251 
-15.157 4.778 28.839 
-12.330 6.582 34.852 
-7.160 8.499 38.050 
-1.198 12.207 38.536 
4.973 14.441 36.394 
6.749 19.312 32.317 
