-11.454 21.250 17.546 
-7.817 17.993 12.994 
-4.039 12.716 12.157 
0.256 7.807 14.961 
2.705 5.290 20.779 
1.331 2.455 26.197 
-1.944 0.069 31.753 
-6.791 -4.064 32.520 
-11.889 -7.787 31.055 
-14.190 -11.828 27.755 
-12.750 -16.993 25.906 
-8.270 -20.374 22.683 
-3.582 -23.669 19.719 
2.127 -25.936 21.131 
8.001 -26.513 24.981 
11.320 -26.066 30.896 
11.254 -27.775 37.185 
-12.368 -19.810 26.402 
-7.025 -29.959 36.799 
-4.302 -25.018 40.170 
-0.286 -19.668 39.685 
3.278 -15.576 36.252 
7.168 -13.531 31.098 
6.747 -11.431 24.801 
2.601 -10.113 20.045 
-1.729 -9.037 16.059 
-7.450 -6.927 13.397 
-11.987 -2.941 15.642 
-15.574 1.327 19.440 
-15.174 5.468 24.265 
-12.321 8.284 29.959 
-6.473 11.128 30.793 
-0.857 13.486 29.639 
4.565 15.156 25.741 
6.617 18.501 20.399 
