41.643 29.393 -22.794
36.863 34.307 -21.580
30.216 34.717 -19.548
23.727 32.547 -18.254
20.291 27.461 -14.975
19.797 20.506 -13.580
22.614 14.830 -10.800
27.082 11.744 -7.230
28.019 12.014 -0.437
31.559 14.319 5.491
30.450 19.673 9.296
25.782 23.602 12.314
19.504 27.001 12.151
12.797 26.380 10.561
7.224 22.530 9.864
4.011 16.807 11.921
3.488 11.148 15.807
3.743 10.386 22.719
19.963 18.680 25.380
19.663 11.947 23.893
17.987 7.110 18.411
14.861 5.862 12.446
13.694 8.381 6.099
12.862 13.832 1.728
11.731 20.632 1.019
16.173 25.234 -0.139
22.159 29.032 0.516
28.729 29.200 0.320
35.091 26.699 -0.703
37.225 25.963 -7.253
37.422 20.414 -11.987
34.350 15.241 -15.576
29.119 14.795 -19.963
24.432 18.036 -23.946
22.659 23.857 -27.254
24.672 29.452 -30.487
