41.643 29.393 -22.794
36.863 34.307 -21.580
30.216 34.717 -19.548
23.727 32.547 -18.254
20.291 27.461 -14.975
19.797 20.506 -13.580
22.614 14.830 -10.800
27.082 11.744 -7.230
28.019 12.014 -0.437
31.559 14.319 5.491
30.450 19.673 9.296
25.782 23.602 12.314
19.504 27.001 12.151
12.797 26.380 10.561
7.224 22.530 9.864
4.011 16.807 11.921
3.488 11.148 15.807
3.743 10.386 22.719
19.963 18.680 25.380
19.663 11.947 23.893
17.987 7.110 18.411
14.861 5.862 12.446
13.694 8.381 6.099
12.862 13.832 1.728
11.731 20.632 1.019
16.173 25.234 -0.139
22.159 29.032 0.516
28.729 29.200 0.320
35.091 26.699 -0.703
37.225 25.963 -7.253
37.422 20.414 -11.987
34.350 15.241 -15.576
29.119 14.795 -19.963
24.432 18.036 -23.946
22.659 23.857 -27.254
24.672 29.452 -30.487
93.968 14.305 38.113
89.892 9.539 35.935
85.233 8.883 30.882
82.269 11.788 25.756
80.087 17.740 22.787
83.518 22.394 19.329
88.937 24.062 16.029
93.884 22.664 12.269
99.111 19.404 9.424
99.811 14.161 5.226
97.267 8.933 2.075
91.721 6.301 -0.410
84.924 5.553 -1.240
79.999 8.947 -4.195
75.878 14.194 -5.869
75.733 19.255 -9.835
92.718 16.357 -12.989
91.705 22.054 -9.241
87.323 24.596 -4.671
83.180 22.642 0.114
79.589 17.766 3.736
79.902 11.895 6.664
83.473 7.202 9.636
88.749 4.775 12.419
94.896 4.759 15.087
98.061 9.110 19.067
99.981 15.137 21.578
97.578 21.065 23.370
92.812 25.261 25.446
86.713 26.366 27.716
81.013 24.265 31.189
76.964 19.986 34.763
129.090 83.422 148.932
122.596 84.497 147.596
119.837 89.628 147.587
120.885 95.545 150.894
125.692 100.235 153.981
128.935 104.238 153.205
133.121 107.967 150.552
136.180 109.834 145.118
134.757 111.587 139.007
130.323 113.391 133.625
123.783 114.835 131.467
120.009 120.652 132.279
116.346 125.006 135.729
115.412 130.574 139.414
116.610 135.042 135.092
120.624 140.657 132.915
126.016 142.806 130.323
131.911 142.205 126.510
136.526 137.964 123.452
138.196 132.598 120.750
136.901 128.049 116.789
132.685 125.135 112.277
127.492 126.096 107.904
123.973 131.216 104.348
124.893 136.881 100.528
129.563 139.032 95.635
128.693 145.936 111.554
125.149 143.718 109.675
120.782 139.252 113.029
119.955 134.757 116.790
119.783 128.857 119.270
124.916 125.126 122.087
130.899 123.832 125.144
134.322 126.556 130.664
136.271 131.074 135.135
135.184 134.785 139.300
133.318 129.973 142.210
130.006 126.308 148.111
124.379 122.772 149.958
118.841 118.788 148.828
116.100 113.929 145.172
116.510 108.861 140.558
120.525 105.361 136.423
126.731 103.356 135.439
133.547 100.280 136.246
138.497 100.507 141.330
138.541 98.446 148.387
136.223 95.549 153.352
132.614 91.890 156.547
139.117 102.706 115.217
133.764 106.058 118.496
131.904 109.786 123.176
134.787 110.782 129.494
138.366 112.933 133.761
144.872 114.121 134.515
149.476 119.662 133.609
150.272 125.736 131.014
149.786 131.273 127.424
149.013 135.763 133.178
145.253 141.443 134.712
140.336 142.922 138.577
135.339 141.705 142.705
131.013 137.326 145.945
130.317 132.344 149.373
133.273 127.031 152.139
138.376 124.174 156.105
144.900 126.365 158.472
147.880 132.404 162.296
146.003 137.496 166.656
142.239 141.194 171.114
136.707 142.971 159.955
143.426 143.769 158.544
148.237 139.733 154.399
148.744 135.916 149.906
148.622 129.991 146.495
144.479 125.019 144.166
138.141 123.278 142.151
132.939 125.782 138.885
130.580 129.493 133.882
130.476 134.467 129.705
132.222 129.345 126.038
135.497 126.130 120.057
141.484 122.937 116.857
147.321 119.641 117.630
151.472 115.695 120.722
152.021 110.007 124.018
150.715 105.611 127.414
172.166 158.837 108.060
167.562 163.581 106.906
161.779 163.039 107.428
157.448 157.829 106.971
156.372 150.459 107.694
155.024 146.615 110.950
154.491 143.212 116.108
154.893 142.942 122.599
152.411 146.719 127.779
150.450 151.183 130.968
145.406 155.876 130.934
139.258 156.422 128.069
132.693 154.349 127.560
127.568 150.318 125.895
123.862 149.835 131.138
120.811 145.492 135.481
122.313 141.831 141.586
126.254 140.228 146.513
132.632 139.737 149.424
137.649 142.876 151.351
140.773 148.519 151.175
141.273 154.388 154.484
137.607 160.317 156.127
131.493 162.140 159.372
127.519 160.700 164.819
128.611 158.876 171.591
122.724 148.555 163.293
122.794 151.146 160.114
123.273 154.984 153.873
126.222 156.889 149.407
130.274 157.847 145.029
135.858 155.720 142.098
140.234 150.601 141.471
140.349 144.184 139.770
137.941 138.649 137.578
135.225 133.056 133.979
136.975 136.601 129.933
138.691 137.686 122.784
138.351 141.667 117.440
138.520 148.162 114.770
139.223 155.177 116.960
144.454 159.017 118.561
149.674 160.644 122.273
33.896 4.175 19.842
37.176 7.958 15.138
41.345 7.340 9.947
42.845 3.938 4.540
41.484 -1.093 0.289
40.046 1.113 -6.334
35.116 0.914 -9.712
29.408 4.011 -11.948
26.181 9.851 -12.220
26.433 16.613 -12.725
29.358 22.598 -13.184
35.434 26.208 -14.364
42.159 25.116 -15.383
46.183 21.092 -19.460
46.930 15.311 -22.912
46.007 13.199 -29.468
43.136 14.699 -35.332
40.675 19.227 -39.602
38.578 25.531 -41.507
41.135 31.417 -42.058
45.230 34.820 -44.181
50.839 37.704 -46.311
57.573 38.656 -44.556
63.093 35.443 -45.131
54.205 25.777 -56.654
53.489 22.305 -51.471
56.444 20.176 -45.279
58.264 23.065 -39.747
58.839 28.402 -35.659
54.282 28.189 -30.013
49.751 31.683 -28.435
43.166 33.039 -28.606
36.995 30.960 -29.904
32.607 25.649 -30.515
31.081 18.982 -29.951
32.850 12.366 -27.392
37.794 9.278 -24.057
42.089 10.363 -18.376
45.119 14.833 -14.050
43.853 17.692 -7.964
38.977 19.241 -3.461
32.948 17.856 -0.584
27.127 14.298 0.068
25.033 8.391 0.929
24.994 3.244 3.691
26.655 -1.993 7.264
31.179 -7.371 6.951
36.975 -8.802 9.643
-6.190 6.140 2.616
0.261 8.429 2.495
6.186 5.319 3.017
10.295 0.725 3.575
11.956 -5.980 2.488
10.679 -12.751 2.490
7.404 -17.135 -0.760
4.124 -18.540 -6.569
0.697 -16.302 -11.899
-0.079 -13.133 -17.056
2.528 -8.658 -22.262
7.985 -6.970 -24.815
14.763 -8.506 -26.432
19.988 -11.955 -24.897
24.235 -17.635 -25.029
10.881 -25.872 -23.070
14.158 -24.254 -17.771
18.478 -19.784 -15.279
18.572 -14.147 -13.671
16.782 -7.240 -14.682
13.191 -2.401 -14.729
7.237 0.295 -13.573
1.075 -1.935 -12.199
-3.700 -6.665 -10.341
-5.410 -10.054 -5.108
-3.928 -12.119 0.978
-2.000 -12.062 6.695
1.330 -9.641 12.351
3.218 -4.206 15.453
4.144 2.209 16.048
35.473 33.551 -13.984
29.069 31.993 -12.337
22.967 34.315 -14.035
18.744 37.794 -17.174
16.779 40.792 -23.018
18.084 44.005 -28.919
20.726 43.376 -34.505
23.642 39.110 -39.030
26.676 32.546 -40.491
26.782 26.762 -40.666
23.761 20.676 -39.804
18.006 17.192 -39.780
10.978 16.675 -40.818
5.695 20.227 -42.960
2.743 24.697 -46.452
16.177 29.387 -54.191
12.055 32.458 -50.678
8.729 32.791 -44.833
7.644 30.697 -38.907
9.292 27.284 -33.168
13.624 24.439 -29.538
20.077 22.810 -27.081
26.054 25.221 -28.655
31.320 28.691 -31.572
33.505 34.673 -31.837
33.165 40.805 -30.151
30.979 45.991 -27.076
27.867 49.724 -22.125
26.356 49.262 -15.839
25.126 46.171 -9.920
25.084 42.354 16.752
28.950 44.123 20.247
34.992 41.803 19.957
40.360 36.214 19.495
43.457 32.366 23.675
44.709 28.996 28.271
43.183 22.547 30.303
41.360 18.118 30.390
39.476 11.517 29.641
36.590 6.335 33.313
165.578 190.415 185.153
160.662 194.807 183.255
157.053 195.705 177.787
154.687 194.450 171.214
153.715 190.725 165.280
140.567 174.539 169.153
143.026 174.345 173.510
142.077 174.212 178.085
135.364 177.318 176.919
136.119 181.038 182.484
140.290 182.263 187.395
143.254 187.637 189.136
146.672 193.496 188.173
146.119 199.938 185.631
142.481 204.589 182.403
136.651 206.856 181.673
129.964 207.317 182.742
125.037 206.070 187.130
123.092 205.641 193.573
124.691 206.071 200.269
127.830 209.007 204.797
131.746 213.978 206.937
134.915 219.997 205.729
134.198 226.161 202.881
116.195 220.771 205.241
117.281 221.477 198.465
122.005 221.964 193.648
128.471 222.048 191.301
134.745 219.737 192.405
139.169 215.729 195.537
140.143 209.809 198.125
138.005 203.602 199.385
133.604 198.369 198.227
130.011 195.430 193.412
127.987 194.527 187.053
129.948 194.392 180.667
134.197 195.696 175.798
140.708 195.799 173.758
147.129 193.741 175.167
151.160 189.446 178.709
152.478 184.393 179.832
152.602 178.267 179.929
158.218 178.575 178.938
164.325 179.834 175.202
152.956 137.878 129.192
152.332 135.076 128.844
138.835 128.271 142.690
140.569 126.500 141.436
138.865 164.752 137.812
141.979 160.486 141.596
143.425 154.010 144.010
143.750 147.608 142.583
144.256 142.606 138.206
145.274 140.589 131.949
147.945 141.587 125.861
152.470 145.143 122.281
157.927 149.135 122.153
163.687 150.416 125.264
168.432 149.658 129.429
171.574 145.550 133.690
172.956 139.357 135.999
173.428 132.901 134.594
173.218 127.736 130.040
174.507 126.013 123.429
177.343 127.146 117.431
189.186 135.960 129.623
186.509 140.587 125.417
181.765 142.044 120.642
175.878 139.682 117.595
170.634 136.404 117.310
165.440 133.539 120.437
162.078 131.956 126.150
160.761 133.615 132.547
160.738 138.201 137.434
160.666 144.662 139.350
159.258 150.920 137.666
156.509 155.476 133.612
152.020 156.928 128.847
146.483 155.066 125.356
140.784 151.749 125.695
136.209 147.777 129.083
133.738 146.680 135.366
156.998 133.120 166.302
156.383 133.270 169.173
155.066 135.647 170.435
139.861 153.827 172.088
141.008 152.594 174.512
142.180 149.875 174.785
-18.680 -12.002 -29.480
-14.369 -10.899 -34.163
-11.985 -12.105 -40.344
-11.342 -15.823 -46.063
-15.076 -18.525 -51.022
-29.097 -13.248 -41.167
-28.232 -19.998 -42.838
-23.685 -24.734 -44.634
-17.825 -26.412 -42.060
-11.563 -24.299 -40.106
-8.866 -21.308 -35.199
-2.847 -22.776 -35.223
2.734 -25.737 -35.461
-29.160 -12.939 -40.518
-28.465 -19.658 -42.308
-24.077 -24.370 -43.810
-17.975 -26.167 -41.682
-11.608 -24.092 -39.865
-8.754 -21.586 -34.995
-2.833 -23.100 -35.010
2.725 -26.383 -35.088
6.603 -30.284 -37.453
-18.377 -12.213 -28.656
-14.325 -10.905 -33.774
-11.870 -12.208 -39.779
-11.590 -16.002 -45.389
-15.153 -18.490 -50.426
-29.088 -12.923 -40.980
-28.310 -19.591 -42.577
-23.886 -24.333 -44.039
-17.829 -25.946 -41.852
-11.551 -24.028 -39.857
-8.709 -21.058 -34.987
-2.819 -22.605 -35.028
2.736 -25.892 -35.037
-18.221 -11.566 -29.037
-14.374 -10.562 -34.106
-11.816 -11.971 -40.193
-11.529 -15.746 -45.806
-15.197 -18.322 -50.730
24.084 74.612 59.032
21.280 80.069 55.485
19.785 86.119 57.370
17.609 91.307 60.824
20.491 96.204 63.324
25.759 100.018 64.045
32.381 101.872 63.558
37.327 100.350 58.608
36.748 102.950 51.919
39.506 101.215 46.623
39.041 97.629 40.673
36.234 95.816 35.974
32.981 96.587 31.316
29.382 98.293 25.942
27.666 104.129 22.438
24.399 109.323 20.728
27.690 113.574 17.064
32.898 116.885 14.181
39.643 117.470 13.591
45.145 113.937 13.427
42.417 95.461 18.250
39.230 98.804 20.818
40.787 103.482 24.823
43.209 109.276 27.215
40.215 114.022 29.781
34.819 116.907 32.445
28.167 117.449 34.119
23.400 112.477 35.474
23.680 108.428 41.558
21.280 102.998 43.177
21.724 96.115 43.343
24.763 91.248 44.582
28.087 87.831 47.943
31.595 84.421 52.187
33.274 84.757 58.954
36.605 86.238 64.305
33.453 85.668 69.976
28.202 85.002 74.269
21.632 84.689 75.266
16.161 81.822 72.420
23.325 74.414 59.381
21.123 79.763 56.446
19.295 85.979 58.025
17.046 91.104 61.412
19.778 95.957 64.046
24.995 99.814 64.897
31.828 101.504 64.394
36.389 99.815 59.499
35.998 102.813 52.557
38.271 101.136 47.126
39.781 98.694 40.467
37.105 98.598 35.470
33.265 98.649 30.372
29.824 98.989 25.440
27.066 104.044 22.388
23.944 109.276 20.451
27.099 113.572 16.957
32.285 116.909 14.057
39.107 117.501 13.702
44.606 113.841 13.409
39.561 94.679 17.895
38.704 98.611 20.524
39.984 103.367 24.686
42.411 108.920 27.189
39.774 113.873 29.616
34.616 116.848 32.261
27.731 117.469 33.849
23.208 112.427 35.253
23.399 108.582 41.944
21.897 103.301 43.589
21.639 96.529 44.809
27.400 87.606 49.631
30.124 84.073 53.798
32.673 84.501 59.842
35.815 85.841 65.248
32.598 85.417 70.827
27.472 84.817 75.146
20.745 84.679 76.022
15.166 82.276 72.711
113.142 108.620 180.876
114.531 111.762 187.069
119.073 115.730 190.707
125.439 118.648 191.658
129.479 122.145 187.529
130.934 125.325 181.515
128.098 128.434 176.048
122.789 131.599 173.820
116.686 134.848 174.336
112.970 138.556 178.572
112.171 143.413 182.170
114.943 148.712 184.914
119.719 152.960 187.553
125.302 155.343 186.572
130.069 157.241 181.969
133.170 156.654 176.597
132.771 156.581 170.013
128.622 156.331 164.852
122.631 157.766 162.090
118.711 163.126 161.501
117.498 169.765 162.593
119.669 175.824 163.375
124.046 180.728 161.723
129.735 182.699 158.328
134.077 181.324 153.647
135.624 177.151 149.175
134.935 172.847 143.835
130.021 169.604 140.724
123.689 170.041 138.274
119.274 174.111 135.502
117.637 179.266 131.640
119.369 182.731 126.462
123.264 181.831 120.581
129.457 181.658 117.504
133.091 177.080 114.651
136.047 170.703 114.202
134.608 164.563 115.884
130.768 159.543 117.647
124.793 157.151 116.804
119.038 157.280 113.728
116.876 156.672 107.509
117.382 156.060 100.680
120.949 153.278 96.106
125.601 149.521 93.562
130.763 145.253 93.457
134.173 140.493 97.543
134.469 136.977 103.016
130.988 133.677 107.403
125.343 130.709 109.432
119.875 127.455 107.703
117.235 122.725 103.862
117.717 118.345 99.393
120.691 113.579 96.223
125.479 109.103 95.259
131.398 106.358 97.150
136.368 105.187 100.932
138.452 105.383 106.952
138.369 107.928 113.387
133.437 108.762 117.934
127.412 106.985 120.713
123.365 102.224 121.801
121.789 95.683 123.187
124.215 89.915 124.240
129.193 85.662 127.046
134.420 84.911 130.550
139.981 87.099 134.071
142.752 91.975 136.807
142.637 97.951 139.375
138.911 102.222 142.501
133.800 104.088 146.311
130.288 101.655 151.437
129.219 97.420 156.596
132.158 93.947 161.352
137.008 92.222 165.187
143.174 93.366 167.725
148.522 97.089 168.433
151.521 102.871 167.655
151.058 109.028 165.979
148.081 114.586 166.163
142.786 118.446 168.162
137.730 119.220 172.659
136.411 120.070 179.194
139.163 121.265 185.138
144.503 122.626 189.164
150.647 125.526 189.751
155.923 128.927 186.955
157.966 132.496 181.298
157.680 136.061 177.016
153.795 139.786 172.829
147.233 142.109 171.775
143.658 146.899 174.209
142.559 152.423 177.429
145.089 157.683 180.178
149.356 161.846 179.923
154.493 165.005 178.196
160.598 165.865 174.974
163.696 165.064 169.381
164.198 163.330 163.107
161.431 161.106 157.751
156.025 160.767 154.148
150.118 162.586 152.356
146.317 168.815 152.245
146.791 175.145 149.465
149.772 181.404 148.867
154.222 184.080 144.367
158.982 183.734 140.056
162.773 180.143 135.577
164.295 174.913 132.592
162.537 169.566 129.694
157.835 165.404 127.521
151.580 165.150 124.581
146.167 167.914 121.381
145.289 171.871 116.372
147.186 174.109 110.547
151.033 173.683 105.232
156.361 171.111 101.772
160.415 165.855 100.664
162.786 159.828 102.417
162.418 154.118 106.096
158.068 150.173 109.222
152.329 147.105 108.629
147.217 144.865 105.150
144.860 142.989 98.827
146.877 140.528 93.264
151.468 136.777 89.626
156.597 132.836 89.381
162.214 129.209 91.880
164.507 126.237 97.049
162.638 124.756 103.161
159.614 121.773 109.198
154.149 117.832 109.727
150.112 113.181 107.215
150.548 107.725 103.649
154.059 102.639 101.677
159.181 98.828 99.899
165.679 97.423 102.395
170.290 96.781 106.452
167.790 96.240 113.023
168.930 94.667 119.329
167.205 96.251 125.502
161.993 97.008 129.654
155.497 95.728 131.134
149.378 92.273 129.508
147.058 85.104 129.314
165.671 83.271 133.973
164.104 81.929 128.968
160.884 80.748 123.135
155.593 82.951 118.777
151.562 88.673 117.927
150.004 94.999 119.043
153.000 101.675 121.114
159.106 106.259 121.147
162.952 107.476 117.919
169.141 109.359 115.306
171.136 110.597 108.442
170.042 110.976 102.353
166.365 110.623 96.530
161.308 111.012 92.717
154.505 114.135 92.469
149.879 118.088 93.962
147.279 122.024 98.054
147.557 126.339 102.992
151.839 128.821 106.972
158.429 132.540 107.120
162.832 136.307 103.884
163.806 140.069 97.975
161.383 144.596 92.341
157.488 148.534 91.287
153.014 153.197 92.209
148.841 156.031 95.776
146.013 156.892 101.512
146.754 156.993 108.087
151.621 156.724 113.041
158.347 158.262 114.046
162.979 162.966 113.273
164.812 169.492 112.634
163.084 175.752 113.958
159.403 180.046 117.377
154.436 181.968 121.376
149.377 181.417 125.526
147.049 177.638 130.192
147.240 171.963 133.985
151.369 166.709 136.089
157.455 166.018 138.958
163.072 168.308 141.899
165.452 173.037 145.866
164.618 176.595 151.181
161.004 178.295 156.684
155.948 177.582 160.667
151.086 174.609 163.410
147.368 169.540 163.812
146.596 163.243 162.352
149.427 157.392 161.835
155.104 153.473 162.759
160.643 152.340 166.288
162.961 151.798 172.512
162.619 152.441 178.897
159.838 151.178 184.650
154.778 149.318 188.373
148.522 146.566 189.216
143.791 142.567 187.105
141.338 138.421 182.988
141.239 136.063 176.457
146.044 132.963 172.750
152.197 129.489 172.670
156.145 125.109 175.698
156.242 119.632 179.319
153.657 114.402 182.470
148.938 110.035 182.949
142.586 107.225 182.225
138.249 106.342 177.976
134.856 107.505 172.495
135.281 109.770 166.075
139.783 110.296 160.799
145.556 108.505 157.483
148.317 102.875 155.866
149.345 96.082 155.402
145.796 90.599 154.180
140.502 86.726 152.805
134.493 86.259 150.172
129.532 88.242 146.920
126.354 91.829 142.764
126.634 97.491 139.205
130.767 102.152 136.041
136.279 102.632 132.143
140.942 99.253 128.713
141.470 95.663 123.305
139.118 91.833 118.083
134.454 91.257 113.759
128.180 92.209 110.694
123.507 96.718 110.203
121.171 103.201 111.424
122.217 109.150 112.548
126.616 114.370 112.707
133.134 116.480 111.979
137.226 117.539 106.477
137.786 118.555 100.293
135.260 120.511 94.463
130.145 122.330 90.547
126.202 127.062 90.392
120.622 130.566 92.333
118.122 134.704 95.722
117.287 138.260 101.631
119.701 139.546 108.203
125.104 142.160 109.946
131.725 143.526 109.609
135.240 148.358 106.472
135.679 154.153 102.917
132.576 159.230 99.644
128.361 164.258 99.523
123.204 168.259 102.960
120.455 169.978 108.062
117.750 168.558 113.848
119.800 165.602 119.995
124.364 164.855 123.978
130.663 166.477 126.453
136.197 170.749 126.373
136.741 176.897 127.919
135.260 183.157 130.338
131.448 187.324 133.775
125.746 187.523 138.557
121.989 184.696 142.584
119.172 179.905 145.696
119.100 173.429 147.314
123.104 167.542 147.604
129.023 166.401 150.785
134.325 167.936 154.822
136.659 170.702 160.667
134.778 172.560 166.946
129.757 172.727 171.190
123.827 170.329 173.731
119.642 166.653 175.653
116.338 161.041 174.124
116.929 154.792 171.174
120.854 149.498 168.724
125.650 146.029 171.320
130.372 143.857 175.842
131.109 142.808 181.860
129.183 142.794 188.477
124.853 139.754 192.011
119.717 135.446 192.101
114.406 132.193 189.326
112.014 128.942 183.553
113.541 125.800 177.861
117.863 121.908 174.285
123.898 118.393 173.691
127.981 114.802 175.807
130.577 110.147 180.100
-2.328 -5.108 -15.017
-5.832 -0.004 -17.867
-9.779 5.488 -17.250
-11.003 10.410 -13.056
-10.840 13.808 -7.131
-7.002 15.695 -2.142
-1.251 16.496 0.975
5.426 16.576 0.644
11.757 15.098 -1.456
15.216 18.046 -6.015
16.903 20.562 -11.905
15.550 25.642 -15.959
-0.323 29.903 -8.522
0.579 27.885 -14.962
3.679 23.221 -18.834
5.652 16.789 -18.638
8.509 11.408 -16.143
8.220 7.078 -11.207
7.547 5.053 -4.589
3.042 4.042 -0.216
-3.289 3.557 1.446
-9.691 3.609 1.048
-14.945 2.456 -2.844
-18.422 0.940 -8.327
-23.493 12.142 15.756
-20.282 12.895 21.563
-15.953 10.134 26.119
-12.894 4.641 28.930
-8.813 -0.225 27.429
-5.448 -4.539 23.245
-3.946 -5.850 17.659
2.065 -5.847 13.986
7.581 -2.852 11.167
10.941 2.587 9.662
13.046 9.094 11.398
16.795 11.419 16.503
16.763 9.566 22.924
19.323 -9.143 18.420
15.349 -7.600 23.468
11.613 -2.872 26.096
10.573 3.460 28.564
7.618 9.233 26.088
4.349 12.018 21.030
-0.269 11.194 16.934
-5.291 10.486 12.707
-8.883 5.768 8.777
-12.799 0.737 9.645
-15.638 -4.281 13.564
-17.560 -6.769 19.653
-21.125 -4.764 24.776
-24.856 -84.791 -19.871
-24.818 -79.522 -15.015
-21.870 -74.305 -11.905
-15.716 -71.551 -10.447
-10.677 -68.608 -12.465
-7.106 -66.345 -17.430
-6.422 -64.652 -23.489
-9.362 -63.464 -29.071
-14.281 -60.718 -32.076
-18.367 -56.341 -32.255
-22.083 -51.443 -29.414
-23.694 -46.803 -25.247
-21.193 -42.344 -20.716
-16.391 -38.306 -19.515
-12.123 -35.561 -24.787
-11.575 -30.145 -28.650
-11.035 -28.479 -34.268
-14.309 -23.236 -38.348
-16.260 -17.669 -34.801
-15.527 -13.314 -29.832
-10.828 -10.439 -25.832
-5.585 -8.646 -23.601
0.268 -7.198 -23.344
5.519 -6.300 -27.544
7.162 -2.753 -32.210
6.406 1.811 -36.121
-13.697 -41.493 -36.605
-8.075 -43.222 -33.016
-5.723 -45.353 -27.423
-6.880 -47.969 -21.539
-11.644 -49.532 -17.215
-16.409 -52.651 -14.980
-21.961 -56.666 -16.770
-24.278 -60.761 -20.770
-23.387 -64.567 -24.691
-21.172 -69.015 -27.545
-16.321 -73.355 -27.671
-10.807 -76.534 -25.385
-8.417 -79.763 -19.637
-9.920 -83.514 -13.649
15.291 96.454 -11.410
18.100 92.549 -15.409
23.291 88.869 -18.139
26.800 83.289 -17.174
29.719 79.388 -12.736
28.393 75.661 -7.754
25.850 71.521 -4.420
21.295 68.063 -2.626
15.007 65.570 -3.314
10.387 64.633 -7.664
9.685 61.049 -13.122
11.030 59.696 -19.517
14.808 55.928 -23.361
20.179 53.304 -24.421
4.076 8.221 -38.852
-0.099 12.893 -37.930
-4.011 16.884 -33.778
-5.589 18.995 -27.775
-3.608 19.950 -21.391
1.249 20.362 -16.901
7.383 21.253 -15.039
13.446 23.124 -15.687
17.395 27.696 -19.082
17.578 32.412 -24.737
12.904 38.609 -24.086
10.104 41.992 -18.983
12.180 44.262 -13.039
16.311 47.903 -7.803
21.811 51.505 -8.251
25.778 55.540 -11.359
25.212 60.278 -16.395
23.261 64.090 -20.096
18.510 68.957 -20.551
12.903 71.059 -18.435
10.523 74.610 -13.597
11.275 77.153 -7.326
14.220 79.916 -3.877
18.903 83.641 -0.881
26.090 84.697 -0.737
31.175 86.447 -4.815
7.138 38.582 -13.528
2.506 34.939 -17.645
3.041 32.922 -24.160
6.944 30.759 -29.867
11.003 25.340 -30.779
10.895 18.866 -27.454
11.712 13.649 -23.947
8.066 10.797 -20.651
1.983 8.659 -20.777
-3.866 7.770 -22.900
-8.608 7.088 -26.084
-8.779 4.707 -32.548
-9.139 1.901 -37.408
-6.147 -3.363 -40.362
-1.690 -8.557 -40.482
1.084 -13.740 -38.200
2.106 -17.835 -33.169
0.719 -19.683 -27.044
-3.987 -21.919 -22.991
-10.200 -21.501 -20.845
-13.574 -31.090 56.050
-12.019 -35.827 51.127
-14.563 -39.312 46.116
-17.914 -39.001 40.571
-21.498 -35.139 36.118
-18.709 -35.073 30.024
-16.815 -30.920 26.196
-11.234 -27.753 23.989
-4.661 -27.757 23.510
1.190 -31.202 23.287
4.836 -36.568 22.850
5.102 -43.793 21.877
0.834 -49.070 20.493
-4.743 -50.473 16.642
-10.223 -48.386 13.258
-11.735 -46.419 6.562
-9.185 -44.781 0.776
-4.054 -45.033 -3.469
2.427 -46.285 -5.411
6.641 -51.199 -5.664
7.553 -56.443 -7.696
7.287 -62.823 -9.882
4.636 -69.179 -8.250
-0.983 -72.391 -8.895
-4.842 -59.652 -20.555
-7.305 -57.348 -15.246
-10.810 -59.131 -9.095
-9.102 -61.893 -3.561
-4.873 -65.126 0.528
-2.787 -61.414 6.327
2.469 -59.088 7.678
6.825 -53.859 7.669
8.143 -47.532 6.222
5.655 -41.076 5.905
0.635 -36.304 6.215
-5.929 -34.600 8.497
-10.944 -37.352 12.135
-11.923 -41.769 17.767
-9.730 -46.522 22.121
-6.503 -46.793 28.103
-3.081 -43.437 32.794
-1.095 -37.545 35.379
-1.328 -30.749 35.895
-5.169 -25.792 36.609
-9.502 -23.206 39.508
-15.035 -21.914 42.949
-21.903 -23.237 43.100
-26.160 -27.667 45.650
157.052 160.504 113.501
156.613 155.658 116.518
153.771 149.456 116.234
147.781 145.697 114.793
142.616 143.565 110.960
140.978 141.738 104.345
142.845 143.746 97.475
149.265 145.021 93.442
151.827 139.245 90.679
153.735 134.294 89.469
144.222 129.357 104.025
150.933 129.813 105.638
157.133 134.409 105.756
158.870 141.548 103.744
156.636 147.687 101.743
152.805 153.324 100.422
147.441 156.923 100.810
141.598 157.253 105.305
139.752 155.405 111.728
25.430 44.513 17.929
29.411 40.022 22.739
35.482 41.149 20.147
40.613 35.531 19.357
43.470 30.783 23.613
41.821 27.308 28.643
44.385 20.975 27.107
24.774 76.284 59.436
21.932 80.113 56.476
20.228 86.219 58.085
17.900 91.410 61.581
20.650 96.230 64.361
25.910 100.118 65.113
32.657 101.817 64.663
37.362 100.105 59.810
36.652 102.657 51.968
39.277 100.508 47.154
39.375 97.720 40.965
36.924 96.900 35.459
33.278 97.916 30.484
29.973 99.437 25.810
27.070 104.204 22.729
23.933 109.456 20.733
27.043 113.837 17.192
32.261 117.119 14.244
39.140 117.653 13.837
44.607 114.006 13.450
39.831 94.796 17.719
38.830 98.825 20.743
40.093 103.607 25.011
42.563 109.339 27.382
39.709 114.402 29.775
34.519 117.297 32.493
27.735 117.839 34.021
23.194 112.788 35.408
23.955 107.801 42.295
21.355 102.646 43.005
21.243 96.005 44.146
23.650 91.047 46.680
27.379 87.443 50.363
30.678 84.566 54.182
33.657 84.768 59.866
36.755 86.112 65.372
33.590 85.654 70.923
28.372 85.039 75.264
21.668 84.757 76.140
16.082 82.504 72.864
34.192 8.080 -1.428
28.676 10.017 2.463
21.869 11.075 3.231
15.608 11.568 0.243
11.058 8.252 -3.167
9.017 3.696 -7.889
8.395 -3.056 -9.710
11.377 -9.525 -8.579
10.541 -13.838 -4.562
9.642 -17.099 1.570
6.916 -16.179 7.916
0.629 -12.638 10.614
-4.704 -10.581 10.157
-10.911 -10.433 6.953
-2.509 -4.947 2.723
-0.110 -4.598 7.983
5.683 -3.679 8.971
11.915 -7.788 8.292
16.415 -8.411 4.512
20.684 -7.796 -0.859
22.022 -4.938 -6.933
21.250 -0.096 -11.800
19.331 6.549 -13.050
16.889 12.540 -9.797
17.935 138.346 27.497
12.194 138.674 23.960
9.330 136.107 18.600
9.076 132.205 13.158
11.200 126.881 9.610
13.677 120.623 11.069
18.209 117.049 14.993
17.951 113.954 20.920
15.753 112.014 26.487
10.559 109.373 29.505
4.210 108.368 31.043
-0.372 105.022 27.943
-3.192 101.954 23.260
-3.527 97.844 17.906
-0.724 94.668 12.685
3.843 90.660 11.284
10.307 88.952 10.935
13.793 86.969 16.563
13.246 84.984 23.007
10.039 80.600 26.758
5.881 76.416 28.940
3.810 69.356 27.548
2.284 64.471 23.186
5.545 60.444 19.592
10.108 58.020 15.543
15.564 57.619 12.510
22.165 58.948 11.216
26.763 63.131 14.504
28.251 65.213 20.755
30.327 62.765 26.471
30.936 57.776 30.916
32.329 51.887 33.053
33.861 45.651 31.658
39.546 42.861 28.655
43.447 42.160 23.258
48.132 44.862 19.258
50.947 50.291 16.429
53.192 56.302 16.900
53.235 62.765 19.536
56.548 64.975 24.811
58.795 64.234 31.228
63.954 61.488 34.367
70.452 59.670 33.687
75.855 59.208 29.902
79.245 60.789 24.818
80.342 62.623 18.390
79.484 67.978 14.621
75.640 73.682 13.426
74.055 79.121 16.577
74.191 83.259 21.870
77.476 85.981 27.067
83.139 88.371 28.911
89.827 88.849 28.114
94.583 90.589 23.712
96.920 94.881 21.271
96.756 96.475 14.286
93.842 100.404 9.983
88.424 102.415 7.040
81.450 102.119 7.509
77.085 105.172 11.513
75.201 108.405 17.429
76.357 114.010 20.618
78.656 120.439 20.712
80.189 125.771 17.282
79.968 129.831 12.048
76.796 131.709 6.735
72.567 130.841 1.860
68.935 126.404 -1.958
63.227 123.325 -0.790
58.581 121.112 3.466
54.734 122.415 9.007
50.881 127.528 10.949
49.306 134.005 11.761
46.776 138.935 8.220
43.498 140.834 2.779
40.540 140.162 -3.320
37.044 136.824 -7.601
35.805 131.129 -11.469
33.170 125.398 -9.787
33.743 120.311 -4.952
28.994 118.938 -0.186
24.643 120.987 4.826
18.547 123.802 5.522
12.713 125.087 2.515
8.537 124.069 -2.259
5.823 121.992 -8.051
5.657 116.671 -11.802
7.193 110.580 -13.184
11.954 105.883 -12.556
14.662 101.259 -8.624
14.742 99.337 -1.972
10.369 97.565 2.845
4.681 94.855 4.393
0.149 90.416 3.178
-1.553 85.219 -0.520
-1.788 81.453 -5.672
1.147 77.199 -9.892
5.764 75.656 -14.808
12.052 74.040 -14.554
18.493 76.064 -12.857
21.730 74.203 -7.453
21.821 72.729 -0.663
20.465 67.009 2.725
17.087 61.211 4.367
17.911 54.809 2.579
20.231 49.755 -1.349
23.118 47.720 -7.011
28.967 47.538 -9.683
34.718 49.987 -12.343
39.133 55.477 -11.797
42.909 57.267 -6.379
44.460 57.292 0.065
44.643 53.275 5.833
47.440 48.011 8.078
52.589 43.965 6.890
57.107 40.040 3.769
61.688 40.786 -0.992
65.447 43.810 -5.698
66.611 49.335 -8.938
66.729 56.060 -9.031
67.122 61.788 -6.244
67.216 66.162 -0.847
70.970 66.784 4.818
76.388 65.035 8.419
82.500 64.542 8.158
88.511 63.884 5.300
92.098 65.513 -0.178
93.123 68.992 -5.444
91.307 72.323 -11.213
86.548 76.222 -13.912
82.748 81.387 -13.970
78.709 86.450 -11.327
79.759 91.216 -7.072
82.788 93.799 -1.560
88.449 97.586 -1.610
93.318 100.860 -4.636
96.915 103.472 -9.241
96.664 106.634 -15.054
92.426 109.787 -19.244
86.258 109.894 -22.564
80.264 112.279 -21.017
75.173 113.389 -16.960
73.159 116.302 -11.420
74.015 121.040 -6.913
76.052 127.427 -6.192
80.445 132.642 -6.101
81.440 128.440 -23.556
86.794 128.127 -20.487
89.110 124.979 -15.065
89.296 123.670 -8.209
86.311 119.601 -3.877
82.653 113.729 -3.989
77.772 110.009 -7.046
77.124 105.656 -11.821
79.002 102.047 -16.842
83.459 99.033 -20.898
88.961 95.575 -21.580
93.830 92.970 -17.879
96.393 89.955 -12.737
96.121 86.642 -7.064
93.517 85.541 -0.729
88.113 83.468 1.987
80.986 83.498 1.851
77.456 79.891 -2.604
77.347 75.823 -8.305
79.899 70.978 -11.464
82.745 65.046 -12.385
83.963 59.375 -9.614
84.531 55.180 -4.391
81.823 52.679 0.934
77.004 52.043 5.223
71.013 52.391 7.686
65.181 55.985 8.972
61.406 59.416 4.584
59.607 60.402 -1.690
57.412 57.055 -6.733
56.185 51.495 -10.328
54.287 45.078 -10.744
50.550 40.106 -7.939
45.810 38.195 -3.862
41.030 39.816 0.063
37.311 44.136 3.800
35.700 50.498 5.301
34.258 56.377 3.338
34.915 61.924 -0.775
31.589 63.249 -6.360
29.076 61.318 -12.598
23.494 58.097 -14.815
17.114 57.274 -13.359
11.757 58.781 -9.607
8.893 62.168 -4.865
9.018 65.415 1.318
9.973 71.978 2.309
14.594 77.076 2.486
16.751 81.426 -1.836
17.204 84.153 -7.888
14.015 85.921 -13.723
8.365 88.767 -15.030
2.225 90.974 -14.689
-1.928 94.445 -12.272
-3.486 99.349 -8.358
-2.890 103.255 -3.272
0.758 106.690 0.766
6.590 108.002 3.668
13.461 106.527 3.087
17.668 107.965 -1.948
19.383 109.474 -8.374
18.318 113.821 -13.129
18.587 120.572 -14.119
18.102 126.787 -12.179
17.921 131.948 -7.951
21.450 134.574 -3.039
25.771 134.218 1.979
29.192 130.331 6.598
34.396 126.421 6.115
38.511 122.557 2.550
42.132 122.127 -3.401
45.955 125.795 -7.296
49.733 131.221 -8.143
53.006 136.290 -5.798
56.259 139.424 -1.039
59.209 139.550 4.825
62.078 137.013 9.955
62.091 132.184 15.023
63.843 125.864 14.990
62.873 119.915 11.433
67.398 116.865 7.003
72.115 117.058 1.968
78.482 118.805 0.865
84.415 119.965 3.546
88.299 119.613 9.057
90.775 118.158 14.826
89.370 114.444 20.318
87.226 108.849 22.836
81.249 105.033 23.234
79.362 99.406 20.164
78.744 96.593 13.773
82.705 92.829 9.830
88.059 89.051 9.236
91.813 84.740 11.155
93.441 80.651 15.436
91.750 76.964 20.547
89.961 75.479 26.964
83.981 74.699 31.079
77.516 74.424 30.683
71.432 76.475 28.274
67.982 73.961 23.446
67.933 71.497 16.860
69.162 65.163 14.886
70.437 58.372 15.448
69.272 53.106 19.031
67.527 49.435 24.426
63.137 49.294 29.571
57.485 50.853 32.240
51.862 54.393 33.555
48.067 59.793 31.628
44.766 60.672 25.656
43.295 59.424 19.431
41.796 54.668 14.938
38.284 49.105 14.200
33.365 45.581 16.132
27.998 43.956 19.495
23.307 46.250 23.849
20.263 50.741 27.568
19.737 57.356 29.920
21.031 63.646 28.606
21.462 68.553 24.595
21.875 71.805 18.463
18.364 71.482 12.639
12.693 70.125 9.480
6.214 70.247 9.752
0.187 70.697 12.350
-3.069 74.578 16.557
-3.621 79.585 20.898
-1.353 83.621 25.802
4.426 87.096 28.629
9.123 91.511 27.521
13.789 95.307 24.021
13.504 99.112 18.720
10.897 100.679 12.409
5.998 105.188 11.095
2.179 109.996 13.143
-1.582 113.567 17.008
-0.720 118.379 21.310
3.011 121.415 26.361
9.017 122.013 29.513
15.760 122.112 28.225
21.007 121.663 23.983
23.682 123.030 18.115
23.654 126.912 12.659
22.367 133.131 10.351
19.312 139.004 9.454
42.693 -8.041 73.122
46.828 -8.927 67.394
47.511 -12.842 62.416
47.219 -18.553 59.155
43.187 -22.675 56.689
37.486 -25.769 56.806
30.806 -26.283 58.026
24.772 -22.645 58.037
21.212 -16.888 57.690
22.669 0.485 13.719
25.718 3.033 20.263
23.841 5.131 26.622
19.614 3.969 32.006
14.457 0.866 35.233
11.020 -5.439 35.866
12.763 -11.112 37.480
16.053 -17.019 36.506
22.095 -19.537 36.877
28.651 -17.943 38.131
32.238 -16.164 43.017
34.839 -11.891 47.149
34.159 -9.191 52.410
31.284 -7.915 58.300
28.526 -11.573 63.416
29.285 -16.989 67.117
31.591 -22.687 69.068
37.619 -25.665 70.260
44.412 -26.589 69.227
49.591 -22.812 70.892
20.530 -10.317 51.010
22.993 -4.936 48.488
27.000 -3.400 43.458
29.753 -5.210 37.200
29.005 -8.672 31.714
24.536 -11.963 27.277
18.329 -12.505 25.075
11.879 -9.972 24.418
7.516 -4.304 26.105
6.806 1.808 23.744
-40.753 -73.281 -26.163
-47.276 -72.221 -25.627
-52.419 -69.929 -22.133
-56.224 -66.344 -18.224
-56.944 -60.077 -15.618
-54.249 -53.747 -14.367
-51.351 -48.217 -17.127
-51.181 -44.331 -23.069
-52.783 -43.821 -29.485
-56.341 -44.625 -34.993
-62.289 -45.007 -37.632
-68.356 -47.699 -38.508
-73.084 -40.535 -22.136
-72.191 -47.156 -22.517
-70.146 -52.268 -26.175
-66.544 -56.241 -29.949
-60.288 -57.030 -32.405
-53.941 -54.360 -33.713
-48.496 -51.285 -31.051
-44.523 -51.201 -25.205
-43.944 -52.643 -18.825
-44.614 -56.228 -13.228
-44.921 -62.263 -10.640
-47.549 -68.280 -9.661
80.185 254.256 114.554
75.599 252.394 110.031
70.799 247.829 109.361
67.404 242.126 111.757
64.663 240.646 117.904
63.400 242.137 124.526
59.415 246.679 127.681
54.973 251.459 127.431
51.526 256.684 124.401
38.467 265.295 108.591
32.414 261.556 109.669
26.402 263.074 106.355
22.090 263.009 101.367
18.101 258.299 99.609
16.205 252.189 96.532
15.775 246.342 98.059
15.626 241.294 103.620
17.003 238.702 109.163
15.766 240.633 116.061
13.149 245.017 120.295
6.539 246.977 121.216
39.479 235.230 100.302
37.496 241.389 101.789
38.924 248.208 101.600
41.987 253.245 100.991
45.080 257.136 98.600
46.323 258.292 92.487
46.708 257.933 86.750
44.663 256.326 81.471
40.747 254.992 77.819
-3.053 239.844 109.009
-0.626 245.791 105.349
2.435 252.637 106.704
6.941 255.937 111.320
13.195 255.841 114.961
19.235 253.220 115.742
24.429 249.475 114.278
28.131 246.178 109.268
29.256 244.868 103.307
29.967 247.201 97.183
30.655 252.819 93.249
31.088 246.941 91.132
35.086 242.825 87.349
40.421 241.383 85.968
46.486 241.735 87.142
51.956 243.206 89.156
55.502 245.005 94.128
56.825 248.101 99.982
54.728 247.324 105.971
51.007 245.828 110.801
53.097 252.534 109.999
57.111 256.976 112.815
62.217 258.007 116.592
65.117 258.003 122.898
69.406 254.113 125.819
70.402 247.316 127.541
74.002 241.937 124.503
-1.770 31.272 -33.198
4.118 32.196 -32.367
8.718 37.275 -31.204
10.137 43.470 -29.272
8.156 47.412 -24.479
3.602 50.396 -20.311
0.605 48.539 -15.181
-3.239 44.594 -11.392
-3.176 38.566 -8.672
-1.318 31.685 -8.653
4.753 28.576 -7.451
10.675 29.030 -5.206
15.411 31.208 -1.396
17.685 34.758 3.716
15.916 37.870 9.330
11.664 41.129 13.500
6.101 39.636 16.711
10.945 22.137 12.983
4.416 22.967 10.523
0.947 27.545 8.490
-0.995 33.972 7.868
0.870 40.421 6.599
5.040 45.078 4.113
9.674 46.183 -0.616
14.069 43.836 -5.506
14.745 39.235 -10.141
12.076 34.736 -14.516
6.473 30.724 -16.378
0.139 30.747 -18.231
-4.834 34.462 -20.689
-8.216 40.005 -22.428
-7.389 45.224 -26.010
-4.587 47.940 -31.534
1.240 48.927 -35.592
25.743 -0.682 22.557
29.435 5.479 24.859
28.206 9.535 28.772
24.022 13.425 33.342
18.244 14.505 36.110
14.240 12.561 40.094
10.126 7.340 42.714
11.613 1.649 45.990
15.766 -1.637 49.646
20.632 -3.310 52.822
25.216 -1.407 57.085
28.907 2.495 60.946
28.497 6.406 65.603
25.253 12.555 68.170
10.433 2.351 65.681
11.243 8.092 63.276
14.819 12.754 59.759
20.682 15.916 57.752
25.866 12.836 53.732
28.489 9.019 49.693
29.670 3.161 46.196
26.213 -1.507 42.446
20.489 -3.915 39.924
15.229 -2.385 35.871
9.937 1.807 33.850
10.269 6.761 29.520
12.345 11.498 25.377
16.826 14.535 21.685
14.426 13.093 69.585
9.406 9.949 73.812
7.258 5.408 75.103
7.334 -0.282 79.880
11.938 -4.540 83.770
17.125 -5.329 86.608
21.090 -3.083 90.883
25.590 2.074 93.409
24.120 7.611 96.738
19.975 11.433 100.406
15.034 12.850 103.487
10.195 11.016 107.448
7.022 7.003 111.529
6.961 2.738 116.134
10.275 -3.280 119.095
25.072 7.398 116.051
24.320 1.222 113.886
20.900 -3.304 110.283
14.965 -6.412 108.490
9.276 -3.957 105.017
6.711 0.365 101.283
5.948 6.431 96.845
9.399 10.666 92.821
14.906 13.401 90.429
20.441 11.927 86.629
25.605 7.711 84.156
25.456 2.755 79.865
23.358 -1.841 76.157
18.919 -5.405 72.356
-13.667 12.075 -11.021
-9.582 9.041 -15.405
-5.931 8.139 -20.342
-1.203 10.666 -24.555
1.598 15.190 -28.633
5.020 20.439 -28.093
7.985 25.426 -24.224
9.861 27.635 -18.172
12.023 27.317 -12.321
11.047 9.656 -11.149
5.805 12.921 -8.150
3.231 19.027 -8.495
1.742 25.299 -10.715
-1.027 28.265 -15.878
-4.799 28.140 -20.989
-8.205 25.262 -25.442
-10.647 20.294 -29.667
-14.749 14.699 -28.944
61.924 50.248 8.766
56.680 52.575 5.300
52.506 53.669 0.689
47.416 51.313 -3.011
44.395 46.762 -6.921
41.112 41.368 -5.906
38.255 36.604 -1.734
37.034 34.274 4.480
35.803 34.319 10.591
37.006 51.941 11.778
42.526 48.750 14.163
44.961 42.611 13.345
46.296 36.362 10.759
48.339 33.473 5.481
51.398 33.851 -0.159
54.568 36.700 -4.922
56.150 41.838 -9.280
58.853 48.297 -8.383
1.692 38.856 8.776
6.817 36.370 5.301
10.903 35.273 0.577
16.043 37.584 -3.042
19.355 42.215 -6.811
22.729 47.456 -5.838
25.638 52.224 -1.704
26.883 54.510 4.568
28.361 54.364 10.609
26.618 36.841 11.491
21.295 40.094 14.115
18.941 46.354 13.390
17.582 52.572 10.920
15.375 55.397 5.719
12.329 55.183 0.042
9.499 52.458 -4.902
7.749 47.247 -9.237
5.037 40.787 -8.325
38.008 74.609 34.788
40.298 69.499 38.406
41.504 65.380 43.036
38.969 60.262 46.728
34.512 57.372 50.922
29.156 53.790 49.909
24.687 50.727 45.917
22.297 49.595 39.747
22.293 48.124 33.729
39.742 49.664 32.410
36.434 55.087 29.901
30.243 57.452 30.771
24.056 58.709 33.318
21.432 61.177 38.496
21.572 64.161 44.095
24.530 67.516 48.647
29.729 68.879 53.097
36.105 71.754 52.019
25.664 14.319 34.943
23.383 19.377 38.564
22.316 23.525 43.224
24.804 28.702 46.836
29.391 31.614 50.816
34.722 35.127 49.857
39.423 38.056 45.686
41.911 38.957 39.624
41.825 40.534 33.558
24.241 39.350 32.231
27.495 33.756 29.895
33.711 31.234 30.583
39.876 29.899 33.203
42.529 27.679 38.446
42.143 24.472 44.022
39.262 21.498 48.820
33.999 19.807 53.217
27.466 17.301 52.271
43.048 132.615 75.652
40.897 139.384 76.015
37.428 144.627 73.477
31.050 145.757 71.873
24.653 144.338 70.008
19.464 141.429 72.589
16.437 138.019 78.094
17.636 135.282 84.784
20.436 136.164 90.719
19.368 139.268 95.785
18.998 154.495 87.816
24.664 151.968 84.371
29.580 148.006 88.009
29.457 141.755 89.592
28.760 135.593 86.979
26.004 131.103 82.533
25.113 129.771 76.316
25.607 131.076 69.978
27.126 135.792 65.200
32.187 138.867 62.518
22.101 74.616 56.609
19.743 79.290 54.044
17.818 85.323 55.715
15.724 90.583 59.140
18.607 95.560 61.527
23.878 99.497 62.164
30.520 101.309 61.777
35.380 99.539 56.916
36.701 101.365 51.222
39.749 99.234 46.657
38.345 98.136 39.962
35.113 95.859 34.646
31.416 95.126 30.507
29.054 97.700 24.347
27.282 103.863 21.361
24.162 109.209 19.927
27.462 113.576 16.610
32.626 116.898 13.637
39.254 117.376 12.863
44.614 113.837 13.621
41.937 94.550 15.781
39.158 98.325 19.376
40.963 102.976 23.714
43.179 108.447 26.093
40.334 113.255 29.083
35.048 116.069 31.885
28.413 116.592 33.668
23.647 111.574 34.858
22.255 107.823 39.583
19.413 102.919 40.277
20.821 96.602 42.773
23.721 90.973 43.851
27.028 86.879 45.840
29.968 83.334 50.891
31.643 84.063 57.681
34.836 85.711 63.062
31.391 85.226 68.537
26.255 84.657 72.856
19.665 84.463 73.717
13.975 82.336 70.588
23.996 74.969 58.688
21.568 79.905 55.880
20.227 86.076 57.537
18.216 91.249 61.157
21.214 96.162 63.633
26.492 100.028 64.393
33.037 101.776 63.823
37.910 100.326 58.934
37.228 102.891 52.104
39.851 101.228 46.756
39.490 97.590 40.825
36.515 95.765 36.231
33.179 96.579 31.578
29.646 98.297 26.230
27.888 103.978 22.775
24.621 109.165 20.948
27.856 113.429 17.364
32.993 116.613 14.412
39.743 117.298 13.746
45.184 113.715 13.407
41.756 94.462 17.580
39.505 98.636 20.889
41.032 103.357 25.089
43.413 109.078 27.390
40.462 113.952 29.969
35.134 116.916 32.626
28.426 117.444 34.180
23.717 112.490 35.698
24.244 108.308 41.987
21.859 102.830 43.536
22.259 95.898 43.757
25.306 91.160 44.918
28.728 87.663 48.152
32.409 84.384 52.446
34.017 84.766 59.207
37.304 86.226 64.555
34.123 85.588 70.164
28.906 84.881 74.552
22.257 84.650 75.540
16.925 81.816 72.749
236.622 -1.697 -33.277
239.451 -4.794 -27.483
243.054 -3.062 -22.518
246.882 1.242 -18.811
243.846 2.642 -12.516
241.601 7.692 -10.236
236.218 11.562 -9.158
229.717 12.935 -9.547
223.592 10.601 -8.875
218.995 6.177 -8.030
216.601 -0.147 -6.641
219.708 -6.049 -4.464
223.726 -8.678 -0.049
229.730 -6.715 3.628
232.627 -2.958 9.459
231.070 -0.323 15.916
227.000 2.106 20.781
220.945 0.155 23.442
216.106 -3.805 24.341
214.367 -8.721 27.478
213.723 -14.627 30.332
215.379 -21.184 30.212
220.559 -24.559 31.705
228.761 -8.283 34.602
232.283 -12.783 29.839
230.322 -15.648 24.847
226.052 -19.470 21.065
224.556 -16.498 14.763
219.557 -14.167 12.787
215.404 -8.892 12.148
213.813 -2.599 12.831
216.469 3.719 12.041
222.215 7.620 10.481
229.042 7.015 7.150
233.138 3.639 4.123
233.932 -1.887 -0.713
230.996 -5.633 -5.256
227.568 -6.854 -9.916
226.670 -3.789 -15.878
224.532 1.439 -19.088
227.034 6.898 -21.227
231.380 11.651 -21.992
236.129 13.210 -24.593
241.729 13.387 -28.115
248.435 11.640 -27.988
251.860 6.726 -29.663
252.924 0.472 -30.682
213.452 -66.581 -46.931
217.655 -65.729 -41.103
217.964 -61.752 -36.288
216.160 -56.388 -32.482
213.373 -58.238 -26.221
207.939 -57.608 -23.977
201.826 -60.326 -23.000
197.446 -65.233 -23.093
196.346 -71.797 -22.759
197.831 -77.781 -20.912
202.298 -83.162 -20.556
208.853 -83.442 -18.037
213.048 -81.160 -13.789
214.486 -75.137 -10.010
212.917 -70.682 -4.359
209.452 -70.664 2.292
205.381 -73.080 7.014
204.099 -79.275 9.602
205.160 -85.381 10.824
208.551 -89.581 13.741
213.376 -92.744 16.719
219.823 -94.861 16.325
225.129 -92.253 18.536
229.618 -87.375 18.503
216.408 -77.215 21.664
220.935 -76.040 16.375
222.511 -79.081 11.168
223.756 -84.722 7.387
220.409 -84.480 1.089
215.838 -87.666 -0.932
209.170 -88.614 -1.508
202.909 -86.847 -0.978
198.836 -81.499 -1.882
198.169 -74.586 -3.189
202.096 -68.681 -5.902
207.242 -66.936 -9.552
212.353 -68.961 -14.391
214.249 -73.501 -18.656
213.511 -76.737 -23.952
210.329 -76.417 -29.568
204.673 -75.481 -33.019
201.296 -70.552 -34.946
199.356 -64.501 -35.674
200.393 -59.539 -38.387
203.081 -54.600 -41.903
207.838 -49.703 -41.700
213.832 -49.117 -43.384
219.872 -51.411 -44.221
29.522 51.420 5.681
32.867 51.416 11.338
33.115 47.866 17.383
30.454 42.991 21.348
27.318 36.653 20.430
26.708 31.410 17.352
24.431 27.810 11.529
27.434 24.924 6.932
32.597 22.186 3.619
38.909 22.934 1.123
45.054 21.184 3.709
49.025 20.611 9.359
49.415 18.161 15.838
47.319 13.422 20.456
43.511 7.782 21.738
47.801 5.970 2.987
42.192 4.317 4.183
36.982 4.863 8.621
35.022 7.181 14.809
36.343 11.930 19.570
39.780 17.763 20.675
41.652 23.694 19.010
45.680 28.073 14.947
43.760 32.286 10.435
39.786 35.755 6.424
34.498 35.970 2.062
28.034 37.421 2.548
22.284 37.951 6.261
19.394 37.851 12.547
20.140 41.592 18.778
-9.764 -20.587 -34.560
-15.366 -17.567 -35.900
-19.244 -12.902 -36.810
-21.618 -7.374 -36.905
-21.435 -1.885 -38.870
-18.996 2.692 -42.795
-17.177 2.544 -48.575
-11.415 1.177 -52.484
-8.360 -4.659 -54.776
-7.499 -12.161 -53.673
-11.359 -17.951 -51.528
-17.754 -21.442 -50.280
-23.449 -22.411 -52.401
-27.616 -22.948 -56.953
-28.812 -24.632 -62.310
-27.427 -29.294 -66.069
-23.774 -34.670 -66.205
-18.013 -38.470 -66.903
-12.640 -39.825 -64.139
-7.872 -40.537 -59.431
-4.447 -38.808 -53.765
-5.534 -38.455 -46.840
-9.701 -38.843 -41.244
-15.082 -41.713 -38.889
-18.868 -46.429 -37.349
-21.315 -51.712 -36.696
-20.975 -57.058 -34.218
-18.034 -61.441 -30.296
-15.553 -61.221 -24.903
-9.873 -58.986 -21.534
-7.726 -52.377 -19.981
-7.226 -45.040 -21.573
-11.515 -39.839 -23.848
-18.204 -37.201 -24.395
-23.598 -36.648 -21.369
-26.815 -35.938 -16.079
-26.936 -34.101 -10.557
-24.707 -29.512 -7.004
-21.114 -24.358 -7.850
-15.179 -20.573 -8.232
-10.311 -19.346 -11.507
-6.031 -19.088 -16.530
-3.170 -20.979 -22.362
-5.056 -21.016 -29.215
-21.313 -46.815 -53.332
-23.454 -41.734 -49.260
-21.281 -35.843 -47.677
-16.833 -30.723 -48.039
-12.020 -27.673 -51.613
-7.809 -27.719 -56.852
-8.131 -26.073 -62.785
-9.739 -23.351 -67.639
-12.564 -18.314 -68.845
-17.059 -13.358 -68.237
-22.340 -10.507 -65.386
-24.905 -8.913 -59.852
-26.642 -10.102 -53.286
-24.446 -13.708 -47.600
-17.877 -14.881 -44.533
-11.243 -13.646 -43.360
-6.419 -10.458 -42.244
-3.249 -4.166 -41.942
-3.193 -3.770 -35.133
-5.678 -4.408 -28.634
-9.838 -5.486 -23.416
-15.305 -8.136 -20.327
-20.109 -13.727 -20.665
-22.585 -18.524 -24.857
-20.569 -24.238 -26.669
-16.035 -29.301 -26.663
-10.697 -32.182 -23.740
-6.094 -31.877 -18.629
-5.880 -33.382 -12.653
-7.057 -35.713 -7.359
-10.202 -40.627 -5.875
-15.256 -45.077 -5.610
-19.703 -48.553 -8.234
-24.203 -50.372 -13.472
-25.941 -48.787 -19.782
-24.817 -45.628 -25.908
-18.306 -43.883 -29.548
-11.394 -44.651 -30.838
-6.321 -48.030 -32.628
-2.581 -54.012 -33.041
-3.185 -55.122 -39.735
-6.077 -55.265 -45.948
-10.616 -54.617 -51.033
-16.504 -52.238 -53.884
11.204 93.170 22.179
11.177 96.651 27.935
15.469 100.246 31.892
21.533 102.425 33.910
26.747 106.021 31.903
30.162 108.983 26.975
30.008 112.019 20.993
26.438 115.218 15.975
21.879 118.369 13.233
17.763 123.309 14.652
14.049 126.486 19.297
13.992 130.681 24.598
16.705 133.507 29.811
22.165 136.357 32.785
28.046 139.489 31.440
32.135 142.659 27.456
20.473 142.267 14.324
26.180 138.564 13.274
30.404 134.763 16.937
33.066 132.068 22.588
31.002 127.605 26.877
26.786 125.149 31.540
20.753 122.727 32.531
15.936 118.928 30.179
11.332 116.528 25.617
12.084 113.131 19.867
16.145 109.481 15.827
21.309 105.278 15.004
26.887 102.068 16.967
30.314 99.211 22.108
29.207 95.777 27.917
26.040 92.303 31.987
10.790 -50.615 22.174
9.880 -44.017 21.795
10.283 -37.839 23.397
9.612 -33.034 19.170
11.854 -29.333 13.908
13.176 -30.312 7.424
11.847 -33.191 1.877
8.917 -38.824 -1.038
3.330 -40.959 -3.501
-3.531 -23.633 10.087
-2.491 -30.282 10.329
-5.423 -35.291 11.527
-2.605 -41.561 11.523
1.095 -46.312 8.528
7.492 -47.227 6.353
13.560 -45.119 5.580
18.777 -41.663 6.566
22.713 -38.851 10.427
91.960 29.860 31.289
91.683 31.138 24.803
89.727 30.651 18.259
83.995 29.899 14.732
77.554 31.080 14.098
70.838 31.684 16.482
68.113 36.626 20.145
68.616 42.888 21.913
70.728 48.736 21.816
74.705 54.262 20.785
76.406 57.965 15.409
76.596 58.339 8.725
74.164 56.273 2.940
70.002 52.557 -1.112
63.810 51.637 -2.807
57.901 54.174 -2.678
52.601 56.960 0.395
50.730 62.688 2.426
66.902 71.067 4.978
63.537 68.391 9.870
59.605 63.716 12.676
57.455 57.627 13.161
58.528 51.201 11.890
60.854 45.814 8.087
66.431 43.720 5.012
73.049 43.904 4.187
79.088 45.187 5.887
84.251 47.221 9.814
85.193 46.180 16.376
83.263 45.528 23.004
79.093 42.660 27.525
74.657 37.879 29.366
73.265 31.215 28.205
73.920 25.272 24.268
77.541 21.534 20.576
83.637 18.825 20.334
12.342 -38.562 5.733
13.648 -38.835 -0.657
13.941 -36.956 -7.343
16.147 -31.563 -10.725
20.335 -26.496 -11.410
24.156 -21.047 -9.043
29.812 -21.009 -5.359
34.996 -24.613 -3.597
38.939 -29.444 -3.618
41.631 -35.604 -4.588
44.344 -38.428 -10.164
44.389 -39.177 -16.780
43.755 -36.005 -22.667
42.410 -30.602 -26.593
45.108 -25.008 -28.243
50.384 -21.106 -27.930
55.434 -17.730 -25.246
61.249 -18.927 -22.934
60.121 -37.002 -20.668
59.850 -32.815 -15.614
57.579 -27.306 -12.767
53.345 -22.349 -12.203
47.307 -20.086 -13.520
41.455 -19.486 -17.296
36.793 -23.147 -20.462
33.693 -29.052 -21.061
31.902 -34.918 -19.744
31.007 -40.311 -15.662
29.697 -40.449 -9.220
30.299 -38.504 -2.587
30.038 -33.465 1.966
27.752 -27.382 3.820
22.727 -22.836 2.672
17.041 -20.720 -1.142
12.108 -21.798 -4.899
6.626 -25.754 -5.097
12.071 -38.847 5.839
13.834 -39.000 -0.502
14.299 -37.244 -7.183
16.530 -31.754 -10.531
20.635 -26.689 -10.988
24.503 -21.199 -8.619
30.122 -21.258 -4.945
35.226 -24.876 -2.883
39.298 -29.788 -3.284
41.904 -36.042 -4.414
44.363 -38.991 -9.789
44.927 -39.171 -16.459
44.129 -36.490 -22.471
43.855 -30.930 -26.567
45.507 -24.928 -27.973
50.944 -21.444 -27.750
55.959 -18.084 -24.947
61.828 -19.482 -22.600
60.734 -37.282 -19.959
60.419 -32.990 -15.049
58.097 -27.439 -12.485
53.700 -22.673 -11.855
47.590 -20.400 -13.383
41.887 -19.599 -17.235
37.207 -23.468 -20.386
33.938 -29.437 -21.083
32.132 -35.271 -19.489
31.269 -40.558 -15.318
29.961 -40.621 -8.828
30.392 -38.834 -2.159
30.112 -33.721 2.418
27.908 -27.555 4.305
22.530 -23.262 3.246
17.182 -21.027 -1.062
12.322 -21.991 -4.866
6.827 -25.891 -5.076
-59.917 26.245 182.791
-59.462 24.854 176.383
-57.742 25.416 169.685
-51.881 26.097 166.327
-45.432 25.157 165.857
-38.809 24.654 168.251
-35.979 19.740 171.939
-36.703 13.407 174.082
-39.038 7.556 173.793
-43.113 2.314 172.354
-44.845 -1.303 167.085
-43.916 -2.149 160.498
-42.203 0.318 154.446
-37.678 3.572 150.432
-31.569 4.590 148.960
-25.797 1.722 148.993
-20.185 -0.604 151.610
-18.230 -6.422 153.696
-34.294 -14.646 156.797
-30.604 -12.183 161.570
-26.970 -7.450 164.248
-25.194 -1.275 164.952
-26.447 5.025 163.535
-28.716 10.409 159.690
-34.342 12.505 156.509
-40.953 12.231 155.906
-46.937 10.879 157.333
-52.000 8.931 161.408
-52.726 10.086 167.974
-50.901 10.687 174.641
-46.771 13.463 179.218
-42.544 18.490 181.098
-41.423 25.174 180.001
-42.307 30.937 175.770
-45.672 34.707 171.970
-51.783 37.519 171.784
-9.618 7.375 -16.630
-8.649 1.528 -18.229
-10.969 -4.095 -20.601
-6.762 -7.264 -16.320
-2.468 -9.090 -10.927
2.024 -8.998 -7.968
6.544 -13.084 -7.464
7.961 -19.516 -5.043
6.757 -26.372 -6.921
23.512 -13.549 19.601
20.141 -17.439 17.557
16.199 -17.879 12.859
13.910 -14.346 7.411
14.187 -9.045 3.255
14.449 -4.528 0.043
19.159 -0.724 -2.025
24.699 1.830 -3.772
30.138 2.305 -4.990
35.174 -0.143 -6.732
38.522 -4.435 -8.777
38.551 -10.089 -11.578
21.456 -12.207 -8.919
25.134 -16.015 -5.228
28.986 -16.283 -1.149
32.580 -12.730 3.776
34.173 -8.029 7.504
31.521 -3.424 10.317
27.245 0.766 11.565
22.068 2.994 12.905
16.074 1.801 14.147
11.039 -0.526 15.324
7.434 -4.925 17.693
-3.940 -64.548 -12.952
-2.621 -59.558 -11.130
-4.585 -55.695 -6.920
-9.182 -55.013 -1.663
-13.964 -57.856 2.455
-18.165 -60.222 5.557
-19.277 -66.130 7.904
-18.225 -72.261 9.818
-15.405 -76.769 12.077
-10.219 -79.738 13.656
-4.940 -79.604 15.803
-0.383 -76.646 19.010
-6.662 -60.643 15.326
-2.271 -62.596 11.527
0.451 -65.932 7.714
-0.773 -71.072 3.042
-3.634 -75.407 -0.373
-9.139 -75.723 -3.533
-15.087 -74.600 -5.216
-20.102 -71.416 -7.026
-21.589 -65.785 -8.707
-22.296 -60.021 -10.202
-19.951 -54.747 -12.658
170.346 158.539 155.232
168.994 155.830 161.169
164.057 155.237 166.171
159.194 154.937 167.555
153.355 151.372 166.770
149.705 147.717 163.830
145.204 145.174 159.480
145.755 139.022 158.253
148.194 132.459 157.186
153.620 128.525 158.625
159.387 127.797 161.293
165.229 128.531 164.637
165.900 131.827 170.918
164.486 133.996 176.407
160.191 133.979 182.108
154.505 130.069 185.177
173.272 208.975 173.162
176.946 204.027 173.717
178.384 197.204 175.082
176.187 189.813 175.524
171.480 185.502 173.930
166.979 183.140 169.925
163.048 182.845 164.173
161.197 183.402 159.634
162.999 183.440 153.194
166.185 179.318 148.596
171.597 175.356 146.374
174.224 169.921 149.661
154.806 167.437 155.390
156.103 170.162 161.331
160.974 170.725 166.396
165.821 170.983 167.842
171.706 174.487 167.097
175.446 178.062 164.164
180.050 180.482 159.852
179.604 186.623 158.529
177.269 193.201 157.318
171.859 197.221 158.592
166.054 198.052 161.159
160.163 197.411 164.457
159.428 194.202 170.788
160.819 192.097 176.316
165.083 192.180 182.043
170.759 196.130 185.087
152.806 116.471 173.318
148.958 121.290 173.802
147.275 128.075 175.093
149.211 135.543 175.440
153.796 139.991 173.884
158.275 142.492 169.951
162.303 142.906 164.273
164.265 142.397 159.775
162.601 142.269 153.300
159.378 146.265 148.622
153.884 150.031 146.266
150.990 155.375 149.474
169.955 160.511 156.311
169.630 156.618 162.349
165.976 154.311 165.655
160.865 151.075 167.232
154.800 148.367 168.621
150.751 144.393 164.832
146.792 141.426 161.642
146.244 136.142 157.934
148.603 130.671 157.073
153.444 126.634 158.075
159.534 125.076 160.438
165.642 125.377 163.861
166.735 127.280 170.858
165.558 127.794 176.228
162.505 127.590 182.021
156.958 127.190 185.755
170.316 210.611 172.508
175.410 205.782 172.518
177.059 199.075 173.693
174.494 192.629 175.640
169.315 188.679 174.547
165.563 186.021 170.565
162.265 185.648 164.022
160.405 186.990 158.430
163.321 185.289 153.720
166.378 182.144 149.031
172.319 177.382 147.759
175.666 172.118 151.663
155.525 164.742 156.016
155.666 168.800 161.954
159.216 171.175 165.327
164.321 174.393 167.020
170.401 176.994 168.564
174.651 180.805 164.851
178.809 183.587 161.773
179.644 188.786 158.061
177.472 194.313 157.089
172.653 198.446 157.758
166.469 200.111 159.749
160.190 199.961 162.801
158.705 198.324 169.766
159.554 197.989 175.182
162.171 198.361 181.130
167.427 198.686 185.261
155.952 114.688 172.950
150.499 119.112 172.582
148.305 125.715 173.527
150.327 132.366 175.489
155.370 136.614 174.713
159.273 139.443 170.956
162.993 139.932 164.632
165.229 138.645 159.138
162.513 140.196 154.228
159.519 143.149 149.321
153.540 147.822 147.812
150.025 153.105 151.579
42.761 30.349 98.194
36.524 33.264 99.450
32.970 38.330 101.872
30.763 44.460 100.407
28.897 48.299 95.394
28.506 50.211 89.209
28.556 49.105 82.890
27.671 44.718 77.791
26.665 38.745 75.096
22.997 33.589 75.444
20.683 30.322 71.633
22.294 26.012 66.165
26.707 23.919 62.258
33.102 22.922 60.259
39.799 24.843 60.832
43.922 25.048 64.739
46.704 25.596 71.201
42.660 22.376 74.664
43.537 22.842 80.756
-11.142 40.039 82.974
-7.236 37.325 79.483
-2.940 36.951 75.036
2.127 40.225 71.921
7.389 44.639 71.851
9.791 49.690 75.797
12.211 51.244 81.433
14.117 49.966 87.830
15.567 44.815 92.042
16.829 38.406 92.513
19.720 32.805 90.861
25.372 29.848 88.368
31.245 31.032 85.427
36.345 34.617 83.516
39.957 40.159 83.425
42.140 45.933 86.234
42.727 49.947 91.538
42.046 49.829 98.467
39.938 47.381 104.285
4.900 52.238 52.106
10.549 48.352 50.751
16.748 47.818 48.323
23.095 48.852 49.795
27.475 49.010 54.724
29.256 49.873 60.988
28.144 49.206 67.456
24.841 46.410 72.341
20.061 42.336 75.297
17.588 36.849 74.878
15.301 33.482 78.400
11.689 32.444 84.406
7.513 34.861 88.132
5.020 40.885 91.102
1.997 46.659 89.157
0.426 51.574 85.320
-0.728 54.122 79.134
-2.476 52.804 72.827
43.533 10.442 63.986
37.794 10.533 68.131
34.706 13.766 73.380
33.995 19.512 77.478
37.254 26.465 77.642
37.898 31.959 74.654
38.420 35.677 69.015
36.310 37.084 62.739
31.202 35.888 58.249
24.951 33.775 57.630
18.428 33.397 59.424
13.404 36.867 61.832
11.280 42.509 64.744
11.708 48.965 66.810
14.775 54.776 66.744
18.524 59.499 63.897
21.825 61.940 58.680
22.085 61.419 51.869
20.772 58.492 45.883
166.659 153.609 135.182
168.926 156.085 141.287
171.346 161.319 144.178
171.081 160.919 150.949
169.926 164.551 156.858
167.244 169.543 160.008
166.871 169.027 166.344
163.481 170.345 172.493
157.797 170.804 175.554
185.555 150.135 155.198
183.634 151.314 153.840
183.197 153.788 152.840
184.519 174.808 170.806
182.544 173.765 169.413
180.242 174.672 168.323
163.421 188.050 186.483
163.051 185.839 185.105
160.952 184.616 183.919
39.041 21.875 -11.778
34.305 21.072 -8.827
32.833 17.582 -3.130
34.958 14.145 2.659
39.471 13.352 7.160
44.138 16.453 10.968
48.028 21.540 12.835
47.198 27.391 15.808
45.935 31.577 19.004
43.602 32.103 24.391
39.945 30.747 29.610
36.757 26.455 32.666
33.914 20.199 33.129
34.003 13.900 30.141
36.932 10.165 25.745
42.356 6.791 24.123
49.077 5.686 22.812
55.011 5.429 25.796
57.754 4.743 31.508
57.835 -1.772 33.019
54.718 -7.814 32.539
50.206 -13.052 33.088
44.318 -15.536 31.369
39.359 -15.578 26.968
35.254 -11.801 22.897
35.930 -8.245 17.081
40.062 -6.084 12.039
45.562 -7.315 8.216
41.487 -25.410 12.286
48.143 -23.391 13.825
51.807 -18.749 15.113
53.407 -11.948 14.974
50.802 -5.545 16.123
45.347 -2.197 17.400
39.941 -1.686 21.482
36.677 -2.383 27.364
37.818 -1.413 32.985
39.361 1.396 37.933
43.015 5.947 40.798
47.519 11.015 41.639
51.167 15.210 38.198
53.919 17.505 32.577
52.806 19.306 26.133
48.808 16.498 21.122
43.202 15.230 18.258
36.616 15.875 17.881
31.641 19.206 17.791
28.457 24.201 17.147
29.016 27.905 12.850
31.591 31.766 7.880
37.101 33.457 4.436
42.953 31.338 2.405
47.466 26.860 0.687
51.377 21.268 1.596
49.980 14.694 1.099
45.228 10.110 -0.161
53.708 36.164 -1.873
53.042 42.011 -5.447
47.085 44.733 -7.767
40.631 45.102 -9.525
34.615 42.290 -8.528
30.521 37.882 -5.241
28.367 36.413 0.608
28.741 35.444 7.292
31.143 37.339 13.493
32.305 43.515 16.311
31.754 50.363 16.136
28.381 55.827 14.626
23.247 59.386 11.922
16.485 58.932 11.682
11.105 55.419 12.759
7.372 50.236 15.334
6.760 47.105 21.439
7.871 46.991 27.866
8.344 50.158 33.656
8.863 55.237 38.112
6.735 61.713 39.069
0.637 61.586 22.500
5.019 65.327 23.944
10.615 66.634 27.235
15.783 62.738 28.823
18.629 56.777 30.472
18.878 50.489 28.625
16.326 44.936 25.365
16.509 43.002 18.902
15.424 43.252 12.288
15.823 46.123 6.256
20.439 49.997 3.047
26.669 52.975 3.250
33.093 52.813 5.106
38.586 50.148 7.857
41.859 44.230 8.413
41.137 37.716 8.285
38.510 32.116 5.402
36.745 30.059 -0.786
36.209 31.070 -7.419
38.571 34.155 -12.839
43.834 36.270 -16.500
67.580 95.685 45.938
64.111 101.133 49.199
60.271 106.096 48.283
57.584 111.494 45.629
54.136 113.786 40.464
49.770 112.510 36.001
46.508 108.874 30.946
44.267 102.307 29.695
41.719 97.233 33.490
39.749 94.976 39.453
36.114 96.119 44.606
31.947 99.261 48.665
27.080 103.650 48.728
23.353 109.007 46.970
19.915 111.117 41.627
17.574 110.742 35.471
14.994 107.561 30.304
11.515 102.162 28.377
8.316 96.320 29.303
4.817 92.696 33.893
2.121 112.104 39.712
4.477 109.114 45.431
7.185 103.642 48.367
11.475 97.623 47.252
14.956 93.631 43.874
17.887 91.128 38.322
20.475 93.363 32.260
22.283 98.793 28.629
24.983 104.995 29.078
26.579 110.596 32.188
29.287 113.512 37.326
33.324 114.095 42.410
37.935 111.211 46.830
41.426 105.738 49.185
44.677 99.914 47.726
47.575 95.999 43.097
50.742 95.021 37.356
54.875 97.572 32.556
59.071 102.250 31.148
60.686 109.052 30.673
46.449 79.294 15.131
42.159 73.944 17.430
41.740 68.902 21.296
43.209 63.578 24.771
46.903 61.212 29.792
49.459 62.500 35.487
52.776 66.126 40.446
53.376 72.729 42.848
48.887 77.806 43.927
42.628 80.055 43.614
36.539 78.955 45.181
31.229 75.844 47.545
29.457 71.413 52.148
29.697 65.980 56.201
33.492 63.866 61.338
38.384 64.293 65.793
42.329 67.489 70.045
42.901 72.855 73.981
40.886 78.732 76.615
35.321 82.356 78.255
28.751 64.249 78.525
23.743 66.661 74.301
22.788 71.704 70.604
25.119 77.505 67.401
29.473 81.550 65.483
35.808 83.428 64.196
42.495 81.655 64.217
46.506 76.224 63.809
47.055 70.027 61.156
44.688 64.396 58.552
40.924 61.484 54.182
37.641 60.944 48.555
35.120 63.837 42.719
34.173 69.191 38.510
36.638 75.116 36.049
41.997 79.040 35.009
48.507 80.019 34.041
54.258 77.413 31.571
57.331 72.576 28.516
58.228 65.907 26.911
161.662 152.233 216.920
157.869 152.917 211.258
153.208 155.508 208.220
153.610 155.681 201.468
152.402 158.997 195.583
151.809 164.976 192.474
152.481 164.045 185.756
154.403 167.530 179.775
158.830 171.160 176.794
167.704 156.817 167.831
171.823 158.749 173.999
171.994 161.944 179.132
170.266 164.996 184.827
169.432 168.495 190.014
166.554 170.773 194.720
163.369 171.062 200.589
160.498 171.831 205.939
157.370 171.085 211.622
148.618 138.171 197.028
149.155 140.280 198.759
147.701 142.802 199.565
134.940 158.930 181.474
137.099 159.558 182.814
137.924 161.978 183.581
144.688 181.455 166.012
146.529 180.479 167.626
149.202 180.493 167.998
152.231 161.709 187.992
153.124 165.417 181.840
156.333 170.225 178.917
156.368 169.570 172.148
159.966 170.420 166.149
165.969 170.540 163.191
165.301 170.143 156.343
168.025 167.645 150.390
171.637 162.778 147.343
155.234 153.709 138.776
157.448 151.258 144.250
160.697 150.873 150.451
165.020 151.776 155.432
167.244 152.675 160.288
170.091 155.098 166.096
171.060 158.988 170.860
171.724 160.803 176.571
171.427 165.056 181.925
139.728 176.801 167.925
141.615 175.622 169.443
143.926 176.697 170.153
161.919 187.804 152.268
162.005 185.551 153.740
164.186 184.184 154.355
183.582 176.022 136.607
181.785 174.447 137.816
181.723 171.971 138.781
51.500 22.770 32.000
51.380 28.080 27.050
47.210 30.900 22.650
41.430 33.740 23.050
34.610 31.850 22.570
29.600 30.070 27.140
27.520 30.040 33.640
27.850 33.000 39.390
29.980 37.390 43.790
34.110 43.190 45.160
36.450 48.870 44.190
27.430 50.450 28.790
34.560 50.760 28.550
39.160 47.480 31.320
42.370 43.070 35.180
42.160 37.900 39.960
39.050 32.120 42.070
36.760 26.540 39.700
34.380 22.220 35.010
33.350 20.440 28.420
35.800 19.710 22.120
40.300 18.200 18.890
14.550 21.110 13.823
13.882 24.746 8.980
10.920 29.013 4.807
4.442 32.051 3.647
-0.372 35.270 7.082
-2.734 37.659 12.903
-2.161 40.368 18.865
1.424 44.238 22.486
6.878 48.184 23.707
12.307 51.089 21.521
14.698 54.514 16.327
13.801 56.990 10.149
10.050 60.126 5.987
4.604 63.759 4.684
-0.524 67.333 6.532
-5.267 69.850 10.250
-5.768 72.518 16.193
-2.742 77.599 20.721
1.491 81.226 22.566
10.685 81.610 10.432
13.430 76.124 13.984
11.612 75.134 19.676
6.820 72.097 22.956
1.173 68.381 23.630
-3.033 64.171 20.495
-4.720 60.077 15.897
-3.137 57.256 9.737
0.758 54.715 5.333
5.815 50.448 4.973
11.761 48.301 6.618
14.848 43.695 10.519
15.842 40.140 16.191
13.171 36.667 21.081
7.485 33.243 22.583
0.780 31.497 21.094
-2.899 29.811 16.498
-3.405 25.694 10.780
-2.207 20.467 7.332
-14.537 37.306 -13.544
-9.685 41.570 -11.890
-4.352 44.839 -13.345
0.629 46.986 -17.124
1.641 50.618 -21.921
1.182 55.715 -24.549
-1.099 61.526 -25.540
-4.280 66.525 -23.388
-8.294 68.781 -19.037
-13.114 67.807 -13.813
-12.869 64.322 -7.615
-9.341 59.453 -3.647
-3.995 56.345 -1.236
2.638 55.152 -0.558
8.025 58.910 2.227
11.310 59.902 7.138
10.497 59.500 12.939
7.811 59.930 19.514
1.997 58.850 22.490
-4.083 56.191 22.251
-9.021 52.092 19.501
-11.918 42.875 11.588
-8.388 37.763 9.278
-3.645 33.414 9.875
1.258 30.234 12.849
2.251 26.419 17.522
1.218 21.452 20.275
-1.942 16.242 21.685
-6.434 11.989 20.147
-11.445 10.681 16.518
-16.756 12.713 12.135
-16.795 16.169 5.921
-13.021 20.269 1.370
-7.607 22.259 -1.947
-1.059 22.117 -3.695
2.933 17.404 -7.237
5.094 15.846 -12.605
3.471 16.487 -18.177
-0.270 16.677 -24.225
-6.163 18.991 -26.231
-11.424 22.822 -25.097
-14.885 27.863 -21.673
-0.353 46.092 5.104
-4.679 51.341 5.205
-8.385 56.288 8.138
-7.767 62.209 9.732
-6.089 67.174 9.730
-3.846 70.796 5.956
-0.807 72.979 0.601
2.473 73.237 -4.613
6.353 68.807 -8.795
6.275 61.392 -9.489
3.357 55.366 -9.784
-2.619 53.058 -10.908
-8.296 52.942 -11.748
-14.592 54.090 -14.827
-16.475 54.970 -20.055
-17.057 52.863 -25.112
-14.728 46.970 -28.348
-10.628 42.208 -30.393
-5.778 38.098 -29.532
-0.763 35.738 -25.689
2.711 35.520 -19.635
-2.961 31.566 -8.926
-8.225 27.326 -8.369
-13.292 23.281 -10.648
-14.146 17.390 -12.275
-13.476 12.207 -12.428
-11.459 8.096 -8.936
-8.163 5.293 -4.085
-4.276 4.293 0.582
1.011 7.790 4.078
2.540 15.056 4.667
1.010 21.547 5.317
-4.115 24.987 7.273
-9.507 26.218 8.944
-15.296 26.347 12.931
-16.481 25.884 18.333
-16.010 27.875 23.459
-12.037 33.060 26.244
-6.854 36.908 27.566
-1.473 39.979 25.863
3.444 41.442 21.432
5.916 40.947 14.903
28.682 -8.925 50.480
25.148 -4.570 54.085
20.423 -3.195 58.332
15.466 -4.567 62.416
14.489 -7.178 67.918
15.529 -7.645 73.524
18.745 -6.735 78.868
23.248 -3.466 82.048
28.295 0.329 81.695
33.597 3.399 77.978
33.634 7.601 72.238
29.874 10.039 66.596
24.466 12.213 63.394
17.943 13.868 62.784
13.986 19.096 65.567
11.865 24.635 64.679
13.498 29.395 61.745
17.290 34.779 59.015
23.174 35.632 56.105
28.398 32.940 53.033
31.786 27.699 49.909
31.012 16.301 44.868
26.323 12.839 41.648
20.978 12.612 38.004
15.918 14.971 34.452
14.901 17.827 29.079
15.344 18.105 23.386
17.753 16.507 17.705
21.111 12.476 14.108
25.223 7.692 13.961
30.172 3.581 17.084
29.994 -0.567 22.860
26.453 -2.201 28.924
21.105 -3.235 32.695
14.471 -3.543 34.028
9.219 -7.783 31.752
6.084 -12.766 32.920
7.006 -17.803 35.694
9.871 -23.865 38.125
15.677 -25.935 40.388
21.693 -24.444 42.807
26.422 -20.060 45.455
19.708 14.562 51.901
25.027 15.873 56.023
30.126 19.627 58.541
30.989 23.565 63.248
30.362 25.885 67.920
28.321 24.506 73.121
25.015 21.338 77.740
21.120 17.539 80.623
15.851 12.885 78.967
14.274 9.244 72.660
15.822 5.901 67.061
20.892 2.664 64.756
26.283 0.641 64.338
32.072 -3.045 65.897
33.296 -7.709 68.636
32.836 -13.203 69.038
28.840 -17.939 65.489
23.621 -20.731 62.601
18.225 -20.543 59.086
13.346 -17.150 55.899
10.860 -11.014 53.587
17.243 -4.652 44.618
21.741 -6.902 40.017
25.630 -11.619 36.955
25.183 -15.610 32.219
23.530 -17.680 27.692
21.261 -15.920 22.714
18.169 -12.055 18.439
14.808 -7.528 15.974
10.810 -1.927 18.171
10.751 1.863 24.584
13.572 4.808 29.897
19.447 6.921 31.592
25.132 7.876 31.354
31.372 10.264 29.084
33.217 14.657 26.090
33.670 20.139 25.734
31.215 25.532 29.643
27.034 29.312 33.115
22.105 30.180 37.194
17.112 27.723 40.885
13.775 22.215 43.673
108.969 41.264 28.726
108.613 47.100 32.208
105.108 52.674 34.738
99.036 54.212 36.537
92.258 53.506 37.822
88.397 48.506 39.752
87.210 42.177 42.483
89.765 38.611 47.864
91.695 39.077 53.679
94.727 39.223 58.578
97.567 44.359 62.279
97.869 51.049 63.213
95.822 56.749 64.245
89.969 60.759 65.711
83.643 59.902 66.945
77.333 57.886 67.380
73.732 54.815 70.977
71.109 51.032 76.054
70.271 49.158 80.175
69.852 50.222 86.350
65.592 51.514 82.258
62.440 54.123 79.152
58.817 59.459 78.639
54.324 62.825 82.894
53.486 67.164 86.777
54.288 73.622 88.357
55.117 79.412 86.192
56.869 84.738 82.169
55.819 86.810 76.221
52.500 86.449 70.290
47.805 82.885 66.882
43.004 78.022 66.008
38.215 73.646 68.890
34.160 71.899 74.559
30.265 74.391 79.754
25.809 79.246 82.479
22.686 85.524 81.485
20.600 90.032 77.167
17.613 91.061 70.805
14.699 87.923 65.237
14.057 83.584 61.089
81.631 48.564 99.292
84.087 48.935 92.517
85.774 53.786 87.506
87.426 48.531 82.270
85.751 43.893 78.368
83.640 41.794 72.766
80.034 41.607 67.065
78.126 46.530 63.424
80.106 50.159 57.618
83.665 54.414 53.424
89.817 57.950 52.928
96.602 57.232 53.475
102.349 52.539 52.867
104.954 47.088 50.413
103.929 40.835 46.983
100.011 36.061 42.380
95.098 36.380 37.491
89.989 39.735 34.051
89.851 44.475 29.041
92.250 50.816 28.230
96.748 54.576 24.262
38.760 83.145 83.517
39.492 76.019 82.969
42.042 71.681 79.088
46.695 69.622 74.430
51.448 70.235 70.363
57.555 72.646 68.228
63.724 74.311 71.236
130.301 67.580 70.278
125.504 65.442 74.769
121.123 67.003 80.500
116.810 72.180 82.609
113.626 78.534 80.935
109.686 80.108 75.729
104.674 79.626 70.344
101.673 74.127 67.450
101.151 67.184 65.877
99.254 61.209 68.928
93.075 60.854 70.898
89.376 61.491 77.018
85.984 64.127 81.692
81.632 68.641 82.472
76.770 72.937 81.851
72.624 75.422 79.847
67.417 75.053 76.795
69.363 74.507 82.624
69.431 72.265 88.011
66.960 67.561 92.088
60.904 65.004 94.043
56.312 61.504 93.017
54.059 55.259 92.345
55.044 48.932 92.655
58.819 43.443 93.904
62.882 40.857 98.152
66.224 41.457 104.030
68.656 46.068 108.690
68.013 52.054 112.130
63.848 56.348 115.063
57.298 57.516 117.401
51.571 55.218 119.759
47.381 50.725 123.023
47.591 43.960 125.485
49.862 37.912 128.235
55.288 34.942 131.755
60.884 36.763 135.523
64.219 41.541 139.123
63.612 75.207 60.632
70.396 75.077 61.911
74.419 69.588 63.815
79.642 72.430 65.071
83.663 77.515 67.497
88.155 79.422 72.338
91.155 79.921 78.390
91.382 74.665 82.703
97.028 70.851 83.899
101.532 65.778 83.708
104.839 61.468 78.939
108.101 61.968 72.002
111.097 66.521 66.781
114.540 73.095 64.591
117.756 79.524 67.434
121.785 81.799 73.548
124.996 81.147 80.493
49.896 46.205 109.980
50.225 53.200 108.286
55.839 57.998 106.499
62.536 59.867 106.360
69.087 57.721 103.498
73.151 53.110 99.958
73.158 50.858 93.099
11.786 71.203 74.160
17.406 70.775 70.389
21.567 74.479 66.683
25.276 77.890 64.401
29.624 83.599 65.131
31.391 89.176 68.860
33.333 91.430 75.003
50.293 51.452 136.983
56.782 54.497 136.714
60.970 51.620 133.076
64.036 48.971 128.903
64.963 42.760 125.275
60.739 38.880 121.473
55.247 38.019 117.711
3.681 -4.537 -5.287
8.745 -5.120 -0.368
15.622 -6.021 0.826
21.490 -5.446 -2.507
25.124 -3.772 -7.866
26.539 0.498 -12.866
23.755 4.961 -17.605
19.568 10.514 -18.842
17.196 15.955 -15.435
16.680 19.811 -9.982
35.386 14.703 -3.899
29.746 10.677 -1.921
23.574 11.513 0.675
17.439 11.523 -1.213
12.270 9.735 -5.648
11.472 8.557 -12.716
11.035 3.162 -15.585
14.529 -2.004 -18.659
17.650 -7.438 -16.770
18.657 -12.648 -12.376
7.314 10.342 14.712
6.639 5.656 18.430
1.010 3.405 22.406
-1.194 -0.326 22.631
-3.650 -5.718 18.712
-8.906 -8.960 15.867
-9.989 -11.928 11.520
-11.929 -16.042 9.288
-18.665 -17.881 10.871
19.371 -13.849 -17.835
15.068 -10.155 -14.676
9.321 -7.178 -14.780
3.559 -5.694 -17.900
-1.453 -8.295 -21.220
-4.371 -13.764 -23.597
-5.613 -19.938 -23.095
-5.437 -25.369 -19.262
-4.986 -29.174 -14.099
-5.544 -29.238 -7.551
-7.333 -26.839 -1.947
-18.737 -17.168 -12.553
-14.043 -13.821 -8.732
-8.932 -13.684 -4.986
-2.735 -15.504 -5.949
1.047 -20.904 -7.520
3.881 -24.541 -12.027
6.945 -23.746 -17.889
5.954 -22.399 -24.022
5.230 -17.797 -28.458
5.617 -11.379 -29.864
7.870 -5.537 -28.186
38.316 37.263 9.909
44.605 33.399 10.056
46.451 28.359 13.028
45.306 22.327 14.107
42.763 17.205 12.991
39.250 12.441 10.580
37.138 11.798 5.189
34.387 11.579 -0.448
32.848 14.105 -5.295
35.627 17.564 -9.912
39.803 20.116 -13.158
46.641 27.212 1.152
42.257 31.460 -1.103
35.911 30.977 -0.082
31.099 28.883 3.126
28.183 26.893 7.720
26.281 25.184 13.330
28.033 25.346 19.045
31.003 24.954 24.747
35.493 27.416 27.134
40.632 31.816 27.942
44.574 36.464 25.965
15.448 17.966 14.159
13.631 13.022 18.560
10.860 11.917 24.655
7.412 14.058 29.835
3.018 18.651 32.699
-0.930 23.946 31.432
-3.633 28.413 27.174
-6.001 31.164 21.440
-10.080 29.459 16.633
-13.921 25.477 13.358
-17.529 19.707 12.939
175.526 195.759 243.826
173.136 191.233 241.849
171.388 185.775 239.845
167.447 182.839 235.183
165.388 180.113 228.894
165.842 182.705 222.202
169.061 184.470 217.600
175.138 186.811 214.223
181.667 186.145 214.105
187.392 182.768 215.034
190.289 177.001 216.902
189.229 170.559 217.577
187.061 164.681 217.788
182.971 160.458 215.307
177.226 159.327 210.953
176.521 159.233 205.352
176.970 160.912 198.557
181.391 163.173 194.175
187.881 163.419 192.452
194.448 161.464 192.828
198.274 156.232 194.078
199.539 150.166 194.519
197.058 143.624 192.778
193.335 139.198 189.455
189.017 137.718 184.447
184.910 140.041 179.057
183.681 143.749 174.470
184.966 148.228 170.235
189.952 152.617 168.075
196.879 153.577 167.441
202.631 150.311 165.652
204.827 145.216 161.867
204.340 140.397 156.989
201.433 138.786 151.122
196.801 139.819 145.639
193.698 143.975 142.560
191.703 149.519 141.232
192.618 155.979 141.593
197.577 160.672 143.749
204.230 162.324 144.322
209.636 161.797 140.842
213.075 161.518 135.140
213.081 162.769 128.754
209.893 165.734 123.620
205.387 168.860 120.359
200.406 173.903 120.925
197.014 178.803 123.936
196.076 182.120 129.426
197.958 184.097 135.741
203.907 186.582 138.327
210.205 189.321 137.984
213.025 194.120 134.696
213.604 199.674 130.757
209.959 204.654 128.128
204.564 208.294 127.259
198.456 209.837 129.310
194.184 210.664 133.628
191.427 209.391 139.372
193.260 208.483 145.825
197.383 209.113 150.673
202.482 212.972 153.543
204.369 218.871 154.591
203.505 225.315 155.117
200.034 230.831 155.010
194.878 234.652 155.021
187.734 234.480 156.152
182.506 232.099 157.981
179.378 227.413 161.353
178.913 220.980 163.753
182.811 217.363 168.141
188.168 216.888 172.853
190.425 219.464 178.406
189.233 222.957 183.964
185.383 225.598 188.375
178.975 226.482 191.254
173.205 224.548 191.671
168.188 220.615 190.855
165.776 215.119 188.711
166.631 209.001 186.461
171.380 203.789 186.494
176.770 200.835 189.650
177.949 198.724 195.634
176.896 197.735 202.315
172.333 196.798 206.980
166.176 194.484 208.383
160.406 192.123 207.881
156.266 188.689 203.563
155.087 185.167 198.665
157.002 182.229 193.686
161.651 178.841 190.683
167.497 175.186 191.544
171.011 171.153 194.751
171.413 166.129 199.643
167.950 161.018 201.569
162.559 156.721 201.980
157.506 154.171 198.355
154.253 153.467 192.434
154.338 155.284 185.477
156.750 156.112 180.319
162.188 156.969 176.629
168.814 156.253 175.983
173.255 151.410 175.889
174.951 144.985 175.359
173.060 139.849 173.171
170.278 136.460 168.432
165.440 135.485 163.794
161.601 137.116 158.982
159.419 141.380 154.022
160.037 147.505 151.478
162.363 153.610 150.374
168.638 156.122 150.105
175.342 156.310 149.920
179.864 153.201 145.990
182.026 149.942 141.307
181.351 146.964 135.337
178.203 146.756 129.397
174.835 150.115 124.842
170.271 155.457 123.850
168.609 161.245 124.377
169.372 167.136 126.558
173.094 171.570 129.801
179.924 174.053 129.753
186.099 174.564 127.840
188.847 176.109 122.027
189.009 178.426 115.794
186.099 181.889 111.053
181.084 185.998 108.994
175.568 189.853 110.711
171.789 192.664 114.812
169.909 194.386 120.818
171.954 195.483 127.580
177.219 197.486 131.380
182.411 201.948 131.796
185.920 207.683 129.598
184.283 213.530 127.050
179.759 218.284 125.100
173.832 221.115 126.187
167.215 219.310 128.291
163.129 219.487 133.497
162.188 216.449 139.205
163.908 213.996 145.419
167.882 216.054 150.278
171.866 220.057 153.963
172.171 226.562 155.316
170.259 233.095 155.967
164.554 236.186 157.231
158.510 236.235 159.234
152.133 232.283 160.497
150.740 227.601 163.442
149.744 222.232 167.173
154.225 217.339 170.651
157.552 216.288 175.395
160.670 217.912 180.422
163.115 221.939 184.942
160.661 227.820 187.779
156.294 232.097 189.858
149.936 231.891 191.653
143.584 229.667 192.593
140.125 224.348 194.449
139.192 218.474 197.630
142.107 214.067 201.992
146.851 211.965 206.117
151.215 214.549 210.139
153.278 218.149 214.533
153.801 224.472 217.315
151.244 230.222 218.628
136.819 218.280 220.889
135.572 221.175 215.849
136.923 226.116 211.172
140.845 229.142 207.751
147.272 231.427 205.924
153.788 229.420 205.277
156.968 224.188 202.954
157.440 217.741 200.521
154.655 213.057 197.008
150.773 212.541 191.707
146.276 214.763 187.360
143.999 219.783 184.107
144.375 225.199 180.562
148.214 230.780 179.276
154.177 235.467 178.386
160.056 234.059 176.233
165.579 230.361 174.271
167.047 224.994 170.865
165.551 219.128 167.375
160.999 216.782 163.230
155.841 216.852 158.578
153.230 221.641 154.285
153.597 226.956 150.001
158.356 231.166 145.780
164.390 233.121 143.426
170.442 231.959 141.949
175.032 227.871 140.295
178.189 222.378 142.396
178.066 215.849 142.373
173.952 210.594 141.439
168.527 208.145 137.730
165.793 208.247 131.485
167.011 209.328 124.848
171.131 210.568 119.093
176.518 208.745 116.329
182.693 205.577 115.742
185.806 200.502 117.881
187.432 195.825 121.582
185.156 191.478 126.118
178.910 188.357 127.754
172.893 186.033 125.332
170.230 183.017 120.076
170.316 178.958 114.728
173.603 173.926 111.932
177.763 168.931 112.104
182.278 164.826 115.184
185.836 162.470 120.108
186.132 161.951 126.574
184.066 163.286 132.564
178.482 165.360 136.214
171.818 163.918 135.764
166.307 159.978 134.213
164.509 153.536 134.262
165.021 146.710 135.136
168.107 141.817 138.564
171.984 139.810 143.264
175.193 140.109 148.535
177.018 143.679 153.623
176.723 149.492 156.989
172.263 153.268 159.179
166.291 154.936 160.728
159.867 152.817 162.393
156.109 148.248 165.533
155.566 143.712 170.144
157.440 140.225 175.736
160.645 139.195 181.128
165.480 141.558 185.682
169.136 145.665 187.964
171.551 151.114 188.278
172.052 157.546 185.418
167.142 161.722 183.390
160.584 164.076 183.634
155.127 164.938 187.387
152.723 165.992 193.391
153.402 167.075 200.180
156.394 169.479 204.890
161.245 173.034 208.162
166.982 176.211 207.119
171.232 179.480 203.795
172.596 182.734 198.417
169.790 185.710 192.830
164.137 188.828 190.170
160.293 193.805 191.636
158.111 198.982 195.396
159.569 203.486 199.945
163.857 207.462 202.873
170.119 210.021 204.026
176.629 210.811 202.251
180.711 210.462 197.143
182.206 209.188 191.278
180.074 209.180 185.616
176.106 211.526 180.429
172.014 216.240 178.115
170.648 222.570 177.944
172.991 228.789 177.834
178.050 233.119 177.678
184.974 234.079 177.226
190.786 231.090 175.620
194.017 226.617 172.327
194.881 221.300 168.531
191.733 217.912 163.704
186.645 216.491 159.340
184.122 219.316 153.982
184.523 223.516 148.837
187.849 227.278 144.932
193.557 226.152 141.568
200.425 225.665 140.327
205.678 221.964 140.503
208.653 216.223 141.815
208.886 210.037 143.285
206.015 204.362 145.794
200.663 201.029 143.824
194.513 200.147 140.328
193.547 199.125 134.007
195.366 198.202 127.284
199.641 196.253 122.729
205.409 192.927 120.643
209.831 188.466 121.476
212.786 184.161 125.678
213.421 180.740 130.913
210.104 178.466 136.242
204.482 175.760 138.448
198.474 172.571 136.689
194.009 169.698 132.088
194.425 164.467 128.169
196.787 158.505 126.932
200.794 152.919 127.993
205.271 149.594 131.555
207.942 148.931 137.380
208.964 150.497 143.268
207.235 153.654 148.892
201.861 156.755 151.890
195.216 156.211 152.644
189.783 151.716 153.008
186.884 145.292 153.628
188.555 139.742 157.147
192.205 136.569 161.723
196.225 135.863 166.510
199.336 138.607 171.464
201.054 143.082 175.337
200.238 149.407 177.412
195.584 154.492 177.950
188.708 154.932 179.037
183.027 152.186 181.836
181.099 148.834 187.051
181.093 145.740 193.207
184.485 145.526 198.970
188.712 147.838 203.415
193.069 152.912 205.663
195.829 159.246 204.537
194.017 164.762 201.662
190.535 169.511 201.396
183.991 172.347 200.607
177.971 172.226 202.951
174.085 171.923 208.215
172.827 170.443 214.744
174.313 169.067 220.801
178.625 171.300 225.709
182.304 174.984 228.747
185.007 181.389 228.528
184.119 186.947 227.307
180.089 192.207 224.569
174.922 194.187 223.246
169.645 195.757 223.725
163.948 193.943 225.892
159.161 190.962 228.068
-69.154 -15.891 -24.182
-71.420 -9.927 -25.662
-76.231 -4.727 -26.047
-81.506 -1.927 -23.501
-85.157 -0.372 -17.550
-85.501 -0.241 -11.188
-81.577 -0.566 -5.091
-77.542 2.394 -1.129
-73.522 7.243 0.296
-70.240 12.766 -0.924
-68.985 18.351 -4.295
-71.390 23.504 -7.261
-76.633 27.823 -9.365
-83.380 29.354 -8.780
-89.447 29.674 -6.707
-93.562 30.705 -1.269
-76.979 31.003 5.886
-79.312 25.432 7.949
-82.683 19.634 6.005
-86.822 17.065 0.924
-87.943 16.268 -5.212
-85.294 14.622 -11.571
-80.548 14.554 -15.534
-73.994 12.520 -16.895
-68.425 8.778 -15.950
-65.728 3.437 -14.110
-67.065 -2.880 -11.269
-71.008 -7.865 -9.244
-75.750 -11.757 -8.861
-81.211 -14.822 -12.193
-85.709 -16.231 -16.687
-87.476 -16.480 -23.331
-26.136 -35.250 3.281
-21.108 -38.073 6.491
-14.665 -36.045 8.516
-11.014 -31.689 12.262
-10.506 -25.320 15.171
-13.572 -19.531 16.432
-17.851 -16.587 20.441
-20.790 -16.181 26.485
-25.046 -18.590 31.424
-24.232 -23.158 36.065
-20.641 -27.635 39.269
-15.065 -31.900 39.888
-8.179 -31.837 39.567
-2.952 -27.542 39.747
0.221 -21.483 39.934
0.054 -15.721 42.886
-1.974 -12.074 47.962
-7.307 -25.536 56.867
-12.528 -21.176 54.521
-12.979 -15.858 50.416
-11.404 -12.949 44.621
-8.186 -13.652 38.460
-5.583 -18.001 33.912
-5.529 -23.940 30.756
-9.114 -28.802 28.693
-14.203 -33.507 28.838
-20.224 -33.673 26.299
-26.558 -31.780 25.018
-28.593 -28.647 19.455
-28.079 -23.056 15.462
-23.787 -18.900 12.488
-18.039 -18.553 8.929
-12.892 -21.705 5.940
-11.270 -25.808 1.662
70.407 403.304 3.465
65.672 406.403 6.574
59.228 404.090 8.469
55.612 399.886 12.300
55.115 393.565 15.137
58.123 387.709 16.419
62.317 384.797 20.476
65.277 384.421 26.505
69.563 386.860 31.453
68.790 391.373 36.045
65.080 395.727 39.330
59.585 400.087 39.954
52.767 400.096 39.642
47.373 395.807 39.951
44.416 389.766 39.915
44.540 383.820 42.765
46.676 380.352 47.876
52.123 393.846 56.897
57.045 389.116 55.003
57.724 384.386 50.488
55.877 381.231 44.622
52.325 381.903 38.477
50.102 386.208 33.752
49.919 392.147 30.782
53.612 397.038 28.845
58.675 401.651 28.892
64.754 401.836 26.427
71.060 400.000 25.006
73.113 396.858 19.490
72.576 391.204 15.427
68.429 387.088 12.495
62.641 386.841 9.042
57.567 389.989 5.919
55.808 394.320 1.931
70.568 403.101 3.468
65.417 406.305 6.755
58.865 404.016 8.424
55.446 399.545 12.199
54.996 393.235 15.045
58.120 387.409 16.400
62.383 384.492 20.374
65.300 384.100 26.552
69.509 386.539 31.454
68.617 391.072 36.099
64.768 395.243 39.558
59.403 399.775 39.970
52.563 399.513 39.527
47.279 395.344 39.792
44.218 389.212 39.535
44.569 383.302 42.579
46.405 379.913 48.079
51.317 394.162 55.641
56.566 388.919 54.783
57.529 383.723 50.422
55.504 380.743 44.616
52.635 381.472 38.419
50.569 385.542 33.418
49.973 391.656 30.586
53.510 396.779 28.585
58.674 401.366 28.873
64.760 401.553 26.465
71.123 399.543 25.101
73.066 396.625 19.440
72.501 390.859 15.440
68.297 386.743 12.339
62.524 386.611 8.843
57.463 389.741 5.741
55.813 394.184 1.589
70.528 402.219 3.659
65.265 405.255 6.965
58.461 403.222 8.511
55.300 398.693 12.186
54.939 392.444 15.092
58.023 386.602 16.405
62.332 383.648 20.330
65.180 383.281 26.522
69.503 385.769 31.378
68.525 390.239 36.055
64.683 394.464 39.517
59.373 398.978 39.839
52.514 398.708 39.567
47.249 394.574 39.854
44.255 388.327 39.505
44.541 382.387 42.380
46.175 379.089 47.953
51.313 392.459 56.535
56.526 387.672 54.887
57.520 382.864 50.354
55.548 380.091 44.676
52.673 380.733 38.556
50.512 384.791 33.437
49.911 390.880 30.612
53.472 395.972 28.535
58.587 400.557 28.862
64.664 400.700 26.433
71.000 398.751 25.039
73.003 395.770 19.454
72.417 390.090 15.408
68.199 385.951 12.326
62.500 385.766 8.814
57.463 388.760 5.629
55.707 393.279 1.438
-26.622 -35.719 3.576
-21.933 -38.585 7.587
-15.050 -36.315 8.701
-11.404 -31.555 11.995
-10.954 -24.873 13.772
-13.676 -19.357 16.092
-17.953 -16.537 20.143
-20.986 -16.131 26.214
-25.180 -18.495 31.213
-24.598 -23.126 35.718
-20.767 -27.279 39.367
-15.122 -31.468 39.913
-8.322 -31.050 39.762
-3.172 -26.878 39.840
-0.099 -20.748 39.533
-0.604 -14.633 42.111
-2.212 -11.069 47.296
-6.878 -23.761 56.056
-12.705 -20.052 54.655
-13.863 -14.540 49.739
-11.641 -12.293 43.990
-8.627 -13.175 38.006
-6.174 -17.505 33.465
-5.883 -23.577 30.531
-9.324 -28.560 28.622
-14.365 -33.340 28.969
-20.445 -33.535 26.684
-26.754 -31.484 25.322
-28.592 -28.507 19.610
-28.310 -22.945 15.532
-24.202 -18.981 12.072
-18.547 -18.850 8.421
-13.812 -22.324 5.285
-11.624 -27.125 1.849
-8.376 -20.421 -21.731
-10.748 -14.105 -21.396
-16.461 -11.274 -19.846
-22.830 -10.880 -17.364
-26.165 -10.802 -11.527
-26.287 -10.435 -5.191
-23.485 -9.599 0.597
-18.661 -10.027 5.590
-12.112 -8.145 6.389
-9.628 0.990 -9.232
-6.825 -4.655 -7.183
-6.303 -10.361 -4.331
-9.167 -16.375 -3.852
-13.746 -21.007 -1.953
-19.350 -23.286 -4.593
-24.437 -23.007 -9.383
-26.875 -20.264 -15.208
-26.270 -18.343 -21.729
8.338 -10.240 9.856
10.630 -4.567 7.021
12.715 -1.741 1.317
12.181 -1.786 -5.313
9.380 -4.017 -10.857
4.416 -6.631 -14.245
-1.980 -8.161 -15.145
-8.272 -7.818 -13.222
-13.416 -5.196 -10.049
-16.211 0.297 -7.471
-16.419 7.090 -6.695
-14.116 13.340 -8.313
-7.701 6.878 -23.090
-3.408 8.675 -18.269
-2.033 9.772 -11.824
-3.545 8.682 -5.309
-4.380 4.115 -0.823
-5.707 -2.075 0.858
-5.532 -8.646 0.168
-2.549 -14.030 -2.448
2.754 -16.827 -5.029
9.085 -16.854 -6.844
15.373 -14.495 -6.552
20.009 -10.717 -3.190
73.202 89.095 -71.827
72.189 94.725 -74.845
69.251 100.480 -73.009
66.871 103.987 -67.841
65.658 105.883 -62.941
68.983 107.785 -57.911
73.771 109.901 -56.204
79.321 112.308 -56.092
83.640 114.418 -59.195
87.571 116.104 -63.677
89.725 116.825 -68.930
87.373 118.441 -75.171
82.826 117.825 -80.282
76.618 117.688 -81.604
69.765 118.421 -79.740
75.833 125.645 -65.176
71.007 120.680 -64.418
70.434 114.743 -68.046
71.857 110.265 -72.955
76.371 106.204 -74.549
81.134 102.293 -72.952
83.244 98.789 -68.666
83.512 95.794 -63.565
79.881 93.111 -59.548
75.962 91.468 -55.127
70.208 91.225 -54.122
63.747 92.116 -55.336
59.251 92.053 -60.599
56.725 93.024 -66.302
56.082 94.864 -72.932
-15.013 -22.894 -33.717
-14.228 -16.967 -29.481
-15.137 -15.520 -22.975
-16.975 -16.758 -16.514
-15.587 -20.407 -11.116
-10.195 -22.339 -7.231
-3.326 -23.418 -7.497
2.760 -23.826 -11.347
6.868 -20.886 -14.883
3.000 -8.005 -9.578
-2.077 -6.684 -13.339
-3.180 -9.144 -20.044
-2.292 -15.289 -22.687
-0.490 -21.903 -22.634
-1.777 -27.794 -20.088
-7.208 -32.028 -18.881
-14.105 -31.929 -17.757
-20.110 -28.007 -16.459
-24.127 -24.172 -18.436
2.292 18.992 -8.211
-0.391 16.884 -2.706
-3.799 12.252 -0.160
-9.110 8.458 0.298
-12.321 3.798 -3.431
-14.200 0.447 -8.536
-12.880 -4.690 -11.116
-7.442 -7.093 -14.863
-2.391 -9.903 -15.965
2.545 -13.290 -13.501
5.077 -17.434 -10.897
-11.417 -19.239 -3.336
-7.386 -16.386 0.941
-3.075 -12.125 2.117
1.259 -7.569 0.476
3.850 -3.112 -3.973
3.987 -0.387 -9.657
1.870 3.473 -13.787
-3.717 5.927 -16.950
-8.902 8.859 -17.158
-13.609 12.058 -13.920
-15.574 16.441 -11.368
-88.407 -8.149 31.114
-82.333 -5.165 27.238
-79.269 -8.329 21.810
-79.770 -10.579 15.842
-82.845 -12.263 9.966
-81.136 -7.741 4.551
-84.592 -3.687 1.592
-87.542 2.574 0.817
-87.409 8.700 2.454
-83.693 14.131 4.098
-78.145 16.421 6.474
-71.870 15.457 9.108
-65.984 12.106 6.280
-63.337 8.726 1.350
-63.850 5.836 -5.132
-65.506 6.231 -11.297
-65.187 10.277 -16.505
-63.769 16.051 -19.464
-60.090 21.783 -19.000
-55.018 24.985 -16.836
-49.513 25.331 -18.255
-43.121 24.322 -20.126
-37.145 20.632 -20.297
-35.312 15.454 -22.768
-36.340 9.600 -27.369
-50.977 13.100 -30.034
-49.800 8.554 -24.611
-47.663 8.083 -18.822
-44.718 9.762 -12.968
-49.298 10.669 -7.400
-51.195 15.589 -4.429
-55.147 21.256 -3.625
-60.641 23.999 -5.260
-67.114 23.998 -7.348
-72.152 19.978 -9.623
-74.629 13.882 -11.728
-74.119 7.196 -9.288
-72.601 3.591 -4.141
-69.962 2.556 1.877
-69.339 4.035 8.359
-72.970 5.623 13.632
-78.689 7.431 16.561
-85.429 7.207 16.062
-90.864 4.330 13.907
-93.827 -0.285 15.528
-96.126 -6.395 17.461
-95.749 -13.471 17.079
-92.432 -17.480 19.989
-86.874 -19.823 24.490
48.208 -40.087 -28.243
45.260 -42.940 -22.696
46.335 -47.485 -17.401
48.890 -48.334 -11.499
51.927 -46.357 -5.766
47.231 -45.519 -0.307
45.741 -40.260 2.619
41.906 -34.421 3.396
36.232 -32.126 1.806
29.943 -32.290 0.364
24.743 -36.123 -2.450
22.277 -42.123 -4.372
23.020 -48.683 -2.012
23.740 -52.759 3.325
27.048 -53.862 9.744
27.633 -52.322 15.893
23.998 -51.097 21.178
17.973 -49.400 23.941
11.251 -48.462 23.336
6.225 -51.832 21.811
3.049 -56.402 23.187
0.771 -62.239 25.230
1.174 -69.214 25.300
4.837 -73.293 27.329
10.359 -61.510 39.525
14.743 -60.617 34.434
17.995 -63.761 29.226
17.422 -66.527 23.400
14.269 -68.136 17.629
15.723 -63.711 12.059
12.009 -59.715 9.197
8.905 -53.445 8.496
9.956 -47.531 9.977
13.226 -42.085 11.958
19.071 -39.818 14.510
25.671 -40.437 16.470
31.046 -44.402 13.663
33.468 -47.276 8.909
33.297 -50.110 2.441
31.264 -49.799 -4.096
32.383 -46.155 -9.286
33.774 -40.082 -12.073
36.188 -33.749 -11.371
41.813 -31.253 -10.224
47.304 -30.850 -11.482
53.702 -31.833 -13.408
59.524 -35.884 -13.211
61.096 -41.631 -15.512
48.217 39.877 40.263
45.197 42.523 34.871
46.419 47.098 29.618
48.994 48.084 23.548
51.890 46.221 17.723
47.169 45.145 12.252
45.323 40.342 9.029
41.437 34.580 8.461
35.903 31.658 10.104
29.769 31.710 12.237
24.646 35.467 14.495
21.718 41.341 15.928
22.348 47.279 13.331
24.283 52.208 8.732
26.586 52.774 2.544
27.158 51.740 -3.989
23.358 51.074 -9.344
17.530 49.395 -12.131
10.732 48.144 -11.290
5.650 51.544 -9.444
2.526 56.136 -11.027
0.571 62.201 -12.826
1.313 69.173 -12.266
5.297 73.310 -14.972
9.381 61.054 -27.484
14.084 60.487 -22.636
17.557 63.573 -17.445
17.086 66.346 -11.455
14.129 68.019 -5.554
15.499 63.486 -0.009
12.282 59.423 3.061
9.211 53.141 3.709
9.430 46.864 1.877
12.222 41.679 -0.558
18.198 39.349 -2.606
25.108 39.687 -3.563
30.539 42.956 -1.123
32.853 46.581 3.367
32.804 48.950 9.358
31.092 49.371 16.321
32.315 45.802 21.697
33.972 39.802 24.268
36.309 33.285 23.404
41.827 30.665 21.755
47.309 30.173 23.120
53.561 31.594 25.009
59.123 35.930 24.188
60.804 41.238 27.325
-37.590 74.318 -26.945
-32.968 72.768 -21.831
-30.994 74.558 -15.970
-31.094 78.064 -10.099
-34.139 74.372 -4.664
-39.242 75.236 -1.605
-46.131 75.087 -0.567
-52.131 72.180 -2.939
-54.761 65.898 -4.403
-54.161 59.813 -6.602
-50.268 54.771 -8.687
-43.676 52.048 -6.771
-39.745 51.055 -1.500
-37.513 52.483 4.496
-38.559 52.579 10.623
-42.374 50.509 15.806
-48.030 46.706 18.959
-49.532 40.620 18.653
-49.518 34.692 16.197
-46.850 29.770 17.669
-42.455 24.931 19.422
-35.866 22.352 19.151
-31.001 23.264 22.063
-26.508 26.694 27.067
-37.366 37.618 29.661
-32.887 39.203 24.145
-30.999 37.331 18.471
-31.031 33.892 12.521
-34.126 37.451 7.032
-39.305 36.696 4.068
-46.135 37.209 2.959
-52.048 40.182 4.990
-54.616 46.030 6.997
-54.214 52.384 8.944
-50.197 57.596 11.409
-44.017 60.209 9.234
-39.512 60.596 3.801
-37.438 59.262 -2.009
-38.219 58.738 -8.548
-43.066 61.434 -13.331
-48.284 65.156 -15.745
-49.588 70.928 -15.888
-49.522 77.125 -13.840
-46.905 82.011 -15.490
-42.591 86.980 -17.213
-36.229 90.014 -17.376
-31.034 88.871 -19.985
-26.368 85.274 -24.714
30.966 37.180 40.602
33.224 38.015 33.921
34.116 34.830 28.229
31.326 31.583 23.389
26.455 28.804 20.311
21.725 28.363 17.692
17.446 29.763 13.307
16.164 34.435 9.952
13.786 40.914 10.857
15.316 47.443 12.593
19.396 52.557 13.769
25.265 55.366 13.720
32.889 42.312 9.640
32.813 44.123 15.907
27.664 46.153 20.505
21.557 47.895 21.771
16.680 45.446 23.676
16.230 41.336 29.222
14.744 35.591 32.510
16.558 29.310 33.924
20.785 24.096 33.209
26.614 21.543 30.567
32.802 22.904 29.824
38.140 26.148 31.870
-69.403 -15.292 -26.001
-71.492 -9.128 -26.426
-76.496 -4.067 -25.906
-82.202 -1.983 -23.086
-85.565 -1.668 -16.746
-85.256 -1.120 -10.878
-81.319 0.386 -5.001
-77.578 2.651 0.098
-72.270 6.973 1.081
-69.585 12.367 -0.608
-68.559 17.986 -3.575
-70.765 23.278 -6.715
-75.961 27.527 -9.540
-82.805 28.618 -9.506
-89.247 28.242 -8.137
-94.249 29.754 -3.610
-78.468 32.094 5.279
-80.466 26.661 7.764
-83.187 20.269 6.277
-86.523 17.315 1.100
-87.299 16.108 -5.195
-84.953 14.091 -11.459
-80.018 14.327 -15.696
-73.189 12.713 -16.331
-68.514 9.068 -14.767
-65.952 3.672 -14.052
-66.767 -2.920 -11.562
-70.202 -8.606 -9.433
-75.038 -12.445 -9.634
-80.427 -15.376 -12.782
-85.498 -16.141 -17.442
-87.840 -15.467 -23.740
120.536 43.877 -43.202
120.315 41.279 -48.047
122.923 42.262 -54.996
126.461 46.340 -58.992
129.983 50.800 -60.279
135.013 54.928 -58.326
139.121 57.220 -53.899
142.924 56.678 -48.781
146.488 52.889 -44.989
149.828 47.597 -44.676
90.673 49.125 -33.628
91.194 50.248 -40.135
93.788 53.918 -45.019
97.130 59.063 -47.494
102.931 62.615 -47.231
108.812 62.773 -44.877
113.719 61.096 -40.018
116.380 55.407 -37.617
117.772 49.009 -38.831
144.444 42.858 -59.832
142.106 38.698 -55.079
139.508 39.411 -49.032
137.110 43.494 -43.771
135.239 49.244 -41.366
131.358 54.442 -43.319
128.869 59.119 -47.268
124.643 59.406 -52.964
120.102 57.904 -55.315
114.675 53.599 -56.848
110.651 48.549 -54.768
108.072 45.632 -49.920
107.528 44.849 -43.493
107.465 47.101 -37.411
107.110 52.218 -32.905
105.637 58.431 -31.531
101.848 63.809 -33.104
97.194 67.127 -37.076
91.221 65.979 -38.809
-25.603 -29.033 15.388
-21.832 -23.304 18.929
-16.696 -19.189 17.664
-11.182 -17.112 13.618
-10.731 -13.845 7.722
-14.075 -10.940 2.405
-19.579 -8.113 0.527
-25.842 -5.462 1.718
-28.594 -1.201 5.923
-29.034 1.437 12.174
-26.052 4.836 17.059
-21.948 9.407 18.746
-19.375 11.511 1.128
-12.739 9.693 2.569
-10.793 6.089 7.493
-11.911 3.348 13.915
-16.300 1.551 18.453
-21.451 -2.904 19.172
-26.481 -6.210 16.206
-29.536 -9.368 11.059
-28.575 -12.714 5.302
-24.100 -15.623 1.054
-17.701 -18.453 0.092
-13.892 -23.187 2.188
