41.643 29.393 -22.794
36.863 34.307 -21.580
30.216 34.717 -19.548
23.727 32.547 -18.254
20.291 27.461 -14.975
19.797 20.506 -13.580
22.614 14.830 -10.800
27.082 11.744 -7.230
28.019 12.014 -0.437
31.559 14.319 5.491
30.450 19.673 9.296
25.782 23.602 12.314
19.504 27.001 12.151
12.797 26.380 10.561
7.224 22.530 9.864
4.011 16.807 11.921
3.488 11.148 15.807
3.743 10.386 22.719
19.963 18.680 25.380
19.663 11.947 23.893
17.987 7.110 18.411
14.861 5.862 12.446
13.694 8.381 6.099
12.862 13.832 1.728
11.731 20.632 1.019
16.173 25.234 -0.139
22.159 29.032 0.516
28.729 29.200 0.320
35.091 26.699 -0.703
37.225 25.963 -7.253
37.422 20.414 -11.987
34.350 15.241 -15.576
29.119 14.795 -19.963
24.432 18.036 -23.946
22.659 23.857 -27.254
24.672 29.452 -30.487
93.968 14.305 38.113
89.892 9.539 35.935
85.233 8.883 30.882
82.269 11.788 25.756
80.087 17.740 22.787
83.518 22.394 19.329
88.937 24.062 16.029
93.884 22.664 12.269
99.111 19.404 9.424
99.811 14.161 5.226
97.267 8.933 2.075
91.721 6.301 -0.410
84.924 5.553 -1.240
79.999 8.947 -4.195
75.878 14.194 -5.869
75.733 19.255 -9.835
92.718 16.357 -12.989
91.705 22.054 -9.241
87.323 24.596 -4.671
83.180 22.642 0.114
79.589 17.766 3.736
79.902 11.895 6.664
83.473 7.202 9.636
88.749 4.775 12.419
94.896 4.759 15.087
98.061 9.110 19.067
99.981 15.137 21.578
97.578 21.065 23.370
92.812 25.261 25.446
86.713 26.366 27.716
81.013 24.265 31.189
76.964 19.986 34.763
129.090 83.422 148.932
122.596 84.497 147.596
119.837 89.628 147.587
120.885 95.545 150.894
125.692 100.235 153.981
128.935 104.238 153.205
133.121 107.967 150.552
136.180 109.834 145.118
134.757 111.587 139.007
130.323 113.391 133.625
123.783 114.835 131.467
120.009 120.652 132.279
116.346 125.006 135.729
115.412 130.574 139.414
116.610 135.042 135.092
120.624 140.657 132.915
126.016 142.806 130.323
131.911 142.205 126.510
136.526 137.964 123.452
138.196 132.598 120.750
136.901 128.049 116.789
132.685 125.135 112.277
127.492 126.096 107.904
123.973 131.216 104.348
124.893 136.881 100.528
129.563 139.032 95.635
128.693 145.936 111.554
125.149 143.718 109.675
120.782 139.252 113.029
119.955 134.757 116.790
119.783 128.857 119.270
124.916 125.126 122.087
130.899 123.832 125.144
134.322 126.556 130.664
136.271 131.074 135.135
135.184 134.785 139.300
133.318 129.973 142.210
130.006 126.308 148.111
124.379 122.772 149.958
118.841 118.788 148.828
116.100 113.929 145.172
116.510 108.861 140.558
120.525 105.361 136.423
126.731 103.356 135.439
133.547 100.280 136.246
138.497 100.507 141.330
138.541 98.446 148.387
136.223 95.549 153.352
132.614 91.890 156.547
139.117 102.706 115.217
133.764 106.058 118.496
131.904 109.786 123.176
134.787 110.782 129.494
138.366 112.933 133.761
144.872 114.121 134.515
149.476 119.662 133.609
150.272 125.736 131.014
149.786 131.273 127.424
149.013 135.763 133.178
145.253 141.443 134.712
140.336 142.922 138.577
135.339 141.705 142.705
131.013 137.326 145.945
130.317 132.344 149.373
133.273 127.031 152.139
138.376 124.174 156.105
144.900 126.365 158.472
147.880 132.404 162.296
146.003 137.496 166.656
142.239 141.194 171.114
136.707 142.971 159.955
143.426 143.769 158.544
148.237 139.733 154.399
148.744 135.916 149.906
148.622 129.991 146.495
144.479 125.019 144.166
138.141 123.278 142.151
132.939 125.782 138.885
130.580 129.493 133.882
130.476 134.467 129.705
132.222 129.345 126.038
135.497 126.130 120.057
141.484 122.937 116.857
147.321 119.641 117.630
151.472 115.695 120.722
152.021 110.007 124.018
150.715 105.611 127.414
172.166 158.837 108.060
167.562 163.581 106.906
161.779 163.039 107.428
157.448 157.829 106.971
156.372 150.459 107.694
155.024 146.615 110.950
154.491 143.212 116.108
154.893 142.942 122.599
152.411 146.719 127.779
150.450 151.183 130.968
145.406 155.876 130.934
139.258 156.422 128.069
132.693 154.349 127.560
127.568 150.318 125.895
123.862 149.835 131.138
120.811 145.492 135.481
122.313 141.831 141.586
126.254 140.228 146.513
132.632 139.737 149.424
137.649 142.876 151.351
140.773 148.519 151.175
141.273 154.388 154.484
137.607 160.317 156.127
131.493 162.140 159.372
127.519 160.700 164.819
128.611 158.876 171.591
122.724 148.555 163.293
122.794 151.146 160.114
123.273 154.984 153.873
126.222 156.889 149.407
130.274 157.847 145.029
135.858 155.720 142.098
140.234 150.601 141.471
140.349 144.184 139.770
137.941 138.649 137.578
135.225 133.056 133.979
136.975 136.601 129.933
138.691 137.686 122.784
138.351 141.667 117.440
138.520 148.162 114.770
139.223 155.177 116.960
144.454 159.017 118.561
149.674 160.644 122.273
33.896 4.175 19.842
37.176 7.958 15.138
41.345 7.340 9.947
42.845 3.938 4.540
41.484 -1.093 0.289
40.046 1.113 -6.334
35.116 0.914 -9.712
29.408 4.011 -11.948
26.181 9.851 -12.220
26.433 16.613 -12.725
29.358 22.598 -13.184
35.434 26.208 -14.364
42.159 25.116 -15.383
46.183 21.092 -19.460
46.930 15.311 -22.912
46.007 13.199 -29.468
43.136 14.699 -35.332
40.675 19.227 -39.602
38.578 25.531 -41.507
41.135 31.417 -42.058
45.230 34.820 -44.181
50.839 37.704 -46.311
57.573 38.656 -44.556
63.093 35.443 -45.131
54.205 25.777 -56.654
53.489 22.305 -51.471
56.444 20.176 -45.279
58.264 23.065 -39.747
58.839 28.402 -35.659
54.282 28.189 -30.013
49.751 31.683 -28.435
43.166 33.039 -28.606
36.995 30.960 -29.904
32.607 25.649 -30.515
31.081 18.982 -29.951
32.850 12.366 -27.392
37.794 9.278 -24.057
42.089 10.363 -18.376
45.119 14.833 -14.050
43.853 17.692 -7.964
38.977 19.241 -3.461
32.948 17.856 -0.584
27.127 14.298 0.068
25.033 8.391 0.929
24.994 3.244 3.691
26.655 -1.993 7.264
31.179 -7.371 6.951
36.975 -8.802 9.643
-6.190 6.140 2.616
0.261 8.429 2.495
6.186 5.319 3.017
10.295 0.725 3.575
11.956 -5.980 2.488
10.679 -12.751 2.490
7.404 -17.135 -0.760
4.124 -18.540 -6.569
0.697 -16.302 -11.899
-0.079 -13.133 -17.056
2.528 -8.658 -22.262
7.985 -6.970 -24.815
14.763 -8.506 -26.432
19.988 -11.955 -24.897
24.235 -17.635 -25.029
10.881 -25.872 -23.070
14.158 -24.254 -17.771
18.478 -19.784 -15.279
18.572 -14.147 -13.671
16.782 -7.240 -14.682
13.191 -2.401 -14.729
7.237 0.295 -13.573
1.075 -1.935 -12.199
-3.700 -6.665 -10.341
-5.410 -10.054 -5.108
-3.928 -12.119 0.978
-2.000 -12.062 6.695
1.330 -9.641 12.351
3.218 -4.206 15.453
4.144 2.209 16.048
35.473 33.551 -13.984
29.069 31.993 -12.337
22.967 34.315 -14.035
18.744 37.794 -17.174
16.779 40.792 -23.018
18.084 44.005 -28.919
20.726 43.376 -34.505
23.642 39.110 -39.030
26.676 32.546 -40.491
26.782 26.762 -40.666
23.761 20.676 -39.804
18.006 17.192 -39.780
10.978 16.675 -40.818
5.695 20.227 -42.960
2.743 24.697 -46.452
16.177 29.387 -54.191
12.055 32.458 -50.678
8.729 32.791 -44.833
7.644 30.697 -38.907
9.292 27.284 -33.168
13.624 24.439 -29.538
20.077 22.810 -27.081
26.054 25.221 -28.655
31.320 28.691 -31.572
33.505 34.673 -31.837
33.165 40.805 -30.151
30.979 45.991 -27.076
27.867 49.724 -22.125
26.356 49.262 -15.839
25.126 46.171 -9.920
25.084 42.354 16.752
28.950 44.123 20.247
34.992 41.803 19.957
40.360 36.214 19.495
43.457 32.366 23.675
44.709 28.996 28.271
43.183 22.547 30.303
41.360 18.118 30.390
39.476 11.517 29.641
36.590 6.335 33.313
165.578 190.415 185.153
160.662 194.807 183.255
157.053 195.705 177.787
154.687 194.450 171.214
153.715 190.725 165.280
140.567 174.539 169.153
143.026 174.345 173.510
142.077 174.212 178.085
135.364 177.318 176.919
136.119 181.038 182.484
140.290 182.263 187.395
143.254 187.637 189.136
146.672 193.496 188.173
146.119 199.938 185.631
142.481 204.589 182.403
136.651 206.856 181.673
129.964 207.317 182.742
125.037 206.070 187.130
123.092 205.641 193.573
124.691 206.071 200.269
127.830 209.007 204.797
131.746 213.978 206.937
134.915 219.997 205.729
134.198 226.161 202.881
116.195 220.771 205.241
117.281 221.477 198.465
122.005 221.964 193.648
128.471 222.048 191.301
134.745 219.737 192.405
139.169 215.729 195.537
140.143 209.809 198.125
138.005 203.602 199.385
133.604 198.369 198.227
130.011 195.430 193.412
127.987 194.527 187.053
129.948 194.392 180.667
134.197 195.696 175.798
140.708 195.799 173.758
147.129 193.741 175.167
151.160 189.446 178.709
152.478 184.393 179.832
152.602 178.267 179.929
158.218 178.575 178.938
164.325 179.834 175.202
152.956 137.878 129.192
152.332 135.076 128.844
138.835 128.271 142.690
140.569 126.500 141.436
138.865 164.752 137.812
141.979 160.486 141.596
143.425 154.010 144.010
143.750 147.608 142.583
144.256 142.606 138.206
145.274 140.589 131.949
147.945 141.587 125.861
152.470 145.143 122.281
157.927 149.135 122.153
163.687 150.416 125.264
168.432 149.658 129.429
171.574 145.550 133.690
172.956 139.357 135.999
173.428 132.901 134.594
173.218 127.736 130.040
174.507 126.013 123.429
177.343 127.146 117.431
189.186 135.960 129.623
186.509 140.587 125.417
181.765 142.044 120.642
175.878 139.682 117.595
170.634 136.404 117.310
165.440 133.539 120.437
162.078 131.956 126.150
160.761 133.615 132.547
160.738 138.201 137.434
160.666 144.662 139.350
159.258 150.920 137.666
156.509 155.476 133.612
152.020 156.928 128.847
146.483 155.066 125.356
140.784 151.749 125.695
136.209 147.777 129.083
133.738 146.680 135.366
156.998 133.120 166.302
156.383 133.270 169.173
155.066 135.647 170.435
139.861 153.827 172.088
141.008 152.594 174.512
142.180 149.875 174.785
