13.353 10.259 45.368
19.040 9.807 41.659
25.561 7.310 40.756
28.204 1.549 38.810
27.299 -4.432 36.095
23.718 -8.076 31.864
19.031 -9.264 27.304
15.636 -6.194 21.764
11.779 -0.765 19.647
16.893 8.779 12.417
22.987 12.176 11.189
28.587 10.779 8.315
32.371 6.429 5.102
33.758 -0.040 3.320
30.548 -5.066 0.091
25.784 -7.070 -3.922
20.983 -5.666 -7.952
17.644 -1.160 -12.054
18.065 3.815 -15.707
21.525 8.856 -18.590
37.561 0.407 -16.978
35.432 5.790 -13.794
30.506 10.265 -11.740
24.174 11.591 -10.406
18.596 9.197 -7.867
15.823 4.117 -3.971
16.228 -1.299 -0.399
20.462 -5.687 2.957
25.377 -6.664 7.487
30.445 -4.006 11.011
31.978 0.251 15.429
29.879 4.351 20.142
25.801 9.547 21.911
19.742 10.835 23.732
14.059 8.048 26.733
9.751 3.322 28.490
10.037 -1.877 32.849
13.078 -7.124 35.882
18.036 -8.746 40.154
23.344 -6.850 43.814
26.772 -2.150 47.302
12.156 5.486 18.535
13.364 9.859 45.931
18.917 9.448 41.921
25.204 7.003 40.475
28.088 1.390 38.827
26.850 -4.539 36.191
23.525 -8.288 31.978
18.898 -9.467 27.360
15.746 -6.099 21.862
11.612 -0.869 19.612
13.085 5.328 17.463
15.946 8.806 12.924
21.740 11.718 10.280
28.255 10.781 8.805
32.195 6.102 6.229
33.369 -0.101 3.602
30.345 -5.149 0.420
25.889 -7.090 -4.180
21.061 -5.702 -8.184
17.866 -1.317 -12.108
17.745 3.862 -15.456
21.467 8.528 -18.855
37.148 0.186 -16.537
35.529 5.814 -13.614
30.392 9.961 -11.740
23.903 11.558 -10.343
18.369 9.025 -7.608
15.399 4.093 -4.161
16.012 -1.571 -0.666
19.953 -5.727 2.925
24.761 -6.625 7.472
30.140 -4.069 11.052
31.567 0.190 15.275
29.741 4.224 20.340
25.572 9.400 21.884
19.656 10.591 24.020
13.764 7.811 26.860
9.515 3.152 28.691
9.761 -2.125 33.052
12.735 -7.519 35.913
17.624 -8.774 40.527
23.409 -6.988 43.817
26.566 -2.114 47.148
19.204 23.097 0.745
15.114 19.089 2.113
14.078 13.506 5.654
16.627 8.264 9.021
21.507 5.685 12.386
26.762 7.594 16.327
30.190 11.778 20.134
29.438 17.208 24.600
26.161 22.933 26.801
19.609 24.884 28.629
15.397 24.452 33.008
10.161 20.872 36.211
8.415 14.548 37.861
10.992 9.662 41.390
15.807 6.936 45.164
21.053 7.785 49.018
24.834 12.054 52.505
24.145 17.111 56.720
20.865 22.349 59.619
15.107 24.688 61.676
8.550 23.808 63.455
10.521 6.293 63.459
6.381 10.209 59.786
5.306 15.821 56.766
7.678 21.502 54.579
12.511 25.157 52.440
18.890 25.334 50.327
24.551 22.113 48.394
26.799 16.468 44.849
25.616 11.159 41.494
21.173 7.331 38.157
16.611 6.781 33.690
13.785 9.280 28.388
10.516 15.002 25.804
11.950 20.420 22.650
16.927 23.867 19.347
23.347 25.283 17.514
28.186 22.161 13.927
31.766 16.763 12.055
31.432 11.509 8.745
27.712 7.143 4.782
24.574 6.404 -0.147
-16.260 15.078 5.686
-12.339 17.306 0.781
-7.933 21.783 -0.414
-4.279 27.573 0.484
-1.434 31.450 4.597
-0.863 34.672 10.319
5.734 34.555 11.784
9.102 32.503 16.310
12.738 27.304 18.639
16.340 22.034 16.665
17.843 17.021 12.249
20.489 15.549 6.793
14.789 28.570 -0.934
11.579 23.052 -0.662
8.269 18.892 3.545
7.025 15.428 9.415
4.354 16.725 15.132
-1.443 18.234 16.886
-6.864 21.730 17.563
-9.295 28.026 17.929
-11.881 31.873 13.464
-14.164 34.110 7.552
-16.463 32.411 1.601
-20.038 27.684 -1.885
0.845 6.105 0.636
-2.683 1.564 3.945
-3.199 -4.323 7.277
0.408 -9.369 10.438
6.348 -11.214 12.960
11.267 -9.411 16.590
14.741 -5.775 20.718
13.966 -1.115 25.891
10.984 5.026 28.188
4.483 6.241 30.236
0.477 5.623 35.078
-4.372 2.061 38.843
-6.658 -4.202 40.708
-4.510 -9.574 43.430
0.579 -12.422 46.510
6.017 -11.908 50.165
10.977 -7.528 52.841
11.200 -2.509 57.043
8.810 2.867 59.838
4.005 6.398 62.282
-2.026 5.876 65.879
-1.410 -11.690 67.463
-6.753 -8.196 63.640
-7.911 -2.624 60.635
-5.476 2.903 57.620
-0.920 5.972 54.348
5.040 5.919 51.413
9.692 2.261 48.020
11.900 -3.325 45.335
10.029 -9.008 42.338
5.434 -12.583 38.583
1.210 -12.490 34.101
-1.597 -9.254 29.047
-4.620 -3.327 27.218
-3.533 2.522 24.681
1.328 6.360 21.101
7.573 8.224 19.057
11.799 5.115 14.731
15.031 0.236 12.026
14.538 -5.484 8.354
10.470 -10.132 5.476
4.742 -10.991 1.982
37.427 -16.034 6.891
33.238 -16.690 1.663
27.856 -20.330 -0.252
23.947 -26.035 -0.258
21.037 -30.172 3.817
20.652 -34.077 9.231
14.182 -34.541 11.380
11.200 -32.335 16.114
7.855 -27.087 18.639
4.604 -21.451 17.386
3.035 -16.211 13.089
3.441 -26.908 0.110
7.805 -21.673 -0.071
11.768 -18.076 3.750
14.279 -15.491 9.596
16.661 -16.804 15.539
22.680 -18.568 16.698
28.170 -22.214 17.111
30.835 -28.680 16.439
31.654 -33.004 11.441
32.300 -34.576 4.790
35.659 -31.956 -0.359
39.103 -26.899 -3.452
-37.402 15.923 6.747
-33.485 16.752 1.234
-27.962 20.487 -0.311
-24.356 26.426 -0.251
-21.529 30.517 3.872
-20.996 34.441 9.329
-14.467 34.662 11.329
-11.547 32.540 15.968
-8.254 27.334 18.571
-4.812 21.843 17.296
-3.096 16.503 13.011
-3.661 27.004 -0.096
-8.411 22.045 -0.089
-12.372 18.266 3.772
-14.637 15.668 9.731
-17.055 17.021 15.589
-23.061 18.738 16.920
-28.561 22.321 16.982
-31.051 28.705 16.392
-32.063 32.943 11.293
-32.937 34.552 4.756
-35.734 31.792 -0.646
-39.561 27.079 -3.599
40.555 15.607 -4.639
34.605 17.915 -2.810
27.466 17.518 -1.982
22.139 13.808 -1.710
19.769 9.322 2.321
17.185 15.253 0.335
12.885 19.660 3.423
8.556 20.938 7.798
5.263 20.874 13.799
7.426 21.604 20.147
12.371 22.496 25.066
18.628 25.046 25.959
24.052 27.959 23.704
27.328 32.408 20.128
26.103 38.400 17.376
8.696 37.663 19.192
10.866 36.817 13.378
15.710 34.261 9.334
21.021 29.727 9.538
24.635 25.427 12.537
24.723 20.346 16.714
21.965 15.550 20.316
17.509 11.091 19.859
12.056 8.134 17.553
36.165 3.476 7.483
33.448 -0.231 2.857
29.873 -0.726 -2.668
26.770 2.560 -8.152
27.146 7.773 -12.198
36.764 7.144 -5.656
32.593 11.631 -3.675
26.216 14.160 -3.916
20.224 12.709 -1.120
16.662 7.971 2.188
12.910 13.253 -0.543
10.101 18.517 2.739
7.131 20.732 8.560
4.707 21.772 14.859
7.507 22.284 21.156
12.551 22.477 25.537
18.738 24.624 26.089
24.302 28.078 24.262
27.746 31.678 19.586
28.015 36.719 15.475
9.908 37.856 16.610
13.014 36.282 11.259
17.465 32.152 8.207
21.512 26.776 8.793
24.657 22.115 12.485
23.941 17.484 16.939
20.279 13.671 20.954
14.422 10.316 20.703
8.869 9.063 18.017
29.946 -1.671 7.716
26.284 -4.303 3.317
22.086 -3.769 -2.306
19.532 -0.326 -7.069
20.874 4.591 -11.971
5.334 5.276 14.392
4.272 2.742 13.418
4.477 1.488 15.955
40.894 16.440 -3.606
34.855 18.205 -2.156
27.599 17.359 -2.037
22.361 13.940 -1.551
20.088 8.973 2.271
16.942 14.811 0.291
11.451 18.040 2.665
8.096 19.816 7.393
4.846 20.563 13.502
7.143 21.513 20.132
11.918 22.362 24.814
18.482 24.829 25.483
23.736 27.880 23.456
26.846 32.379 19.724
25.386 38.551 16.755
7.834 37.407 18.743
10.111 36.748 12.423
15.173 33.641 8.849
20.407 29.466 9.139
24.424 25.019 11.981
24.617 20.143 16.480
22.009 15.550 20.442
17.309 10.942 20.078
11.806 8.072 17.683
8.438 5.107 13.711
36.531 3.621 7.658
33.839 0.119 3.002
30.372 -0.379 -2.388
27.713 2.761 -7.712
28.146 7.875 -12.225
-5.385 54.964 44.534
-3.696 57.598 39.040
-2.543 54.366 33.320
-7.855 53.610 31.880
-7.469 50.547 26.256
-7.220 46.225 23.118
-6.890 50.518 17.792
-7.937 49.257 11.619
