34.605 21.923 -17.876
27.592 22.917 -18.435
21.795 19.465 -20.307
19.947 13.444 -18.902
20.232 6.442 -18.848
23.356 0.242 -17.696
25.918 -2.136 -12.050
28.668 -1.389 -5.834
28.300 1.537 -0.057
24.414 3.414 4.658
18.512 7.013 6.478
12.360 3.697 7.050
6.647 0.723 4.920
2.462 -3.913 1.648
3.244 -10.670 2.751
5.891 -16.967 4.169
8.346 -20.107 8.967
8.454 -21.709 15.228
9.456 -19.361 21.770
-3.821 -8.763 16.744
1.569 -6.234 19.252
8.247 -6.034 19.199
14.727 -8.499 18.076
17.538 -11.976 12.920
17.590 -13.750 5.974
14.727 -13.680 -0.111
12.076 -9.362 -4.937
11.324 -3.115 -5.926
10.453 3.317 -5.447
13.519 9.245 -4.739
18.387 13.389 -1.646
24.854 13.749 -3.062
30.829 12.210 -5.412
34.208 9.066 -10.121
34.707 4.210 -15.322
32.557 5.212 -21.584
28.568 7.003 -26.617
25.572 12.921 -29.734
97.674 16.985 76.516
94.702 18.007 82.243
89.992 22.077 84.342
87.356 28.549 85.480
85.327 34.152 82.480
82.717 36.504 77.029
79.440 35.861 71.446
75.689 32.723 66.878
72.201 27.228 65.610
68.737 21.602 66.384
65.143 17.880 70.304
60.496 18.101 75.238
57.834 21.334 80.698
55.665 27.267 82.053
54.401 33.813 81.018
52.292 27.880 62.184
56.891 32.083 63.781
59.918 36.480 68.334
62.280 37.592 74.472
64.180 34.540 80.080
66.862 29.504 83.342
69.280 23.198 84.911
73.200 19.027 82.009
77.332 17.612 76.803
80.416 17.349 70.864
84.591 21.164 67.526
87.654 27.041 65.963
90.305 32.387 69.037
92.029 36.114 74.256
94.651 36.348 80.020
97.867 16.864 76.849
94.407 18.589 81.934
90.456 22.523 85.400
87.802 29.018 86.012
85.720 34.568 82.880
83.174 36.814 77.234
79.868 36.073 71.578
75.651 32.448 67.796
72.326 27.053 66.116
68.794 21.627 67.316
64.898 18.015 71.351
60.513 18.750 76.291
57.610 22.206 81.268
55.179 28.259 82.376
53.902 34.631 81.119
53.137 27.584 63.318
57.217 32.396 64.348
60.472 37.032 68.529
62.540 38.380 74.722
64.308 35.601 80.465
66.860 30.740 84.021
69.991 24.860 84.905
73.519 19.712 82.692
77.539 17.877 77.658
80.509 17.825 71.697
84.895 21.407 68.286
88.126 27.104 66.518
90.865 32.362 69.527
92.268 36.655 74.602
95.193 36.369 80.211
68.980 107.615 26.475
73.572 110.462 29.903
80.239 112.668 29.971
85.496 114.729 26.553
87.152 118.938 21.503
86.614 122.598 15.896
82.963 127.153 13.076
77.957 131.322 13.424
72.460 134.543 15.594
69.298 137.432 20.604
70.450 141.032 26.202
74.484 142.853 31.491
80.472 144.820 32.602
86.950 145.361 31.262
91.103 148.192 27.217
92.425 152.275 21.732
90.314 156.002 16.600
85.720 159.971 13.490
82.059 164.988 14.927
77.466 168.182 18.751
78.623 173.241 23.155
82.084 176.442 28.027
87.665 179.058 30.145
93.230 181.742 27.749
97.330 184.272 23.433
81.667 183.950 13.156
86.484 180.961 9.988
92.050 177.277 10.753
96.751 174.276 14.331
97.684 171.592 20.443
96.027 169.635 26.364
91.163 166.456 29.972
84.668 165.122 32.263
79.521 162.279 29.701
76.171 158.391 25.687
75.178 156.091 19.241
78.109 152.069 15.066
82.126 146.681 14.473
87.432 142.968 17.043
89.608 139.673 22.296
87.290 136.462 27.876
82.566 133.531 31.506
76.377 131.103 33.483
71.575 127.750 30.507
69.304 124.660 24.910
67.862 122.767 18.755
70.745 118.980 14.134
75.646 115.430 11.108
80.965 111.708 13.056
85.854 109.538 17.161
39.178 10.726 84.590
33.272 9.759 87.420
28.240 6.079 90.498
28.959 0.605 94.573
32.865 -4.200 97.322
38.299 -6.001 100.468
42.903 -4.560 104.789
47.767 -0.437 107.679
47.414 4.917 110.906
44.547 9.794 114.775
38.829 12.170 118.057
33.370 10.933 121.000
29.871 6.810 125.087
28.559 0.630 127.797
32.318 -4.113 130.839
38.172 -6.612 133.059
44.337 -6.090 135.835
34.604 9.430 139.624
40.396 10.731 136.651
46.338 9.077 133.628
47.700 4.089 129.387
46.233 -1.761 126.178
41.989 -5.413 123.434
37.275 -5.982 119.076
31.055 -4.179 116.233
29.143 1.185 112.965
30.034 6.672 109.379
34.005 11.297 106.233
39.514 12.512 103.249
44.413 10.091 99.130
48.267 4.943 96.503
46.285 -0.844 93.064
41.869 -5.492 91.101
35.929 -7.101 88.574
12.417 10.119 33.894
6.697 8.926 36.770
2.181 4.932 39.840
3.285 -0.235 44.044
7.479 -4.879 46.846
12.830 -6.300 49.911
17.153 -4.560 54.407
21.788 -0.147 57.208
21.048 5.273 60.681
17.620 9.767 64.256
11.676 12.055 67.256
6.330 10.750 70.325
2.912 6.612 74.570
1.841 0.582 77.531
6.340 -3.919 80.550
11.916 -6.082 82.937
18.419 -5.014 84.743
7.925 9.480 88.676
13.606 11.452 85.807
19.590 10.044 82.674
21.014 4.740 78.550
19.619 -1.036 75.749
15.497 -5.056 73.012
10.667 -5.974 68.739
4.455 -4.504 65.790
2.640 0.649 62.058
3.783 6.131 58.576
7.697 10.912 55.517
13.218 12.245 52.465
18.028 10.072 48.425
22.141 5.129 45.884
20.702 -0.854 42.597
16.418 -5.750 40.764
10.854 -7.886 37.926
-5.266 108.053 -50.226
-12.056 106.424 -49.884
-16.171 101.236 -51.680
-18.568 96.129 -53.782
-19.495 89.352 -55.315
-17.188 82.968 -54.844
-14.548 78.365 -50.303
-11.361 47.922 -39.915
-17.253 44.086 -39.287
-20.211 38.884 -40.375
-22.303 32.921 -40.232
-22.831 26.764 -39.026
-21.018 20.457 -36.419
24.542 35.154 -18.683
18.422 34.953 -15.136
13.668 30.772 -15.228
11.669 24.391 -14.834
13.548 18.424 -12.737
18.530 14.826 -10.014
24.422 13.919 -7.379
28.660 16.398 -2.625
32.271 20.602 1.122
31.480 24.626 6.397
27.534 29.137 10.274
21.319 30.379 12.334
15.983 27.697 14.850
13.107 22.857 18.316
11.630 17.357 21.262
14.279 11.545 24.041
19.272 9.228 26.994
25.525 9.267 29.988
29.133 13.497 33.518
29.668 17.986 38.263
28.233 24.082 41.275
22.930 25.999 44.583
17.670 25.047 48.089
13.008 21.846 51.554
10.884 15.618 55.140
13.311 10.731 58.465
25.566 23.985 62.181
29.651 20.023 58.083
30.141 14.160 54.808
27.427 8.528 52.276
22.361 6.814 48.753
17.805 7.909 44.217
12.222 11.248 41.495
11.171 17.242 39.159
12.835 22.575 35.922
16.823 26.617 32.233
22.853 27.051 28.843
27.915 25.071 26.195
29.959 20.161 21.873
29.602 15.540 18.612
26.254 11.615 13.830
20.451 10.507 11.116
15.548 13.508 7.441
13.461 19.682 6.444
13.888 26.436 6.167
17.419 30.953 3.027
22.394 33.110 -1.007
26.412 31.681 -5.635
30.955 28.179 -9.461
31.347 23.172 -13.625
28.560 19.714 -18.459
23.923 18.417 -23.088
13.089 9.364 66.948
19.327 9.869 70.576
23.988 14.095 70.234
25.567 20.616 70.306
23.393 26.594 72.227
18.112 29.691 75.230
12.257 30.229 78.132
8.277 27.626 82.937
5.064 23.314 86.914
6.280 19.364 91.957
10.529 15.228 95.888
16.897 14.391 97.895
21.917 17.227 100.443
25.249 22.416 103.539
25.966 28.512 105.675
22.872 33.583 109.134
17.873 35.343 112.584
11.735 35.056 115.484
8.257 30.779 119.029
7.393 26.501 123.727
8.443 20.336 126.626
13.666 18.184 130.156
18.953 19.181 133.576
24.162 22.335 136.614
25.368 28.030 139.786
23.316 34.406 143.497
11.415 20.704 147.965
7.011 24.403 144.035
6.753 30.312 140.419
9.083 36.237 138.224
14.531 37.818 134.302
19.304 36.405 130.214
24.758 32.897 127.762
25.459 27.327 124.909
24.173 22.090 121.583
20.790 17.474 118.085
14.548 17.300 114.334
9.897 19.265 111.654
7.643 24.134 107.430
7.704 28.863 104.117
10.996 32.775 99.291
16.711 34.268 96.438
21.653 31.444 92.502
24.151 25.499 91.614
23.970 18.749 91.463
20.655 13.982 88.294
15.698 11.311 84.538
11.487 12.486 79.952
6.826 15.672 76.099
5.820 20.553 71.946
8.403 24.444 67.098
13.100 25.946 62.633
39.409 11.716 14.226
36.702 12.286 7.071
32.134 10.038 2.745
24.930 8.839 0.991
19.186 5.313 2.462
14.428 6.563 7.527
13.141 7.773 14.164
13.490 13.479 18.166
15.256 19.886 19.678
14.593 25.825 17.003
14.184 31.557 13.027
8.423 33.378 9.305
1.939 32.828 8.446
-1.985 21.007 19.042
-2.084 19.333 12.383
1.498 20.244 6.425
6.707 22.109 2.769
12.949 25.257 2.112
18.882 24.677 5.825
22.140 24.015 12.006
23.219 18.888 16.532
22.203 12.575 18.990
22.219 6.370 17.346
22.004 0.393 13.888
25.889 -2.795 9.506
32.188 -2.246 6.780
-20.785 2.372 13.857
-16.794 3.438 18.623
-10.419 2.702 21.195
-3.430 3.927 19.575
0.931 5.200 14.684
2.495 7.276 8.336
1.319 12.139 4.089
-1.790 18.369 2.760
-4.952 23.611 5.235
-5.773 27.822 10.270
-4.089 29.661 16.689
1.666 32.009 20.923
7.845 34.174 20.898
13.689 34.913 17.934
18.791 34.960 13.300
20.225 37.515 7.414
18.103 42.998 3.728
15.228 47.523 1.060
12.145 53.131 2.103
16.100 50.742 20.353
9.502 50.930 19.764
5.147 48.419 16.205
2.477 45.544 10.602
2.691 42.137 5.602
5.727 37.978 0.950
9.244 32.445 0.645
11.446 27.025 3.890
11.953 23.755 9.889
12.292 22.470 16.401
7.159 20.550 20.428
0.516 21.089 22.160
-5.664 20.657 19.630
-10.084 20.459 14.807
-12.702 17.159 9.745
-12.011 12.293 5.792
-7.160 8.278 2.201
-5.606 1.967 4.066
-3.050 -2.603 8.437
-113.184 23.983 -27.056
-109.971 17.984 -27.148
-103.902 14.488 -28.286
-97.405 14.461 -31.200
-91.756 17.984 -32.337
-87.995 22.700 -30.488
-84.925 25.258 -25.512
-84.683 29.210 -20.352
-86.613 27.891 -13.781
-87.957 24.302 -8.136
-86.986 18.777 -5.076
-83.888 12.906 -4.304
-79.764 8.515 -5.946
-73.935 7.448 -8.718
-67.872 8.580 -10.566
-62.295 11.561 -9.636
-58.297 16.601 -7.991
-69.772 10.306 7.706
-70.989 16.935 5.880
-70.227 21.882 2.058
-70.037 24.513 -4.145
-68.007 24.023 -10.942
-70.197 19.895 -15.769
-74.135 14.861 -18.168
-78.783 10.048 -18.386
-85.142 9.262 -18.001
-91.276 11.564 -17.084
-95.969 15.913 -14.190
-97.685 21.919 -14.218
-98.887 27.782 -17.875
-97.053 32.623 -22.376
-97.193 32.445 -29.062
-98.228 29.918 -34.711
-99.786 25.501 -39.740
17.123 49.549 -18.898
18.629 43.323 -17.338
21.404 37.663 -17.071
27.470 35.087 -15.608
33.513 35.358 -13.955
38.698 38.760 -11.475
42.021 44.642 -9.836
41.167 49.546 -5.592
38.494 50.743 0.578
33.889 49.429 5.534
32.102 45.299 10.300
32.997 39.676 13.814
37.825 35.515 16.424
43.706 32.652 16.698
50.483 33.717 16.966
56.286 36.522 16.142
60.178 42.161 17.735
60.969 47.776 21.062
59.774 52.770 25.127
56.088 56.443 29.674
61.800 36.968 33.490
55.100 36.422 32.996
49.368 39.876 33.121
45.472 44.774 31.216
44.070 50.265 27.278
46.469 53.533 22.192
49.768 53.729 16.348
51.951 50.897 10.989
51.935 45.270 7.360
52.086 39.027 5.254
47.256 34.762 4.077
41.561 31.556 4.019
34.838 32.065 3.909
29.154 35.770 4.741
26.934 41.584 2.199
27.532 48.158 0.303
30.376 52.047 -4.532
34.453 53.218 -9.711
37.173 50.944 -15.414
37.134 46.945 -20.751
18.357 70.828 35.194
20.342 77.040 33.722
23.586 82.357 33.476
29.885 84.552 32.115
35.822 83.918 30.079
40.756 80.266 27.431
43.647 74.224 25.476
42.255 69.440 21.248
39.376 68.469 15.101
34.707 70.143 10.325
33.096 74.488 5.756
34.271 80.007 2.288
39.390 83.889 -0.382
45.455 86.168 -0.891
52.182 84.601 -1.296
57.792 81.372 -0.601
61.185 75.459 -2.421
61.424 69.907 -5.839
59.834 65.070 -9.900
55.763 61.807 -14.472
62.903 80.888 -17.783
56.298 81.941 -17.078
50.256 78.946 -17.249
46.013 74.380 -15.455
44.275 68.892 -11.565
46.434 65.367 -6.623
49.750 64.751 -0.776
52.269 67.355 4.563
52.811 72.833 8.347
53.568 78.928 10.549
49.196 83.633 11.866
43.786 87.351 12.071
36.996 87.463 12.265
30.980 84.287 11.650
28.333 78.496 14.105
28.548 71.879 15.875
31.333 67.585 20.509
35.359 66.077 25.510
38.304 67.973 31.248
38.676 71.818 36.592
12.305 16.229 -0.791
7.383 13.298 2.782
1.461 9.881 2.756
-3.010 6.289 -0.883
-3.904 2.044 -5.842
-2.180 -2.243 -10.570
2.789 -5.948 -13.235
8.658 -9.116 -12.473
12.874 -11.963 -8.152
13.901 -14.708 -2.127
11.404 -17.550 3.359
-4.247 -17.813 -5.220
-3.833 -13.872 0.239
0.077 -9.999 4.270
5.904 -6.701 5.191
11.141 -3.425 2.478
14.091 -0.546 -2.856
13.539 2.297 -8.935
9.545 5.270 -13.378
3.858 8.525 -14.978
-1.389 12.200 -12.788
-3.992 16.117 -8.064
14.107 -16.923 10.883
19.362 -15.171 7.193
22.934 -9.810 4.751
24.502 -3.739 5.405
25.122 1.367 9.420
24.881 4.487 15.328
24.621 3.417 21.849
23.784 -0.603 27.321
27.133 -5.502 30.550
32.967 -8.304 32.016
38.271 -7.759 32.895
40.127 -2.671 30.916
42.332 -0.514 25.131
42.314 -2.718 18.886
38.259 -8.540 16.475
33.247 -12.021 17.000
26.855 -13.521 19.408
21.230 -11.777 22.373
16.472 -7.415 21.782
13.422 -1.368 20.206
12.231 1.210 14.108
11.996 1.252 7.392
12.178 -1.298 2.024
6.673 -1.380 -3.296
7.182 -4.856 -9.437
5.445 -8.536 -14.739
1.110 -8.983 -19.570
-3.834 -7.208 -23.285
-7.314 -2.234 -25.799
-9.890 3.904 -25.940
-7.219 9.470 -28.741
-0.374 11.409 -28.994
4.998 12.391 -33.701
11.272 9.378 -36.347
11.265 5.556 -41.838
8.156 -0.335 -44.573
6.244 -4.453 -40.109
6.740 -2.894 -33.336
9.482 1.842 -29.024
8.036 5.740 -24.016
4.296 7.695 -19.071
-2.195 9.433 -16.681
-7.099 6.178 -15.085
-10.551 0.303 -14.620
-10.539 -5.705 -12.149
8.428 28.802 -3.575
2.568 27.095 -6.714
-3.468 28.923 -8.541
-5.788 33.986 -12.046
-6.672 39.586 -15.529
-2.789 43.258 -19.804
2.386 46.745 -22.131
7.651 45.500 -25.671
11.599 41.232 -29.042
12.944 35.198 -31.733
11.846 29.555 -34.276
8.248 26.266 -38.879
2.266 26.009 -41.137
-3.944 28.045 -42.872
-7.020 33.175 -46.039
-6.785 38.730 -49.750
-3.665 42.906 -53.208
1.171 46.957 -55.912
6.554 45.874 -59.443
11.517 42.600 -62.564
13.748 37.458 -66.109
-2.193 29.432 -62.412
3.006 27.011 -59.117
9.309 28.037 -57.183
12.345 32.678 -53.872
13.580 38.133 -50.248
10.264 42.333 -46.094
5.567 46.626 -43.924
0.232 45.785 -40.185
-4.335 42.147 -36.884
-6.063 36.565 -33.812
-5.864 30.438 -31.626
-2.679 26.936 -26.868
3.238 25.937 -24.590
9.736 27.316 -22.921
13.201 31.935 -19.544
13.489 37.381 -15.958
11.199 42.336 -12.610
6.859 46.862 -9.890
1.549 46.315 -5.976
-3.652 43.381 -3.041
-6.312 37.562 -1.300
12.462 24.726 34.653
8.284 20.024 37.368
7.243 18.357 43.654
6.992 21.096 48.996
8.502 24.749 54.116
3.661 21.041 56.599
3.260 14.334 54.596
1.656 7.902 56.200
1.604 4.287 61.654
0.657 5.296 67.605
-2.903 3.012 73.057
27.767 -15.454 -6.403
23.339 -12.134 -2.209
16.997 -12.423 0.642
11.975 -16.342 2.523
9.747 -22.331 4.823
11.388 -28.013 8.207
15.144 -29.994 13.483
19.957 -30.285 17.852
23.553 -26.797 22.318
25.753 -21.321 25.470
24.915 -15.024 27.261
21.474 -9.907 29.122
15.557 -7.915 31.956
9.534 -8.436 34.214
4.882 -12.430 37.093
16.172 -26.085 37.019
10.706 -26.571 33.535
6.298 -23.540 29.637
5.684 -18.469 25.292
7.728 -12.596 22.305
12.938 -9.895 19.368
19.255 -9.891 17.275
24.453 -13.146 15.088
28.927 -17.829 13.745
28.695 -22.970 9.819
26.429 -27.721 5.747
21.615 -31.351 2.630
15.725 -30.356 -0.442
11.871 -25.592 -3.137
10.936 -20.256 -6.733
-22.891 11.012 22.131
-18.667 6.113 19.369
-15.316 4.673 13.670
-11.536 7.273 8.621
-7.140 12.159 7.115
-4.927 18.357 7.088
-2.858 23.549 10.783
-1.434 27.154 15.828
0.710 27.618 21.986
4.030 25.159 26.815
7.158 20.604 30.695
11.703 15.559 29.445
13.818 10.245 26.172
16.192 8.269 20.047
18.163 9.877 13.641
20.314 26.214 18.758
16.221 24.483 13.704
13.330 19.472 10.543
10.798 13.090 11.717
8.770 9.121 16.685
4.538 8.384 21.418
0.107 9.431 26.332
-4.800 13.807 27.854
-8.839 18.639 26.884
-12.039 22.520 22.760
-13.808 26.266 17.390
-16.152 24.106 11.356
-18.330 20.650 6.427
-19.673 14.514 3.657
-21.214 8.038 5.271
26.940 17.751 9.019
31.176 22.663 11.766
34.548 24.093 17.467
38.318 21.523 22.493
42.687 16.627 24.003
44.895 10.406 24.033
46.972 5.224 20.329
48.391 1.609 15.285
50.523 1.136 9.118
53.849 3.603 4.290
56.946 8.167 0.425
61.529 13.160 1.679
63.638 18.473 4.951
66.038 20.472 11.060
68.020 18.879 17.475
70.160 2.511 12.408
66.044 4.256 17.450
63.142 9.280 20.562
60.593 15.663 19.409
58.579 19.647 14.471
54.360 20.380 9.729
49.924 19.334 4.808
45.019 14.934 3.294
40.962 10.119 4.267
37.767 6.248 8.393
35.980 2.506 13.748
33.656 4.655 19.781
31.503 8.123 24.720
30.149 14.276 27.489
28.600 20.719 25.850
96.001 0.883 21.468
96.226 6.786 19.584
97.780 10.286 14.181
97.098 11.103 8.222
94.644 10.240 2.134
90.275 7.818 -1.782
86.531 12.603 -0.692
81.568 14.324 -2.585
76.444 15.455 -0.042
73.966 20.210 4.277
74.093 24.068 10.308
76.863 29.347 11.924
79.103 35.137 11.155
75.261 32.302 -7.078
81.406 30.033 -5.934
87.007 29.609 -3.572
90.169 27.447 1.750
89.627 26.657 9.065
85.885 23.217 13.886
80.718 19.111 15.625
78.424 13.251 14.296
81.109 6.923 13.749
81.543 1.193 10.192
86.524 -2.385 8.057
92.388 -3.645 4.461
98.868 -1.372 4.797
-95.575 6.688 22.832
-92.352 0.547 25.384
-94.462 -5.962 24.287
-96.822 -10.448 20.008
-97.720 -12.619 13.796
-98.399 -12.126 7.063
-94.844 -10.624 1.596
-90.253 -8.282 -1.430
-86.691 -12.465 -0.366
-81.202 -14.527 -2.505
-76.216 -15.567 0.228
-73.704 -20.656 4.163
-74.446 -26.882 6.693
-77.703 -32.303 9.072
-81.109 -37.324 5.751
-87.246 -27.063 -7.387
-91.037 -28.082 -2.555
-92.791 -28.145 3.982
-89.675 -27.121 9.872
-85.479 -23.616 13.833
-80.933 -18.986 15.452
-78.626 -13.405 14.460
-81.055 -7.226 14.128
-81.676 -1.386 10.653
-86.791 1.825 7.996
-92.775 2.086 4.757
-99.424 0.599 5.624
-104.265 -2.213 9.348
-106.146 -4.632 15.787
-14.975 -13.466 -17.267
-8.470 -12.270 -16.621
-3.272 -8.235 -18.221
-2.315 -1.199 -19.166
-4.309 5.180 -19.326
-6.642 10.364 -16.463
-10.954 12.972 -11.652
-11.103 12.376 -5.081
-10.136 8.204 0.563
-5.273 4.893 3.978
1.370 3.352 4.934
7.341 5.436 4.497
13.097 9.058 3.600
14.653 15.774 4.930
11.830 21.792 6.577
8.537 25.488 10.644
11.407 11.994 22.277
4.851 12.178 21.046
-0.342 15.300 18.040
-1.206 18.907 11.972
0.872 21.777 6.321
3.114 21.253 0.361
7.575 17.992 -3.928
7.637 11.653 -6.177
6.592 4.759 -4.598
1.810 0.329 -2.977
-4.889 -1.169 -1.955
-10.886 0.039 -3.749
-16.620 2.418 -6.751
-18.031 3.973 -13.481
-15.297 5.035 -19.680
-11.858 2.903 -24.618
5.819 -7.297 -4.859
12.309 -8.478 -5.490
17.496 -12.527 -3.895
18.451 -19.556 -2.946
16.452 -25.943 -2.780
14.111 -31.120 -5.635
9.796 -33.735 -10.434
9.632 -33.142 -17.016
10.616 -28.961 -22.651
15.480 -25.678 -26.075
22.126 -24.144 -27.051
28.088 -26.228 -26.612
33.836 -29.864 -25.706
35.387 -36.578 -27.030
32.562 -42.591 -28.674
29.254 -46.283 -32.732
32.134 -32.796 -44.382
25.570 -32.968 -43.143
20.382 -36.099 -40.138
19.516 -39.706 -34.059
21.601 -42.572 -28.404
23.860 -42.039 -22.454
28.304 -38.783 -18.165
28.371 -32.450 -15.924
27.332 -25.550 -17.492
22.562 -21.113 -19.124
15.844 -19.639 -20.151
9.859 -20.820 -18.344
4.113 -23.201 -15.350
2.715 -24.744 -8.609
5.449 -25.813 -2.417
8.892 -23.679 2.523
-15.466 24.513 -14.472
-9.170 24.843 -16.823
-3.012 23.699 -15.450
2.403 22.757 -11.239
3.373 18.702 -6.043
1.239 14.130 -1.812
-3.325 9.595 1.010
-6.718 4.349 -0.784
-8.003 -0.726 -4.367
-8.451 -4.145 -10.424
-4.018 -7.015 -14.369
9.630 0.639 -5.112
8.274 2.253 -11.517
3.794 3.491 -16.142
-2.109 4.824 -18.484
-7.611 7.480 -16.254
-12.178 9.126 -11.618
-13.409 11.978 -5.398
-10.589 16.069 -0.684
-7.142 21.451 0.864
-3.501 26.822 0.132
-2.553 31.776 -4.055
17.095 -15.141 27.967
11.681 -12.195 24.309
8.098 -6.640 22.088
8.639 -0.217 20.155
12.593 4.609 17.331
18.429 6.355 14.628
24.563 5.184 12.335
28.398 0.403 8.974
29.244 -6.111 5.887
27.269 -9.272 0.437
24.222 -9.572 -5.595
24.111 8.991 -4.391
17.421 6.787 -3.053
12.911 1.488 -2.529
12.467 -5.039 -0.679
14.612 -10.229 2.893
19.109 -11.926 8.069
23.971 -10.884 12.601
26.735 -6.754 17.275
26.876 -0.601 20.502
23.450 3.257 24.764
18.683 3.562 29.262
2.303 52.422 3.996
5.994 57.908 6.088
5.837 63.549 9.901
3.478 66.827 15.093
-1.201 67.997 20.050
-4.155 64.383 24.751
-4.921 59.536 28.698
-1.670 54.464 32.367
3.450 52.115 34.712
10.099 52.072 35.661
16.138 54.804 33.452
19.654 60.363 33.189
21.441 66.215 35.694
21.301 70.536 40.566
18.869 73.159 46.046
15.232 71.688 52.014
14.312 67.217 55.801
16.536 62.078 59.091
21.295 58.420 61.322
27.869 56.675 62.390
33.902 58.109 62.608
38.242 62.589 62.656
41.069 68.558 63.535
40.301 75.042 67.202
37.777 78.162 72.305
29.338 62.256 77.202
25.295 67.833 74.830
25.277 73.496 70.951
26.986 75.904 65.154
30.851 76.459 59.760
33.015 72.540 54.914
33.541 66.769 51.633
31.894 60.336 49.583
26.914 55.981 49.721
20.156 54.342 50.182
14.063 56.547 50.892
9.344 60.879 49.517
6.456 65.774 46.239
5.726 68.670 40.423
8.496 70.345 33.975
12.969 68.803 29.257
14.880 63.490 25.836
13.796 57.146 24.524
10.203 52.952 21.919
4.736 48.980 20.557
-1.938 49.605 19.621
-6.767 53.324 18.162
-10.330 59.252 16.895
-9.408 64.817 13.115
-6.855 67.839 7.914
-15.587 -21.405 -25.556
-15.618 -21.485 -25.722
-16.299 -15.502 -22.205
-15.567 -15.506 -22.823
-13.080 -11.718 -17.862
-11.295 -9.972 -11.569
-5.268 -8.946 -9.581
0.972 -10.205 -7.366
7.084 -12.362 -9.457
11.638 -11.590 -14.293
13.274 -8.908 -19.796
13.020 -5.301 -25.614
1.331 3.542 -13.420
-1.636 3.831 -19.615
-2.122 -0.359 -24.579
-0.806 -6.141 -26.990
1.018 -12.786 -26.150
5.165 -17.715 -23.573
4.456 -21.186 -18.012
1.499 -23.170 -12.720
1.307 -23.056 -12.636
-3.757 -23.836 -8.854
-3.465 -22.610 -7.924
-9.604 -23.658 -7.217
-9.819 -22.370 -6.730
-15.923 -21.730 -25.465
-15.822 -15.842 -22.649
-16.675 -15.855 -21.923
-13.222 -12.048 -17.799
-11.286 -10.214 -11.531
-5.241 -9.366 -9.529
1.015 -11.822 -7.423
6.853 -13.201 -9.537
6.856 -14.075 -9.798
11.426 -11.810 -14.127
13.149 -8.876 -19.486
12.781 -5.728 -25.559
1.156 3.849 -13.351
-1.680 3.490 -19.436
-2.136 -0.574 -24.451
-0.927 -6.424 -26.928
0.811 -13.005 -26.355
4.916 -18.004 -23.637
4.171 -21.424 -18.424
1.362 -23.288 -12.883
1.709 -23.011 -12.535
-3.292 -22.981 -8.183
-3.579 -23.966 -8.791
-9.556 -23.075 -6.721
-16.096 -21.983 -25.085
-16.199 -16.099 -22.000
-16.304 -16.092 -21.914
-13.506 -12.172 -17.511
-11.443 -10.164 -11.302
-5.514 -9.350 -9.326
0.792 -11.047 -7.149
0.778 -11.129 -7.093
6.570 -13.667 -9.849
6.699 -13.428 -9.388
11.373 -12.113 -13.670
13.109 -9.482 -19.366
12.707 -5.997 -25.186
1.010 3.807 -13.027
-1.885 3.169 -19.196
-2.274 -0.915 -24.156
-0.998 -6.629 -26.942
0.414 -13.291 -26.131
2.044 -12.871 -27.223
4.685 -18.372 -23.620
3.793 -18.426 -23.859
3.558 -21.756 -18.441
1.308 -23.484 -12.113
-3.571 -23.567 -7.729
-9.733 -23.620 -6.593
-16.440 -22.056 -25.049
-16.909 -16.208 -21.456
-13.357 -12.387 -17.568
-11.472 -10.521 -11.328
-5.358 -9.626 -9.390
1.013 -12.685 -7.638
6.751 -14.324 -9.430
11.393 -12.037 -13.906
12.930 -9.489 -19.582
12.820 -6.136 -25.462
1.209 2.821 -13.342
-1.773 3.101 -19.509
-2.247 -1.067 -24.437
-1.125 -6.925 -26.628
-0.892 -6.807 -26.733
2.356 -12.764 -27.447
0.738 -13.477 -25.884
4.860 -18.430 -23.480
4.377 -21.548 -17.722
1.078 -23.477 -12.424
-3.455 -23.097 -7.468
-9.722 -23.699 -6.514
55.066 17.389 40.316
20.711 -9.815 -42.190
-13.508 4.056 -18.415
38.560 -21.119 -17.133
32.586 -19.174 -15.855
28.649 -19.043 -22.351
26.514 -22.504 -27.128
23.402 -28.101 -29.830
20.581 -34.729 -29.114
16.184 -37.862 -25.349
12.470 -38.481 -20.001
9.310 -36.299 -13.848
6.662 -31.302 -11.119
3.626 -25.481 -10.767
-0.130 -21.218 -13.007
-3.058 -16.747 -17.446
-7.442 -17.633 -22.330
-9.858 -20.291 -28.105
-13.342 -25.387 -29.916
-17.247 -30.697 -27.764
-18.775 -35.561 -22.555
-21.887 -35.524 -16.447
-24.580 -32.687 -11.559
-28.200 -27.959 -9.918
-33.462 -25.141 -9.653
-31.751 -28.657 -30.975
-31.341 -24.407 -28.487
-29.038 -20.305 -25.162
-25.627 -17.063 -20.661
-22.013 -17.884 -14.877
-19.709 -22.642 -10.352
-16.088 -28.284 -10.245
-12.688 -32.977 -13.177
-10.084 -36.210 -18.302
-7.078 -35.864 -23.974
-2.480 -32.810 -27.340
1.666 -28.240 -29.252
5.430 -22.026 -29.255
9.311 -19.145 -25.136
12.542 -18.216 -18.528
15.432 -20.974 -13.214
18.137 -26.552 -11.010
20.810 -33.508 -10.824
23.997 -37.408 -14.301
28.224 -38.658 -18.899
31.003 -38.061 -24.904
34.661 -32.810 -27.995
67.241 31.257 9.016
67.187 26.609 14.577
62.491 26.756 20.448
60.519 30.246 25.129
57.684 35.831 27.835
54.669 42.337 26.831
50.250 45.280 23.123
46.462 46.174 17.845
43.298 44.171 11.643
40.747 39.115 8.907
37.847 33.235 8.595
34.243 28.887 10.849
31.310 24.511 15.367
26.869 25.407 20.203
24.329 27.967 25.984
20.867 33.096 27.899
17.110 38.432 25.642
15.575 43.282 20.461
12.335 43.210 14.390
9.842 40.343 9.299
6.258 35.599 7.279
1.227 31.345 7.371
-0.638 38.253 24.089
2.480 32.893 25.872
5.307 28.367 22.906
8.551 24.979 18.457
12.065 25.767 12.633
14.402 30.515 8.149
18.039 36.082 8.157
21.531 40.660 10.969
24.201 44.008 15.962
27.117 43.701 21.686
31.615 40.528 25.080
35.675 35.914 27.074
39.322 29.608 27.180
43.068 26.775 22.577
46.393 25.975 16.321
49.658 28.733 11.150
52.160 34.489 9.106
54.657 41.453 8.656
58.210 45.342 11.985
62.497 46.308 16.601
64.930 45.862 22.768
68.676 41.303 26.594
20.621 3.898 16.512
21.367 -59.503 225.739
15.525 -60.930 222.834
11.949 -58.195 218.228
10.875 -53.840 213.324
12.233 -47.697 210.114
16.760 -43.515 208.543
23.310 -41.753 207.105
28.408 -44.916 204.271
32.981 -49.598 203.510
34.607 -54.371 199.173
32.827 -60.053 195.362
28.372 -60.360 190.369
23.030 -59.840 186.746
21.409 -57.025 181.174
19.616 -50.920 177.993
22.646 -44.945 176.789
27.724 -40.878 175.328
32.617 -40.317 171.280
38.980 -42.378 169.086
41.431 -47.317 165.730
23.266 -48.354 160.278
24.889 -54.358 162.375
28.480 -57.295 167.226
34.152 -58.111 170.442
36.778 -56.198 175.994
39.465 -51.101 179.802
36.266 -45.927 182.912
31.484 -42.958 185.122
26.561 -42.676 189.256
19.792 -44.615 190.063
17.369 -50.363 192.400
17.635 -55.840 195.006
18.580 -59.006 200.655
23.243 -62.117 204.835
27.287 -59.644 209.380
28.850 -55.234 213.800
28.929 -49.198 216.763
25.041 -43.986 218.357
19.432 -42.016 220.961
12.773 -42.934 222.675
15.769 -14.190 120.324
21.955 -14.980 123.321
25.835 -11.638 126.936
27.113 -6.432 130.814
25.975 -0.106 133.008
21.347 3.545 135.594
15.687 4.424 139.140
11.335 0.813 142.388
7.135 -4.150 143.785
6.604 -9.182 147.598
8.881 -15.500 150.151
14.202 -17.108 153.524
20.354 -17.405 155.810
23.309 -15.691 161.390
25.877 -10.540 165.431
23.200 -5.758 169.109
18.451 -2.092 172.181
14.060 -2.563 176.912
7.862 -4.942 179.081
5.502 -10.492 181.309
23.808 -14.124 185.501
21.960 -18.123 180.847
17.898 -19.833 176.048
11.587 -19.707 173.492
8.653 -16.309 169.083
5.733 -10.119 166.961
8.833 -4.440 164.896
13.449 -1.217 162.997
17.269 0.026 157.679
23.504 -1.589 154.913
25.057 -7.002 151.126
23.857 -11.730 147.646
21.547 -14.103 142.098
15.788 -16.529 138.931
11.181 -13.382 135.606
8.545 -9.086 132.085
8.106 -2.657 128.542
11.910 1.833 125.909
17.574 3.536 122.219
23.979 2.926 120.831
-20.009 -10.485 41.732
14.521 16.212 -41.060
14.104 3.449 17.656
48.278 2.471 -16.791
35.935 -26.326 27.436
31.775 -24.249 27.843
27.814 -18.608 25.713
24.803 -16.156 20.152
21.700 -18.150 14.614
19.214 -23.103 10.770
15.147 -28.299 11.220
11.500 -32.602 14.718
8.536 -34.878 20.298
5.423 -33.337 26.105
0.638 -29.102 28.507
-2.835 -23.295 30.007
-7.197 -19.285 26.126
-10.258 -16.932 20.932
-12.919 -18.665 14.983
-15.602 -23.759 11.592
-17.721 -30.025 9.755
-21.169 -34.843 11.860
-25.314 -37.276 16.347
-28.508 -37.079 21.725
-32.418 -34.239 26.131
-36.385 -20.694 17.116
-30.039 -17.064 18.077
-27.059 -18.533 24.227
-24.122 -22.880 28.131
-21.761 -28.583 29.453
-19.086 -33.914 27.168
-13.950 -36.429 23.691
-9.476 -36.033 18.613
-6.412 -33.049 13.316
-4.296 -27.449 10.245
-0.827 -22.104 12.054
1.868 -16.759 15.221
5.694 -15.971 21.106
8.075 -17.991 27.143
11.964 -22.564 29.698
15.004 -28.354 28.976
17.466 -33.562 25.136
20.618 -35.116 19.271
24.295 -33.177 14.656
28.296 -28.993 10.891
31.880 -23.835 10.606
4.563 28.780 -13.813
3.934 24.350 -17.249
6.940 25.972 -22.001
10.264 28.984 -26.703
12.920 34.500 -28.837
15.906 40.136 -26.954
20.699 42.566 -23.085
25.114 42.192 -17.941
27.949 39.053 -12.515
30.299 33.534 -9.467
33.786 28.165 -11.072
36.082 22.802 -14.393
40.100 21.864 -20.056
42.556 23.647 -26.157
46.451 28.232 -28.771
49.491 34.106 -28.169
52.056 39.288 -24.267
55.048 40.838 -18.182
58.739 38.840 -13.740
62.869 35.028 -9.935
65.807 29.454 -9.167
69.742 35.499 -27.714
66.645 31.346 -26.282
63.189 25.955 -24.483
59.784 22.198 -19.581
56.201 23.793 -13.909
53.783 28.773 -9.944
49.758 34.214 -10.287
45.959 38.548 -13.758
43.214 40.800 -19.568
40.108 39.123 -25.287
35.232 34.989 -27.866
31.706 29.195 -29.211
27.710 25.121 -26.000
25.090 22.440 -19.454
21.370 24.654 -14.290
18.912 29.860 -10.954
16.702 36.055 -9.228
13.169 41.048 -11.317
9.267 43.562 -16.056
5.586 42.691 -21.511
3.266 37.534 -25.550
-8.507 20.308 -26.349
-6.770 14.297 -24.695
-4.562 8.151 -25.397
1.241 5.015 -24.838
7.813 5.036 -26.412
12.235 4.433 -20.863
13.043 3.038 -15.218
15.544 4.484 -9.012
15.312 7.674 -3.224
11.485 9.226 2.249
5.635 8.618 5.660
0.325 -2.441 -8.102
-2.710 2.078 -6.183
-2.348 8.345 -5.575
0.740 14.475 -4.504
5.109 17.705 -7.319
7.110 19.676 -12.542
7.887 20.722 -18.891
10.973 19.905 -25.132
8.666 19.238 -31.395
7.226 14.881 -36.630
1.518 11.942 -38.684
14.500 43.779 3.132
15.333 37.293 2.073
13.248 30.991 0.815
9.169 27.416 1.748
11.991 26.851 7.044
-17.188 44.787 -48.340
-14.308 42.103 -43.314
-18.543 37.142 -41.806
-22.989 31.971 -42.675
-29.706 34.807 -41.947
-33.383 35.934 -35.956
-39.219 40.094 -35.705
-42.957 38.669 -40.711
-46.749 39.799 -45.479
-44.790 44.280 -49.189
-44.115 52.955 -57.279
-46.999 57.700 -60.414
-42.784 58.734 -65.495
-38.321 57.416 -70.580
-31.621 58.405 -67.819
-27.943 64.491 -67.279
-22.116 65.146 -63.165
-18.369 60.037 -64.122
-14.566 55.404 -62.563
-16.505 52.124 -57.745
18.425 16.365 1.051
16.090 19.997 -4.143
12.067 19.692 -9.162
8.215 16.925 -14.127
3.993 11.785 -14.497
2.052 5.192 -13.236
-1.104 1.472 -8.299
-4.887 1.547 -2.864
-4.885 1.569 -2.850
-8.199 5.314 1.472
-11.356 10.453 3.355
-14.828 15.989 1.900
-14.014 9.881 -15.279
-11.414 16.021 -13.718
-7.462 18.770 -9.466
-4.068 19.034 -3.487
-1.892 16.228 2.293
1.832 10.766 3.944
5.527 5.369 1.935
8.587 2.791 -3.205
11.900 2.405 -8.530
15.024 4.594 -14.143
19.297 9.407 -15.895
-40.333 72.295 8.623
-36.249 68.547 11.015
-30.001 67.262 13.262
-24.871 70.325 15.677
-20.194 75.203 16.914
-19.343 81.281 18.445
-22.261 86.831 21.071
-27.323 88.905 25.390
-32.865 88.033 28.914
-36.353 84.156 33.245
-36.756 78.433 37.013
-33.218 73.986 40.764
-27.899 72.266 44.431
-22.945 73.900 48.529
-19.348 78.170 52.218
-29.543 92.117 46.583
-23.925 91.674 44.441
-18.723 88.074 42.011
-17.909 82.313 38.995
-18.911 75.892 37.269
-23.303 71.450 35.035
-29.496 70.590 32.592
-34.823 73.385 29.258
-37.770 78.447 26.075
-37.167 83.363 21.528
-32.854 87.457 17.885
-27.490 87.564 13.736
-24.027 84.197 8.955
-22.092 78.852 5.605
-23.108 73.131 2.578
-73.509 -3.344 42.929
-76.129 -9.659 39.408
-80.891 -10.992 35.671
-83.089 -9.589 29.475
-84.861 -5.726 23.968
-82.860 -1.906 19.512
-77.778 -2.584 14.618
-72.270 -4.747 12.169
-67.604 -8.386 11.958
-66.301 -13.775 12.377
-67.681 -19.431 12.786
-71.364 -24.447 13.919
-75.456 -28.895 15.376
-81.471 -31.665 16.203
-86.272 -31.437 11.258
-90.407 -29.941 7.104
-90.901 -28.273 1.304
-88.579 -27.671 -4.218
-85.311 -28.539 -8.586
-82.090 -33.053 -10.225
-80.393 -39.304 -8.599
-79.379 -44.273 -6.307
-91.799 -45.059 9.619
-96.456 -41.890 7.543
-91.817 -40.087 4.657
-86.750 -38.092 7.992
-80.214 -38.538 8.230
-75.640 -36.297 5.895
-72.876 -31.997 3.486
-72.217 -26.434 1.644
-74.876 -21.180 1.181
-79.184 -17.465 2.568
-83.727 -15.301 5.693
-87.006 -15.335 10.545
-87.658 -16.670 16.342
-85.520 -18.265 21.480
-77.308 -15.611 25.699
-71.943 -14.410 27.593
-67.431 -10.767 27.869
-65.675 -5.491 27.497
-66.857 -0.154 27.585
-70.905 4.560 28.666
-77.123 6.690 28.699
-82.120 6.378 31.075
-86.105 4.523 35.561
58.988 30.765 -1.842
56.305 34.991 -7.142
50.451 38.664 -7.958
47.650 44.046 -5.094
47.253 49.398 -1.238
49.866 52.792 4.549
56.013 55.644 5.798
62.681 54.663 5.236
67.711 54.669 0.739
70.194 54.951 -5.887
69.241 57.809 -11.433
66.990 61.642 -16.893
64.172 67.997 -17.921
63.465 74.016 -15.987
78.961 67.419 -3.899
74.230 70.924 -1.594
67.492 72.830 -1.503
61.696 71.863 -3.364
57.226 68.577 -6.571
55.493 63.888 -10.913
57.291 58.132 -13.226
61.813 52.776 -12.827
64.620 48.612 -8.298
65.874 46.320 -1.764
63.257 45.775 3.964
58.746 44.926 9.031
51.905 42.381 9.415
58.721 35.005 0.399
63.306 32.586 -4.273
67.774 27.416 -4.291
70.399 21.663 -2.206
70.979 16.804 3.097
67.102 13.055 6.871
60.869 10.247 7.530
54.238 11.844 7.494
48.752 12.943 3.127
46.468 12.475 -2.981
46.748 8.868 -8.579
48.948 4.997 -13.840
49.871 -1.068 -15.029
41.424 -6.158 2.087
48.330 -4.527 2.416
54.204 -4.407 0.398
58.665 -1.464 -3.269
59.862 1.687 -9.014
59.165 8.445 -10.454
55.400 13.925 -10.013
52.007 18.311 -5.430
51.678 20.545 0.855
55.002 21.846 6.687
59.591 21.125 11.628
65.994 22.708 11.980
71.922 25.188 8.484
15.696 -14.616 -54.658
18.661 -12.019 -49.793
19.298 -9.118 -44.488
16.560 -7.580 -38.695
12.301 -8.397 -33.978
6.686 -11.046 -31.169
3.206 -16.601 -29.456
3.945 -23.359 -28.766
7.890 -29.514 -29.670
13.956 -31.391 -28.853
20.314 -29.944 -26.986
25.027 -26.263 -23.634
27.328 -21.522 -19.536
26.664 -19.450 -13.287
22.636 -18.208 -7.968
18.221 -21.793 -3.783
17.545 -26.935 -0.202
20.064 -31.093 4.010
24.860 -33.436 8.487
28.512 -30.241 12.038
30.489 -17.322 1.824
35.656 -19.812 -0.708
36.082 -25.084 -4.948
34.823 -31.141 -6.984
30.557 -36.111 -9.174
23.667 -37.588 -10.024
17.212 -35.116 -10.695
13.042 -30.809 -11.724
11.367 -24.103 -12.824
13.255 -18.074 -13.812
16.833 -14.655 -18.310
20.567 -15.117 -23.961
22.648 -18.601 -29.639
20.751 -22.811 -34.558
16.702 -24.561 -38.610
10.629 -24.625 -41.665
4.178 -21.732 -42.605
1.033 -15.549 -42.246
1.252 -9.490 -43.596
2.309 -4.019 -45.157
61.655 -7.673 -59.060
62.475 -5.647 -65.653
59.677 -3.103 -70.747
54.714 0.436 -73.662
49.361 4.667 -73.110
45.877 8.120 -68.486
44.144 10.020 -62.321
45.016 12.003 -55.989
48.378 16.556 -52.769
53.930 20.502 -51.762
58.496 24.688 -54.354
60.172 28.891 -58.811
46.575 25.257 -70.553
52.329 22.184 -70.647
58.992 21.529 -69.471
61.644 17.298 -65.614
62.122 13.274 -60.339
60.015 10.426 -54.381
54.908 5.723 -53.731
49.201 2.770 -54.719
44.711 -0.318 -58.421
43.736 -4.678 -63.039
44.462 -7.672 -69.103
48.541 -11.725 -71.343
66.370 29.502 -28.984
66.784 27.668 -35.626
70.609 25.196 -40.123
76.053 21.760 -41.958
81.125 17.321 -40.598
83.627 13.869 -35.269
84.340 12.094 -28.905
81.973 9.994 -22.829
78.098 4.799 -20.905
72.196 1.379 -20.758
68.322 -2.803 -24.304
67.863 -7.026 -29.202
83.794 -3.180 -37.515
78.371 -0.007 -38.625
71.726 0.536 -39.158
67.780 4.720 -35.990
66.100 8.420 -30.770
66.848 11.606 -24.558
71.812 16.134 -22.746
78.097 18.525 -22.427
82.984 21.765 -25.193
84.537 26.424 -29.305
85.138 29.578 -35.506
81.622 33.737 -38.370
60.714 -9.176 9.880
58.096 -7.782 15.992
53.552 -2.918 17.995
50.108 2.691 16.905
46.819 6.854 13.088
42.091 7.779 8.864
38.485 6.750 3.020
34.844 2.330 0.841
32.072 -3.945 -0.378
28.988 -8.116 3.472
25.572 -9.263 9.408
24.358 -9.317 15.992
19.522 -5.853 18.422
15.921 -0.400 18.931
13.766 6.073 17.821
9.154 8.678 14.094
5.987 10.445 7.935
4.380 8.477 2.220
0.171 4.098 -0.565
-2.289 -2.204 -0.902
-4.834 -6.780 3.233
-6.755 -8.854 9.303
-9.983 -7.360 14.804
-13.062 9.773 10.403
-9.733 7.675 15.964
-5.307 2.856 17.944
-1.794 -2.811 16.924
1.388 -6.967 13.053
5.888 -8.017 8.639
9.476 -6.853 2.849
13.211 -2.281 0.667
16.107 3.843 -0.467
19.302 7.972 3.377
22.639 9.284 9.318
23.810 9.155 16.034
28.518 5.678 18.510
32.379 0.336 18.951
34.497 -6.072 17.856
39.009 -8.816 14.124
42.221 -10.566 7.983
43.740 -8.576 2.077
47.781 -4.172 -0.709
50.189 2.260 -0.909
52.850 6.776 3.275
54.959 8.655 9.239
58.184 7.273 14.750
19.262 20.402 4.828
13.231 22.678 6.348
6.233 21.952 5.197
1.710 17.704 7.535
0.432 12.791 11.257
1.332 8.020 15.713
4.758 5.349 20.903
7.384 6.467 26.639
11.271 9.952 31.323
-40.643 70.402 -65.832
-34.985 68.144 -64.139
-30.230 62.947 -65.186
-29.759 56.148 -65.252
-30.114 51.970 -69.206
-29.592 50.204 -74.659
-33.437 49.947 -80.447
-35.863 54.385 -85.945
-36.155 60.127 -88.499
-32.601 66.580 -89.519
-26.516 68.967 -91.538
-20.261 67.736 -91.763
-16.042 62.876 -94.016
-15.076 57.669 -98.416
-15.723 53.839 -103.366
-18.567 50.803 -108.152
-22.919 52.477 -113.891
-24.793 58.678 -117.983
-24.701 65.487 -119.718
-20.629 70.081 -123.229
-15.986 72.715 -125.415
-10.127 70.865 -127.881
-6.957 68.162 -130.914
-4.195 62.568 -133.235
-4.998 56.980 -136.246
-9.267 52.120 -138.998
-14.637 50.032 -141.616
-20.997 51.416 -142.170
-25.749 55.686 -143.453
-26.605 62.620 -144.934
-25.715 65.688 -150.231
-23.321 66.602 -156.784
-20.179 64.165 -162.429
-22.089 61.853 -166.869
-24.696 56.757 -170.797
-28.661 51.302 -170.932
-34.729 48.700 -168.888
-40.035 50.815 -165.226
-44.048 55.975 -163.175
-46.181 62.572 -164.627
-47.114 66.676 -169.501
-48.986 68.219 -175.797
-53.837 66.764 -180.307
-58.494 62.358 -182.454
-62.700 57.355 -182.218
-66.479 53.192 -178.545
-68.486 50.585 -172.805
-69.385 51.934 -166.746
-68.539 55.830 -161.086
-71.268 61.721 -159.000
-74.760 67.253 -160.056
-80.461 69.377 -161.534
-86.807 68.940 -162.912
-91.630 64.076 -162.480
-94.712 59.008 -160.063
-94.872 53.351 -156.374
-94.050 51.251 -150.360
-89.013 50.065 -145.718
-86.716 53.426 -140.869
-86.081 58.500 -137.578
-89.438 64.149 -134.951
-94.655 65.926 -131.531
-99.702 65.810 -128.118
-103.704 62.622 -124.382
-105.568 58.256 -120.131
-105.204 52.769 -117.327
-101.657 46.943 -115.676
-95.950 44.688 -113.920
-89.401 45.195 -114.979
-84.793 50.233 -114.215
-82.837 56.363 -111.843
-83.325 59.956 -106.590
-83.345 60.552 -99.960
-83.426 57.671 -94.001
-82.741 52.792 -89.797
-79.824 47.060 -88.147
-75.613 42.218 -89.179
-71.752 38.772 -93.928
-67.674 39.481 -98.695
-63.301 43.488 -101.290
-59.902 49.857 -100.867
-55.530 52.108 -96.838
-51.571 52.415 -91.540
-48.312 49.550 -86.980
-45.195 43.919 -84.775
-44.058 36.980 -85.267
-40.773 32.707 -89.248
-38.998 30.085 -95.107
-37.913 30.698 -101.093
-38.878 34.767 -106.133
-34.658 40.447 -108.516
-29.873 45.027 -108.026
-23.484 46.201 -106.251
-17.594 43.572 -106.075
-13.234 38.434 -106.464
-12.661 31.581 -108.023
-13.880 27.340 -113.219
-17.404 25.636 -118.866
-20.961 26.922 -123.957
-22.941 31.070 -128.551
-23.503 37.699 -130.269
-19.406 41.873 -133.449
-14.788 43.133 -137.838
-11.615 41.890 -142.744
-10.004 37.424 -147.087
-9.628 31.191 -149.378
-12.966 26.456 -152.378
-18.734 23.548 -154.055
-25.155 22.750 -154.598
-31.447 24.610 -151.905
-34.480 30.582 -153.421
-34.617 37.220 -154.734
-34.616 40.404 -160.201
-33.931 40.606 -166.930
-34.880 38.699 -172.920
-37.186 34.859 -177.947
-40.883 29.606 -179.611
-46.233 25.937 -178.136
-51.022 24.007 -174.363
-54.308 25.036 -168.908
-57.802 29.862 -166.120
-60.801 36.212 -165.794
-62.386 41.867 -169.016
-66.232 43.571 -173.954
-71.202 42.324 -178.009
-76.512 38.696 -179.906
-80.463 33.050 -178.830
-82.310 27.884 -174.498
-83.992 26.245 -168.748
-82.202 25.632 -162.354
-79.269 29.022 -157.169
-81.549 34.587 -153.695
-85.720 39.883 -153.012
-91.949 42.996 -152.995
-97.943 40.908 -151.931
-102.261 35.869 -150.526
-103.879 30.478 -147.663
-102.378 25.013 -143.202
-99.057 22.041 -138.398
-93.747 21.844 -134.300
-89.088 25.621 -131.190
-89.288 31.427 -127.410
-93.595 36.374 -124.465
-97.411 36.768 -119.624
-101.223 34.669 -115.186
-103.016 29.661 -110.429
-101.206 24.183 -106.914
-96.905 18.856 -106.321
-91.023 16.413 -106.132
-84.717 18.361 -105.559
-79.536 22.481 -104.888
-77.362 27.561 -101.623
-78.090 33.213 -97.883
-80.434 35.164 -91.997
-83.724 33.505 -86.525
-85.812 28.596 -81.877
-84.768 22.404 -79.780
-81.559 16.378 -79.756
-74.861 13.921 -80.447
-68.312 14.604 -79.549
-62.482 17.940 -77.144
-62.472 23.981 -74.456
-61.348 26.388 -69.586
-64.565 28.099 -62.878
-68.418 25.751 -57.500
-68.370 19.863 -52.881
-68.840 13.963 -52.303
-64.147 8.602 -50.947
-58.560 5.537 -50.666
-50.998 5.574 -50.226
-47.351 7.420 -47.003
-45.665 11.902 -42.097
-45.961 17.202 -38.423
-51.156 19.886 -34.239
-54.859 21.238 -29.898
-59.380 18.539 -25.151
-60.393 14.292 -22.100
-59.342 7.216 -20.726
-55.359 1.899 -21.089
-50.109 -0.762 -19.934
-43.113 -0.293 -18.922
-38.695 3.233 -16.272
-37.273 8.189 -12.439
-38.543 12.035 -7.664
-42.107 13.918 -1.559
-46.230 12.631 2.865
-50.206 9.030 5.686
-51.560 2.791 8.363
-49.783 -3.092 9.361
-45.324 -7.801 10.640
-39.387 -10.270 11.459
-33.160 -8.503 13.358
-28.898 -3.824 16.440
-28.506 1.672 20.235
-30.571 4.083 26.421
-32.806 4.819 31.700
-35.745 1.281 37.259
-35.532 -4.477 40.782
-32.852 -11.330 41.648
-28.059 -15.836 41.147
-23.086 -18.259 38.427
-17.464 -17.052 35.284
-12.428 -12.977 33.955
-10.505 -6.508 35.727
-7.296 -4.571 41.141
-5.748 -5.219 47.706
-3.855 -8.760 53.079
-0.816 -14.601 55.328
2.932 -19.997 54.918
7.312 -23.081 49.965
10.595 -24.024 44.760
12.666 -21.179 39.062
14.357 -14.785 36.473
17.700 -8.719 37.910
21.829 -5.844 41.597
27.776 -5.552 44.831
33.477 -7.249 45.004
37.480 -13.201 43.806
40.490 -16.880 38.886
40.181 -19.645 33.204
38.749 -19.389 26.543
35.503 -16.806 21.939
31.460 -11.862 19.286
32.827 -5.092 18.489
36.469 0.188 18.597
42.771 1.672 16.564
48.053 0.947 12.773
50.786 -2.476 8.140
51.037 -6.815 3.294
47.525 -10.939 -0.953
43.654 -11.478 -5.865
36.861 -12.200 -5.875
32.201 -8.210 -6.726
30.092 -1.872 -8.256
31.327 4.258 -10.316
34.103 7.340 -15.622
36.215 7.872 -21.375
36.165 6.216 -27.664
34.341 2.911 -33.004
32.583 -2.781 -36.102
27.754 -7.354 -36.813
21.957 -9.545 -34.801
17.902 -9.910 -29.354
14.038 -5.112 -25.754
11.919 1.226 -25.557
8.835 5.878 -28.748
4.862 8.010 -33.471
0.891 6.526 -38.863
-2.544 2.707 -42.723
-6.835 -2.154 -43.840
-9.577 -8.082 -41.113
-9.526 -12.886 -36.357
-9.859 -13.533 -29.824
-11.200 -10.563 -24.014
-13.873 -5.368 -20.282
-19.710 -2.920 -19.816
-26.228 -1.423 -21.330
-31.716 -3.303 -23.368
-35.963 -8.299 -24.515
-37.851 -14.623 -24.059
-37.160 -20.634 -21.283
-35.722 -24.565 -16.514
-32.057 -25.691 -11.377
-27.855 -22.568 -7.073
-29.093 -18.914 -1.106
-33.216 -14.272 1.944
-39.054 -13.481 5.108
-43.645 -16.537 8.153
-47.207 -22.024 10.453
-47.079 -28.611 11.554
-43.052 -34.188 12.366
-37.068 -36.999 13.912
-31.171 -36.300 15.464
-26.064 -33.312 18.304
-24.014 -27.296 20.924
-24.516 -24.837 27.022
-25.737 -24.733 33.328
-25.588 -28.266 39.003
-24.408 -33.599 41.934
-22.174 -39.655 42.539
-18.605 -44.494 41.114
-13.394 -46.798 37.950
-8.229 -46.975 34.084
-4.915 -43.711 28.763
-1.291 -38.462 29.092
0.372 -32.392 31.549
4.247 -30.815 36.479
7.329 -31.685 42.293
11.523 -34.652 45.602
16.291 -39.719 46.789
19.791 -44.752 44.312
22.414 -47.880 39.071
24.481 -47.786 32.881
23.895 -45.222 26.511
24.720 -39.299 23.497
27.480 -33.010 23.105
31.232 -27.913 26.308
37.701 -28.177 28.015
43.648 -29.894 27.788
48.269 -34.179 25.345
50.351 -36.852 19.217
48.615 -40.542 13.761
45.993 -41.365 8.210
40.793 -40.545 4.036
35.439 -35.998 3.614
35.227 -29.381 0.662
38.190 -23.343 -0.191
42.849 -20.542 -4.229
47.187 -21.796 -9.062
48.651 -25.491 -14.840
47.654 -30.176 -19.060
43.812 -34.069 -23.019
37.905 -36.221 -25.067
31.540 -36.262 -23.652
25.911 -32.298 -22.633
24.219 -25.836 -24.572
25.182 -19.757 -27.487
25.756 -18.141 -33.822
25.540 -18.893 -40.358
23.592 -22.996 -45.548
20.139 -27.572 -48.256
15.828 -32.348 -47.965
10.409 -35.245 -44.664
6.110 -34.233 -39.791
1.961 -30.419 -36.534
-1.145 -24.598 -36.477
-2.954 -18.344 -38.579
-4.232 -14.577 -43.753
-4.431 -15.109 -51.062
-7.163 -18.649 -56.415
-10.465 -23.401 -59.322
-16.038 -28.466 -59.406
-19.817 -31.280 -54.369
-25.046 -29.857 -50.201
-29.370 -25.992 -47.615
-33.542 -21.415 -48.049
-36.691 -15.565 -51.376
-37.425 -11.302 -57.230
-37.863 -11.336 -64.101
-39.562 -15.354 -69.603
-42.726 -20.383 -71.716
-45.700 -26.222 -70.909
-51.130 -29.355 -67.960
-42.205 -29.488 -59.507
-38.177 -28.755 -62.897
-33.496 -26.136 -66.185
-29.906 -20.039 -66.875
-26.866 -15.988 -64.520
-24.641 -13.006 -58.139
-24.809 -13.155 -51.659
-22.486 -16.967 -46.573
-20.555 -22.393 -43.552
-18.149 -28.210 -44.103
-13.230 -32.030 -48.053
-8.738 -31.923 -52.646
-3.512 -28.665 -55.470
0.456 -23.034 -55.577
3.866 -18.891 -52.153
6.663 -16.148 -46.557
8.797 -16.453 -40.266
9.547 -20.024 -34.722
10.609 -26.709 -32.572
13.229 -32.779 -33.004
18.058 -36.272 -35.617
23.858 -37.370 -37.908
29.604 -33.819 -41.009
34.162 -29.105 -39.386
37.227 -24.751 -35.777
37.321 -20.216 -30.556
36.591 -19.201 -24.339
33.324 -20.989 -19.262
30.710 -25.844 -15.448
31.304 -33.081 -15.044
36.051 -37.282 -13.549
41.799 -38.540 -11.486
47.949 -37.153 -8.938
51.626 -34.294 -4.733
52.447 -29.091 -0.385
49.796 -25.887 4.890
44.609 -23.978 8.774
38.496 -25.818 9.993
34.640 -31.005 10.819
34.464 -37.877 12.088
37.571 -43.187 14.888
41.034 -45.535 19.878
41.701 -45.241 26.586
40.709 -42.172 32.553
37.817 -38.192 36.873
33.090 -33.284 38.155
27.148 -30.679 36.584
21.638 -30.772 33.142
17.685 -33.575 28.542
14.519 -39.536 28.112
13.185 -46.106 30.154
10.526 -49.083 35.232
7.569 -49.541 40.942
3.994 -46.026 45.364
0.274 -40.789 47.186
-2.560 -34.912 46.240
-6.601 -32.218 42.484
-6.793 -29.574 35.966
-8.920 -31.612 30.201
-11.492 -36.553 26.450
-15.991 -41.670 26.200
-21.428 -43.995 27.598
-27.599 -43.886 30.484
-32.564 -40.815 32.094
-37.119 -36.360 31.946
-38.758 -29.773 30.934
-38.046 -24.008 28.346
-35.266 -20.981 23.045
-30.286 -21.329 18.287
-28.618 -24.991 13.004
-29.612 -30.386 9.086
-34.160 -33.122 5.604
-39.297 -32.826 1.972
-44.007 -29.445 -1.266
-46.658 -23.849 -3.835
-46.035 -17.800 -6.175
-42.456 -12.772 -8.099
-36.613 -9.372 -6.857
-30.116 -10.154 -7.554
-25.302 -14.072 -10.170
-23.669 -19.255 -14.081
-23.919 -20.188 -20.352
-25.723 -19.881 -26.686
-27.437 -16.329 -31.729
-26.846 -9.829 -34.278
-25.617 -3.113 -34.446
-20.966 1.094 -33.046
-15.370 3.312 -30.483
-9.805 2.165 -27.707
-5.797 -2.543 -24.727
-1.699 -7.471 -27.091
0.565 -11.521 -32.266
3.071 -11.210 -38.313
6.711 -7.920 -42.527
9.333 -2.200 -44.790
12.640 3.734 -43.295
14.864 7.391 -38.240
17.343 7.940 -31.732
18.761 5.600 -25.721
21.335 0.625 -22.094
22.049 -6.047 -21.533
27.168 -10.265 -23.142
32.801 -11.525 -25.635
39.066 -10.056 -25.408
42.977 -5.796 -22.131
45.062 -1.508 -18.944
46.056 2.935 -14.044
43.896 5.365 -8.271
40.048 4.571 -2.830
34.312 2.079 0.194
33.156 -3.631 2.423
34.289 -10.444 1.367
38.556 -13.998 4.807
43.717 -15.268 8.404
48.573 -14.431 12.754
49.810 -11.705 18.904
49.095 -7.208 23.509
45.312 -4.097 27.637
39.533 -2.515 30.684
33.176 -2.786 27.126
28.524 -7.218 28.013
26.198 -13.729 28.969
28.684 -20.051 30.786
29.520 -22.574 36.251
29.187 -23.408 42.925
27.403 -21.100 49.316
24.174 -16.473 52.537
19.275 -11.875 52.834
14.199 -8.775 50.726
10.732 -6.619 45.314
8.248 -8.742 39.611
4.384 -14.318 37.632
1.061 -20.122 38.613
-2.593 -24.261 42.671
-7.394 -22.993 47.500
-11.475 -19.515 51.118
-15.273 -13.587 51.259
-17.631 -7.744 49.380
-19.647 -3.709 45.547
-18.915 -2.207 39.077
-18.124 -4.183 31.781
-21.106 -9.013 28.426
-26.545 -13.580 28.368
-32.621 -13.569 28.789
-38.582 -12.535 29.223
-43.238 -7.302 29.300
-44.413 -1.757 26.917
-42.807 3.967 24.413
-37.956 7.288 19.601
-34.204 6.736 14.610
-31.797 3.506 9.673
-33.248 -0.301 4.024
-37.281 -5.085 1.204
-43.176 -6.082 -0.908
-49.507 -3.616 -1.768
-53.623 1.303 -1.635
-54.354 7.606 -2.000
-52.232 13.705 -5.145
-47.564 16.603 -8.434
-44.005 16.668 -14.075
-41.103 14.442 -19.096
-40.716 7.534 -22.637
-44.005 2.940 -25.580
-49.243 1.360 -27.615
-54.058 2.344 -31.619
-58.743 4.478 -33.242
-62.718 8.738 -35.714
-61.891 16.178 -35.089
-59.823 20.106 -38.628
-55.738 22.479 -44.574
-53.106 21.897 -50.179
-49.903 20.260 -55.516
-50.692 14.204 -60.323
-54.566 10.173 -62.739
-61.241 8.304 -63.577
-68.280 8.789 -61.783
-72.834 14.409 -64.210
-76.511 20.967 -63.497
-74.279 28.031 -63.775
-70.910 30.951 -69.745
-68.324 31.418 -75.597
-65.509 29.126 -80.402
-66.759 23.175 -85.185
-69.893 18.520 -87.559
-75.717 16.019 -88.618
-81.321 15.730 -88.840
-87.517 18.866 -88.639
-91.095 24.559 -89.159
-91.809 30.239 -92.477
-90.522 34.063 -97.655
-88.120 35.912 -103.401
-85.182 33.928 -109.048
-83.923 28.007 -112.769
-85.735 21.884 -115.125
-90.682 18.371 -117.139
-97.605 17.141 -118.561
-103.190 19.660 -120.392
-106.287 25.237 -123.731
-106.593 30.881 -126.664
-103.897 36.136 -130.103
-98.996 38.488 -133.368
-93.382 37.722 -135.988
-88.484 34.075 -138.733
-87.966 27.051 -140.401
-90.188 24.021 -145.938
-93.932 23.222 -151.048
-96.986 25.576 -156.369
-97.876 30.501 -160.874
-95.752 36.535 -163.928
-90.626 40.472 -165.080
-84.420 42.855 -164.266
-78.636 40.936 -161.916
-74.321 35.544 -161.119
-72.552 29.019 -163.595
-72.934 25.164 -168.601
-72.069 24.115 -175.175
-68.847 26.654 -180.529
-64.668 30.936 -183.266
-60.396 36.099 -183.421
-56.142 39.938 -180.165
-52.042 41.646 -174.846
-50.219 40.116 -168.932
-50.248 36.067 -163.716
-47.503 29.751 -163.068
-44.620 24.036 -164.980
-39.063 22.533 -168.158
-32.994 23.442 -170.192
-27.847 27.538 -170.232
-24.358 32.832 -168.360
-23.570 37.886 -163.958
-23.428 39.764 -158.147
-27.114 40.092 -152.524
-29.006 36.556 -147.757
-28.347 30.733 -144.438
-24.796 25.065 -142.741
-18.785 22.503 -141.277
-12.857 23.808 -138.725
-8.501 26.183 -135.889
-5.692 30.616 -132.062
-5.568 37.523 -129.957
-9.150 42.033 -126.937
-14.122 43.487 -122.785
-21.034 42.858 -122.771
-25.179 37.701 -120.953
-26.179 30.996 -118.893
-24.688 27.138 -114.014
-23.143 26.650 -107.762
-22.044 28.570 -101.957
-22.133 32.821 -96.921
-24.393 38.233 -93.741
-28.866 43.243 -93.973
-32.837 47.396 -97.614
-38.356 46.727 -101.484
-43.417 42.692 -103.534
-46.855 36.876 -102.915
-50.568 34.205 -98.642
-53.540 32.928 -92.516
-55.831 35.409 -87.305
-58.060 40.308 -83.652
-59.950 47.062 -83.611
-62.484 52.290 -86.209
-65.592 55.434 -90.950
-67.976 55.595 -96.693
-68.597 51.956 -102.474
-72.689 46.732 -104.396
-77.079 41.595 -102.711
-83.016 40.557 -100.068
-88.979 43.504 -98.290
-93.087 48.409 -97.489
-94.806 54.714 -99.094
-93.831 59.796 -103.529
-91.625 62.253 -109.421
-89.155 61.186 -115.199
-88.421 57.574 -120.759
-87.990 51.020 -123.151
-92.744 47.120 -125.566
-97.947 46.096 -128.745
-102.208 47.834 -132.969
-104.892 52.764 -136.025
-105.587 57.966 -138.764
-102.672 63.652 -141.596
-97.515 66.786 -144.489
-91.254 67.488 -145.870
-84.502 65.589 -144.811
-81.657 60.178 -147.474
-82.071 53.397 -149.238
-82.921 50.983 -155.438
-84.672 50.977 -161.602
-85.420 53.860 -167.481
-84.181 58.036 -171.857
-80.587 63.355 -173.873
-75.160 67.065 -173.521
-69.603 68.527 -170.752
-64.977 67.173 -166.158
-61.459 62.028 -163.931
-58.512 55.730 -165.154
-57.652 50.189 -169.515
-55.084 49.010 -174.920
-51.071 50.612 -179.989
-46.539 54.346 -182.618
-41.625 59.003 -181.930
-39.012 63.527 -176.954
-36.446 65.510 -171.892
-36.810 65.878 -165.036
-38.377 61.866 -159.698
-36.001 55.844 -157.213
-32.090 50.405 -157.320
-26.405 46.809 -158.934
-20.025 49.570 -159.964
-15.135 52.967 -157.986
-13.810 59.734 -155.835
-14.155 64.055 -151.078
-15.219 66.432 -145.568
-19.436 66.988 -140.255
-23.716 62.644 -136.848
-22.689 57.072 -133.355
-18.258 52.385 -130.919
-13.425 52.026 -126.831
-8.688 54.050 -123.219
-5.989 58.019 -118.946
-6.265 62.497 -115.030
-9.049 67.606 -111.788
-16.011 70.501 -111.489
-21.289 69.970 -111.771
-26.218 67.522 -110.921
-29.826 63.349 -108.965
-30.195 57.883 -104.898
-27.893 52.872 -101.990
-23.781 50.860 -97.381
-18.778 52.784 -93.435
-16.791 57.509 -88.576
-18.366 63.074 -85.023
-22.927 67.441 -82.482
-30.263 68.966 -81.179
-36.554 65.932 -80.755
-40.741 60.776 -79.904
-43.297 56.475 -75.850
-40.265 51.404 -71.545
-37.734 50.442 -65.519
-36.262 53.912 -59.192
-35.777 60.803 -55.769
-39.021 65.344 -53.010
-44.520 68.503 -51.785
-58.363 -27.626 -64.837
-61.002 -25.261 -62.326
-64.419 -19.539 -59.728
-65.256 -12.922 -61.269
-67.369 -10.067 -65.585
-68.166 -9.168 -71.108
-68.429 -11.295 -77.022
-70.949 -14.591 -81.605
-73.475 -20.390 -82.901
-76.864 -25.547 -82.576
-82.408 -28.948 -79.615
-87.688 -29.225 -76.151
-92.446 -25.630 -72.594
-96.603 -20.346 -73.145
-98.354 -14.623 -76.713
-100.000 -12.045 -82.467
-101.404 -12.324 -88.056
-101.827 -15.811 -94.216
-102.931 -21.702 -97.447
-104.982 -27.896 -96.519
-110.766 -31.579 -94.712
-117.125 -31.772 -93.609
-122.570 -30.772 -91.895
-127.184 -26.494 -92.807
-128.587 -20.051 -95.261
-128.980 -15.535 -101.013
-127.671 -13.353 -106.910
-124.040 -14.706 -112.119
-121.343 -19.194 -115.953
-121.537 -26.252 -117.208
-126.031 -30.033 -119.464
-132.260 -31.409 -122.330
-138.426 -29.009 -124.642
-141.453 -25.596 -128.349
-142.135 -21.490 -133.617
-138.745 -16.592 -138.090
-133.127 -14.647 -140.681
-126.873 -16.937 -141.652
-122.411 -22.002 -142.861
-121.943 -28.851 -144.800
-124.994 -33.363 -148.278
-128.457 -35.207 -153.741
-128.070 -34.519 -160.449
-126.460 -30.583 -165.689
-123.456 -25.592 -168.874
-118.239 -21.366 -169.252
-112.678 -18.615 -167.123
-107.603 -19.646 -163.580
-104.155 -23.118 -158.730
-100.894 -29.090 -158.605
-99.132 -34.819 -161.334
-96.162 -37.304 -166.358
-93.058 -37.282 -172.093
-89.284 -32.668 -175.546
-85.164 -27.910 -176.473
-82.399 -21.985 -174.453
-79.071 -19.313 -169.737
-79.178 -17.765 -162.868
-77.296 -20.735 -157.716
-75.293 -25.534 -154.565
-70.646 -30.785 -154.477
-64.631 -32.774 -155.877
-58.781 -32.814 -157.637
-53.377 -29.522 -158.422
-49.211 -24.618 -157.635
-47.866 -18.863 -155.643
-49.480 -13.029 -152.044
-52.104 -10.545 -146.847
-57.200 -10.850 -142.599
-59.617 -15.741 -138.371
-58.870 -21.467 -134.808
-54.697 -24.681 -131.304
-49.835 -24.835 -126.882
-45.420 -21.810 -123.135
-43.049 -16.712 -119.880
-43.842 -10.657 -117.274
-47.464 -5.562 -115.626
-53.530 -2.144 -116.174
-59.778 -2.727 -116.248
-64.751 -6.527 -114.591
-67.112 -12.431 -111.136
-67.508 -13.987 -105.178
-66.517 -14.245 -98.686
-65.318 -11.075 -93.369
-65.792 -5.172 -90.009
-66.844 1.790 -90.016
-71.764 6.186 -90.927
-77.268 8.523 -93.908
-82.223 7.637 -97.383
-85.186 3.222 -101.179
-90.223 -2.060 -99.293
-92.727 -6.573 -94.989
-95.899 -7.067 -89.068
-99.955 -4.039 -85.027
-103.298 1.356 -82.659
-105.026 8.022 -83.983
-107.832 11.853 -88.781
-109.225 13.184 -95.453
-110.368 11.420 -101.444
-112.238 6.907 -105.693
-113.091 0.241 -106.841
-118.426 -3.720 -106.045
-124.778 -4.983 -104.988
-130.641 -3.588 -105.693
-134.759 0.850 -108.065
-136.305 6.997 -110.281
-135.668 11.271 -115.350
-133.009 13.014 -121.123
-129.538 13.073 -126.333
-123.242 10.924 -128.663
-122.300 4.724 -131.433
-123.172 -1.974 -131.639
-126.999 -5.492 -135.196
-132.196 -6.204 -139.461
-136.044 -4.673 -144.441
-138.041 -1.042 -149.781
-136.500 3.930 -153.857
-131.863 7.146 -157.081
-125.838 8.980 -158.483
-119.645 8.152 -156.953
-115.279 3.084 -156.605
-112.855 -3.312 -158.365
-114.257 -9.278 -161.158
-114.826 -11.465 -167.074
-114.294 -10.800 -173.609
-112.049 -7.713 -178.973
-108.500 -2.384 -181.660
-104.352 3.198 -180.215
-99.199 5.105 -177.343
-95.610 6.051 -171.800
-94.141 3.040 -165.873
-90.164 -2.513 -164.524
-86.497 -7.763 -166.573
-82.069 -11.148 -170.719
-77.342 -9.520 -174.642
-73.149 -4.929 -177.088
-69.680 0.283 -176.804
-67.528 6.178 -173.363
-66.272 9.710 -167.966
-67.473 10.615 -161.359
-68.800 7.165 -155.585
-65.661 1.868 -152.424
-60.485 -2.956 -152.602
-54.403 -3.311 -152.099
-48.436 -1.313 -152.595
-43.863 3.636 -151.095
-42.421 9.087 -147.473
-45.111 14.864 -144.618
-49.627 17.639 -140.836
-53.658 16.111 -135.873
-56.458 12.578 -131.004
-55.514 8.004 -126.540
-52.173 2.747 -123.780
-46.236 1.193 -121.365
-39.887 3.689 -120.677
-35.775 8.171 -118.592
-35.654 14.637 -117.703
-37.479 20.533 -114.965
-42.429 23.354 -110.519
-45.166 22.066 -105.951
-48.099 19.631 -101.197
-49.601 14.392 -98.810
-49.180 9.338 -95.480
-44.117 5.452 -92.596
-37.269 4.995 -90.888
-31.814 7.275 -89.834
-27.086 12.171 -88.297
-26.600 18.138 -83.586
-28.668 22.859 -79.319
-32.096 25.766 -74.940
-35.765 24.402 -70.219
-37.227 21.621 -63.881
-36.801 14.364 -62.447
-32.148 10.426 -59.379
-26.149 8.833 -58.462
-19.108 10.055 -59.622
-14.364 13.537 -58.973
-13.230 20.453 -56.888
-14.272 25.417 -51.597
-17.945 27.092 -45.252
-20.849 24.586 -38.909
-21.650 20.056 -34.700
-18.834 14.910 -31.779
-14.187 10.648 -31.029
-6.910 9.262 -30.433
-0.878 13.344 -32.452
2.657 18.396 -31.688
3.831 23.829 -27.444
2.559 27.459 -21.384
0.042 28.516 -15.849
-2.412 26.381 -9.864
-3.621 21.283 -5.759
-2.718 15.460 -3.229
2.013 10.687 -1.940
8.199 8.294 -2.630
12.698 10.022 0.825
17.337 14.831 -0.118
19.305 18.481 5.081
18.727 24.674 7.198
15.885 28.654 11.591
10.568 30.936 14.045
5.180 29.870 17.175
0.665 25.921 19.947
0.365 18.863 20.906
2.415 15.673 26.298
6.758 14.769 31.371
9.479 16.784 37.126
9.895 21.805 42.068
7.718 26.794 45.956
1.737 30.962 46.406
-4.211 32.982 45.701
-10.200 31.142 43.494
-13.913 25.279 41.996
-15.179 18.556 43.905
-15.118 14.478 48.528
-16.505 13.084 55.178
-19.387 14.055 60.085
-23.441 18.851 63.797
-28.317 23.554 64.279
-31.987 27.900 61.378
-36.702 29.320 56.410
-38.557 28.358 50.501
-38.287 24.738 44.580
-40.346 18.226 43.305
-42.943 12.538 44.720
-48.497 10.489 47.981
-54.437 11.385 50.624
-59.540 15.066 50.823
-63.494 19.911 48.969
-64.488 25.195 44.460
-65.273 27.319 38.521
-61.040 28.599 33.280
-59.134 25.266 28.438
-59.336 19.433 24.901
-62.365 13.889 23.183
-68.473 11.473 21.644
-74.295 11.883 19.619
-79.077 14.786 16.285
-81.756 19.239 12.289
-82.284 25.683 10.179
-79.193 30.708 7.007
-73.900 32.748 3.896
-67.130 32.260 4.079
-62.549 27.346 1.656
-61.666 21.272 -0.937
-63.001 17.602 -6.006
-63.929 16.872 -12.182
-65.584 19.399 -18.119
-65.851 23.942 -22.580
-63.310 28.777 -25.842
-58.850 34.289 -25.009
-55.534 38.311 -20.873
-49.961 37.991 -17.349
-44.816 33.977 -15.311
-40.741 28.412 -16.131
-37.073 26.256 -20.767
-34.296 25.651 -27.005
-32.345 28.314 -32.250
-30.414 33.925 -35.456
-27.763 39.914 -35.377
-25.244 45.161 -32.118
-22.105 48.095 -27.542
-20.295 48.188 -21.385
-20.189 44.077 -16.011
-15.353 39.332 -13.815
-10.827 34.425 -15.680
-4.724 33.468 -18.047
0.805 35.946 -19.567
5.203 41.348 -20.391
6.055 47.911 -18.873
5.316 52.685 -13.964
3.153 54.730 -7.844
0.744 53.459 -2.531
-0.375 49.922 2.846
-0.514 43.334 4.984
4.197 39.705 7.861
9.729 38.128 10.511
14.112 40.213 15.074
15.931 44.632 19.015
16.419 50.669 21.593
13.583 55.382 24.306
8.127 58.009 26.757
2.005 58.550 28.570
-4.527 56.337 27.548
-7.314 50.955 30.030
-6.882 44.160 31.125
-5.831 41.330 36.730
-3.136 40.364 42.686
-3.289 42.114 48.621
-4.512 46.720 53.900
-7.943 51.779 56.100
-13.029 56.038 55.763
-19.186 57.314 53.982
-24.279 56.512 49.327
-27.822 51.393 46.760
-30.354 45.004 47.049
-30.685 38.836 50.505
-33.697 37.736 56.313
-37.410 38.461 61.213
-41.393 42.744 64.856
-47.093 46.707 63.581
-50.057 51.607 59.757
-52.614 53.820 54.462
-52.664 54.323 47.715
-50.275 50.507 42.247
-52.871 44.539 39.202
-56.312 38.846 39.466
-62.289 36.162 40.491
-68.577 37.919 41.052
-73.597 42.526 39.473
-75.841 48.030 37.124
-76.359 52.848 32.397
-73.839 55.899 26.963
-68.629 56.057 22.978
-64.588 52.097 18.744
-65.980 46.405 14.875
-69.758 41.020 12.996
-74.746 40.802 9.022
-79.391 42.750 4.846
-81.885 47.980 1.130
-81.393 53.324 -2.256
-77.943 58.287 -4.517
-71.682 60.797 -6.221
-65.372 59.055 -6.928
-60.728 54.973 -8.966
-59.420 49.666 -12.531
-60.390 44.171 -16.417
-63.852 41.626 -21.345
-68.979 44.561 -26.034
-70.781 48.577 -30.535
-71.006 54.775 -32.663
-67.089 60.415 -34.705
-60.988 62.726 -34.441
-55.018 62.077 -34.867
-50.466 58.734 -36.141
-48.990 53.003 -38.729
-46.136 52.966 -43.806
-48.979 48.830 -49.467
-51.315 49.466 -55.292
-53.541 53.587 -60.765
-52.033 58.434 -63.268
-51.356 65.092 -63.642
-47.015 70.694 -62.233
-51.825 68.170 -51.601
-57.406 65.337 -52.454
-61.477 60.893 -52.790
-61.887 55.322 -53.130
-59.924 48.926 -50.016
-57.673 46.096 -45.439
-53.308 46.528 -39.868
-52.116 49.280 -34.658
-51.970 53.591 -30.410
-54.375 57.735 -27.224
-60.012 61.302 -25.385
-66.533 61.032 -24.639
-72.223 57.128 -25.127
-74.651 50.794 -23.592
-74.528 46.170 -19.178
-72.437 42.517 -13.988
-69.075 41.362 -8.489
-65.337 43.706 -3.529
-63.729 49.547 0.056
-64.951 55.637 2.593
-69.624 59.324 5.228
-75.052 60.379 8.443
-81.448 56.904 10.041
-83.317 51.992 14.208
-82.848 46.780 18.032
-79.170 41.474 20.318
-73.998 39.321 23.183
-67.872 40.307 24.078
-62.747 44.452 25.391
-62.304 51.504 27.293
-63.800 54.854 32.736
-66.054 55.119 38.612
-68.115 52.651 44.529
-67.120 48.754 49.463
-64.617 42.757 51.599
-59.091 39.063 52.134
-53.053 36.890 50.314
-47.860 38.804 46.956
-44.381 44.075 45.244
-42.932 50.743 47.052
-41.993 55.044 52.221
-39.930 56.012 58.361
-35.300 54.288 62.883
-30.284 50.287 64.983
-25.722 45.514 64.427
-22.694 40.762 60.391
-19.843 39.475 54.561
-18.988 40.666 48.127
-20.140 44.992 43.092
-18.365 51.405 41.951
-14.704 57.249 43.403
-8.664 59.079 44.672
-2.332 58.443 45.730
2.868 54.305 44.863
5.953 49.056 42.094
6.064 43.537 38.325
5.308 42.063 32.384
0.210 41.098 27.816
-2.560 44.613 23.116
-3.097 50.434 19.849
0.315 55.640 17.130
5.028 57.789 14.001
10.979 57.340 10.765
14.935 54.489 7.336
17.150 50.597 2.778
16.780 44.188 0.101
13.587 39.041 -1.970
7.420 37.066 -3.756
0.748 38.197 -2.133
-3.945 42.584 -3.650
-5.813 48.648 -5.848
-5.462 52.295 -11.073
-5.019 53.022 -17.445
-4.557 50.492 -23.587
-5.510 45.821 -28.169
-8.682 40.609 -30.414
-12.725 35.503 -29.579
-15.733 31.493 -24.780
-20.217 31.953 -19.930
-24.900 35.917 -17.160
-28.480 41.527 -17.388
-32.949 43.756 -21.347
-36.733 44.796 -26.566
-39.969 42.272 -31.492
-42.781 36.255 -33.767
-44.662 29.750 -33.907
-46.565 24.949 -30.092
-48.452 22.009 -24.588
-49.921 22.140 -18.486
-49.567 26.051 -12.752
-53.644 31.206 -10.401
-58.476 36.178 -11.366
-64.834 36.554 -12.921
-70.677 33.771 -13.170
-74.354 28.026 -13.748
-75.176 21.293 -12.065
-73.529 17.189 -7.111
-70.603 15.430 -1.096
-66.924 16.372 4.148
-65.082 20.362 9.079
-64.586 26.732 11.355
-68.785 30.801 14.907
-73.884 31.792 18.302
-77.674 29.748 23.112
-78.087 24.525 27.137
-77.500 19.440 29.734
-74.579 14.210 32.721
-68.817 11.184 33.936
-62.333 11.484 34.587
-56.323 13.682 32.316
-53.045 18.784 33.826
-53.739 25.669 35.142
-53.718 28.355 41.057
-54.334 28.556 47.589
-53.824 26.495 53.888
-50.489 22.117 58.122
-46.840 16.782 59.242
-41.642 13.109 57.595
-36.977 11.471 53.475
-33.606 13.873 48.491
-30.068 18.679 46.132
-27.177 24.991 46.395
-26.535 30.437 50.788
-22.567 31.418 55.342
-17.275 30.504 59.512
-12.012 26.305 61.829
-7.886 21.747 59.491
-5.442 17.586 54.761
-4.108 15.925 48.914
-5.739 15.585 42.493
-8.304 19.143 37.523
-6.663 25.346 34.554
-2.998 31.096 34.107
2.892 34.408 35.066
9.457 32.580 33.962
14.047 28.554 31.514
15.848 22.438 28.697
14.715 17.576 24.202
11.796 14.788 19.811
6.188 14.084 16.005
1.415 17.748 11.895
1.323 23.392 8.600
5.421 28.292 5.508
9.093 28.370 0.662
12.201 27.598 -4.179
15.347 22.938 -8.439
14.669 18.423 -12.068
11.091 13.651 -14.992
5.677 9.440 -15.806
-0.355 9.149 -12.678
-5.758 12.444 -13.176
-9.388 16.670 -14.064
-10.459 21.478 -18.519
-9.642 26.559 -21.685
-6.407 28.624 -27.764
-2.792 26.317 -33.065
-1.498 21.205 -37.335
-4.215 14.832 -40.552
-8.374 9.617 -39.107
-14.917 8.896 -40.458
-21.001 10.821 -40.921
-25.198 16.978 -42.641
-26.521 22.561 -47.363
-24.608 27.325 -51.723
-20.344 26.791 -58.110
-18.878 24.223 -63.898
-18.908 18.355 -67.929
-20.231 11.094 -68.276
-26.759 7.923 -69.678
-33.637 7.863 -71.706
-40.315 8.688 -72.825
-44.190 14.269 -75.126
-43.673 20.126 -80.111
-40.912 22.920 -85.078
-35.401 24.062 -89.240
-30.446 21.399 -93.193
-30.565 17.328 -97.019
-30.625 11.574 -98.914
-34.811 5.672 -100.683
-42.287 4.593 -101.824
-47.738 4.819 -102.684
-52.056 9.801 -105.524
-52.278 14.967 -108.779
-50.555 19.620 -112.356
-47.693 20.731 -117.360
-43.545 20.858 -121.145
-39.335 17.380 -125.295
-37.161 11.506 -127.739
-38.739 5.659 -130.063
-43.026 1.497 -132.509
-48.759 -1.043 -134.250
-54.737 0.438 -136.772
-58.586 5.936 -139.196
-59.107 12.049 -142.375
-56.937 14.608 -148.137
-54.024 15.304 -153.684
-50.908 13.217 -158.886
-50.426 7.532 -162.928
-53.191 1.464 -164.628
-57.380 -3.806 -164.398
-63.128 -6.150 -163.273
-68.964 -5.374 -161.067
-74.166 -1.478 -159.369
-75.854 5.411 -160.806
-78.259 8.156 -166.299
-79.886 8.342 -172.459
-81.336 5.891 -178.177
-84.003 0.753 -181.630
-87.551 -5.394 -182.002
-91.691 -9.336 -178.622
-95.323 -11.452 -173.389
-98.114 -9.131 -167.933
-100.552 -3.593 -164.692
-103.320 2.945 -165.617
-106.536 6.662 -169.591
-111.692 7.624 -173.808
-117.991 5.268 -174.630
-122.853 0.935 -173.421
-125.921 -3.991 -170.043
-126.704 -7.302 -164.451
-125.752 -8.578 -157.756
-122.753 -6.664 -152.453
-118.930 -2.305 -149.276
-120.276 4.193 -147.467
-123.684 9.946 -146.852
-129.796 11.571 -145.162
-135.355 10.846 -141.839
-138.848 7.299 -137.962
-139.946 2.672 -133.365
-137.569 -2.295 -129.617
-133.499 -3.681 -125.171
-126.738 -4.158 -124.468
-121.989 -0.428 -122.741
-119.947 5.655 -120.605
-121.079 11.780 -117.815
-123.693 14.627 -112.177
-126.041 14.029 -106.115
-127.373 12.303 -100.873
-126.890 8.598 -95.669
-125.047 2.396 -92.670
-120.855 -2.685 -93.012
-114.472 -4.479 -93.966
-109.740 -4.454 -99.066
-105.432 0.316 -101.393
-102.921 6.922 -101.377
-100.540 11.277 -97.400
-97.013 12.218 -92.091
-93.671 10.806 -86.980
-90.374 6.650 -82.907
-86.624 1.207 -81.871
-83.431 -3.916 -84.812
-83.115 -8.536 -89.787
-82.130 -8.436 -96.524
-80.163 -4.725 -101.962
-77.224 0.752 -104.614
-71.599 3.528 -104.426
-65.255 5.118 -102.207
-59.836 2.606 -100.304
-55.602 -2.055 -99.159
-54.195 -8.864 -99.806
-54.524 -14.562 -102.737
-55.469 -18.166 -108.033
-58.374 -18.829 -113.608
-61.917 -15.325 -118.436
-60.288 -10.761 -123.306
-56.174 -5.900 -125.951
-50.152 -4.981 -128.478
-44.768 -8.140 -131.169
-41.367 -13.055 -133.389
-41.287 -19.433 -135.521
-45.315 -24.865 -136.854
-51.116 -27.514 -139.050
-57.035 -26.559 -141.276
-61.575 -23.370 -144.844
-63.660 -16.987 -146.818
-62.251 -13.603 -152.260
-60.755 -13.020 -158.257
-60.729 -15.276 -164.077
-60.908 -20.574 -167.745
-62.482 -25.920 -169.709
-66.360 -31.693 -169.047
-72.003 -34.717 -167.056
-77.304 -35.290 -163.406
-81.210 -33.001 -157.993
-85.149 -27.631 -158.232
-86.199 -21.078 -160.312
-90.191 -19.013 -165.114
-93.258 -19.089 -170.674
-97.268 -22.039 -175.045
-101.301 -26.319 -176.987
-105.192 -31.665 -175.476
-108.515 -35.296 -171.108
-110.480 -36.466 -165.113
-110.384 -34.601 -158.657
-111.079 -28.925 -155.266
-114.040 -22.712 -154.393
-117.947 -17.421 -157.006
-123.641 -16.398 -158.758
-130.106 -18.206 -159.383
-134.657 -22.694 -157.587
-137.531 -26.583 -153.536
-136.147 -30.370 -147.642
-134.510 -31.945 -142.087
-128.956 -31.795 -137.946
-124.032 -27.387 -136.143
-123.939 -21.311 -132.915
-126.835 -15.695 -130.671
-131.931 -12.003 -127.825
-136.936 -14.511 -123.595
-138.905 -17.542 -118.511
-138.335 -23.823 -115.233
-134.867 -27.657 -111.427
-130.054 -29.644 -108.188
-123.278 -30.136 -107.884
-117.766 -26.036 -108.935
-115.968 -20.072 -106.241
-117.257 -14.600 -102.953
-118.424 -13.056 -96.316
-119.229 -14.247 -90.387
-117.651 -18.278 -84.576
-114.847 -23.073 -82.301
-110.380 -28.048 -82.261
-104.526 -30.441 -86.506
-99.221 -30.300 -89.915
-95.328 -25.707 -92.538
-91.527 -19.457 -91.446
-90.312 -14.274 -88.881
-88.929 -11.123 -83.483
-87.859 -11.076 -76.864
-87.547 -14.852 -71.071
-85.730 -21.894 -69.314
-82.082 -27.494 -70.098
-75.630 -29.434 -72.976
-70.767 -28.175 -77.045
-65.580 -25.416 -78.543
-62.709 -18.972 -79.398
-58.640 -16.302 -77.188
-56.388 -11.824 -75.247
-56.087 -8.729 -68.902
-55.101 -9.117 -63.151
-54.035 -14.887 -58.264
-52.465 -20.556 -56.682
-48.144 -25.527 -56.845
119.978 -4.165 168.162
117.234 -0.245 171.260
116.272 7.079 172.556
114.495 12.427 169.123
112.983 15.368 162.925
112.572 14.616 155.482
109.337 11.159 150.787
105.904 6.012 148.674
100.959 1.792 149.815
96.162 -1.276 153.518
91.270 -0.127 157.804
86.420 3.665 160.167
82.259 8.946 159.180
79.808 14.167 155.309
79.637 17.263 149.678
79.973 18.108 143.054
80.519 14.895 137.242
80.190 8.933 134.127
78.173 2.680 133.545
72.362 -0.498 132.202
66.314 -1.727 132.630
59.726 0.100 134.426
55.668 5.397 133.571
53.988 10.281 129.562
54.834 14.379 124.549
58.191 16.491 119.213
62.483 15.494 114.742
66.138 11.075 111.239
66.409 4.078 110.281
62.714 0.090 106.367
57.432 -1.002 102.520
52.035 0.590 99.539
49.252 4.451 95.154
49.613 8.336 90.064
53.739 12.811 86.826
59.587 15.235 85.327
66.277 14.052 84.668
70.765 8.779 84.920
71.568 1.961 83.135
69.031 -2.554 78.756
67.646 -4.792 73.055
68.826 -3.183 66.526
71.972 0.294 62.112
74.511 5.996 59.046
80.171 9.484 59.544
85.807 12.081 62.632
89.853 11.563 67.793
92.048 8.190 73.386
95.228 2.613 73.790
97.234 -3.387 71.642
101.456 -5.615 67.190
105.406 -5.451 61.762
110.384 -1.845 59.268
114.612 3.617 59.699
116.461 9.737 62.088
118.953 11.974 67.512
117.439 13.800 73.986
118.036 10.816 79.858
119.595 5.364 83.535
123.778 0.176 84.164
129.623 -2.350 83.644
136.004 -1.073 83.235
141.332 2.410 83.328
145.563 6.625 85.058
146.211 13.603 87.809
144.468 18.702 90.601
140.635 20.881 95.521
134.400 20.473 98.570
131.061 15.793 102.539
131.443 10.027 106.273
134.754 6.908 110.759
138.883 6.629 115.338
141.632 9.347 119.650
143.650 14.517 123.644
142.097 19.991 126.417
138.277 24.900 127.708
132.988 29.014 126.078
126.206 28.021 124.825
121.207 23.979 124.912
118.220 18.403 128.046
116.440 16.369 134.277
117.470 15.818 140.581
117.976 19.763 145.832
115.921 25.407 148.841
113.213 30.533 149.452
109.068 35.704 148.018
104.281 38.803 144.310
100.408 37.669 139.351
97.953 33.384 134.450
93.410 28.162 135.284
90.070 23.411 139.002
85.922 22.979 144.129
81.089 25.861 147.761
76.516 30.546 148.857
74.348 37.288 147.545
73.417 41.542 142.434
73.083 42.889 135.779
73.283 41.083 129.719
72.422 36.809 124.671
72.107 30.112 123.114
67.070 25.890 123.217
61.136 24.602 122.903
55.268 25.625 121.163
51.969 29.829 117.379
50.128 36.092 115.543
51.487 40.655 110.888
54.847 42.667 105.301
59.805 43.246 101.142
66.365 41.182 99.885
68.449 35.382 97.240
67.803 28.583 96.361
64.596 25.245 91.670
60.816 24.634 86.461
57.080 26.034 81.561
56.643 29.994 76.336
58.963 34.845 72.455
64.134 37.965 69.675
70.306 40.211 69.673
76.357 39.645 72.784
80.897 34.620 73.531
83.196 28.101 72.431
82.708 21.776 69.387
84.224 20.208 63.183
85.413 21.272 56.977
88.155 24.501 51.533
91.078 30.465 49.817
96.403 34.297 51.968
100.006 37.284 56.447
102.545 38.006 62.663
103.183 34.436 68.585
106.641 28.789 70.488
110.151 23.689 69.714
114.957 20.154 66.246
120.387 21.773 62.785
125.394 26.019 61.851
128.617 32.052 62.334
129.283 37.556 66.001
130.220 40.817 71.195
128.295 41.494 77.866
126.059 38.014 83.545
128.174 33.261 86.997
132.869 28.682 89.117
138.856 28.973 90.264
144.286 31.238 91.166
149.252 35.869 92.289
150.856 41.116 95.472
148.411 46.901 99.142
143.478 50.432 101.990
137.506 50.050 104.863
132.585 46.536 107.120
130.025 40.562 109.632
130.937 35.933 114.046
135.367 33.512 118.977
140.085 31.414 122.251
146.078 34.232 125.609
148.706 39.418 128.834
147.493 44.712 133.006
142.724 48.100 136.615
136.465 49.282 138.541
130.866 46.244 140.953
127.492 40.498 143.673
128.962 34.268 145.891
132.454 29.897 149.252
137.199 28.820 153.953
141.400 30.786 158.254
143.195 33.712 162.730
142.957 38.703 167.442
138.737 43.360 170.385
141.450 45.633 156.638
145.023 41.811 154.090
145.667 35.583 150.935
143.372 32.091 145.919
138.692 30.202 141.883
132.718 31.434 138.137
128.967 36.482 135.119
129.299 42.978 132.687
132.671 47.888 130.810
138.795 50.011 128.480
144.319 49.325 123.698
148.243 45.059 120.110
148.643 39.314 116.108
145.566 34.124 112.611
141.101 31.525 109.107
135.010 33.006 105.628
131.392 37.634 102.312
131.352 43.397 99.058
133.501 47.518 94.581
137.530 49.037 89.784
141.293 47.285 85.278
144.007 43.755 81.329
143.569 37.992 78.306
142.900 31.586 77.304
137.812 27.150 75.931
131.965 24.624 78.358
126.235 25.548 78.304
121.171 29.753 78.699
119.816 36.337 77.420
118.610 39.077 71.360
118.080 39.263 64.624
118.530 36.200 58.572
116.407 32.205 54.336
112.976 25.496 53.636
108.718 22.369 56.610
103.994 20.022 61.509
99.459 22.945 66.127
96.794 28.430 68.574
94.411 34.742 67.246
91.809 38.334 62.224
87.334 39.245 57.538
81.610 36.661 55.205
77.163 32.389 55.659
73.426 27.030 58.089
70.945 24.290 63.312
70.989 22.513 70.244
72.394 24.465 76.106
75.715 29.127 80.129
73.499 35.078 81.913
70.427 41.058 81.265
64.034 42.448 82.343
57.584 41.460 83.243
53.410 37.908 86.309
51.779 33.187 90.805
52.985 28.070 94.929
56.323 26.671 99.862
62.651 26.062 102.483
66.818 29.982 105.462
68.354 35.993 108.245
66.495 41.481 111.736
62.928 44.333 116.497
59.702 44.286 121.384
57.145 41.816 126.706
56.356 37.804 131.611
58.339 32.538 135.290
62.242 26.930 135.690
68.293 25.155 135.394
74.112 25.266 131.564
78.451 30.141 129.842
80.622 36.466 130.810
82.071 41.017 135.308
84.766 42.248 141.285
86.737 40.270 147.367
88.505 35.697 152.177
92.659 30.816 152.647
96.904 26.111 150.758
98.800 21.640 145.971
100.664 21.705 139.477
103.390 25.268 134.605
106.543 31.216 132.766
112.411 33.920 134.288
117.470 35.889 138.275
122.067 32.974 141.631
125.837 27.623 143.360
128.406 22.123 141.692
130.115 16.314 138.174
129.323 12.105 132.902
127.331 12.025 126.993
124.211 15.477 122.075
127.337 20.472 117.499
131.865 25.294 116.011
138.083 26.270 114.575
143.854 23.559 112.493
147.822 18.938 111.174
148.474 11.854 109.427
145.141 6.468 106.667
139.949 3.907 103.098
134.687 4.497 99.346
130.608 7.996 95.900
129.222 14.262 93.717
131.418 17.698 88.312
134.717 18.865 82.710
135.588 16.351 76.880
135.985 11.136 72.738
135.659 4.128 72.058
130.852 -0.528 70.838
125.281 -4.076 72.238
119.289 -3.815 74.267
114.317 -1.143 78.192
110.543 4.048 77.667
109.706 10.461 75.511
107.493 12.759 69.927
104.948 12.343 63.754
102.616 9.657 58.259
99.026 4.663 55.411
95.208 -0.585 56.450
90.242 -3.313 59.909
87.031 -4.879 65.412
86.578 -3.111 72.066
84.685 2.346 75.192
81.490 8.370 75.480
78.572 13.728 72.245
72.814 14.082 69.039
66.901 12.427 67.590
61.367 8.531 67.896
58.563 3.455 71.541
58.395 -0.524 76.649
60.376 -2.054 82.417
63.458 -1.407 88.481
67.955 3.282 91.368
67.046 9.471 94.348
63.666 14.553 96.205
57.768 17.637 97.933
52.139 15.776 101.001
49.392 11.924 105.323
49.210 6.494 109.584
52.094 1.883 113.171
56.136 -0.415 117.268
62.850 -0.127 118.794
68.459 4.299 118.864
69.312 10.123 121.419
67.603 15.733 125.057
65.323 16.788 131.224
63.667 15.664 137.109
63.533 11.416 142.462
65.436 6.442 146.022
70.174 1.266 145.993
75.615 -1.453 143.358
81.931 0.020 141.249
86.779 4.131 140.014
90.064 9.889 141.496
91.049 15.675 144.877
92.624 17.905 150.925
93.348 18.056 157.196
94.309 14.518 162.923
94.946 7.978 165.269
97.549 1.750 164.140
102.178 -2.055 160.567
106.902 -2.166 155.953
112.134 1.067 153.015
116.324 6.127 152.454
119.530 10.975 155.771
122.692 14.112 160.612
124.902 14.056 167.348
127.140 10.087 171.716
129.897 5.277 174.079
132.691 -1.581 174.435
134.141 -7.829 170.509
142.567 -8.926 160.792
146.623 -4.798 156.821
150.012 0.773 155.801
153.953 5.178 158.345
156.469 7.400 164.524
158.113 6.368 171.742
159.618 1.632 176.269
162.404 -4.539 177.091
165.877 -9.772 174.886
170.283 -12.473 170.864
175.742 -12.007 166.747
180.719 -8.908 163.799
185.971 -4.051 165.007
187.990 1.351 168.411
189.784 3.846 174.135
189.438 4.645 180.726
189.048 1.659 186.355
189.724 -4.295 189.674
191.977 -10.415 189.843
197.599 -14.005 190.262
203.957 -15.260 189.462
210.390 -13.130 187.500
214.547 -7.859 187.979
216.182 -2.515 191.368
216.020 1.359 196.770
213.343 3.556 202.453
209.579 2.545 207.487
206.008 -2.028 211.005
205.605 -9.088 211.734
210.058 -12.884 215.210
215.505 -13.898 218.456
221.042 -12.373 221.713
224.310 -8.585 225.564
224.202 -4.254 230.569
220.370 -0.287 234.431
214.512 2.481 235.966
208.159 1.088 237.284
203.716 -4.252 237.263
202.951 -11.026 239.260
205.624 -15.579 243.175
207.971 -17.838 249.089
207.023 -16.744 255.403
204.645 -13.024 260.280
201.290 -8.249 263.448
196.236 -3.905 263.589
190.573 -1.255 260.984
186.160 -1.684 256.293
183.450 -5.097 250.802
179.794 -10.786 250.597
178.251 -16.830 252.863
174.416 -19.027 257.483
170.429 -19.290 263.046
165.976 -15.511 265.921
161.819 -9.949 265.937
159.303 -4.350 263.967
157.058 -1.211 258.885
157.949 0.161 252.383
156.539 -2.634 246.470
154.736 -7.990 242.808
150.292 -12.884 242.194
144.374 -15.607 243.101
138.184 -14.457 243.957
132.830 -11.144 244.420
128.829 -6.253 243.557
127.478 0.230 241.012
129.484 5.628 237.889
132.744 7.860 232.979
138.790 7.461 229.483
141.617 2.770 225.091
140.819 -3.097 221.674
137.183 -6.109 217.556
132.698 -6.495 212.759
128.881 -3.030 208.583
126.336 2.038 205.043
128.526 7.291 202.075
132.616 12.244 200.579
138.037 15.929 202.050
144.802 14.912 202.932
149.838 10.656 202.011
152.597 5.134 198.976
153.774 3.334 192.849
152.044 2.662 186.367
151.888 6.335 180.956
152.962 12.057 177.605
155.612 17.483 176.847
159.790 22.547 178.275
164.971 25.761 181.584
169.364 24.721 186.100
171.858 20.187 190.888
176.623 15.034 189.686
179.765 10.392 185.626
183.763 9.945 180.369
188.405 12.911 176.582
192.329 17.917 174.944
194.917 24.389 175.944
196.264 28.671 181.028
196.845 30.029 187.747
197.134 28.268 193.816
198.292 23.820 198.414
198.963 17.152 199.958
204.097 12.897 199.367
210.299 11.931 199.482
216.287 13.624 200.635
220.227 18.693 202.440
221.548 24.244 205.464
220.728 27.921 211.283
217.596 30.117 216.470
212.977 30.278 221.021
206.473 28.019 222.634
204.745 22.268 225.347
205.410 15.548 225.894
209.001 12.365 230.596
213.560 11.625 235.098
217.254 12.938 240.010
218.740 16.926 245.115
216.531 21.133 249.528
211.531 24.441 252.590
205.331 26.588 252.999
198.786 25.695 250.909
194.442 20.909 250.053
192.309 14.664 251.064
193.276 8.412 254.172
192.557 6.363 260.386
191.518 6.907 266.712
188.813 9.989 272.266
184.601 14.639 274.232
180.393 19.741 272.346
175.402 21.953 269.327
173.126 23.808 262.995
172.298 20.779 256.701
168.980 15.086 254.829
165.203 9.994 255.649
160.395 6.456 259.276
155.192 7.282 262.921
150.443 11.690 264.204
147.055 17.882 264.074
146.157 23.578 261.333
144.838 27.002 256.045
146.297 27.980 249.312
148.668 24.793 243.621
145.602 20.320 239.997
140.998 15.387 238.393
134.380 15.874 237.897
129.223 18.198 236.992
124.404 22.673 235.289
122.406 28.088 232.800
124.788 32.948 228.741
129.378 37.286 226.173
135.126 36.933 223.017
139.970 34.024 219.583
142.374 27.053 217.740
140.754 23.595 212.376
136.385 20.587 208.661
130.801 19.137 205.371
125.145 21.764 202.866
122.606 27.240 200.012
123.363 33.551 197.517
127.740 38.372 194.841
133.687 39.493 191.768
139.106 36.458 188.633
141.991 32.377 184.695
140.336 26.129 181.082
136.241 22.780 177.069
132.607 24.076 171.286
127.864 27.445 168.282
125.915 33.216 166.940
125.560 38.830 162.768
129.772 44.741 161.335
127.278 41.249 175.786
124.010 36.462 177.598
123.816 29.661 178.769
126.347 24.209 180.736
131.680 21.408 184.550
137.777 21.845 188.527
140.886 26.251 192.453
141.203 32.023 195.497
138.095 36.211 199.724
132.253 38.266 202.518
126.348 36.628 205.110
123.119 32.054 209.443
123.114 25.970 212.687
126.054 20.942 216.058
130.995 19.062 219.589
137.476 19.359 222.471
140.982 23.858 225.878
141.813 29.782 228.913
139.462 34.084 233.163
135.636 36.003 237.490
131.835 34.559 242.055
130.206 30.987 246.151
130.780 25.230 249.434
132.105 18.945 251.210
136.481 14.147 251.423
141.978 11.177 249.043
148.423 12.030 248.312
153.728 16.339 248.113
155.276 23.141 249.366
157.082 25.541 255.279
157.755 25.227 261.576
157.704 21.757 267.683
159.317 16.408 271.092
163.941 11.840 271.932
168.731 7.538 268.867
173.296 6.623 264.288
176.421 8.766 258.747
178.811 14.372 255.948
181.380 20.775 257.406
185.011 24.054 261.715
190.315 24.564 264.655
196.149 22.801 267.917
200.760 17.892 267.840
204.208 13.418 264.299
205.877 10.356 258.674
205.280 8.938 252.178
202.900 11.265 246.376
199.271 15.930 242.710
201.197 21.883 240.555
204.308 27.796 240.951
210.391 29.495 239.868
216.500 28.744 238.038
220.962 24.712 235.137
222.188 20.208 230.279
220.585 15.207 226.110
216.834 13.701 221.163
210.189 12.882 219.408
205.850 16.990 216.743
203.847 22.941 214.436
205.230 28.362 211.059
208.526 31.766 206.469
211.052 31.411 200.723
213.957 29.354 195.582
213.687 25.628 190.035
212.109 19.611 187.176
207.939 14.513 186.710
201.676 12.535 187.443
196.499 12.457 191.688
191.867 17.235 193.812
189.766 23.723 193.148
187.528 27.868 188.916
184.235 29.393 183.303
181.983 27.667 177.217
179.826 23.100 172.527
175.655 18.181 172.209
171.773 13.093 174.592
170.455 8.732 179.433
169.219 8.659 186.230
166.614 12.484 191.167
163.438 17.934 193.353
157.435 20.595 192.322
152.234 22.556 188.843
146.820 19.970 186.145
143.169 14.707 184.492
140.839 9.169 185.841
140.173 3.203 189.101
140.938 -0.901 194.617
142.903 -0.863 200.440
146.641 2.485 205.215
144.305 7.214 210.077
139.861 12.075 212.070
133.531 12.999 213.744
127.727 10.532 215.922
124.343 5.741 218.985
123.209 -0.845 220.804
126.520 -6.332 222.736
132.411 -8.897 225.012
138.099 -8.427 228.015
142.677 -5.106 231.675
144.351 1.169 233.897
142.950 4.552 239.259
140.595 5.152 245.118
138.898 2.822 250.864
139.434 -2.338 254.701
140.202 -8.712 256.573
144.515 -13.745 256.649
150.163 -16.992 254.771
156.135 -17.261 252.303
160.274 -14.721 247.445
164.106 -9.395 247.786
165.369 -3.022 249.912
168.328 -1.095 255.677
170.295 -1.364 261.702
173.368 -3.963 266.875
177.821 -8.666 269.066
181.689 -13.862 267.883
186.324 -16.716 264.048
188.798 -18.187 258.490
189.295 -16.557 251.598
190.754 -11.174 248.404
193.704 -4.827 247.918
196.975 0.380 250.892
202.932 0.984 253.199
208.901 -0.314 253.893
214.461 -4.097 253.238
216.997 -9.616 249.796
216.751 -13.421 244.375
214.972 -14.923 238.407
210.571 -14.228 233.263
205.953 -9.822 230.463
206.584 -3.615 227.736
209.631 1.775 225.844
215.410 4.698 223.334
220.680 3.200 219.799
222.967 -0.637 214.958
222.979 -6.011 210.763
219.981 -10.796 207.268
215.083 -13.425 204.240
208.270 -13.207 203.211
202.847 -8.816 203.439
201.539 -3.046 200.606
202.711 2.482 196.890
204.209 3.545 190.413
205.451 2.228 184.559
206.127 -1.878 179.267
203.232 -7.281 176.283
198.452 -12.159 176.355
192.617 -14.466 179.186
186.885 -13.045 182.143
182.284 -8.807 184.078
179.139 -2.799 183.108
177.883 2.700 179.680
176.610 5.490 174.017
176.339 5.634 167.221
174.733 2.434 161.946
171.753 -2.962 159.199
166.750 -7.291 160.128
162.805 -11.428 164.132
158.519 -11.854 169.270
154.545 -7.926 173.091
152.077 -2.481 175.512
149.714 3.213 173.478
148.222 7.885 169.044
145.348 8.858 162.659
141.594 6.398 157.972
137.302 3.013 155.480
132.286 -2.025 155.504
127.982 -6.244 159.880
-38.981 34.194 46.366
-43.681 38.535 42.228
-44.381 43.903 39.001
-41.815 48.497 34.634
-36.226 51.737 32.056
-30.675 50.331 28.900
-25.857 45.753 26.664
-24.458 40.129 23.423
-26.557 34.405 21.146
-29.329 32.752 15.055
-34.304 32.625 10.473
-39.462 36.388 7.201
-41.026 41.770 3.983
-39.672 47.741 1.050
-34.060 52.152 -0.476
-28.846 51.653 -4.207
-22.498 49.561 -6.370
-20.774 44.704 -10.579
-21.382 39.368 -14.251
-24.562 35.003 -17.675
-30.268 32.311 -20.183
-36.390 33.700 -22.498
-40.075 37.998 -26.848
-41.966 44.206 -29.068
-38.200 48.527 -33.840
-27.022 34.195 -35.217
-23.274 39.231 -32.601
-23.491 45.517 -29.768
-27.229 50.199 -26.570
-32.065 51.342 -22.213
-37.531 49.277 -18.568
-39.757 44.024 -14.885
-38.991 38.046 -11.709
-34.512 33.738 -8.891
-28.274 32.745 -5.942
-25.095 34.443 -0.096
-22.242 39.099 4.013
-22.080 45.089 7.260
-25.410 51.074 8.692
-31.087 51.810 12.175
-37.198 50.130 14.322
-41.511 45.708 16.518
-43.715 39.700 18.770
-41.512 35.166 23.219
-37.252 32.645 27.966
-32.118 32.961 31.615
-26.747 36.686 34.130
-25.215 42.036 37.014
-26.913 47.400 40.331
-31.152 52.426 43.157
-28.617 17.431 -40.220
-32.582 19.783 -35.804
-38.483 18.495 -32.774
-42.680 14.239 -29.067
-43.807 8.872 -25.575
-41.332 4.315 -21.177
-36.011 1.383 -17.999
-30.197 2.710 -15.206
-25.626 7.086 -12.433
-24.453 13.018 -9.509
-26.720 18.477 -6.882
-29.957 20.367 -1.099
-35.118 20.557 3.403
-39.555 16.564 6.946
-41.945 10.592 9.089
-39.344 5.232 12.426
-34.930 2.150 15.327
-28.257 1.412 17.324
-22.599 3.553 19.751
-20.604 8.707 24.237
-21.568 13.973 27.754
-25.100 18.043 31.189
-31.218 20.222 33.875
-37.488 18.197 35.459
-40.620 14.016 40.240
-25.785 18.142 49.566
-24.767 13.828 46.550
-23.794 7.482 43.163
-27.258 2.518 39.954
-31.958 1.630 35.211
-37.743 3.281 32.077
-39.821 8.645 28.391
-39.407 14.855 25.862
-35.016 19.349 23.057
-28.752 20.493 19.383
-25.193 18.893 14.133
-21.268 13.953 10.810
-22.027 8.497 6.671
-25.147 3.667 4.178
-31.693 1.218 1.636
-37.293 2.789 -1.041
-41.714 7.152 -3.246
-43.881 13.322 -5.404
-41.536 17.618 -10.084
-37.112 20.260 -14.138
-32.443 20.167 -18.008
-27.219 16.958 -21.308
-24.777 11.546 -23.927
-26.324 6.451 -27.470
-30.220 1.091 -29.735
-36.430 0.333 -32.421
-4.716 0.374 5.194
1.304 4.217 4.986
7.090 4.361 5.903
7.300 6.421 13.170
2.566 5.720 17.283
-2.242 1.790 17.355
-6.302 -2.751 16.788
-3.095 -5.301 13.368
-2.668 -3.690 6.456
0.541 -2.232 1.724
0.249 5.198 2.271
-2.839 5.535 6.753
-1.556 6.099 13.352
-0.106 4.707 17.798
7.302 18.917 30.711
11.181 22.505 27.360
13.875 29.104 26.146
15.991 34.727 29.068
18.736 37.205 34.562
22.057 36.820 39.861
25.409 33.981 45.268
28.636 28.135 46.474
31.822 22.378 45.746
35.531 18.506 42.091
40.164 18.465 36.942
42.900 21.816 31.588
45.271 27.890 30.078
46.859 34.251 31.478
49.540 38.127 36.429
48.115 26.762 49.531
44.196 31.573 48.800
41.575 36.693 44.468
39.604 38.054 38.223
37.451 35.277 32.416
34.482 30.422 29.041
32.111 24.106 27.183
28.005 19.792 30.138
23.915 18.298 35.182
20.545 18.690 40.696
16.220 22.513 44.470
13.314 28.548 45.768
11.169 34.079 42.480
9.304 37.348 36.927
6.335 36.308 30.876
7.385 18.962 30.180
11.239 22.663 27.001
13.942 29.304 25.906
16.055 34.828 28.946
18.967 37.271 34.218
22.945 36.631 39.269
25.729 34.072 45.147
28.798 28.290 46.357
32.021 22.510 45.428
35.795 19.309 41.448
40.137 19.167 36.090
42.882 22.680 30.778
45.393 28.703 29.821
47.042 34.996 31.580
49.583 38.665 36.652
48.006 26.921 49.446
44.068 31.630 48.630
41.427 36.969 44.548
39.586 38.539 38.327
37.211 36.200 32.652
33.634 32.275 29.344
33.747 32.317 29.283
30.502 26.513 26.941
32.449 25.801 27.389
27.831 20.273 29.693
26.899 21.873 29.611
23.986 18.393 34.782
20.774 19.105 40.368
16.745 22.786 44.323
13.631 28.802 45.753
11.126 34.067 42.438
9.168 37.258 36.850
6.398 36.352 30.809
16.616 -8.889 129.584
13.364 -11.806 124.817
9.003 -11.236 120.075
3.457 -8.553 116.884
0.991 -2.906 114.390
2.810 1.870 110.087
7.595 4.672 106.165
13.293 4.431 102.793
16.707 0.967 98.648
18.183 -3.925 94.596
18.343 -10.789 93.293
14.441 -14.500 90.256
8.649 -15.902 86.554
3.874 -13.124 83.136
0.312 -8.475 79.710
0.831 -2.540 78.898
2.032 1.975 73.942
6.626 6.412 71.044
11.464 5.398 66.733
14.488 2.104 62.242
14.961 -2.768 57.664
12.150 -7.938 53.985
6.306 -10.706 51.138
1.224 -8.181 48.336
-3.581 -3.874 47.080
14.233 1.247 41.583
12.853 7.011 44.595
8.525 8.736 49.705
2.395 8.202 53.352
-2.716 4.200 55.946
-4.277 -1.665 58.087
-2.363 -7.410 60.929
2.285 -11.035 63.573
8.603 -12.705 65.723
13.389 -10.314 69.250
17.230 -5.933 71.742
17.753 -1.998 77.299
14.934 3.224 80.807
9.998 3.507 85.201
4.454 1.894 88.717
1.387 -1.858 91.907
0.383 -7.179 96.231
3.178 -12.574 98.468
8.798 -14.672 101.949
14.111 -12.759 105.433
18.992 -8.502 106.755
20.330 -1.856 107.823
17.550 3.867 110.697
12.397 6.129 114.554
6.536 5.894 117.166
34.235 -9.894 123.272
28.582 -13.019 121.829
22.835 -13.362 120.054
17.103 -11.017 117.323
15.998 -5.721 113.103
17.061 -0.238 109.911
21.203 3.354 106.212
27.450 5.237 103.873
32.950 4.002 100.662
34.035 -0.530 95.682
34.406 -6.524 92.648
17.493 -10.038 100.266
23.289 -12.699 102.000
28.948 -13.558 103.484
34.480 -10.960 106.576
36.112 -5.404 110.414
34.895 0.102 113.381
30.767 3.502 117.124
24.502 5.357 119.447
19.013 4.046 122.673
17.831 -0.459 127.690
17.482 -6.536 130.739
