40.500 17.125 -4.649
34.384 18.823 -2.969
27.411 18.129 -2.459
22.234 13.937 -1.953
20.382 10.137 2.702
17.737 16.428 0.609
12.612 20.222 3.218
8.582 21.432 8.363
5.654 21.475 14.457
8.092 22.244 20.877
13.040 22.951 25.501
18.926 26.152 26.121
24.937 28.201 23.375
27.820 33.028 19.612
26.757 39.139 16.941
9.126 38.654 20.025
11.177 37.436 14.009
15.850 35.403 9.412
20.988 30.528 9.308
25.239 26.367 12.373
25.565 21.474 16.855
22.830 16.434 20.328
18.476 11.831 19.936
13.046 8.674 17.826
34.805 0.943 2.717
31.248 0.233 -2.871
27.862 2.885 -7.952
27.415 7.948 -12.435
40.911 16.939 -4.526
34.826 18.654 -2.755
27.821 17.932 -2.414
22.605 13.801 -2.269
20.787 10.158 2.526
16.863 15.464 0.161
16.786 15.457 0.233
11.791 18.641 3.137
11.071 17.632 2.611
8.101 20.629 8.201
5.303 20.975 14.380
7.841 21.782 20.814
12.835 22.540 25.458
18.671 25.697 26.077
24.541 28.141 23.446
27.623 32.631 19.430
26.627 38.332 16.092
8.913 38.320 19.965
10.874 37.323 13.930
15.367 34.918 9.330
20.610 30.184 9.160
24.892 25.976 12.150
25.240 20.980 16.567
22.461 16.106 20.319
18.134 11.501 20.038
12.752 8.032 18.202
34.833 0.723 2.823
31.407 0.054 -2.788
28.179 2.792 -7.934
27.838 7.765 -12.493
9.592 3.496 12.038
8.911 0.775 11.510
9.362 -0.111 14.144
