40.500 17.125 -4.649
34.384 18.823 -2.969
27.411 18.129 -2.459
22.234 13.937 -1.953
20.382 10.137 2.702
17.737 16.428 0.609
12.612 20.222 3.218
8.582 21.432 8.363
5.654 21.475 14.457
8.092 22.244 20.877
13.040 22.951 25.501
18.926 26.152 26.121
24.937 28.201 23.375
27.820 33.028 19.612
26.757 39.139 16.941
9.126 38.654 20.025
11.177 37.436 14.009
15.850 35.403 9.412
20.988 30.528 9.308
25.239 26.367 12.373
25.565 21.474 16.855
22.830 16.434 20.328
18.476 11.831 19.936
13.046 8.674 17.826
34.805 0.943 2.717
31.248 0.233 -2.871
27.862 2.885 -7.952
27.415 7.948 -12.435
40.911 16.939 -4.526
34.826 18.654 -2.755
27.821 17.932 -2.414
22.605 13.801 -2.269
20.787 10.158 2.526
16.863 15.464 0.161
16.786 15.457 0.233
11.791 18.641 3.137
11.071 17.632 2.611
8.101 20.629 8.201
5.303 20.975 14.380
7.841 21.782 20.814
12.835 22.540 25.458
18.671 25.697 26.077
24.541 28.141 23.446
27.623 32.631 19.430
26.627 38.332 16.092
8.913 38.320 19.965
10.874 37.323 13.930
15.367 34.918 9.330
20.610 30.184 9.160
24.892 25.976 12.150
25.240 20.980 16.567
22.461 16.106 20.319
18.134 11.501 20.038
12.752 8.032 18.202
34.833 0.723 2.823
31.407 0.054 -2.788
28.179 2.792 -7.934
27.838 7.765 -12.493
9.592 3.496 12.038
8.911 0.775 11.510
9.362 -0.111 14.144
226.521 167.013 -12.923
232.873 167.114 -14.354
234.548 167.595 -7.760
233.558 162.489 -3.679
236.502 162.491 2.485
239.277 166.669 6.718
241.286 172.490 9.167
242.874 178.828 9.942
240.356 185.051 8.815
236.965 189.906 5.741
230.759 192.365 5.062
222.139 177.959 11.660
223.008 178.652 4.825
226.147 181.920 -0.294
231.533 184.544 -3.140
238.039 184.369 -4.109
243.435 180.723 -4.476
246.610 175.445 -3.915
249.090 168.756 -4.649
250.667 166.700 -5.947
252.789 168.195 -6.948
28.019 4.709 -1.566
34.232 4.198 0.463
34.251 4.188 0.362
33.964 6.499 -5.335
35.523 9.191 -11.033
38.722 8.370 -16.847
42.313 4.715 -20.655
43.902 -1.418 -23.340
45.675 -7.950 -23.995
44.556 -14.409 -22.649
39.983 -19.138 -21.199
33.890 -21.406 -19.743
25.949 -6.550 -26.325
25.962 -7.527 -19.337
29.267 -9.975 -14.172
34.100 -13.255 -10.788
40.731 -13.195 -10.225
46.330 -9.754 -10.071
46.281 -9.846 -9.964
50.292 -4.723 -12.404
49.804 -4.404 -10.727
51.577 2.264 -9.759
53.289 4.324 -8.440
55.443 2.726 -7.427
37.473 4.400 7.432
34.775 0.644 2.837
31.325 -0.022 -2.749
28.349 2.697 -8.036
28.154 7.616 -12.572
8.661 38.607 19.895
11.087 37.347 13.844
15.475 34.854 9.573
20.735 30.185 9.274
25.021 26.006 12.278
25.374 20.815 16.515
22.716 15.959 20.254
18.366 11.316 20.007
12.971 8.004 18.098
40.962 16.729 -4.780
34.803 18.411 -2.809
27.890 17.742 -2.568
22.782 13.713 -2.311
21.276 8.849 1.863
17.803 15.080 1.176
12.656 18.704 3.547
8.421 20.313 8.071
5.648 21.039 14.275
8.016 21.788 20.681
12.920 22.397 25.432
18.954 25.546 26.071
24.744 27.750 23.251
27.574 32.519 19.400
26.367 38.811 17.567
356.743 -40.075 407.596
351.684 -44.230 409.173
350.237 -50.860 410.689
350.790 -56.716 411.809
354.942 -61.947 413.168
360.139 -63.932 416.887
365.048 -62.923 421.368
366.833 -58.920 426.745
366.234 -54.962 431.152
362.424 -51.517 435.690
357.691 -51.294 439.690
353.045 -50.945 444.113
349.368 -55.342 448.384
348.417 -61.698 451.070
349.787 -68.426 451.484
354.948 -72.729 451.893
360.767 -74.693 452.992
367.390 -73.543 455.129
371.063 -69.063 458.790
371.360 -65.251 463.872
368.778 -62.273 469.318
363.780 -61.175 473.957
358.409 -64.193 476.989
357.340 -69.306 480.318
357.071 -76.051 482.102
360.632 -81.728 482.819
366.189 -83.293 486.202
374.479 -67.114 486.363
376.357 -71.449 481.524
374.803 -76.172 477.106
370.654 -79.089 473.194
364.816 -79.692 469.858
358.057 -78.006 469.169
354.231 -72.834 468.030
353.621 -66.403 466.359
355.988 -60.159 465.126
360.250 -57.824 460.723
364.909 -57.432 456.502
368.000 -60.118 450.787
365.866 -64.235 445.560
362.512 -68.091 442.048
356.854 -69.008 439.335
350.132 -69.546 438.950
352.275 -65.904 433.747
348.071 -61.097 429.929
348.506 -54.807 428.040
351.921 -49.015 426.475
357.393 -46.722 423.855
363.738 -46.551 421.634
367.371 -49.912 416.958
368.794 -55.311 412.833
365.603 -58.773 408.012
360.506 -58.826 403.684
354.871 -56.288 400.531
