40.500 17.125 -4.649
34.384 18.823 -2.969
27.411 18.129 -2.459
22.234 13.937 -1.953
20.382 10.137 2.702
17.737 16.428 0.609
12.612 20.222 3.218
8.582 21.432 8.363
5.654 21.475 14.457
8.092 22.244 20.877
13.040 22.951 25.501
18.926 26.152 26.121
24.937 28.201 23.375
27.820 33.028 19.612
26.757 39.139 16.941
9.126 38.654 20.025
11.177 37.436 14.009
15.850 35.403 9.412
20.988 30.528 9.308
25.239 26.367 12.373
25.565 21.474 16.855
22.830 16.434 20.328
18.476 11.831 19.936
13.046 8.674 17.826
34.805 0.943 2.717
31.248 0.233 -2.871
27.862 2.885 -7.952
27.415 7.948 -12.435
40.911 16.939 -4.526
34.826 18.654 -2.755
27.821 17.932 -2.414
22.605 13.801 -2.269
20.787 10.158 2.526
16.863 15.464 0.161
16.786 15.457 0.233
11.791 18.641 3.137
11.071 17.632 2.611
8.101 20.629 8.201
5.303 20.975 14.380
7.841 21.782 20.814
12.835 22.540 25.458
18.671 25.697 26.077
24.541 28.141 23.446
27.623 32.631 19.430
26.627 38.332 16.092
8.913 38.320 19.965
10.874 37.323 13.930
15.367 34.918 9.330
20.610 30.184 9.160
24.892 25.976 12.150
25.240 20.980 16.567
22.461 16.106 20.319
18.134 11.501 20.038
12.752 8.032 18.202
34.833 0.723 2.823
31.407 0.054 -2.788
28.179 2.792 -7.934
27.838 7.765 -12.493
9.592 3.496 12.038
8.911 0.775 11.510
9.362 -0.111 14.144
226.521 167.013 -12.923
232.873 167.114 -14.354
234.548 167.595 -7.760
233.558 162.489 -3.679
236.502 162.491 2.485
239.277 166.669 6.718
241.286 172.490 9.167
242.874 178.828 9.942
240.356 185.051 8.815
236.965 189.906 5.741
230.759 192.365 5.062
222.139 177.959 11.660
223.008 178.652 4.825
226.147 181.920 -0.294
231.533 184.544 -3.140
238.039 184.369 -4.109
243.435 180.723 -4.476
246.610 175.445 -3.915
249.090 168.756 -4.649
250.667 166.700 -5.947
252.789 168.195 -6.948
28.019 4.709 -1.566
34.232 4.198 0.463
34.251 4.188 0.362
33.964 6.499 -5.335
35.523 9.191 -11.033
38.722 8.370 -16.847
42.313 4.715 -20.655
43.902 -1.418 -23.340
45.675 -7.950 -23.995
44.556 -14.409 -22.649
39.983 -19.138 -21.199
33.890 -21.406 -19.743
25.949 -6.550 -26.325
25.962 -7.527 -19.337
29.267 -9.975 -14.172
34.100 -13.255 -10.788
40.731 -13.195 -10.225
46.330 -9.754 -10.071
46.281 -9.846 -9.964
50.292 -4.723 -12.404
49.804 -4.404 -10.727
51.577 2.264 -9.759
53.289 4.324 -8.440
55.443 2.726 -7.427
37.473 4.400 7.432
34.775 0.644 2.837
31.325 -0.022 -2.749
28.349 2.697 -8.036
28.154 7.616 -12.572
8.661 38.607 19.895
11.087 37.347 13.844
15.475 34.854 9.573
20.735 30.185 9.274
25.021 26.006 12.278
25.374 20.815 16.515
22.716 15.959 20.254
18.366 11.316 20.007
12.971 8.004 18.098
40.962 16.729 -4.780
34.803 18.411 -2.809
27.890 17.742 -2.568
22.782 13.713 -2.311
21.276 8.849 1.863
17.803 15.080 1.176
12.656 18.704 3.547
8.421 20.313 8.071
5.648 21.039 14.275
8.016 21.788 20.681
12.920 22.397 25.432
18.954 25.546 26.071
24.744 27.750 23.251
27.574 32.519 19.400
26.367 38.811 17.567
356.743 -40.075 407.596
351.684 -44.230 409.173
350.237 -50.860 410.689
350.790 -56.716 411.809
354.942 -61.947 413.168
360.139 -63.932 416.887
365.048 -62.923 421.368
366.833 -58.920 426.745
366.234 -54.962 431.152
362.424 -51.517 435.690
357.691 -51.294 439.690
353.045 -50.945 444.113
349.368 -55.342 448.384
348.417 -61.698 451.070
349.787 -68.426 451.484
354.948 -72.729 451.893
360.767 -74.693 452.992
367.390 -73.543 455.129
371.063 -69.063 458.790
371.360 -65.251 463.872
368.778 -62.273 469.318
363.780 -61.175 473.957
358.409 -64.193 476.989
357.340 -69.306 480.318
357.071 -76.051 482.102
360.632 -81.728 482.819
366.189 -83.293 486.202
374.479 -67.114 486.363
376.357 -71.449 481.524
374.803 -76.172 477.106
370.654 -79.089 473.194
364.816 -79.692 469.858
358.057 -78.006 469.169
354.231 -72.834 468.030
353.621 -66.403 466.359
355.988 -60.159 465.126
360.250 -57.824 460.723
364.909 -57.432 456.502
368.000 -60.118 450.787
365.866 -64.235 445.560
362.512 -68.091 442.048
356.854 -69.008 439.335
350.132 -69.546 438.950
352.275 -65.904 433.747
348.071 -61.097 429.929
348.506 -54.807 428.040
351.921 -49.015 426.475
357.393 -46.722 423.855
363.738 -46.551 421.634
367.371 -49.912 416.958
368.794 -55.311 412.833
365.603 -58.773 408.012
360.506 -58.826 403.684
354.871 -56.288 400.531
40.882 9.735 -4.870
34.766 11.325 -2.875
27.706 10.621 -2.510
22.494 6.593 -2.361
20.564 2.696 1.648
17.325 8.200 0.444
12.260 11.646 2.959
8.638 13.785 7.957
5.410 14.127 14.126
7.603 14.840 20.513
12.738 15.406 25.271
18.623 18.517 25.965
24.354 21.025 23.455
27.398 25.812 19.731
26.457 31.710 17.107
8.587 31.676 19.867
11.003 31.012 13.598
15.364 27.921 9.586
20.503 23.455 9.335
24.950 19.314 12.477
25.231 14.197 16.728
22.561 9.071 20.042
18.228 4.488 19.747
12.750 1.216 17.859
37.353 -2.811 7.297
34.663 -6.513 2.707
31.149 -7.153 -2.885
28.408 -4.470 -8.301
27.919 0.562 -12.435
9.876 -3.505 11.491
8.885 -6.043 11.005
9.504 -7.147 13.575
11.103 -0.194 -5.060
6.709 4.219 -3.225
0.292 7.232 -3.682
-5.408 5.535 -0.385
-8.893 0.248 2.559
-12.752 5.824 0.175
-15.911 10.662 3.559
-18.954 13.139 9.096
-21.279 14.257 15.304
-18.536 14.893 21.667
-13.246 15.095 25.945
-6.878 16.920 26.199
-1.373 19.915 23.732
2.422 22.986 19.284
2.447 28.867 16.017
-15.718 30.085 17.135
-12.887 28.769 11.255
-8.338 24.986 8.178
-4.415 19.325 8.677
-1.279 14.495 12.194
-2.066 10.052 17.247
-5.647 6.228 21.326
-11.158 2.691 21.298
-17.221 1.286 18.708
4.465 -8.713 8.324
1.017 -11.420 3.653
-2.421 -10.969 -1.917
-4.284 -7.862 -7.216
-5.014 -2.893 -12.032
-20.593 -2.427 15.260
-21.677 -4.789 14.178
-21.560 -6.258 16.617
13.966 9.607 -3.830
7.841 11.393 -2.242
0.812 10.709 -2.536
-4.351 6.679 -2.419
-6.751 2.402 0.699
-10.347 7.748 1.753
-15.938 11.089 3.452
-20.017 12.858 8.067
-22.736 13.775 14.361
-20.334 14.739 20.933
-15.327 15.443 25.519
-9.237 18.618 25.776
-3.412 20.857 23.172
-0.734 25.549 19.147
-2.063 31.503 16.860
-19.713 30.885 19.710
-17.550 29.582 13.619
-12.857 27.477 9.174
-7.683 22.978 9.014
-3.258 18.797 12.124
-3.015 13.657 16.445
-5.662 8.876 20.331
-9.976 4.274 20.116
-15.612 1.058 18.314
9.723 -2.768 7.967
7.225 -6.464 3.165
3.952 -7.135 -2.528
1.603 -4.410 -8.062
1.555 0.950 -12.282
-17.795 -3.853 12.708
-19.204 -6.245 12.219
-18.702 -7.757 14.577
36.646 -0.290 -5.479
32.589 4.072 -2.938
26.003 6.813 -3.514
20.539 5.164 -1.469
16.443 1.101 1.805
12.615 5.803 -0.136
9.594 10.956 3.191
6.641 13.349 8.818
4.429 14.420 15.032
7.097 15.018 21.553
12.250 15.051 26.025
18.611 16.835 26.357
24.329 19.150 23.757
27.985 22.719 19.690
27.994 28.724 16.569
9.849 29.495 17.762
12.715 28.454 11.816
17.232 25.075 8.354
21.160 19.265 9.033
24.198 14.562 12.385
23.394 10.058 17.400
19.693 6.188 21.348
14.040 2.754 21.145
8.105 1.574 18.389
30.223 -8.664 8.257
26.913 -11.406 3.648
23.603 -11.110 -2.007
21.982 -8.082 -7.579
20.752 -3.550 -12.189
4.987 -1.963 14.923
3.893 -4.465 13.882
4.105 -6.007 16.217
41.240 9.692 -4.711
35.283 11.238 -2.807
28.323 10.687 -2.633
23.105 6.579 -2.743
20.957 2.089 0.238
18.382 7.403 1.918
12.568 10.951 3.049
8.424 13.071 7.770
5.320 13.767 13.865
7.550 14.642 20.382
12.227 15.412 25.286
18.208 18.604 26.072
24.135 20.736 23.430
27.101 25.520 19.862
26.246 31.412 16.868
8.478 31.911 19.955
10.941 30.830 13.724
15.185 27.858 9.579
20.434 23.186 9.384
24.777 19.211 12.509
25.088 14.033 16.869
22.302 8.956 20.188
18.036 4.373 19.837
12.474 1.009 18.141
37.396 -2.801 7.340
34.750 -6.562 2.824
31.540 -7.215 -2.863
28.737 -4.556 -8.226
28.068 0.509 -12.513
9.306 -3.274 11.484
8.524 -6.062 11.156
8.977 -7.288 13.687
37.032 -0.433 -5.440
32.666 4.159 -3.442
26.220 6.632 -3.860
20.759 5.346 -1.084
16.694 0.660 2.185
12.643 6.092 -0.149
9.716 10.971 3.391
6.508 13.360 8.984
4.277 14.389 15.200
7.027 15.047 21.597
12.199 15.121 25.965
18.367 17.350 26.433
23.841 20.555 24.294
27.807 23.641 20.045
27.634 29.191 16.230
9.566 30.398 17.149
12.493 28.761 11.431
17.023 25.085 8.369
20.974 19.514 8.946
24.194 14.850 12.332
23.520 10.179 17.113
19.874 6.346 21.193
14.391 2.849 21.080
8.377 1.494 18.384
29.917 -8.935 8.148
26.481 -11.610 3.559
22.970 -11.209 -2.025
21.022 -7.958 -7.362
21.349 -2.936 -12.112
4.987 -2.071 15.012
3.827 -4.563 13.935
4.051 -6.070 16.323
79.776 14.423 47.459
74.330 16.963 49.583
67.180 16.779 49.902
61.685 13.193 49.790
59.604 8.996 54.437
56.864 14.428 52.146
51.511 18.823 53.843
46.973 20.076 58.293
43.355 20.401 64.040
45.046 21.078 70.743
49.463 21.487 75.931
55.399 24.420 77.397
61.354 26.709 75.294
65.072 30.854 71.637
64.983 37.152 69.593
46.609 37.933 70.220
49.403 37.108 64.571
54.242 34.164 60.669
59.198 29.239 60.848
62.932 24.859 64.210
62.649 19.841 68.610
59.587 14.842 71.773
55.251 10.457 70.866
49.975 7.297 68.158
74.862 2.925 59.979
72.396 -0.812 55.260
69.309 -1.150 49.396
66.507 1.795 44.131
65.831 6.869 39.810
23.084 22.006 37.199
20.373 23.791 31.953
17.800 22.142 25.536
16.424 17.527 21.054
12.322 12.087 21.131
13.409 15.869 15.461
9.030 20.011 12.404
2.784 21.681 10.309
-3.767 22.366 9.210
-9.252 23.817 13.167
-12.419 25.051 19.041
-11.417 27.870 25.102
-7.294 30.400 29.753
-2.841 35.047 31.192
-0.231 41.061 29.438
-7.228 40.710 13.086
-1.112 38.826 13.838
4.112 36.137 16.933
5.473 31.655 22.246
3.581 27.822 27.381
-1.086 23.181 28.958
-5.467 18.493 27.452
-6.451 13.779 23.165
-5.772 10.869 17.272
15.519 5.345 34.716
19.885 4.644 29.875
23.939 7.173 25.439
27.401 12.343 22.536
-2.692 6.597 14.092
-1.960 3.853 13.216
-4.303 2.660 14.459
9.601 10.869 44.020
11.599 9.336 38.674
26.094 -4.728 4.459
22.944 -3.696 -1.218
21.285 0.313 -6.192
22.662 5.728 -9.898
11.183 34.886 16.331
14.157 33.277 11.148
19.197 29.733 8.032
22.725 24.327 9.897
24.633 19.662 14.488
23.511 16.285 20.192
18.917 12.508 23.022
13.366 9.826 23.080
8.031 8.060 19.996
7.878 8.242 19.874
4.163 6.369 16.613
38.550 7.534 4.751
36.345 8.979 1.039
32.104 12.622 0.913
25.634 14.056 0.855
19.592 11.972 0.543
16.441 7.350 4.235
12.834 12.789 1.391
9.868 17.799 4.793
6.755 20.229 10.328
4.251 21.402 16.393
6.886 22.181 22.766
12.075 23.373 26.866
18.612 24.715 27.354
24.538 26.630 24.890
28.962 28.994 20.582
29.200 34.429 16.631
33.169 -4.522 13.850
29.896 -2.352 9.565
3.366 0.109 17.547
3.441 1.971 15.344
40.101 5.923 -6.118
39.967 4.963 -8.826
41.433 2.461 -9.282
4.600 4.743 16.275
3.352 2.300 15.110
3.528 0.883 17.644
26.115 -4.970 3.231
22.541 -4.425 -2.285
20.000 -1.070 -7.311
20.651 3.496 -12.240
9.710 37.075 17.221
12.564 35.244 11.613
16.913 31.287 8.596
21.557 26.266 9.013
24.357 21.324 12.518
23.205 16.733 17.240
19.527 13.014 21.431
13.831 9.734 21.388
8.432 8.102 18.977
8.287 8.255 18.718
4.971 5.882 15.425
37.159 1.658 -3.929
36.359 7.240 -5.172
31.689 11.565 -3.401
25.229 13.544 -2.908
19.346 11.571 -1.318
16.339 7.344 2.880
12.597 12.690 0.075
9.640 17.761 3.516
6.504 20.172 9.119
4.166 21.200 15.399
6.998 21.877 21.719
12.267 21.912 26.029
18.511 24.088 26.595
23.948 27.365 24.325
27.951 30.708 20.067
27.740 36.058 16.078
33.992 -2.637 12.117
30.162 -2.044 7.880
4.055 0.110 16.384
3.824 1.928 14.145
4.898 4.482 15.159
3.632 1.909 14.088
3.975 0.750 16.632
39.228 6.717 3.891
37.201 4.591 3.696
38.266 2.903 5.915
26.279 -4.899 3.210
22.766 -4.533 -2.218
20.878 -1.852 -7.646
20.336 3.155 -12.420
9.617 36.477 17.353
12.407 34.567 11.794
17.086 31.178 8.493
21.552 26.058 8.997
24.482 21.149 12.673
23.275 16.635 17.450
19.513 12.974 21.480
13.856 9.690 21.363
8.389 8.070 19.037
8.244 8.192 18.926
4.888 5.917 15.554
39.154 0.750 -3.473
36.651 6.496 -5.998
31.575 11.563 -3.708
24.881 13.755 -3.881
19.189 11.549 -1.170
16.215 7.153 2.842
12.661 12.767 0.202
9.674 17.795 3.668
6.578 20.230 9.214
4.283 21.259 15.476
7.068 21.910 21.832
12.214 22.044 26.116
18.499 24.065 26.654
24.050 27.094 24.457
28.127 30.448 20.180
27.868 35.855 16.381
33.641 -2.458 12.303
30.218 -1.915 7.958
-11.605 7.068 4.079
-13.266 4.682 4.665
-15.315 4.470 2.571
3.999 0.412 16.571
3.770 2.070 14.210
4.949 4.448 15.161
3.666 2.017 14.128
4.163 -0.261 15.970
