41.113 26.544 60.927
36.172 32.099 59.148
33.872 36.472 54.343
33.130 37.692 47.877
32.058 34.857 42.025
28.486 30.321 38.748
26.761 24.001 37.078
21.752 28.414 38.099
14.170 30.123 37.851
9.560 31.369 42.646
7.590 35.190 47.610
8.012 40.511 51.576
10.291 46.875 52.926
11.712 52.128 49.955
9.122 46.638 33.697
15.576 46.845 35.892
19.717 47.456 40.884
22.421 45.864 47.695
21.979 40.439 51.938
19.535 35.037 54.746
17.616 29.585 53.915
21.694 23.230 55.007
26.428 19.760 52.591
32.320 18.684 49.418
36.699 20.029 44.076
39.749 25.336 41.855
43.052 31.235 42.911
45.285 35.910 46.866
40.534 16.960 -3.811
34.244 18.508 -2.559
27.302 17.656 -2.789
22.294 13.471 -2.093
20.197 10.152 2.478
17.826 16.513 0.503
12.787 19.947 3.493
8.302 21.210 8.401
5.257 21.167 14.489
7.553 21.962 20.910
12.650 22.812 25.419
18.682 25.942 25.817
24.490 28.322 23.199
27.366 32.929 19.274
25.939 39.175 17.164
8.466 38.194 19.594
10.823 36.789 13.638
15.571 34.933 9.107
20.440 30.097 9.128
24.645 25.809 12.009
24.909 20.948 16.610
22.188 16.048 20.431
17.720 11.494 20.104
12.241 8.610 18.166
10.624 5.971 11.758
37.185 4.299 7.999
34.855 0.527 3.191
31.600 -0.246 -2.444
28.460 2.428 -7.734
28.450 7.611 -12.216
8.250 0.386 14.648
40.565 17.043 -4.357
34.559 18.624 -2.934
27.395 18.034 -2.744
22.239 14.102 -1.936
20.235 10.862 2.500
17.551 16.783 0.250
12.683 20.544 3.356
8.403 21.682 8.273
5.317 21.629 14.262
7.731 22.311 20.658
12.757 22.932 25.306
18.588 26.147 25.957
24.500 28.731 23.447
27.318 33.350 19.800
26.266 39.559 17.465
8.674 38.628 19.762
10.742 37.114 13.798
15.469 35.337 9.304
20.744 30.595 9.219
24.970 26.478 12.358
25.162 21.481 16.503
22.528 16.488 20.007
18.139 11.884 19.739
12.569 8.802 17.476
10.832 6.298 10.972
37.178 4.623 7.514
34.644 0.893 2.934
31.194 0.263 -2.733
27.873 2.957 -7.836
28.076 7.901 -12.462
8.379 0.788 13.986
37.473 4.400 7.432
34.775 0.644 2.837
31.325 -0.022 -2.749
28.349 2.697 -8.036
28.154 7.616 -12.572
8.661 38.607 19.895
11.087 37.347 13.844
15.475 34.854 9.573
20.735 30.185 9.274
25.021 26.006 12.278
25.374 20.815 16.515
22.716 15.959 20.254
18.366 11.316 20.007
12.971 8.004 18.098
40.962 16.729 -4.780
34.803 18.411 -2.809
27.890 17.742 -2.568
22.782 13.713 -2.311
21.276 8.849 1.863
17.803 15.080 1.176
12.656 18.704 3.547
8.421 20.313 8.071
5.648 21.039 14.275
8.016 21.788 20.681
12.920 22.397 25.432
18.954 25.546 26.071
24.744 27.750 23.251
27.574 32.519 19.400
26.367 38.811 17.567
-1.322 20.526 10.805
-2.757 15.562 6.687
-4.284 12.437 0.833
-0.938 10.286 -4.629
4.754 9.686 -8.026
11.221 8.815 -7.387
17.324 9.288 -4.266
19.389 6.131 1.534
18.443 2.635 7.100
15.671 -2.240 10.437
13.283 -8.244 11.183
11.929 -7.620 -7.221
6.172 -8.048 -3.435
3.257 -5.768 2.074
4.381 -0.980 7.072
7.973 3.714 10.184
12.010 9.106 9.576
15.586 13.717 5.763
14.119 18.014 0.870
10.475 21.108 -3.654
5.423 21.308 -8.404
-1.327 21.977 -8.164
-18.536 3.653 -27.831
-19.240 5.315 -20.669
-17.133 2.468 -15.343
-12.777 4.365 -11.937
-8.233 -0.558 -9.496
-2.078 -1.574 -10.054
4.467 -0.634 -12.624
8.510 4.132 -15.180
-3.727 18.343 -9.762
-4.078 16.859 -16.538
-2.717 13.165 -21.763
-0.644 7.967 -24.992
0.288 1.691 -25.901
-2.133 -4.347 -23.209
-5.472 -8.466 -21.727
-11.622 -11.713 -21.352
-18.660 -11.306 -22.103
36.753 7.762 -5.592
31.845 11.786 -3.811
25.160 13.575 -4.240
19.341 11.638 -1.879
16.396 8.094 2.704
12.677 13.408 -0.275
9.714 18.392 3.447
6.718 20.692 8.958
4.219 21.833 15.263
7.032 22.287 21.591
12.256 22.386 25.957
18.327 24.578 26.635
23.820 27.634 24.847
27.832 30.822 20.203
27.570 36.570 16.685
9.552 37.136 17.730
12.460 35.868 11.976
17.200 32.207 8.651
21.049 26.655 9.133
24.268 21.951 12.319
23.506 17.299 16.947
19.827 13.462 21.002
14.308 10.082 20.971
8.408 8.467 18.580
30.266 -2.021 8.111
26.614 -4.683 3.508
23.120 -4.485 -2.161
21.197 -1.675 -7.642
21.026 3.147 -12.555
5.056 5.076 14.616
3.859 2.784 13.622
4.065 1.253 16.331
72.925 0.663 -206.648
78.836 1.257 -208.026
84.483 -1.403 -207.244
90.049 -1.559 -205.411
94.241 0.712 -201.666
98.345 4.651 -198.753
101.385 5.193 -192.365
98.563 7.137 -187.658
92.962 9.286 -183.559
86.127 9.663 -183.328
81.655 5.133 -181.424
80.830 -1.342 -182.505
99.492 -5.389 -177.643
96.874 -8.065 -183.098
92.469 -8.552 -187.909
88.018 -5.832 -191.518
82.596 -1.554 -193.055
81.688 5.060 -193.720
84.148 10.604 -194.541
87.289 16.160 -195.005
88.384 18.236 -201.294
92.510 16.018 -205.812
95.117 12.327 -210.613
94.623 6.051 -212.565
-2.305 4.068 15.740
0.267 -1.603 16.206
5.241 -5.223 15.632
8.860 -10.874 14.936
8.701 -16.394 11.289
6.707 -19.668 7.087
7.712 -22.691 0.632
4.183 -21.195 -4.375
-0.193 -17.871 -8.049
-3.746 -11.780 -8.838
-1.996 -5.299 -10.050
3.332 -1.617 -8.907
16.087 -15.786 -13.978
16.966 -12.083 -8.439
14.895 -7.813 -3.806
10.053 -4.403 -0.596
4.438 -2.770 1.245
-1.525 -5.306 2.559
-5.004 -10.240 3.307
-7.711 -15.346 4.398
-8.533 -19.366 7.863
-5.355 -20.650 12.268
-1.736 -21.334 18.084
3.239 -17.870 20.742
-7.655 49.787 -8.148
-10.057 45.895 -2.821
-9.351 40.992 1.472
-5.738 37.930 5.954
-1.831 37.975 11.033
3.754 40.704 13.472
7.097 39.859 19.431
5.928 43.373 23.981
2.153 48.243 27.526
-4.151 49.913 28.756
-10.418 48.139 30.226
-14.719 43.271 31.567
0.767 32.632 34.725
-2.595 30.841 29.206
-6.641 31.193 24.272
-9.446 35.344 20.468
-11.831 41.299 18.765
-10.200 48.063 18.635
-5.481 52.325 17.584
-3.918 55.270 12.360
2.141 54.390 9.671
6.085 51.180 6.087
8.409 44.837 4.017
5.409 39.310 1.140
36.409 8.116 -5.549
31.603 11.941 -4.022
24.854 13.926 -3.908
18.979 11.552 -1.744
16.161 7.923 2.818
12.558 13.126 -0.211
9.680 18.102 3.416
6.794 20.489 9.065
4.407 21.479 15.419
7.054 22.058 21.683
12.320 22.316 26.141
18.386 24.381 26.560
24.011 27.471 24.635
27.860 30.734 20.320
27.696 36.303 16.490
9.638 36.075 17.848
12.135 34.498 12.096
17.088 31.765 8.461
21.222 26.407 9.014
24.413 21.701 12.523
23.664 17.306 17.361
19.833 13.337 21.263
14.280 9.950 21.104
8.273 8.514 18.784
30.174 -1.778 7.780
26.638 -4.556 3.316
23.162 -4.203 -2.206
21.174 -1.588 -7.694
20.655 3.040 -12.732
5.188 5.440 14.944
4.116 2.756 13.879
4.000 1.277 16.169
3.424 -4.783 16.710
0.830 0.924 17.661
-4.092 4.731 16.846
-3.939 4.517 16.691
-7.778 9.961 15.667
-6.767 9.307 14.527
-7.248 14.276 10.866
-5.852 19.962 7.803
-7.011 22.877 1.187
-3.850 21.503 -3.863
1.106 17.828 -7.943
4.581 12.112 -8.755
2.981 5.925 -10.894
-2.058 1.769 -9.617
-15.464 15.906 -14.171
-16.357 12.024 -8.548
-13.723 7.980 -3.761
-8.439 3.970 -1.176
-1.899 2.914 -0.891
-2.723 3.193 0.597
3.457 5.762 2.112
6.296 11.321 1.145
9.448 16.187 4.176
10.938 18.334 10.719
6.783 20.740 15.449
2.177 21.057 20.298
-2.741 17.351 22.682
22.062 0.796 30.058
19.586 -2.778 25.108
17.145 -3.188 19.220
15.229 -0.562 13.229
14.275 4.902 9.022
-4.051 36.346 45.248
-1.152 36.130 38.960
2.974 33.154 34.865
8.968 29.553 34.179
11.663 24.152 36.421
10.605 18.213 39.298
7.392 13.426 42.277
2.880 9.257 42.026
-2.171 5.852 39.006
27.964 9.005 19.507
23.229 13.831 18.850
16.735 14.276 19.517
10.105 11.998 19.107
6.610 8.086 22.528
4.632 14.781 23.030
-0.251 17.084 25.183
-5.273 18.250 28.953
-8.693 19.128 34.966
-6.930 19.759 41.781
-2.733 20.339 46.960
3.147 22.082 49.290
8.789 25.290 48.866
13.800 28.696 45.428
14.024 34.905 42.948
-4.060 2.763 34.193
-4.670 -0.364 33.269
-4.476 -1.641 35.566
36.458 7.911 -4.793
31.723 12.007 -3.544
24.919 13.939 -3.283
18.694 11.249 -1.985
16.194 7.852 3.020
12.586 13.110 -0.035
9.701 18.052 3.509
6.662 20.684 9.087
4.287 21.561 15.436
6.998 22.338 21.888
12.150 22.629 26.024
18.097 24.943 26.598
23.769 27.895 24.194
27.652 30.958 20.031
27.215 36.501 16.400
9.164 36.159 16.973
11.767 34.043 11.957
16.575 31.371 8.299
21.477 26.333 8.948
24.222 21.583 12.710
23.384 17.291 17.490
19.604 13.285 21.492
14.031 10.093 21.377
8.134 8.714 18.890
30.149 -2.027 8.325
26.715 -4.417 3.574
23.199 -4.319 -2.041
20.842 -1.165 -7.247
20.649 3.261 -12.133
4.993 5.699 15.010
3.842 2.914 13.932
3.582 1.118 16.550
-17.215 -1.791 -31.710
-12.888 1.654 -29.632
-7.364 1.840 -33.627
-1.001 2.876 -32.674
5.540 0.617 -31.527
10.689 -2.984 -29.186
13.243 -8.293 -26.709
13.705 -14.825 -25.874
12.940 -20.844 -26.809
11.550 -26.123 -30.380
14.253 -12.620 -43.243
7.404 -13.792 -43.562
2.098 -16.318 -40.515
-1.295 -19.239 -35.275
-0.904 -19.286 -28.674
1.062 -16.677 -22.833
2.367 -11.723 -18.988
1.944 -5.326 -17.783
0.451 1.512 -17.085
-0.763 3.813 -15.617
-0.308 2.977 -13.038
34.423 0.523 11.954
34.436 0.585 12.003
34.097 6.375 9.035
34.074 6.417 8.991
35.673 8.448 3.180
38.896 8.280 -2.844
42.253 4.571 -6.377
44.044 -1.656 -9.456
45.732 -7.944 -10.020
43.345 -14.125 -9.233
39.977 -19.354 -6.654
33.781 -21.451 -5.977
29.218 -6.962 -17.750
24.857 -6.612 -12.449
25.754 -7.968 -5.661
28.359 -10.884 -0.306
33.975 -12.336 3.171
40.682 -13.178 3.939
46.200 -9.704 4.292
46.235 -9.720 4.284
49.995 -4.988 2.634
49.671 -4.505 3.598
52.097 2.043 4.430
53.655 4.122 5.779
55.840 2.674 6.771
28.337 4.248 12.582
34.802 3.635 14.644
36.053 4.021 8.866
35.991 8.724 3.815
39.097 8.384 -2.162
42.641 4.808 -5.894
44.348 -1.548 -8.523
46.177 -7.894 -9.458
43.971 -14.181 -8.384
40.101 -19.188 -6.144
33.943 -21.389 -5.058
29.536 -7.154 -16.991
25.230 -6.745 -11.797
26.067 -7.844 -5.126
28.569 -10.456 0.387
34.309 -11.791 3.329
40.767 -13.326 4.554
46.117 -9.852 4.946
49.761 -4.930 5.379
-0.370 25.210 -21.711
1.027 23.262 -15.814
1.076 18.304 -10.354
0.411 11.892 -8.709
1.823 6.039 -10.884
2.847 0.736 -15.270
7.489 1.373 -10.623
13.602 -2.495 -8.102
19.841 -1.282 -6.355
25.487 2.630 -6.031
28.433 7.587 -2.905
12.421 11.619 4.929
14.564 15.677 0.128
17.295 16.623 -5.886
20.218 14.734 -11.865
18.967 10.473 -16.667
14.020 14.025 -20.918
9.610 12.413 -25.432
3.385 9.051 -26.347
-1.559 6.200 -23.057
-6.623 7.572 -19.358
-10.912 11.871 -15.471
59.979 2.764 13.084
64.249 -1.011 11.451
64.976 -6.798 9.479
63.404 -9.203 3.849
60.003 -8.797 -2.169
56.933 -4.467 -5.895
54.087 1.294 -8.664
52.658 7.537 -9.125
55.018 13.776 -8.407
58.517 18.976 -6.063
64.708 21.289 -5.023
68.863 6.992 -17.160
72.882 6.351 -11.964
72.506 7.660 -4.990
70.298 10.634 0.664
64.413 12.128 3.610
57.837 13.160 4.375
52.391 9.590 4.929
48.761 4.524 2.089
49.125 3.832 4.238
47.114 -1.926 5.013
45.681 -4.031 6.373
43.485 -2.472 7.384
-9.467 -3.410 32.053
-12.946 0.010 27.930
-17.273 0.384 23.110
-21.938 -2.144 19.110
-25.113 -7.726 16.445
14.638 -38.392 14.432
8.011 -37.369 14.151
2.784 -34.333 16.087
-0.787 -30.817 21.334
0.216 -25.874 25.113
3.605 -20.286 26.040
7.890 -15.623 24.079
9.302 -11.259 19.396
8.479 -8.895 13.384
-21.345 -11.446 33.421
-19.919 -16.572 29.164
-17.097 -17.306 23.140
-14.944 -14.829 17.268
-11.846 -10.114 15.071
-10.296 -14.427 10.351
-5.549 -18.746 8.195
1.085 -20.265 6.545
7.590 -21.131 6.322
13.057 -22.181 10.675
15.872 -22.686 16.747
15.443 -24.096 23.070
12.845 -27.529 28.106
7.485 -30.840 30.952
4.990 -36.986 30.040
5.766 -5.328 9.910
4.972 -2.551 9.100
6.997 -1.019 9.907
40.066 12.988 -6.257
34.604 16.079 -6.318
27.443 17.017 -6.289
21.838 13.648 -6.830
18.466 10.245 -3.719
17.191 16.868 -1.516
11.281 20.110 -0.247
6.833 21.700 4.224
2.822 21.123 9.897
4.732 21.716 16.610
8.644 22.082 21.926
14.724 23.503 24.303
19.937 26.762 24.453
25.516 30.394 21.237
25.674 36.468 18.987
7.692 38.137 21.013
10.257 37.749 14.919
14.473 35.111 10.668
20.210 31.548 9.269
23.465 26.280 11.920
22.442 20.115 14.447
18.955 15.232 16.932
14.404 11.120 16.399
9.272 8.086 13.142
33.158 2.439 4.164
30.696 -0.917 -0.787
27.902 -1.063 -6.757
26.450 1.752 -12.459
26.021 7.373 -16.538
6.793 4.583 8.645
6.198 1.626 7.757
6.336 0.154 10.056
356.743 -40.075 407.596
351.684 -44.230 409.173
350.237 -50.860 410.689
350.790 -56.716 411.809
354.942 -61.947 413.168
360.139 -63.932 416.887
365.048 -62.923 421.368
366.833 -58.920 426.745
366.234 -54.962 431.152
362.424 -51.517 435.690
357.691 -51.294 439.690
353.045 -50.945 444.113
349.368 -55.342 448.384
348.417 -61.698 451.070
349.787 -68.426 451.484
354.948 -72.729 451.893
360.767 -74.693 452.992
367.390 -73.543 455.129
371.063 -69.063 458.790
371.360 -65.251 463.872
368.778 -62.273 469.318
363.780 -61.175 473.957
358.409 -64.193 476.989
357.340 -69.306 480.318
357.071 -76.051 482.102
360.632 -81.728 482.819
366.189 -83.293 486.202
374.479 -67.114 486.363
376.357 -71.449 481.524
374.803 -76.172 477.106
370.654 -79.089 473.194
364.816 -79.692 469.858
358.057 -78.006 469.169
354.231 -72.834 468.030
353.621 -66.403 466.359
355.988 -60.159 465.126
360.250 -57.824 460.723
364.909 -57.432 456.502
368.000 -60.118 450.787
365.866 -64.235 445.560
362.512 -68.091 442.048
356.854 -69.008 439.335
350.132 -69.546 438.950
352.275 -65.904 433.747
348.071 -61.097 429.929
348.506 -54.807 428.040
351.921 -49.015 426.475
357.393 -46.722 423.855
363.738 -46.551 421.634
367.371 -49.912 416.958
368.794 -55.311 412.833
365.603 -58.773 408.012
360.506 -58.826 403.684
354.871 -56.288 400.531
36.773 8.589 -5.482
31.827 12.498 -3.667
25.176 14.508 -3.769
19.257 12.136 -1.723
16.277 8.055 2.578
12.507 13.458 -0.052
9.621 18.436 3.494
6.641 20.827 9.097
4.218 21.921 15.389
7.120 22.602 21.690
12.413 22.593 25.846
18.646 24.761 26.429
23.995 27.923 24.212
27.978 31.068 19.671
27.842 36.676 16.030
9.763 37.329 17.379
12.511 35.689 11.699
16.899 32.130 8.309
21.364 26.992 8.866
24.504 22.206 12.549
23.450 17.491 17.180
19.696 13.859 21.275
14.085 10.504 21.152
8.507 8.682 19.003
5.086 6.434 15.289
29.703 -1.328 7.764
26.180 -4.129 3.309
22.521 -3.704 -2.198
20.386 -0.485 -7.438
20.665 4.205 -12.276
3.981 0.423 15.848
4.020 2.602 14.031
-18.480 -14.926 38.212
-14.554 -17.217 33.700
-11.972 -17.112 27.000
-10.409 -13.384 21.693
-5.464 -9.218 20.912
-6.233 -15.365 18.005
-2.714 -19.543 14.019
2.892 -20.620 10.730
9.613 -20.950 9.431
15.314 -21.494 13.401
18.700 -21.899 19.271
18.158 -24.662 25.326
14.468 -27.196 30.272
9.787 -31.125 32.884
7.475 -37.220 32.349
14.244 -38.598 15.138
8.076 -37.302 15.774
2.937 -34.388 18.730
1.188 -29.670 23.711
3.111 -25.129 28.352
7.399 -20.066 29.340
11.309 -15.118 27.225
11.980 -10.724 22.734
11.112 -7.772 16.977
6.980 -6.937 11.805
-5.059 -3.242 37.654
-8.785 0.572 33.854
-13.220 0.962 28.949
-17.408 -1.744 24.950
-21.100 -7.051 22.009
40.667 9.289 -4.932
34.631 11.342 -3.236
27.692 10.572 -2.707
22.559 6.630 -2.012
20.604 3.532 2.877
17.572 9.212 0.290
12.482 12.710 3.054
8.564 14.103 8.273
5.550 14.120 14.377
7.930 14.685 20.819
12.877 15.270 25.485
18.841 18.391 26.066
24.596 20.881 23.536
27.541 25.243 19.673
26.738 31.319 16.692
9.261 31.887 19.936
11.418 31.013 13.923
15.637 28.008 9.638
20.681 23.185 9.393
25.078 19.114 12.421
25.385 13.988 16.715
22.683 8.966 20.244
18.301 4.267 19.713
12.864 1.328 17.571
37.445 -2.795 7.246
34.722 -6.517 2.781
31.391 -7.211 -2.815
27.964 -4.479 -7.974
27.338 0.430 -12.258
40.500 17.125 -4.649
34.384 18.823 -2.969
27.411 18.129 -2.459
22.234 13.937 -1.953
20.382 10.137 2.702
17.737 16.428 0.609
12.612 20.222 3.218
8.582 21.432 8.363
5.654 21.475 14.457
8.092 22.244 20.877
13.040 22.951 25.501
18.926 26.152 26.121
24.937 28.201 23.375
27.820 33.028 19.612
26.757 39.139 16.941
9.126 38.654 20.025
11.177 37.436 14.009
15.850 35.403 9.412
20.988 30.528 9.308
25.239 26.367 12.373
25.565 21.474 16.855
22.830 16.434 20.328
18.476 11.831 19.936
13.046 8.674 17.826
34.805 0.943 2.717
31.248 0.233 -2.871
27.862 2.885 -7.952
27.415 7.948 -12.435
40.911 16.939 -4.526
34.826 18.654 -2.755
27.821 17.932 -2.414
22.605 13.801 -2.269
20.787 10.158 2.526
16.863 15.464 0.161
16.786 15.457 0.233
11.791 18.641 3.137
11.071 17.632 2.611
8.101 20.629 8.201
5.303 20.975 14.380
7.841 21.782 20.814
12.835 22.540 25.458
18.671 25.697 26.077
24.541 28.141 23.446
27.623 32.631 19.430
26.627 38.332 16.092
8.913 38.320 19.965
10.874 37.323 13.930
15.367 34.918 9.330
20.610 30.184 9.160
24.892 25.976 12.150
25.240 20.980 16.567
22.461 16.106 20.319
18.134 11.501 20.038
12.752 8.032 18.202
34.833 0.723 2.823
31.407 0.054 -2.788
28.179 2.792 -7.934
27.838 7.765 -12.493
9.592 3.496 12.038
8.911 0.775 11.510
9.362 -0.111 14.144
40.882 9.735 -4.870
34.766 11.325 -2.875
27.706 10.621 -2.510
22.494 6.593 -2.361
20.564 2.696 1.648
17.325 8.200 0.444
12.260 11.646 2.959
8.638 13.785 7.957
5.410 14.127 14.126
7.603 14.840 20.513
12.738 15.406 25.271
18.623 18.517 25.965
24.354 21.025 23.455
27.398 25.812 19.731
26.457 31.710 17.107
8.587 31.676 19.867
11.003 31.012 13.598
15.364 27.921 9.586
20.503 23.455 9.335
24.950 19.314 12.477
25.231 14.197 16.728
22.561 9.071 20.042
18.228 4.488 19.747
12.750 1.216 17.859
37.353 -2.811 7.297
34.663 -6.513 2.707
31.149 -7.153 -2.885
28.408 -4.470 -8.301
27.919 0.562 -12.435
9.876 -3.505 11.491
8.885 -6.043 11.005
9.504 -7.147 13.575
11.103 -0.194 -5.060
6.709 4.219 -3.225
0.292 7.232 -3.682
-5.408 5.535 -0.385
-8.893 0.248 2.559
-12.752 5.824 0.175
-15.911 10.662 3.559
-18.954 13.139 9.096
-21.279 14.257 15.304
-18.536 14.893 21.667
-13.246 15.095 25.945
-6.878 16.920 26.199
-1.373 19.915 23.732
2.422 22.986 19.284
2.447 28.867 16.017
-15.718 30.085 17.135
-12.887 28.769 11.255
-8.338 24.986 8.178
-4.415 19.325 8.677
-1.279 14.495 12.194
-2.066 10.052 17.247
-5.647 6.228 21.326
-11.158 2.691 21.298
-17.221 1.286 18.708
4.465 -8.713 8.324
1.017 -11.420 3.653
-2.421 -10.969 -1.917
-4.284 -7.862 -7.216
-5.014 -2.893 -12.032
-20.593 -2.427 15.260
-21.677 -4.789 14.178
-21.560 -6.258 16.617
-15.285 -17.740 38.049
-12.083 -19.515 32.632
-10.265 -18.700 25.863
-8.316 -14.903 20.830
-3.390 -11.271 20.269
-4.668 -17.380 17.068
-0.325 -21.015 13.263
5.290 -22.356 10.245
12.023 -22.364 9.012
17.486 -23.252 13.119
20.813 -23.897 19.104
19.911 -26.557 25.174
15.954 -29.357 29.896
11.468 -33.908 31.853
9.796 -40.093 30.191
16.733 -39.370 13.846
10.315 -38.323 14.427
4.930 -36.161 17.755
3.227 -31.443 22.584
5.155 -27.347 27.818
9.205 -22.267 28.909
13.056 -17.258 27.035
13.944 -12.740 22.817
13.415 -9.341 16.950
8.273 -6.985 13.462
-3.480 -5.730 37.415
-6.895 -1.673 33.746
-11.446 -0.998 28.837
-15.546 -3.962 24.548
-19.918 -8.893 23.390
-4.992 -5.735 43.376
-7.701 -6.115 42.482
38.761 27.045 18.797
36.953 20.905 19.876
32.249 17.718 23.274
27.319 17.863 27.783
22.988 21.297 31.781
18.895 26.226 33.099
15.319 32.042 30.608
12.339 35.512 25.644
11.161 35.511 18.546
12.490 32.212 11.943
11.792 26.408 9.144
8.453 20.787 7.892
3.328 17.678 8.954
-2.614 15.969 11.885
-7.994 18.632 15.008
-10.783 24.156 16.094
-12.795 24.563 1.885
-6.427 26.728 -1.032
-2.559 31.970 2.210
-2.875 35.050 8.407
-4.525 33.790 15.399
-3.082 30.591 20.398
1.552 25.336 24.583
4.668 20.233 24.337
9.893 17.465 21.108
14.576 18.409 15.884
18.733 22.420 14.250
22.162 28.588 14.179
23.552 34.368 17.223
24.481 37.839 23.139
26.286 36.618 29.622
28.337 32.299 34.614
31.337 26.566 36.764
41.215 9.579 -5.130
35.242 11.392 -2.877
28.379 10.752 -2.610
23.086 6.728 -2.503
20.970 1.943 0.459
17.404 7.463 1.010
12.623 11.096 2.965
8.713 13.518 7.872
5.480 13.951 13.995
7.693 14.683 20.466
12.500 15.447 25.306
18.366 18.752 26.037
24.360 20.768 23.384
27.294 25.648 19.778
26.423 31.685 16.983
8.621 32.058 19.922
11.088 31.143 13.753
15.364 28.098 9.584
20.594 23.399 9.424
25.002 19.434 12.596
25.235 14.219 16.789
22.543 9.081 20.169
18.226 4.460 19.712
12.766 1.112 17.896
37.484 -2.775 7.354
34.848 -6.493 2.713
31.463 -7.096 -2.901
28.509 -4.338 -8.208
27.744 0.542 -12.556
9.530 -3.184 11.286
8.877 -5.912 10.755
9.313 -7.014 13.358
40.680 9.562 -4.677
34.554 11.376 -2.979
27.560 10.619 -2.592
22.322 6.587 -1.910
20.320 3.144 2.735
17.698 9.198 0.573
13.078 13.208 3.707
8.510 14.230 8.326
5.611 14.171 14.345
7.979 14.850 20.852
12.880 15.543 25.526
18.894 18.722 26.029
24.795 20.960 23.298
27.513 25.727 19.719
26.420 31.808 17.129
8.724 31.312 19.853
11.147 30.255 13.602
15.477 27.709 9.471
20.748 23.152 9.275
25.091 19.019 12.271
25.403 13.975 16.702
22.724 9.045 20.319
18.345 4.502 20.014
12.939 1.295 17.853
37.290 -2.637 7.371
34.663 -6.422 2.906
31.178 -7.080 -2.680
27.979 -4.460 -7.904
27.774 0.610 -12.455
9.671 -2.923 11.790
9.249 -5.753 11.319
9.677 -6.880 13.853
36.962 -0.158 -5.594
32.506 4.148 -3.538
26.009 6.912 -3.948
20.568 5.209 -1.113
16.754 0.587 2.443
12.657 5.793 0.091
9.763 10.743 3.573
6.569 13.218 9.065
4.335 14.290 15.388
6.997 14.850 21.768
12.461 15.030 26.044
18.472 16.997 26.171
24.258 19.564 23.644
28.077 22.757 19.100
27.764 28.634 16.260
9.565 29.608 17.355
12.446 28.174 11.455
16.619 24.574 8.467
20.800 19.057 8.927
24.221 14.479 12.436
23.368 10.006 17.414
19.795 6.257 21.176
14.110 2.729 21.314
8.068 1.258 18.803
30.120 -8.866 8.047
26.680 -11.411 3.426
23.323 -11.115 -2.092
21.324 -8.222 -7.576
20.796 -2.921 -12.178
4.915 -2.160 15.115
3.896 -4.618 14.118
3.965 -6.163 16.348
40.779 16.515 -5.000
34.662 18.486 -3.041
27.703 17.632 -2.635
22.417 13.716 -2.111
20.492 10.412 2.640
17.458 16.437 0.258
12.439 19.947 2.981
8.579 21.498 8.260
5.466 21.202 14.358
7.700 21.816 20.802
12.692 22.501 25.425
18.549 25.681 26.095
24.476 27.757 23.221
27.185 32.752 19.633
26.241 38.845 17.016
8.728 38.848 20.050
10.802 38.053 13.776
15.275 35.170 9.588
20.338 30.383 9.360
24.748 26.339 12.461
25.117 21.291 16.780
22.474 16.191 20.269
18.055 11.580 19.799
12.774 8.549 17.784
37.121 4.295 7.267
34.532 0.468 2.737
31.078 -0.158 -2.794
27.847 2.516 -7.979
27.193 7.599 -12.122
40.641 16.429 -4.175
34.484 18.304 -2.568
27.427 17.623 -2.294
22.114 13.615 -2.058
20.168 9.544 2.452
17.453 15.771 0.458
12.601 19.459 3.173
8.356 21.002 7.899
5.233 21.208 13.959
7.494 22.028 20.389
12.482 22.624 25.171
18.439 25.797 25.867
24.261 28.077 23.338
27.066 32.827 19.573
25.815 38.988 17.533
8.280 37.885 19.583
10.575 36.600 13.642
15.471 34.875 9.223
20.582 30.192 9.288
24.945 26.024 12.306
25.152 21.033 16.725
22.282 16.058 20.163
17.818 11.569 19.765
12.613 8.352 17.691
36.680 4.081 7.314
33.960 0.302 2.781
30.634 -0.301 -2.804
27.626 2.676 -8.069
27.601 7.757 -12.425
36.678 8.339 -5.467
31.725 12.112 -3.919
24.958 14.001 -4.093
19.456 12.041 -1.413
16.187 7.721 2.386
12.454 13.049 -0.320
9.709 18.046 3.366
6.868 20.359 8.978
4.356 21.649 15.092
7.119 22.201 21.517
12.314 22.179 25.932
18.542 24.395 26.590
23.954 27.492 24.567
28.087 30.534 19.963
28.123 36.054 16.350
9.976 37.227 17.404
12.514 35.182 11.903
17.172 32.079 8.484
21.317 26.756 9.034
24.465 21.942 12.502
23.417 17.205 17.266
19.897 13.433 21.321
14.398 9.997 21.217
8.447 8.422 18.469
30.082 -1.724 7.897
26.525 -4.481 3.467
23.071 -4.158 -2.093
21.090 -1.357 -7.658
20.456 3.458 -12.432
5.067 5.313 14.768
3.928 2.736 13.795
4.202 1.291 16.279
39.202 17.752 -7.183
34.293 19.588 -4.109
27.385 19.013 -2.187
22.324 15.021 -0.992
21.190 11.494 3.930
18.423 17.893 2.409
14.102 21.392 6.317
10.991 22.701 11.916
9.621 22.675 18.542
13.322 23.372 24.279
19.077 23.915 27.732
25.156 26.820 27.331
30.119 29.840 23.701
32.603 33.189 18.696
31.889 39.261 16.398
14.802 40.276 22.836
15.523 39.090 16.730
18.836 36.409 11.570
23.620 31.458 10.237
28.293 27.151 12.272
29.330 22.066 16.554
27.469 17.247 20.606
22.960 12.802 21.240
17.109 9.766 20.169
38.722 5.665 5.100
35.432 1.872 1.105
30.657 1.236 -3.521
26.574 3.724 -7.891
24.088 8.975 -11.753
12.618 5.567 14.975
11.651 2.800 14.627
12.758 1.592 16.974
226.521 167.013 -12.923
232.873 167.114 -14.354
234.548 167.595 -7.760
233.558 162.489 -3.679
236.502 162.491 2.485
239.277 166.669 6.718
241.286 172.490 9.167
242.874 178.828 9.942
240.356 185.051 8.815
236.965 189.906 5.741
230.759 192.365 5.062
222.139 177.959 11.660
223.008 178.652 4.825
226.147 181.920 -0.294
231.533 184.544 -3.140
238.039 184.369 -4.109
243.435 180.723 -4.476
246.610 175.445 -3.915
249.090 168.756 -4.649
250.667 166.700 -5.947
252.789 168.195 -6.948
29.431 -1.998 9.704
26.351 -4.468 4.681
23.208 -3.688 -1.110
21.696 0.123 -6.322
22.983 5.522 -10.224
11.387 34.869 16.723
14.358 33.299 11.451
19.086 29.530 8.454
22.920 24.247 10.171
25.071 19.629 14.696
23.371 15.990 19.955
18.799 12.468 23.142
13.258 9.739 23.203
7.695 8.065 20.117
36.306 9.339 1.803
32.375 13.219 0.427
25.466 14.080 1.105
19.146 11.797 0.055
16.156 6.399 1.535
12.691 12.259 1.503
9.868 17.308 4.962
6.700 19.960 10.355
4.080 21.167 16.407
6.728 22.066 22.760
11.977 23.187 26.712
18.504 24.296 27.540
24.502 26.342 25.298
28.986 28.844 21.060
29.424 34.225 16.933
4.279 4.557 16.374
3.043 2.066 15.363
3.186 0.569 17.835
40.396 6.279 -6.478
39.994 4.849 -8.855
41.311 2.353 -9.034
29.774 -2.489 9.574
26.587 -4.685 4.571
23.464 -3.799 -1.194
22.538 0.381 -6.513
23.119 6.404 -9.213
10.840 35.090 16.546
13.832 33.352 11.397
18.909 29.824 8.356
22.813 24.686 10.142
24.898 20.101 14.412
23.420 16.263 19.792
18.981 12.407 22.842
13.382 9.601 22.777
7.803 8.001 19.835
38.124 5.648 -0.166
34.524 11.588 0.633
27.860 13.535 0.493
21.074 11.850 -0.290
16.575 7.208 1.311
12.529 12.758 1.116
9.746 17.562 4.768
6.666 20.069 10.136
4.156 21.310 16.246
6.904 22.067 22.587
11.951 22.919 26.849
18.294 24.497 27.528
24.220 26.772 25.170
28.568 29.238 20.808
28.855 34.729 16.931
4.413 4.898 16.101
3.298 2.290 15.008
3.388 0.755 17.475
40.365 9.965 -5.314
34.307 12.022 -4.048
27.746 10.533 -2.564
22.358 6.725 -2.028
20.445 3.117 2.522
17.669 9.124 0.604
12.398 12.901 2.892
8.645 14.653 8.093
5.634 14.208 14.203
7.882 14.813 20.703
12.806 15.529 25.434
18.744 18.751 26.003
24.809 20.663 23.360
27.788 25.389 19.848
26.682 31.815 17.907
9.041 31.737 20.231
11.244 31.387 13.921
15.509 28.303 9.809
20.762 23.552 9.562
25.122 19.342 12.597
25.320 14.223 16.712
22.619 9.157 20.179
18.175 4.504 19.781
12.951 1.493 17.543
37.213 -2.733 7.159
34.669 -6.507 2.583
31.231 -7.170 -2.999
27.952 -4.358 -8.309
26.895 0.874 -12.271
13.966 9.607 -3.830
7.841 11.393 -2.242
0.812 10.709 -2.536
-4.351 6.679 -2.419
-6.751 2.402 0.699
-10.347 7.748 1.753
-15.938 11.089 3.452
-20.017 12.858 8.067
-22.736 13.775 14.361
-20.334 14.739 20.933
-15.327 15.443 25.519
-9.237 18.618 25.776
-3.412 20.857 23.172
-0.734 25.549 19.147
-2.063 31.503 16.860
-19.713 30.885 19.710
-17.550 29.582 13.619
-12.857 27.477 9.174
-7.683 22.978 9.014
-3.258 18.797 12.124
-3.015 13.657 16.445
-5.662 8.876 20.331
-9.976 4.274 20.116
-15.612 1.058 18.314
9.723 -2.768 7.967
7.225 -6.464 3.165
3.952 -7.135 -2.528
1.603 -4.410 -8.062
1.555 0.950 -12.282
-17.795 -3.853 12.708
-19.204 -6.245 12.219
-18.702 -7.757 14.577
36.646 -0.290 -5.479
32.589 4.072 -2.938
26.003 6.813 -3.514
20.539 5.164 -1.469
16.443 1.101 1.805
12.615 5.803 -0.136
9.594 10.956 3.191
6.641 13.349 8.818
4.429 14.420 15.032
7.097 15.018 21.553
12.250 15.051 26.025
18.611 16.835 26.357
24.329 19.150 23.757
27.985 22.719 19.690
27.994 28.724 16.569
9.849 29.495 17.762
12.715 28.454 11.816
17.232 25.075 8.354
21.160 19.265 9.033
24.198 14.562 12.385
23.394 10.058 17.400
19.693 6.188 21.348
14.040 2.754 21.145
8.105 1.574 18.389
30.223 -8.664 8.257
26.913 -11.406 3.648
23.603 -11.110 -2.007
21.982 -8.082 -7.579
20.752 -3.550 -12.189
4.987 -1.963 14.923
3.893 -4.465 13.882
4.105 -6.007 16.217
41.240 9.692 -4.711
35.283 11.238 -2.807
28.323 10.687 -2.633
23.105 6.579 -2.743
20.957 2.089 0.238
18.382 7.403 1.918
12.568 10.951 3.049
8.424 13.071 7.770
5.320 13.767 13.865
7.550 14.642 20.382
12.227 15.412 25.286
18.208 18.604 26.072
24.135 20.736 23.430
27.101 25.520 19.862
26.246 31.412 16.868
8.478 31.911 19.955
10.941 30.830 13.724
15.185 27.858 9.579
20.434 23.186 9.384
24.777 19.211 12.509
25.088 14.033 16.869
22.302 8.956 20.188
18.036 4.373 19.837
12.474 1.009 18.141
37.396 -2.801 7.340
34.750 -6.562 2.824
31.540 -7.215 -2.863
28.737 -4.556 -8.226
28.068 0.509 -12.513
9.306 -3.274 11.484
8.524 -6.062 11.156
8.977 -7.288 13.687
25.590 24.415 -0.576
20.621 20.243 0.793
18.504 14.440 3.093
20.592 8.078 4.539
25.041 3.271 5.250
30.578 1.928 8.555
34.898 3.003 13.486
37.112 6.981 18.664
36.135 12.025 23.032
32.179 14.335 27.556
27.788 14.071 31.756
22.724 14.137 36.329
19.072 9.886 40.524
18.188 3.390 42.776
19.685 -3.182 43.609
24.489 -7.327 43.508
30.605 -9.414 45.738
37.121 -8.118 47.576
40.477 -3.703 51.323
40.416 0.381 56.239
37.639 2.685 61.765
32.460 4.100 65.985
27.573 1.308 69.487
26.026 -4.020 72.680
26.245 -10.579 74.456
29.500 -16.254 75.477
35.069 -18.214 78.290
43.939 -2.287 79.267
45.395 -6.432 74.137
43.901 -10.922 69.810
39.702 -13.473 65.851
33.769 -14.402 62.518
27.149 -12.828 61.676
23.154 -7.454 60.909
22.820 -1.377 58.585
25.259 4.813 57.216
29.250 7.300 52.789
30.049 7.039 52.999
33.931 7.819 48.562
36.260 6.659 50.356
37.579 5.428 43.311
36.026 1.592 37.984
32.377 -2.695 34.440
26.801 -3.510 31.582
20.081 -4.159 31.319
21.895 -1.102 25.973
17.944 4.267 22.127
18.275 10.839 20.828
21.827 16.197 18.820
26.951 18.411 15.610
33.291 18.873 13.424
36.716 15.326 8.799
37.832 10.213 4.725
34.497 6.867 0.093
29.487 5.958 -3.815
24.788 8.099 -7.641
28.820 25.624 -0.311
23.553 22.063 1.302
20.917 15.498 1.777
22.237 9.060 4.479
26.096 3.289 4.835
30.908 1.092 8.832
35.920 2.421 13.525
38.447 6.125 18.522
37.152 10.449 23.227
33.601 13.927 27.553
29.036 13.959 31.488
24.216 14.088 36.132
20.686 9.813 40.132
19.897 3.500 42.815
21.011 -3.130 43.168
26.090 -7.613 42.824
32.267 -9.412 44.640
38.773 -7.937 46.670
42.519 -3.561 50.146
42.793 0.326 55.286
40.092 3.039 60.880
35.082 4.032 65.411
29.928 1.084 68.650
28.681 -4.428 71.756
29.001 -11.076 73.128
32.574 -16.535 74.591
38.318 -17.973 77.559
46.733 -2.137 77.523
48.299 -6.559 72.702
46.388 -11.165 68.441
42.349 -14.281 64.618
36.391 -14.614 61.265
29.752 -12.837 60.521
25.685 -7.548 59.705
25.023 -1.197 58.109
27.385 5.153 56.751
31.363 7.607 51.942
35.970 7.996 47.696
38.952 5.390 42.087
37.323 1.653 36.950
33.605 -3.175 33.610
27.906 -3.772 30.872
21.170 -4.185 30.640
22.989 -0.938 25.373
18.796 4.371 21.731
19.482 10.661 19.915
23.126 16.108 18.132
28.322 18.450 15.773
35.132 18.426 14.175
38.735 15.324 9.436
40.412 9.886 5.381
37.561 6.967 -0.197
31.958 6.670 -4.138
26.877 9.198 -7.435
26.303 24.984 -0.490
21.069 21.176 0.727
18.580 14.863 2.853
20.570 8.481 4.542
24.988 3.217 5.225
30.728 1.718 8.374
35.121 2.927 13.285
37.416 6.755 18.567
36.169 11.581 23.196
32.305 14.228 27.815
27.810 14.166 31.735
22.835 14.205 36.394
19.408 9.790 40.397
18.399 3.364 42.883
19.640 -3.308 43.508
24.583 -7.569 43.378
30.798 -9.513 45.456
37.379 -8.175 47.386
40.871 -3.639 51.114
40.791 0.331 56.151
37.965 2.821 61.568
32.770 4.073 65.821
27.735 1.193 69.269
26.236 -4.210 72.475
26.527 -10.645 74.317
29.837 -16.414 75.228
35.307 -18.254 78.095
44.276 -2.177 78.942
45.829 -6.553 73.891
44.125 -11.076 69.506
40.007 -13.598 65.335
34.093 -14.532 62.214
27.463 -12.919 61.374
23.510 -7.632 60.395
23.097 -1.408 58.306
25.499 4.850 57.064
29.607 7.438 52.743
29.915 7.266 52.653
34.300 7.902 48.403
36.706 6.799 50.323
37.869 5.245 43.121
36.315 1.680 37.687
32.627 -2.841 34.207
26.945 -3.527 31.335
20.202 -4.197 31.191
21.958 -1.070 25.826
17.927 4.322 22.077
18.299 10.936 20.771
21.768 16.218 18.548
27.014 18.448 15.526
33.554 18.955 13.682
37.174 15.602 9.038
38.576 10.173 4.935
35.032 6.750 0.206
30.046 5.948 -3.870
25.282 8.285 -7.511
37.032 -0.433 -5.440
32.666 4.159 -3.442
26.220 6.632 -3.860
20.759 5.346 -1.084
16.694 0.660 2.185
12.643 6.092 -0.149
9.716 10.971 3.391
6.508 13.360 8.984
4.277 14.389 15.200
7.027 15.047 21.597
12.199 15.121 25.965
18.367 17.350 26.433
23.841 20.555 24.294
27.807 23.641 20.045
27.634 29.191 16.230
9.566 30.398 17.149
12.493 28.761 11.431
17.023 25.085 8.369
20.974 19.514 8.946
24.194 14.850 12.332
23.520 10.179 17.113
19.874 6.346 21.193
14.391 2.849 21.080
8.377 1.494 18.384
29.917 -8.935 8.148
26.481 -11.610 3.559
22.970 -11.209 -2.025
21.022 -7.958 -7.362
21.349 -2.936 -12.112
4.987 -2.071 15.012
3.827 -4.563 13.935
4.051 -6.070 16.323
40.399 16.323 -4.260
34.129 18.051 -2.469
27.038 17.525 -2.169
21.896 13.325 -2.043
20.407 8.522 2.210
16.968 14.537 0.632
12.762 18.073 3.301
8.914 20.743 7.816
5.855 21.199 13.813
8.163 22.107 20.251
12.843 22.515 25.153
19.167 24.965 25.950
24.860 27.894 23.800
27.797 32.629 20.010
26.809 38.499 17.340
8.999 38.913 18.922
11.717 37.432 13.116
16.559 34.602 9.319
21.629 30.061 9.492
25.719 25.941 12.600
25.572 20.804 16.846
22.708 15.839 20.300
18.185 11.262 19.741
12.620 8.028 16.983
36.775 3.826 7.264
34.160 0.049 2.713
30.516 -0.385 -2.893
27.136 2.527 -7.970
27.050 7.666 -12.192
40.866 16.597 -4.678
34.719 18.529 -3.067
27.733 17.815 -2.777
22.647 13.786 -1.954
20.692 10.796 2.765
17.526 16.583 0.021
12.069 20.023 2.859
8.489 21.036 8.368
5.458 21.097 14.492
7.838 21.836 20.957
12.958 22.396 25.471
18.820 25.623 25.984
24.758 27.817 23.113
27.630 32.526 19.438
26.368 38.852 17.558
8.857 38.411 20.080
11.220 37.470 13.710
15.535 35.048 9.397
20.666 30.278 9.244
24.889 26.073 12.195
25.234 21.055 16.762
22.613 15.956 20.313
18.193 11.328 19.944
12.836 8.279 17.923
37.507 4.311 7.481
34.888 0.557 2.929
31.403 -0.044 -2.676
28.143 2.599 -7.815
27.935 7.610 -12.341
40.787 16.574 -5.123
34.751 18.508 -3.118
27.876 17.844 -2.490
22.656 13.838 -2.007
20.628 10.580 2.666
17.394 16.391 0.259
12.188 19.777 3.046
8.454 21.023 8.325
5.400 21.151 14.456
7.843 21.809 20.894
12.848 22.410 25.569
18.663 25.594 26.195
24.579 27.711 23.336
27.481 32.218 19.495
26.804 38.190 16.613
9.022 38.927 20.105
11.424 38.290 13.788
15.440 35.025 9.723
20.610 30.329 9.384
24.930 26.094 12.361
25.198 20.937 16.690
22.525 15.949 20.240
18.159 11.355 19.919
12.844 8.165 17.908
37.365 4.373 7.312
34.719 0.591 2.762
31.323 -0.023 -2.785
27.904 2.743 -7.909
27.355 7.723 -12.251
40.832 16.391 -5.062
34.766 18.451 -3.021
27.793 17.757 -2.755
22.621 13.741 -1.983
20.600 10.714 2.793
17.380 16.472 0.223
11.956 19.815 2.977
8.450 21.011 8.396
5.418 21.095 14.563
7.814 21.742 21.029
12.886 22.367 25.570
18.648 25.609 26.159
24.625 27.580 23.186
27.455 32.327 19.305
26.740 38.349 16.481
8.878 38.929 19.954
11.160 37.943 13.795
15.394 34.965 9.619
20.544 30.201 9.248
24.780 25.991 12.234
25.187 20.944 16.763
22.551 15.915 20.291
18.153 11.333 19.969
12.796 8.260 17.946
37.375 4.230 7.364
34.715 0.483 2.828
31.185 -0.136 -2.726
27.850 2.710 -7.828
27.311 7.764 -12.048
40.610 16.754 -4.428
34.417 18.525 -2.885
27.501 17.716 -2.730
22.341 13.634 -1.984
20.350 10.505 2.734
17.585 16.637 0.451
12.070 20.018 2.956
8.438 21.295 8.397
5.307 21.255 14.478
7.753 21.822 20.906
12.826 22.553 25.471
18.698 25.848 25.981
24.645 27.976 23.187
27.448 32.732 19.301
25.967 39.016 17.513
8.485 38.181 20.048
10.675 36.624 14.155
15.173 34.913 9.381
20.479 30.290 9.217
24.747 26.107 12.235
25.119 21.166 16.761
22.391 16.145 20.262
18.038 11.534 19.881
12.703 8.404 18.019
37.206 4.277 7.565
34.601 0.532 2.941
31.193 -0.136 -2.674
28.029 2.634 -7.882
28.174 7.547 -12.490
40.730 16.505 -4.778
34.653 18.289 -2.913
27.714 17.643 -2.634
22.458 13.702 -1.883
20.513 10.433 2.764
17.340 16.216 0.234
12.426 19.877 3.321
8.294 21.075 8.423
5.319 21.130 14.494
7.781 21.780 20.950
12.849 22.380 25.610
18.703 25.665 26.191
24.691 27.661 23.138
27.575 32.447 19.619
26.457 38.345 16.404
8.884 38.684 20.160
11.186 37.839 13.788
15.381 34.933 9.575
20.533 30.269 9.349
24.877 25.969 12.305
25.128 21.011 16.835
22.484 15.892 20.307
18.130 11.367 19.943
12.865 8.158 18.025
37.295 4.222 7.386
34.656 0.447 2.816
31.108 -0.188 -2.739
27.710 2.580 -7.864
27.306 7.621 -12.147
40.662 16.621 -4.285
34.420 18.497 -2.828
27.251 17.548 -2.444
22.203 13.501 -2.008
20.767 8.504 2.141
16.728 13.696 0.767
12.520 17.440 3.188
8.570 20.259 7.873
5.482 21.159 14.001
7.819 21.916 20.394
12.738 22.524 25.320
18.714 25.164 25.803
24.564 27.847 23.457
27.410 32.435 19.695
26.492 38.691 17.558
8.630 38.257 19.383
10.822 36.610 13.625
15.548 34.352 9.348
21.117 29.894 9.381
25.213 25.707 12.280
25.227 20.600 16.625
22.371 15.870 20.226
18.072 11.187 19.975
12.684 7.890 17.810
36.958 4.297 7.439
34.315 0.421 2.794
30.801 -0.252 -2.692
27.689 2.702 -7.927
27.533 7.695 -12.098
40.606 16.635 -5.153
34.560 18.395 -3.082
27.579 17.621 -2.722
22.423 13.564 -2.058
20.500 10.706 2.750
17.224 16.242 -0.001
12.561 20.009 3.108
8.516 21.293 8.298
5.471 21.147 14.354
7.812 21.826 20.825
12.840 22.420 25.481
18.708 25.719 26.064
24.657 27.751 23.251
27.409 32.524 19.377
26.723 38.718 16.925
8.895 38.901 19.986
11.131 38.279 13.683
15.356 35.052 9.611
20.633 30.413 9.328
24.939 26.277 12.468
25.320 21.316 16.911
22.663 16.165 20.303
18.302 11.520 19.785
12.911 8.474 17.728
37.304 4.314 7.267
34.627 0.445 2.804
31.192 -0.224 -2.794
27.859 2.520 -7.982
27.151 7.589 -12.125
40.664 17.010 -4.225
34.395 18.670 -2.959
27.515 17.791 -2.628
22.439 13.682 -1.887
20.588 9.690 2.710
17.545 15.781 0.778
12.263 19.315 3.132
8.777 21.376 8.343
5.386 21.227 14.319
7.815 21.891 20.733
12.905 22.665 25.349
18.833 25.903 25.847
24.883 27.911 22.995
27.587 32.800 19.255
26.095 39.101 17.403
8.629 38.055 19.764
10.873 36.644 13.896
15.543 34.965 9.194
20.654 30.164 9.153
24.947 26.002 12.110
25.317 21.053 16.612
22.542 16.124 20.237
18.183 11.467 19.866
12.410 8.825 16.826
37.403 4.401 7.753
34.758 0.637 3.074
31.282 -0.078 -2.512
27.979 2.650 -7.725
28.260 7.693 -12.305
36.397 8.247 -5.125
31.948 12.246 -3.787
25.169 14.176 -3.950
19.463 11.953 -1.491
16.288 7.824 2.600
12.433 13.099 -0.082
9.686 17.946 3.457
6.752 20.377 8.941
4.215 21.675 15.269
7.060 22.116 21.569
12.303 22.256 25.929
18.355 24.375 26.603
23.821 27.494 24.411
27.904 30.779 20.276
27.700 36.263 16.212
9.661 37.168 17.351
12.426 35.371 11.551
17.071 31.765 8.510
21.082 26.436 9.059
24.573 21.759 12.631
23.415 17.046 17.176
19.768 13.300 21.216
14.357 9.863 21.238
8.498 8.035 19.422
30.117 -1.699 7.938
26.569 -4.534 3.462
22.973 -4.169 -2.076
20.837 -1.180 -7.461
20.929 3.426 -12.481
5.072 5.284 14.791
4.020 2.698 13.768
4.305 1.327 16.109
36.673 7.411 -5.984
32.211 11.555 -3.876
25.640 13.593 -3.435
19.616 11.424 -1.728
16.556 7.548 2.796
12.702 12.784 -0.015
9.810 17.532 3.472
6.887 20.196 8.954
4.362 21.460 15.187
7.107 21.932 21.515
12.306 22.187 25.839
18.344 24.297 26.605
23.936 27.419 24.557
28.024 30.482 20.115
27.923 36.133 16.541
9.857 36.909 17.312
12.706 34.804 11.757
17.487 31.488 8.453
21.537 26.081 9.001
24.624 21.278 12.311
23.611 16.769 17.115
19.764 13.247 21.097
14.211 9.861 21.057
8.125 7.999 18.611
30.127 -2.040 7.902
26.564 -4.845 3.394
22.787 -4.200 -2.122
20.256 -0.796 -7.059
20.764 3.399 -12.459
5.163 5.044 14.719
4.124 2.490 13.713
4.335 1.165 16.030
36.560 8.196 -5.432
31.920 11.880 -3.618
25.051 13.938 -4.020
19.396 11.781 -1.550
16.258 7.973 2.661
12.371 13.109 0.012
9.783 17.971 3.571
6.810 20.546 8.962
4.347 21.739 15.311
7.129 22.171 21.637
12.200 22.174 25.924
18.273 24.484 26.514
23.908 27.488 24.253
27.849 30.521 19.799
27.749 36.144 15.945
9.668 36.942 17.469
12.346 35.253 11.691
17.365 32.149 8.380
21.196 26.342 9.186
24.422 21.603 12.385
23.279 16.889 17.016
19.670 13.268 21.068
14.124 9.866 21.041
8.307 8.313 19.210
29.972 -1.754 7.877
26.605 -4.577 3.378
22.834 -4.075 -2.123
21.151 -1.481 -7.432
20.771 3.402 -12.409
5.119 5.313 14.790
3.971 2.689 13.845
4.220 1.227 16.123
36.501 8.009 -5.650
31.798 12.102 -4.143
25.115 13.812 -4.038
19.321 11.617 -1.834
16.348 7.830 2.457
12.433 13.025 -0.205
9.808 17.937 3.503
6.810 20.422 8.969
4.307 21.725 15.246
7.034 22.239 21.603
12.230 22.196 26.066
18.356 24.491 26.664
23.750 27.514 24.620
27.915 30.875 20.625
27.975 36.251 16.499
9.778 37.163 17.547
12.639 35.427 11.944
17.357 32.042 8.736
21.831 26.756 9.473
24.632 21.812 12.634
23.444 16.995 17.091
19.734 13.304 21.084
14.088 9.956 21.102
8.337 8.283 18.844
30.085 -1.867 7.934
26.556 -4.720 3.340
22.982 -4.424 -2.226
21.044 -1.646 -7.617
20.789 3.049 -12.591
5.053 5.328 14.789
3.941 2.720 13.764
4.196 1.325 16.108
36.701 8.025 -5.575
32.072 11.656 -3.610
25.378 13.878 -3.704
19.588 11.775 -1.705
16.381 7.911 2.584
12.602 13.071 -0.174
9.786 17.956 3.525
6.760 20.500 8.908
4.236 21.795 15.187
7.076 22.238 21.527
12.170 22.329 25.917
18.209 24.634 26.680
23.826 27.599 24.667
27.804 31.108 20.485
27.763 36.400 16.343
9.767 37.659 17.031
12.683 35.804 11.499
17.321 31.959 8.761
21.597 26.704 9.245
24.683 21.841 12.730
23.283 16.968 16.859
19.722 13.380 21.041
14.190 9.948 21.071
7.895 8.695 18.465
30.050 -1.775 7.974
26.414 -4.506 3.423
22.857 -4.116 -2.140
20.820 -1.018 -7.434
20.919 3.651 -12.409
5.161 5.414 14.818
4.034 2.828 13.789
4.191 1.505 16.125
36.600 8.162 -5.638
31.872 11.964 -3.873
25.203 13.951 -4.052
19.477 11.787 -1.554
16.366 7.543 2.577
12.465 12.927 -0.048
9.716 17.739 3.569
6.911 20.297 9.056
4.260 21.620 15.279
7.073 22.142 21.674
12.235 22.084 26.036
18.291 24.603 26.545
23.780 27.625 24.558
27.937 30.651 20.004
27.749 36.252 16.160
9.753 37.458 17.262
12.980 35.484 11.715
17.041 31.747 8.688
21.000 26.517 9.021
24.451 21.719 12.384
23.330 17.059 16.753
19.892 13.271 21.128
14.476 9.817 21.024
8.053 8.589 18.226
30.130 -1.908 8.036
26.707 -4.568 3.440
23.100 -4.271 -2.113
21.163 -1.383 -7.646
20.847 3.354 -12.640
4.893 5.303 14.730
3.851 2.652 13.767
4.162 1.380 16.146
36.821 8.086 -5.235
31.974 12.070 -3.749
25.124 13.875 -4.146
19.490 11.744 -1.580
16.323 7.773 2.640
12.513 12.972 -0.241
9.824 17.994 3.408
6.854 20.371 8.957
4.331 21.571 15.286
7.090 22.033 21.617
12.278 22.179 25.980
18.368 24.476 26.575
23.861 27.563 24.614
27.977 30.759 20.220
27.799 36.331 16.534
9.594 37.050 17.491
12.383 35.193 11.915
17.126 32.081 8.479
21.308 26.554 9.026
24.514 21.849 12.386
23.448 17.041 16.805
19.895 13.400 21.189
14.501 9.879 21.140
8.542 8.143 19.175
30.068 -1.988 7.958
26.559 -4.698 3.498
23.176 -4.425 -2.116
21.012 -1.347 -7.516
20.844 3.214 -12.428
5.125 5.149 14.788
3.954 2.589 13.788
4.230 1.182 16.085
36.585 8.178 -5.270
31.668 11.898 -3.725
24.882 13.582 -3.907
19.031 10.991 -2.228
16.195 8.132 2.823
12.492 13.409 0.107
9.794 18.307 3.565
6.776 20.790 9.019
4.175 21.903 15.358
6.884 22.272 21.749
12.099 22.161 26.126
18.226 24.573 26.755
23.774 27.646 24.597
27.877 30.816 20.268
27.534 36.537 16.767
9.507 36.529 18.132
12.064 35.000 12.492
17.165 32.408 8.605
21.211 26.839 9.206
24.107 22.030 12.388
23.094 17.072 16.785
19.540 13.375 21.061
13.943 10.124 21.086
8.742 8.067 20.110
30.207 -1.871 7.912
26.573 -4.715 3.415
23.091 -4.585 -2.176
21.407 -1.914 -7.747
20.982 2.825 -12.630
5.144 5.443 14.738
3.987 2.833 13.758
4.157 1.480 16.117
36.635 8.329 -5.595
31.647 12.040 -4.196
24.833 13.777 -4.397
19.229 11.448 -1.878
16.344 7.689 2.643
12.545 12.844 -0.237
9.808 17.918 3.524
7.022 20.299 9.023
4.365 21.521 15.219
7.140 22.018 21.561
12.350 22.119 26.001
18.382 24.426 26.584
24.016 27.275 24.588
27.974 30.504 20.380
27.997 36.181 16.684
9.812 36.763 17.668
12.403 34.779 12.206
17.212 31.910 8.419
21.462 26.447 9.125
24.470 21.684 12.391
23.458 16.973 16.951
19.894 13.251 21.030
14.430 9.812 20.985
8.373 8.297 18.408
30.140 -2.013 7.942
26.718 -4.650 3.345
23.127 -4.406 -2.182
21.258 -1.669 -7.633
20.769 2.873 -12.618
5.043 5.226 14.779
4.013 2.552 13.794
4.292 1.168 16.096
36.555 7.541 -5.532
31.868 11.762 -4.076
25.355 13.628 -3.516
19.386 11.371 -2.008
16.509 7.396 2.576
12.799 12.867 0.033
9.954 17.676 3.572
6.819 20.540 8.803
4.247 21.770 15.079
6.961 22.193 21.506
12.119 22.339 25.932
18.035 24.817 26.699
23.682 27.593 24.791
27.636 31.203 20.570
27.743 36.358 16.411
9.721 37.661 17.334
12.642 35.625 11.773
17.419 32.192 8.903
21.324 26.855 9.159
24.634 22.034 12.766
23.213 17.045 16.824
19.702 13.430 21.092
14.143 10.074 20.990
8.355 8.186 18.904
29.801 -2.111 7.954
26.293 -4.749 3.392
22.400 -4.305 -2.084
20.326 -1.010 -7.301
20.823 3.329 -12.362
5.072 5.157 14.631
4.043 2.570 13.640
4.285 1.135 16.058
36.521 8.594 -5.581
31.611 12.093 -4.080
24.768 13.779 -3.960
19.014 11.399 -1.906
16.154 7.683 2.592
12.426 13.092 0.080
9.731 17.943 3.594
6.665 20.378 9.123
4.147 21.586 15.416
7.016 22.114 21.724
12.191 22.180 26.059
18.294 24.500 26.672
23.718 27.376 24.592
27.864 30.558 20.368
27.736 36.030 16.465
9.735 37.021 17.501
12.407 34.876 12.221
17.094 31.765 8.695
21.129 26.350 9.257
24.316 21.733 12.642
23.290 16.864 17.219
19.609 13.245 21.275
13.927 9.926 21.178
8.051 8.483 18.641
30.018 -1.820 7.978
26.534 -4.633 3.346
22.938 -4.430 -2.192
21.212 -1.627 -7.749
20.777 3.202 -12.573
4.981 5.347 14.963
3.896 2.718 13.946
4.152 1.312 16.256
36.689 8.565 -5.394
31.614 12.231 -3.788
25.042 13.950 -3.581
18.891 11.232 -2.084
16.163 7.504 2.651
12.422 13.005 0.109
9.786 17.808 3.574
6.825 20.504 9.044
4.184 21.594 15.290
6.970 22.061 21.665
12.238 22.205 26.017
18.319 24.379 26.649
23.723 27.371 24.596
27.820 30.852 20.543
27.695 36.336 16.424
9.695 37.175 17.357
12.393 35.120 11.833
17.275 31.926 8.546
21.322 26.510 8.861
24.322 21.774 12.500
23.360 16.969 17.009
19.759 13.278 21.027
14.216 9.919 21.001
8.171 8.626 18.069
29.898 -1.791 8.034
26.378 -4.677 3.420
22.691 -4.240 -2.168
20.722 -1.170 -7.494
20.798 3.266 -12.524
4.915 5.122 14.921
3.701 2.538 13.874
3.998 1.120 16.160
62.252 780.182 -12.767
59.304 775.047 -11.067
56.137 772.051 -6.381
53.901 772.094 -0.200
49.918 775.352 3.989
46.131 780.274 4.925
41.279 784.374 4.231
35.119 785.294 4.968
28.116 784.686 5.361
72.249 8.513 -9.053
69.004 4.685 -11.555
64.514 -0.695 -13.158
60.026 -6.228 -11.251
57.019 -9.180 -6.637
54.355 -9.276 -0.407
50.339 -5.827 3.737
46.827 -0.732 5.147
41.754 3.272 4.229
35.487 4.123 5.008
28.681 3.343 5.550
28.019 4.709 -1.566
34.232 4.198 0.463
34.251 4.188 0.362
33.964 6.499 -5.335
35.523 9.191 -11.033
38.722 8.370 -16.847
42.313 4.715 -20.655
43.902 -1.418 -23.340
45.675 -7.950 -23.995
44.556 -14.409 -22.649
39.983 -19.138 -21.199
33.890 -21.406 -19.743
25.949 -6.550 -26.325
25.962 -7.527 -19.337
29.267 -9.975 -14.172
34.100 -13.255 -10.788
40.731 -13.195 -10.225
46.330 -9.754 -10.071
46.281 -9.846 -9.964
50.292 -4.723 -12.404
49.804 -4.404 -10.727
51.577 2.264 -9.759
53.289 4.324 -8.440
55.443 2.726 -7.427
40.974 9.333 -4.890
34.951 11.286 -2.959
27.940 10.672 -2.482
22.818 6.650 -2.245
20.747 1.888 0.623
17.011 7.315 0.939
12.795 11.525 3.267
8.478 13.573 8.223
5.481 13.937 14.312
7.874 14.598 20.778
12.762 15.406 25.453
18.721 18.467 25.996
24.513 20.718 23.322
27.317 25.260 19.505
26.473 31.117 16.511
8.946 31.660 19.973
11.242 30.707 13.819
15.443 27.763 9.633
20.578 23.106 9.287
24.948 18.998 12.302
25.139 13.876 16.733
22.507 8.873 20.287
18.139 4.271 19.965
12.659 1.041 18.037
37.263 -2.886 7.408
34.690 -6.453 2.762
31.273 -7.131 -2.749
28.216 -4.342 -8.040
27.673 0.636 -12.297
23.071 -47.673 10.241
21.647 -43.544 4.164
17.064 -38.532 3.297
11.981 -35.552 4.494
8.707 -31.809 9.011
8.997 -27.957 14.113
12.151 -25.183 20.286
18.389 -21.745 21.351
24.714 -18.345 20.718
28.552 -15.642 14.830
27.164 -17.081 9.230
7.565 -9.281 13.054
10.054 -9.547 7.483
13.130 -15.603 5.001
18.108 -20.890 3.840
23.823 -23.512 5.691
26.945 -27.216 9.888
26.433 -30.472 15.766
22.972 -33.885 21.637
17.114 -38.998 21.986
11.188 -42.200 19.059
6.743 -42.984 13.143
22.625 -16.655 43.430
29.282 -16.316 42.100
33.436 -17.546 36.517
34.013 -18.115 29.690
32.083 -16.307 23.782
30.294 -10.986 20.021
25.926 -6.093 18.217
40.483 -2.040 25.049
42.361 0.818 30.068
37.871 1.724 33.541
30.797 1.395 33.684
24.312 0.769 32.306
20.375 -4.391 30.570
18.118 -9.562 27.440
18.966 -15.980 26.621
22.033 -21.914 26.138
24.698 -26.179 30.635
31.639 3.249 17.802
32.266 5.771 16.265
32.135 4.768 13.470
79.776 14.423 47.459
74.330 16.963 49.583
67.180 16.779 49.902
61.685 13.193 49.790
59.604 8.996 54.437
56.864 14.428 52.146
51.511 18.823 53.843
46.973 20.076 58.293
43.355 20.401 64.040
45.046 21.078 70.743
49.463 21.487 75.931
55.399 24.420 77.397
61.354 26.709 75.294
65.072 30.854 71.637
64.983 37.152 69.593
46.609 37.933 70.220
49.403 37.108 64.571
54.242 34.164 60.669
59.198 29.239 60.848
62.932 24.859 64.210
62.649 19.841 68.610
59.587 14.842 71.773
55.251 10.457 70.866
49.975 7.297 68.158
74.862 2.925 59.979
72.396 -0.812 55.260
69.309 -1.150 49.396
66.507 1.795 44.131
65.831 6.869 39.810
31.290 -62.876 13.640
28.885 -57.599 15.311
26.533 -59.189 9.937
23.890 -58.625 4.010
22.422 -55.872 -1.857
24.423 -51.211 -5.793
28.592 -46.428 -8.636
33.171 -41.750 -9.019
39.735 -40.962 -8.097
45.884 -41.642 -5.461
51.020 -45.666 -4.646
42.491 -60.401 -11.568
43.003 -59.452 -4.694
44.446 -55.127 0.481
43.745 -49.312 3.670
40.498 -43.645 4.771
34.707 -40.794 5.075
28.634 -39.979 2.928
21.431 -41.532 4.888
19.017 -41.320 6.209
19.234 -38.853 7.352
31.021 -66.857 11.758
29.933 -67.186 4.719
26.307 -66.139 -1.043
21.693 -62.051 -4.249
17.838 -56.812 -4.885
17.964 -50.349 -5.328
21.017 -44.779 -4.486
38.405 -53.866 -16.704
38.222 -52.307 -10.272
39.751 -50.915 -4.247
37.112 -47.998 1.051
32.381 -46.926 5.807
26.228 -48.052 8.167
19.940 -50.030 9.117
15.862 -54.952 7.976
12.966 -60.761 5.754
14.361 -67.138 4.762
25.477 -39.911 -5.376
26.707 -37.573 -6.429
24.113 -36.415 -7.670
-6.032 -11.621 68.661
-8.295 -10.894 62.457
-11.233 -8.130 56.978
-11.933 -2.751 53.642
-10.547 3.405 52.485
-6.247 9.627 53.951
0.747 11.780 55.942
7.703 9.961 57.916
11.931 5.117 57.717
15.125 0.435 54.141
16.631 -3.142 48.712
16.408 -2.923 42.073
22.018 23.321 43.451
20.041 19.143 42.656
15.641 16.653 41.975
10.265 14.422 38.175
6.320 9.327 37.005
3.420 3.771 38.119
2.088 -1.569 42.062
2.600 -5.995 46.441
4.443 -7.286 53.012
5.071 -4.847 59.085
4.963 -0.374 64.076
1.540 4.511 66.820
-4.328 7.892 67.672
-10.733 7.984 65.812
-16.859 4.731 63.031
-20.173 -0.992 63.723
-5.832 54.554 -17.693
-8.467 53.987 -11.521
-11.351 51.297 -6.027
-11.796 45.360 -2.425
-10.143 37.978 -1.895
-5.507 32.142 -3.486
1.299 31.069 -4.854
7.562 33.154 -6.921
11.888 37.950 -6.885
15.007 42.863 -3.288
16.339 46.312 1.995
16.342 46.889 8.521
20.810 19.134 6.249
19.430 24.437 9.471
15.361 26.666 9.025
10.374 28.495 13.241
6.420 33.684 13.780
3.457 39.196 12.780
2.089 44.615 9.002
2.431 48.942 4.399
4.222 50.261 -2.029
4.962 47.897 -8.240
4.954 43.389 -13.229
1.508 38.537 -16.019
-4.297 35.110 -16.778
-10.669 35.248 -14.754
-16.983 38.252 -12.049
-20.079 44.012 -12.693
18.557 -1.803 38.143
20.256 -1.783 35.960
22.671 -2.751 36.940
18.327 44.820 12.824
20.333 44.497 14.615
22.889 45.620 14.037
32.583 -52.827 -16.199
34.388 -51.259 -10.087
38.572 -48.904 -5.220
38.390 -43.191 -1.868
36.895 -36.365 -1.435
32.297 -31.755 -2.753
25.895 -30.208 -4.114
19.713 -32.588 -6.320
15.264 -36.984 -6.336
11.859 -41.846 -3.078
10.901 -45.745 1.992
11.009 -47.413 7.737
8.813 -25.609 2.867
8.294 -22.487 8.943
12.180 -26.594 11.845
16.830 -29.546 14.982
21.201 -34.506 15.334
24.097 -40.071 13.322
24.941 -45.290 9.178
24.879 -48.679 3.941
23.684 -49.684 -2.596
22.475 -47.323 -8.661
22.591 -42.268 -13.101
26.098 -37.462 -15.692
32.323 -34.165 -15.763
38.235 -34.493 -13.802
44.294 -36.639 -11.831
47.329 -42.518 -12.568
32.593 8.914 66.716
34.441 7.699 60.749
38.475 5.281 55.855
38.558 -0.625 52.402
36.858 -7.374 51.837
32.454 -12.000 53.422
25.850 -13.491 54.735
19.746 -11.040 56.988
15.315 -6.639 57.012
12.031 -1.853 53.624
10.920 2.043 48.617
11.033 3.672 42.740
8.576 -18.584 46.896
7.911 -21.425 41.309
12.129 -17.274 38.552
16.689 -14.133 35.619
21.168 -9.127 35.217
24.046 -3.559 37.238
24.900 1.633 41.320
24.806 5.100 46.717
23.452 6.132 53.166
22.569 3.610 59.222
22.465 -1.341 63.658
26.083 -6.219 66.367
32.148 -9.729 66.548
38.073 -9.514 64.611
44.337 -7.036 62.625
47.558 -1.528 63.034
8.713 2.630 37.104
6.832 2.154 35.151
4.900 3.837 36.122
8.865 -46.118 13.490
6.866 -45.865 15.415
4.954 -47.576 14.342
-0.557 21.930 24.808
-1.473 21.396 18.830
-1.548 17.036 13.509
-0.644 10.629 10.924
-2.090 4.610 12.329
-3.141 -0.873 15.209
-7.707 -0.513 11.443
-14.202 -3.887 9.046
-20.546 -2.104 7.952
-25.935 1.937 8.324
-28.086 7.444 5.369
-13.010 10.818 -2.889
-14.198 14.606 2.626
-17.419 15.498 8.582
-19.259 13.102 14.671
-18.439 8.465 18.990
-13.232 11.741 23.108
-9.098 9.641 27.700
-2.970 5.907 28.317
2.176 3.924 25.129
7.385 6.007 22.096
11.136 10.716 18.657
-3.063 47.853 25.300
-9.657 48.501 23.489
-15.236 47.805 19.677
-16.089 47.185 12.363
-14.317 44.794 6.526
-11.662 39.852 3.119
-7.299 34.941 1.681
-13.396 32.640 2.908
-18.823 27.084 2.500
-21.997 23.090 6.840
-28.104 23.490 10.065
-31.822 26.678 15.184
-35.757 32.155 15.883
-37.741 29.055 -2.572
-34.347 35.212 -2.961
-31.943 40.321 0.993
-29.526 41.751 6.825
-27.788 41.287 13.170
-24.303 37.533 17.656
-21.110 32.252 20.060
-16.087 28.252 18.963
-9.014 30.251 19.616
-3.522 32.420 17.378
0.233 36.806 14.060
1.107 41.860 9.077
-2.043 46.876 5.967
-4.983 52.561 7.117
-9.251 56.701 10.931
-9.411 -25.877 2.765
-5.893 -29.846 7.027
-0.608 -32.211 10.701
3.782 -29.394 15.031
6.630 -24.259 18.468
4.803 -17.975 21.011
0.122 -13.391 22.525
-6.237 -12.575 25.027
-12.253 -14.930 26.521
-15.697 -19.467 29.773
-16.099 -24.730 33.776
29.509 3.127 13.895
35.494 3.515 14.863
35.238 6.565 10.646
35.750 8.452 4.347
38.899 8.193 -1.742
42.147 4.324 -5.656
44.106 -1.593 -8.469
45.466 -8.065 -9.209
43.477 -14.341 -8.314
39.771 -19.412 -5.778
33.576 -21.696 -4.523
25.245 -6.653 -11.024
25.743 -8.125 -4.317
28.731 -10.939 1.040
34.152 -13.125 4.248
40.787 -13.232 4.859
46.312 -9.800 5.299
49.467 -4.207 5.078
-34.661 -28.519 27.375
-31.555 -22.699 25.733
-27.262 -17.502 26.998
-22.530 -15.943 24.449
-29.105 -12.990 23.642
-31.178 -7.692 20.220
-29.734 -3.636 15.011
-29.801 -3.556 15.109
-27.006 -1.628 9.272
-28.417 -2.043 8.915
-26.276 -4.149 3.031
-26.780 -8.323 -2.065
-34.664 -19.848 9.380
-28.701 -22.075 6.679
-22.665 -19.460 5.539
-18.183 -14.992 6.978
-15.710 -9.868 9.831
-15.690 -9.895 9.813
-13.699 -7.510 14.099
-15.318 -34.426 21.919
-15.202 -31.247 28.005
-15.459 -27.147 33.086
-19.939 -24.356 37.097
-10.100 -7.490 16.366
-8.335 -8.132 14.269
-12.488 -7.674 14.566
-10.110 -7.475 16.325
-8.403 -8.185 14.270
-34.731 -28.554 27.530
-31.608 -22.843 25.802
-27.444 -17.535 26.997
-22.569 -16.063 24.443
-29.017 -12.830 23.544
-28.991 -12.792 23.516
-29.915 -6.467 20.760
-30.318 -6.876 20.507
-28.482 -2.830 15.474
-29.118 -3.123 15.340
-27.282 -1.918 9.450
-28.783 -2.570 8.843
-25.963 -4.324 2.670
-26.302 -8.619 -2.233
-34.222 -19.808 9.309
-28.385 -22.136 6.353
-22.316 -19.475 5.480
-17.862 -15.079 6.967
-15.539 -10.000 10.028
-15.482 -10.082 9.974
-13.426 -7.511 14.217
-15.306 -34.405 21.718
-15.407 -31.366 27.827
-15.648 -27.240 32.942
-19.969 -24.504 37.014
-9.921 -7.809 16.437
-8.249 -8.597 14.358
-12.492 -8.075 14.796
-10.125 -7.806 16.467
-8.206 -8.343 14.479
-31.531 62.582 13.932
-28.648 57.503 16.312
-26.772 58.957 10.556
-23.812 58.967 4.758
-22.824 55.987 -1.134
-24.276 51.127 -4.860
-28.450 46.501 -7.673
-33.129 41.923 -8.489
-39.747 41.039 -7.461
-45.855 41.860 -4.822
-51.005 45.825 -3.943
-42.749 60.606 -10.605
-43.227 59.593 -3.654
-44.315 55.355 1.544
-43.586 49.319 4.476
-40.458 43.597 5.301
-34.655 40.559 5.785
-28.062 40.330 5.262
-21.619 41.654 5.827
-19.046 41.425 7.142
-19.313 38.767 8.213
34.637 4.089 15.194
34.438 6.270 9.630
35.551 9.045 3.760
38.857 8.447 -2.153
42.420 4.810 -5.917
45.232 -1.309 -8.708
45.921 -7.750 -9.540
43.469 -13.867 -8.612
39.774 -18.777 -6.163
33.786 -21.269 -5.037
24.948 -6.836 -11.829
26.943 -5.832 -11.605
25.680 -7.613 -4.893
28.716 -10.364 0.332
34.223 -12.596 3.442
40.776 -13.159 4.290
46.385 -9.736 4.758
49.761 -4.375 2.602
49.680 -4.134 4.113
51.449 2.208 4.942
53.073 4.148 6.184
55.247 2.686 7.265
40.842 9.765 -4.405
34.802 11.384 -2.812
27.769 10.666 -2.605
22.534 6.626 -2.148
20.528 2.972 2.051
17.396 8.920 0.206
12.419 12.497 3.218
8.457 13.836 8.267
5.380 14.088 14.315
7.773 14.828 20.824
12.843 15.552 25.467
18.768 18.844 25.987
24.775 20.874 23.088
27.482 25.774 19.457
26.107 31.875 17.088
8.492 31.237 19.852
10.726 30.220 13.580
15.407 27.839 9.326
20.506 23.090 9.135
24.817 18.901 12.084
25.124 13.872 16.513
22.470 8.966 20.278
18.155 4.378 20.025
12.608 1.238 17.876
37.465 -2.684 7.546
34.787 -6.400 2.967
31.331 -7.097 -2.626
28.369 -4.444 -7.956
27.932 0.650 -12.242
40.987 9.848 -4.111
34.879 11.378 -2.660
27.767 10.686 -2.488
22.583 6.770 -2.190
20.580 2.730 2.213
17.581 8.974 -0.007
12.841 12.505 3.219
8.319 13.853 7.977
5.385 14.147 14.125
7.642 14.948 20.623
12.629 15.688 25.351
18.591 18.815 26.006
24.484 21.177 23.355
27.280 25.884 19.512
25.963 31.891 17.054
8.309 31.140 19.766
10.662 30.086 13.667
15.353 27.921 9.313
20.555 23.200 9.264
24.916 19.093 12.208
25.163 14.062 16.571
22.441 9.107 20.200
18.075 4.570 20.002
12.547 1.317 17.882
37.371 -2.715 7.477
34.735 -6.335 2.915
31.226 -7.041 -2.717
28.404 -4.427 -8.141
28.277 0.698 -12.480
34.548 0.241 2.615
30.872 -0.240 -2.906
27.320 2.506 -7.919
27.515 7.542 -12.529
9.670 38.415 19.977
12.014 37.714 13.732
16.417 34.710 9.747
21.362 29.782 9.470
25.660 25.505 12.400
25.800 20.431 16.707
23.085 15.532 20.362
18.708 10.975 20.014
13.204 7.740 18.068
40.535 16.556 -4.792
34.627 18.123 -2.961
27.744 17.568 -2.536
22.473 13.579 -1.894
20.823 9.469 2.845
17.592 15.476 1.028
13.357 19.304 4.100
8.032 20.018 8.295
6.183 20.751 14.677
8.667 21.578 21.178
13.674 22.090 25.714
19.709 25.032 26.351
25.516 27.326 23.424
28.367 32.189 19.759
27.309 38.411 17.366
40.684 4.414 11.416
37.479 4.350 7.149
23.084 22.006 37.199
20.373 23.791 31.953
17.800 22.142 25.536
16.424 17.527 21.054
12.322 12.087 21.131
13.409 15.869 15.461
9.030 20.011 12.404
2.784 21.681 10.309
-3.767 22.366 9.210
-9.252 23.817 13.167
-12.419 25.051 19.041
-11.417 27.870 25.102
-7.294 30.400 29.753
-2.841 35.047 31.192
-0.231 41.061 29.438
-7.228 40.710 13.086
-1.112 38.826 13.838
4.112 36.137 16.933
5.473 31.655 22.246
3.581 27.822 27.381
-1.086 23.181 28.958
-5.467 18.493 27.452
-6.451 13.779 23.165
-5.772 10.869 17.272
15.519 5.345 34.716
19.885 4.644 29.875
23.939 7.173 25.439
27.401 12.343 22.536
-2.692 6.597 14.092
-1.960 3.853 13.216
-4.303 2.660 14.459
9.601 10.869 44.020
11.599 9.336 38.674
26.094 -4.728 4.459
22.944 -3.696 -1.218
21.285 0.313 -6.192
22.662 5.728 -9.898
11.183 34.886 16.331
14.157 33.277 11.148
19.197 29.733 8.032
22.725 24.327 9.897
24.633 19.662 14.488
23.511 16.285 20.192
18.917 12.508 23.022
13.366 9.826 23.080
8.031 8.060 19.996
7.878 8.242 19.874
4.163 6.369 16.613
38.550 7.534 4.751
36.345 8.979 1.039
32.104 12.622 0.913
25.634 14.056 0.855
19.592 11.972 0.543
16.441 7.350 4.235
12.834 12.789 1.391
9.868 17.799 4.793
6.755 20.229 10.328
4.251 21.402 16.393
6.886 22.181 22.766
12.075 23.373 26.866
18.612 24.715 27.354
24.538 26.630 24.890
28.962 28.994 20.582
29.200 34.429 16.631
33.169 -4.522 13.850
29.896 -2.352 9.565
3.366 0.109 17.547
3.441 1.971 15.344
40.101 5.923 -6.118
39.967 4.963 -8.826
41.433 2.461 -9.282
4.600 4.743 16.275
3.352 2.300 15.110
3.528 0.883 17.644
26.115 -4.970 3.231
22.541 -4.425 -2.285
20.000 -1.070 -7.311
20.651 3.496 -12.240
9.710 37.075 17.221
12.564 35.244 11.613
16.913 31.287 8.596
21.557 26.266 9.013
24.357 21.324 12.518
23.205 16.733 17.240
19.527 13.014 21.431
13.831 9.734 21.388
8.432 8.102 18.977
8.287 8.255 18.718
4.971 5.882 15.425
37.159 1.658 -3.929
36.359 7.240 -5.172
31.689 11.565 -3.401
25.229 13.544 -2.908
19.346 11.571 -1.318
16.339 7.344 2.880
12.597 12.690 0.075
9.640 17.761 3.516
6.504 20.172 9.119
4.166 21.200 15.399
6.998 21.877 21.719
12.267 21.912 26.029
18.511 24.088 26.595
23.948 27.365 24.325
27.951 30.708 20.067
27.740 36.058 16.078
33.992 -2.637 12.117
30.162 -2.044 7.880
4.055 0.110 16.384
3.824 1.928 14.145
4.898 4.482 15.159
3.632 1.909 14.088
3.975 0.750 16.632
39.228 6.717 3.891
37.201 4.591 3.696
38.266 2.903 5.915
26.279 -4.899 3.210
22.766 -4.533 -2.218
20.878 -1.852 -7.646
20.336 3.155 -12.420
9.617 36.477 17.353
12.407 34.567 11.794
17.086 31.178 8.493
21.552 26.058 8.997
24.482 21.149 12.673
23.275 16.635 17.450
19.513 12.974 21.480
13.856 9.690 21.363
8.389 8.070 19.037
8.244 8.192 18.926
4.888 5.917 15.554
39.154 0.750 -3.473
36.651 6.496 -5.998
31.575 11.563 -3.708
24.881 13.755 -3.881
19.189 11.549 -1.170
16.215 7.153 2.842
12.661 12.767 0.202
9.674 17.795 3.668
6.578 20.230 9.214
4.283 21.259 15.476
7.068 21.910 21.832
12.214 22.044 26.116
18.499 24.065 26.654
24.050 27.094 24.457
28.127 30.448 20.180
27.868 35.855 16.381
33.641 -2.458 12.303
30.218 -1.915 7.958
-11.605 7.068 4.079
-13.266 4.682 4.665
-15.315 4.470 2.571
3.999 0.412 16.571
3.770 2.070 14.210
4.949 4.448 15.161
3.666 2.017 14.128
4.163 -0.261 15.970
17.238 1.000 106.920
19.811 -0.242 106.890
18.778 -2.419 105.262
19.905 -15.693 -3.107
17.388 -14.946 -2.315
18.686 -12.687 -1.140
-19.231 3.186 40.354
-21.697 1.875 40.237
-20.581 -0.305 41.645
-0.557 -26.733 86.557
-1.066 -28.253 92.981
2.090 -31.911 97.925
0.759 -37.690 95.764
-1.467 -43.251 94.183
-5.859 -46.945 94.387
-11.982 -47.953 94.963
-18.562 -47.885 96.797
-23.163 -43.347 97.131
-26.494 -37.383 98.416
-27.149 -32.264 95.173
-25.819 -26.536 91.243
-23.829 -25.552 85.075
-20.584 -27.373 79.337
-20.475 -30.803 73.991
-22.389 -36.375 70.017
-35.216 -37.091 81.419
-31.609 -41.681 81.756
-24.934 -44.330 81.300
-18.770 -42.441 80.511
-14.422 -37.618 82.256
-11.938 -33.547 85.277
-12.400 -29.137 90.995
-14.440 -28.141 96.877
-14.668 -31.084 102.439
-14.945 -35.119 106.533
-12.776 -40.329 109.274
-9.039 -44.770 110.246
-20.228 -49.641 148.556
-21.149 -43.686 145.827
-18.100 -37.541 145.171
-18.978 -35.719 151.184
-20.805 -33.686 156.689
-25.313 -31.555 159.707
-31.532 -30.802 160.183
-38.129 -29.557 159.221
-42.732 -32.447 155.636
-46.083 -34.346 149.761
-46.219 -39.328 146.230
-44.414 -45.299 142.869
-42.839 -51.264 145.017
-40.637 -55.797 149.571
-41.475 -58.909 155.030
-44.264 -59.651 161.539
-55.731 -48.156 155.391
-52.423 -46.078 159.663
-46.029 -45.661 162.934
-39.880 -47.539 162.322
-34.983 -48.131 157.809
-31.860 -47.360 153.155
-31.633 -44.674 146.411
-33.559 -40.213 142.278
-34.280 -34.036 141.609
-34.642 -28.498 142.941
-32.692 -23.340 145.750
-29.107 -19.893 148.866
-1.720 -25.833 60.117
-1.152 -26.934 53.586
-4.401 -30.141 48.400
-3.326 -36.121 50.254
-1.231 -41.772 51.524
3.131 -45.490 51.128
9.215 -46.634 50.492
15.801 -46.447 48.800
20.409 -41.974 48.973
23.826 -35.947 48.043
24.277 -30.845 51.309
22.823 -25.263 55.441
20.777 -24.593 61.635
17.634 -26.774 67.332
17.522 -30.627 72.416
19.518 -36.468 75.957
32.221 -36.775 64.771
28.475 -41.231 64.323
21.716 -43.681 64.677
15.621 -41.667 65.426
11.378 -36.791 63.772
8.944 -32.694 60.798
9.567 -27.862 55.437
11.706 -26.576 49.650
12.001 -29.210 43.997
12.305 -33.074 39.686
10.263 -38.246 36.667
6.480 -42.614 35.528
17.809 12.748 136.352
17.393 8.062 131.698
20.689 5.301 126.356
20.004 10.069 122.233
18.158 14.098 117.918
13.937 15.739 114.331
7.864 15.684 112.730
1.316 14.021 111.686
-3.466 11.731 115.300
-7.077 7.739 119.781
-7.846 7.844 125.800
-7.177 8.905 132.756
-5.646 14.081 136.480
-2.876 20.257 137.602
-2.910 26.565 136.627
-4.563 32.367 132.848
-16.249 22.059 126.167
-12.134 24.029 122.527
-5.269 25.835 121.351
0.557 25.735 124.152
4.532 21.926 127.920
6.930 17.358 130.113
6.546 10.233 131.297
4.687 4.524 129.290
4.552 0.939 124.089
4.641 -0.621 118.521
7.020 -0.503 112.699
10.940 0.791 108.501
18.683 -47.278 -0.928
19.030 -41.087 1.361
15.643 -35.065 1.506
16.721 -33.464 -4.576
18.570 -31.484 -10.121
23.031 -29.269 -13.030
29.176 -28.131 -13.673
35.734 -26.657 -12.690
40.429 -29.128 -9.031
43.857 -31.242 -3.274
44.323 -36.549 -0.348
42.900 -42.884 2.491
41.158 -48.672 0.021
38.380 -52.749 -4.751
38.524 -55.334 -10.559
40.733 -55.614 -17.306
52.721 -44.433 -11.854
48.864 -42.314 -15.663
42.130 -42.022 -18.151
36.127 -43.982 -16.789
31.858 -44.918 -11.736
29.326 -44.402 -6.745
29.792 -42.026 0.087
31.813 -37.613 4.109
32.012 -31.366 4.709
32.223 -25.732 3.557
30.072 -20.560 0.682
26.354 -17.300 -2.495
-19.934 16.210 11.362
-19.641 11.857 16.257
-23.448 8.826 21.066
-22.311 13.194 25.482
-20.374 16.952 29.992
-16.132 18.380 33.570
-10.033 18.347 34.963
-3.477 16.742 35.892
1.288 14.889 31.989
4.916 11.117 27.362
5.538 11.179 21.338
4.283 11.819 14.389
2.474 16.807 10.546
-0.550 22.872 9.376
-0.565 29.206 10.040
1.358 35.221 13.293
13.678 25.295 20.079
9.818 27.347 23.916
3.049 29.097 25.566
-2.966 28.914 23.207
-7.198 25.125 19.699
-9.690 20.609 17.495
-9.276 13.511 16.111
-7.273 7.791 17.850
-7.036 4.083 22.885
-6.923 2.223 28.315
-9.171 2.053 34.196
-12.995 3.177 38.499
-2.858 -46.251 110.766
-0.310 -46.204 112.103
-1.628 -46.268 114.621
-22.850 -18.401 149.423
-20.260 -17.404 148.590
-21.649 -15.242 147.198
0.305 -43.808 34.781
-2.336 -43.820 33.480
-1.226 -43.770 30.890
17.163 1.185 106.914
19.788 0.086 106.627
18.737 -2.207 105.215
20.501 -15.956 -3.436
18.116 -14.894 -2.649
19.451 -12.807 -1.321
0.154 -27.261 87.007
-1.087 -28.340 93.067
1.777 -31.833 98.162
0.816 -37.692 95.900
-1.375 -43.302 94.406
-5.886 -46.926 94.536
-12.006 -47.959 95.024
-18.585 -47.855 96.787
-23.234 -43.361 97.097
-26.552 -37.397 98.175
-27.050 -32.122 95.222
-25.513 -26.306 91.475
-23.805 -25.499 85.198
-21.177 -26.860 79.246
-20.864 -30.351 73.728
-22.642 -36.191 70.061
-19.109 2.757 40.504
-21.560 1.395 40.511
-20.488 -0.873 41.916
-35.453 -36.756 81.384
-31.698 -41.229 81.670
-24.969 -43.928 81.427
-18.735 -42.084 80.496
-14.470 -37.342 82.310
-11.837 -33.337 85.404
-12.390 -28.894 91.145
-14.451 -28.141 97.019
-14.656 -31.109 102.609
-14.931 -35.195 106.723
-12.941 -40.369 109.436
-9.276 -45.002 110.377
0.692 -44.447 34.754
-1.876 -44.562 33.362
-0.643 -44.563 30.775
-20.007 -48.482 148.415
-21.281 -42.969 145.700
-18.388 -36.751 145.303
-19.181 -35.242 151.441
-21.115 -33.233 156.941
-25.674 -31.209 159.937
-31.972 -30.746 160.302
-38.591 -29.455 159.113
-43.143 -32.207 155.323
-46.295 -34.192 149.501
-46.502 -39.170 146.018
-44.668 -45.230 142.784
-43.280 -51.135 145.246
-41.409 -55.815 149.524
-41.990 -59.081 155.086
-44.500 -59.581 161.729
-56.126 -47.865 155.817
-52.519 -45.883 159.897
-45.962 -45.276 162.923
-39.768 -47.308 162.225
-35.149 -48.111 157.577
-32.036 -47.390 152.855
-31.880 -44.533 146.172
-33.745 -39.916 142.300
-34.346 -33.630 141.663
-34.769 -28.059 143.063
-33.054 -22.951 145.982
-29.588 -19.488 149.293
-2.293 -26.777 59.431
-1.079 -27.313 53.304
-3.953 -30.537 47.998
-3.119 -36.505 50.076
-1.026 -42.187 51.354
3.537 -45.829 51.090
9.644 -46.915 50.566
16.246 -46.767 48.823
20.924 -42.311 48.845
24.245 -36.295 48.039
24.695 -31.095 51.149
23.022 -25.433 55.105
21.168 -24.874 61.359
18.606 -26.458 67.254
18.265 -30.175 72.642
20.011 -36.176 76.060
33.054 -36.406 64.774
29.335 -40.881 64.231
22.614 -43.625 64.265
16.352 -41.860 65.185
12.095 -37.014 63.689
9.450 -32.911 60.782
9.905 -28.142 55.315
11.918 -27.081 49.447
12.344 -29.692 43.703
12.676 -33.658 39.439
10.725 -38.818 36.541
6.941 -43.268 35.479
18.642 12.442 135.813
17.731 8.043 131.377
20.890 5.243 126.083
20.125 10.166 122.084
18.361 14.233 117.792
14.012 15.910 114.322
7.987 16.022 112.748
1.380 14.393 111.734
-3.466 12.018 115.290
-7.013 8.155 119.826
-7.841 8.254 125.834
-6.801 9.123 132.809
-5.443 14.469 136.368
-3.139 20.577 137.848
-3.000 27.078 137.008
-4.646 32.793 133.082
-16.551 22.452 126.494
-12.385 24.359 122.855
-5.476 26.022 121.377
0.487 26.073 124.089
4.433 22.344 127.841
6.982 17.815 130.133
6.558 10.672 131.366
4.730 5.018 129.240
4.661 1.302 124.101
4.727 -0.373 118.504
6.912 -0.305 112.642
10.681 1.087 108.274
18.284 -46.876 -1.078
19.119 -41.030 1.124
16.059 -34.984 1.407
17.016 -33.460 -4.753
18.730 -31.408 -10.310
23.333 -29.336 -13.282
29.525 -28.508 -13.908
36.159 -27.129 -12.922
40.853 -29.661 -9.231
44.217 -32.021 -3.658
44.545 -37.288 -0.586
42.698 -43.512 2.323
41.081 -49.230 -0.425
38.680 -53.542 -4.914
38.548 -56.270 -10.847
40.558 -56.218 -17.676
52.975 -45.378 -12.104
49.019 -43.204 -15.800
42.198 -42.458 -18.147
36.077 -44.439 -16.863
31.952 -45.364 -11.776
29.373 -44.871 -6.754
29.875 -42.361 0.041
31.952 -37.855 3.895
32.353 -31.603 4.598
32.602 -25.927 3.407
30.693 -20.714 0.506
27.078 -17.438 -2.814
-20.984 15.474 11.972
-20.136 11.054 16.333
-23.281 7.840 21.309
-22.267 12.347 25.627
-20.441 16.196 30.080
-16.079 17.758 33.616
-9.981 17.856 34.909
-3.372 16.299 35.773
1.426 14.287 31.936
4.951 10.553 27.306
5.623 10.590 21.283
4.214 11.143 14.333
2.616 16.307 10.638
0.113 22.240 8.963
-0.166 28.759 9.474
1.443 34.704 13.050
13.911 25.013 19.966
9.840 26.969 23.638
2.953 28.438 25.354
-3.099 28.341 22.850
-7.113 24.485 19.316
-9.647 19.912 17.145
-9.097 12.784 15.889
-7.187 7.203 17.978
-7.008 3.477 23.062
-6.862 1.642 28.547
-8.976 1.509 34.388
-12.714 2.701 38.788
-3.054 -46.200 110.907
-0.527 -46.211 112.335
-1.944 -46.256 114.869
-23.272 -18.082 149.963
-20.871 -16.933 149.182
-22.195 -14.741 147.719
-32.436 60.769 13.873
-27.858 56.160 14.752
-26.596 58.294 10.453
-24.162 59.579 4.496
-22.732 56.258 -1.269
-24.603 51.532 -5.376
-28.820 46.682 -8.245
-33.378 42.078 -8.940
-39.748 41.097 -8.045
-45.889 41.408 -5.148
-50.892 45.651 -4.481
-41.823 60.186 -11.166
-43.101 59.313 -4.446
-44.094 55.574 1.014
-43.039 49.815 4.295
-40.256 43.733 5.226
-34.522 40.685 5.483
-28.023 40.536 4.874
-21.831 41.909 5.265
-19.299 41.650 6.761
-19.547 38.888 7.835
69.305 3.967 -14.269
63.348 4.131 -16.584
64.893 5.723 -10.409
63.485 8.510 -4.236
60.704 7.178 1.533
56.915 4.055 6.116
55.423 -2.160 8.651
54.015 -8.253 9.419
56.234 -14.550 8.275
59.467 -19.782 5.457
65.864 -21.597 4.870
74.068 -6.604 10.976
73.362 -8.177 4.235
70.586 -11.143 -1.106
64.997 -12.877 -4.102
58.286 -13.300 -4.853
52.914 -9.754 -5.183
49.101 -4.753 -4.375
47.322 1.866 -5.433
46.054 4.318 -6.554
43.904 2.738 -7.907
15.599 6.249 12.825
13.558 -0.169 12.821
10.841 -4.169 17.337
7.455 -5.511 21.910
3.574 -4.238 27.728
1.858 -0.155 32.916
-1.702 5.389 33.460
-4.956 10.607 30.276
-7.414 13.887 24.796
-9.435 -3.789 16.458
-5.372 0.389 13.051
-2.714 6.556 13.795
-0.725 12.189 16.780
2.846 14.608 21.847
7.458 13.230 26.845
11.166 10.040 30.548
14.934 4.598 32.701
18.558 -0.628 29.880
143.780 31.365 69.558
139.475 26.949 66.205
133.443 25.890 64.009
129.346 30.079 60.485
125.936 36.407 58.697
132.499 38.571 56.573
133.757 44.283 54.211
138.576 49.820 55.370
144.838 50.210 53.659
150.695 48.011 51.807
145.004 32.613 45.551
148.816 32.736 51.829
150.809 37.041 57.742
149.194 39.737 61.686
144.665 44.033 64.997
139.040 45.817 65.206
133.300 45.102 70.051
129.264 41.265 72.391
125.243 35.717 73.404
126.648 29.005 74.402
144.655 35.723 98.163
139.840 39.159 101.101
134.634 39.202 104.311
128.732 35.742 105.764
125.810 29.643 107.122
132.326 27.421 110.131
133.149 22.142 113.076
138.232 17.036 112.591
144.659 16.447 113.102
150.308 18.254 116.613
141.834 31.378 123.880
145.123 33.096 118.322
148.721 31.473 112.579
148.814 27.783 107.862
145.582 22.970 104.029
140.544 21.144 102.576
135.030 21.146 97.228
131.179 24.812 94.371
126.842 30.001 92.315
127.758 36.708 91.448
9.221 46.088 33.074
15.507 46.548 35.923
20.085 46.991 41.087
22.015 45.470 48.200
21.880 40.881 51.816
18.770 34.813 54.952
16.982 28.995 53.795
21.685 23.212 54.591
26.215 19.687 52.307
31.967 18.594 48.899
36.562 20.139 43.958
39.532 25.357 41.131
42.972 30.944 42.279
45.113 35.871 46.316
40.882 26.719 60.993
35.318 31.463 59.111
33.860 36.549 54.499
32.815 37.348 47.320
31.651 34.801 41.429
28.630 30.103 38.167
26.536 23.915 36.671
21.848 28.941 37.490
14.204 29.997 37.732
9.425 31.201 42.181
7.212 35.067 47.228
7.271 40.545 50.656
10.105 46.397 52.929
11.678 52.295 49.270
3.447 47.990 34.807
10.034 46.596 33.003
16.295 46.234 35.700
20.188 47.084 41.081
22.262 45.467 47.973
22.324 40.296 52.254
19.467 34.667 55.077
17.296 28.996 54.045
21.742 22.821 55.179
26.400 19.443 52.867
32.111 18.071 49.456
36.265 19.240 43.940
39.420 24.615 41.495
41.983 30.892 42.300
45.424 34.954 46.301
45.125 20.732 59.477
41.333 25.978 60.979
36.445 31.418 59.215
33.658 35.859 54.601
33.156 37.428 47.948
31.972 34.372 42.193
28.447 30.017 38.863
26.760 23.685 37.261
22.147 29.474 37.899
14.406 29.816 37.979
9.646 30.875 42.511
7.569 34.581 47.607
7.901 39.988 51.618
10.542 46.220 53.002
11.655 51.852 49.672
9.349 46.212 33.479
16.034 46.144 35.692
19.927 47.337 41.156
22.705 45.663 47.680
21.928 40.474 52.191
19.416 34.819 54.913
17.454 29.207 53.857
21.745 22.901 55.054
26.334 19.470 52.642
32.258 18.562 49.474
36.696 19.816 44.199
39.491 24.988 41.409
42.587 31.132 42.417
45.168 35.718 46.429
41.445 25.827 60.903
36.836 31.434 59.147
34.053 36.187 54.841
33.124 37.600 48.091
31.709 34.747 42.334
28.469 30.260 38.908
26.840 23.986 37.181
21.831 28.315 38.188
14.253 30.062 37.877
9.495 31.081 42.455
7.393 34.782 47.528
7.501 39.879 51.386
11.119 46.166 53.179
11.818 52.204 49.585
8.573 46.526 33.303
15.790 46.268 35.846
19.991 46.526 41.190
22.586 45.179 47.104
21.806 40.440 52.240
19.654 34.654 54.721
17.380 29.186 53.792
21.609 22.893 55.017
26.167 19.387 52.700
32.010 18.533 49.467
36.425 20.009 44.241
39.227 25.401 41.377
42.373 31.372 42.612
44.936 35.527 47.075
40.757 25.501 60.865
36.055 31.414 59.695
34.075 36.816 54.677
33.120 37.624 47.355
31.903 34.540 41.808
28.810 29.855 38.418
26.576 23.668 37.104
21.602 27.842 38.038
14.210 30.044 37.902
9.447 30.867 42.646
7.491 34.501 47.727
7.984 39.538 51.889
10.837 46.402 53.085
11.717 51.885 50.065
32.850 10.771 21.805
34.116 17.531 19.728
40.122 19.952 22.008
45.733 18.390 24.295
43.748 22.691 19.828
49.001 25.501 15.823
44.609 27.158 10.996
40.314 27.369 6.382
42.391 32.255 1.751
36.853 7.577 -5.455
32.390 11.709 -3.534
25.919 14.331 -3.707
20.046 12.450 -1.213
16.484 8.090 2.568
12.553 13.302 -0.374
9.824 18.283 3.356
6.790 20.549 8.955
4.365 21.812 15.174
7.077 22.370 21.492
12.331 22.538 25.803
18.457 24.813 26.314
23.713 28.008 24.313
27.792 31.351 20.017
27.709 36.670 15.833
9.730 37.986 16.967
12.733 36.337 11.139
17.033 32.326 8.371
21.021 26.781 8.843
24.587 22.232 12.412
23.715 17.720 17.201
20.085 13.652 21.161
14.643 10.233 21.164
8.452 8.575 18.761
30.010 -1.589 7.944
26.472 -4.317 3.452
22.833 -3.880 -2.131
20.624 -0.738 -7.444
21.019 4.349 -12.204
5.278 5.332 14.798
4.035 2.843 13.765
4.249 1.446 16.084
36.750 8.412 -5.439
31.675 12.231 -3.878
24.872 13.768 -4.013
19.115 11.482 -2.017
16.251 7.918 2.593
12.642 13.232 -0.239
9.778 18.274 3.391
6.770 20.565 9.013
4.427 21.687 15.325
7.059 22.156 21.701
12.193 22.388 26.060
18.372 24.597 26.812
23.922 27.605 24.595
27.976 30.846 20.314
27.750 36.497 16.751
9.570 36.624 18.030
12.138 34.938 12.390
17.139 32.217 8.630
21.449 26.767 9.202
24.565 22.024 12.570
23.509 17.299 17.050
19.866 13.416 21.195
14.303 10.039 21.086
8.352 8.470 18.593
30.348 -1.797 7.818
26.753 -4.568 3.327
23.189 -4.370 -2.252
21.445 -1.725 -7.830
20.779 3.149 -12.671
5.138 5.342 14.879
3.949 2.760 13.800
4.209 1.310 16.087
-1.958 20.255 10.680
-3.275 15.099 6.758
-4.725 11.794 1.013
-1.425 9.867 -4.613
4.303 9.525 -8.085
10.627 8.611 -7.594
16.900 8.916 -4.822
19.022 5.675 0.937
18.292 2.813 6.945
15.536 -2.159 10.135
13.126 -8.167 11.054
10.694 -8.166 -7.291
5.323 -8.143 -3.349
2.659 -5.729 2.300
4.327 -0.893 7.120
7.976 3.805 10.069
11.806 9.307 9.309
15.107 14.039 5.493
13.301 18.224 0.514
9.443 20.865 -3.963
4.180 20.767 -8.567
-2.500 21.124 -8.187
-10.955 65.875 53.167
-13.041 70.928 51.652
-15.073 76.645 47.120
-14.107 79.271 40.571
-14.894 76.829 34.078
-17.891 72.731 29.960
-20.742 66.443 29.364
-26.023 62.392 30.306
-32.264 61.812 31.780
-38.468 63.798 32.535
-35.980 84.684 14.786
-30.389 81.729 19.140
-30.500 78.582 24.392
-33.298 81.959 28.890
-34.756 81.643 35.938
-33.983 77.715 41.266
-32.428 72.238 44.681
-29.099 66.630 45.286
-24.889 62.071 42.647
-19.776 60.700 38.154
-14.072 62.181 34.807
-8.245 65.472 34.903
-5.982 71.554 35.629
-2.456 75.646 41.006
-29.405 10.175 56.825
-25.018 6.583 53.408
-22.979 3.074 49.395
-25.024 -2.567 44.943
-29.614 -5.155 41.536
-35.913 -4.978 38.619
-39.855 -1.543 34.793
-40.885 4.259 31.328
-38.762 10.798 30.163
-34.171 14.982 27.633
-29.440 16.054 24.086
-24.977 14.995 19.500
-42.532 -0.280 5.590
-42.175 -0.604 12.712
-37.189 1.147 16.712
-32.302 -2.960 16.782
-26.187 -3.386 19.887
-21.899 -0.865 24.227
-20.057 3.493 28.932
-21.595 8.279 33.077
-26.108 12.505 36.024
-32.341 14.167 38.097
-38.759 12.842 39.805
-41.812 8.935 44.079
-42.390 2.856 47.135
-39.816 -3.009 49.706
-35.845 -7.238 52.069
-29.836 -8.376 55.325
-25.839 16.100 14.346
-23.161 16.407 13.594
-23.642 16.877 10.785
-42.216 63.297 29.360
-44.730 62.719 28.063
-45.402 65.013 26.466
5.432 -19.960 -9.081
-0.470 -22.085 -6.469
-6.457 -19.596 -5.284
-10.895 -15.199 -6.877
-13.122 -10.066 -9.988
6.455 -29.952 -26.284
3.440 -24.216 -24.161
-0.661 -18.750 -25.446
-6.216 -17.225 -23.712
-1.271 -12.239 -25.098
0.874 -7.129 -21.298
0.491 -3.373 -15.649
-1.601 -2.169 -9.667
-2.855 -4.198 -3.119
-2.256 -8.270 1.915
-13.002 -31.587 -27.700
-12.024 -27.287 -32.455
-7.399 -24.449 -36.071
-16.048 -8.052 -14.402
-18.496 -7.987 -16.365
-20.396 -8.668 -14.678
3.952 20.840 62.621
7.669 15.948 58.611
11.627 15.550 53.149
15.117 17.827 48.075
18.521 22.438 45.913
20.921 29.156 47.402
24.247 33.268 51.371
26.618 34.460 57.327
28.714 32.129 63.186
30.530 28.606 68.218
34.117 23.361 69.185
38.179 19.033 68.034
46.345 36.992 53.544
42.694 31.518 54.754
43.198 26.617 50.687
40.063 20.350 50.799
35.872 15.267 52.470
30.040 14.600 56.121
25.817 14.319 61.271
21.736 17.893 64.658
18.655 24.382 65.687
15.745 30.077 64.118
13.182 34.139 59.536
10.788 34.372 53.138
9.256 32.338 48.300
5.412 27.507 45.483
2.241 22.049 44.638
1.155 11.505 118.168
2.559 14.847 124.817
4.357 15.111 130.985
10.510 13.795 133.495
17.100 12.490 133.406
22.815 13.577 130.813
26.209 15.497 125.709
27.444 17.537 119.604
26.576 22.191 115.363
25.266 28.374 114.429
24.176 34.016 115.869
39.155 28.084 133.721
33.087 28.290 131.124
28.721 31.494 134.333
22.492 32.567 133.257
16.428 32.250 130.019
13.185 28.971 125.332
11.854 26.477 119.391
12.679 21.280 115.538
14.973 14.857 114.268
16.159 9.345 116.224
16.236 4.194 119.059
13.096 0.643 124.220
8.537 0.635 129.093
3.246 1.153 131.150
44.208 17.948 67.612
47.087 17.732 67.799
47.141 18.022 70.610
26.527 39.496 117.567
28.024 41.961 117.594
28.924 41.946 114.851
36.377 7.483 -5.692
32.004 11.836 -4.664
25.419 13.563 -3.644
19.414 11.769 -2.219
16.388 7.790 2.165
12.640 13.165 -0.393
9.691 18.065 3.348
6.539 20.363 8.832
4.367 21.796 15.209
7.158 22.199 21.516
12.435 22.324 25.823
18.573 24.365 26.280
24.340 27.206 24.342
27.900 30.818 20.047
27.687 36.547 16.654
9.446 37.260 17.651
12.756 35.506 11.911
17.025 32.157 8.735
21.602 26.894 8.998
24.594 22.053 12.476
23.594 17.109 16.833
19.933 13.599 20.872
14.527 10.189 20.846
8.360 8.573 18.575
30.165 -1.571 7.488
26.366 -4.518 2.964
22.880 -4.251 -2.560
21.092 -1.702 -8.270
20.507 3.495 -12.812
5.317 5.035 14.720
4.083 2.659 13.811
4.166 1.121 16.149
-13.426 7.342 4.893
-11.146 6.938 3.382
-11.992 7.368 0.798
0.759 53.030 -30.224
-0.383 57.663 -26.669
-4.186 63.621 -27.149
-9.527 65.138 -29.418
-15.401 65.462 -30.953
-20.619 62.622 -31.591
-24.876 56.875 -33.103
-24.224 50.294 -30.235
-21.386 44.771 -26.541
-20.264 42.464 -21.249
-18.986 42.750 -15.014
-19.459 42.155 -8.476
-23.077 43.931 -3.103
-28.734 46.937 0.211
-34.862 49.633 -1.078
-40.736 47.682 -3.089
-44.291 43.564 -6.342
-47.071 38.119 -9.554
-47.017 31.799 -7.785
-44.232 26.040 -5.282
-41.901 23.561 0.999
-38.856 25.346 7.163
-41.038 39.807 9.594
-35.452 36.007 7.318
-31.857 32.279 2.558
-32.012 30.587 -3.512
-32.758 29.750 -10.030
-33.134 34.558 -14.446
-33.212 40.619 -17.064
-35.075 47.668 -16.764
-33.840 53.525 -14.032
-30.781 57.510 -9.715
-26.831 58.201 -14.142
-19.176 59.283 -14.366
-13.820 56.945 -17.006
-9.677 51.441 -19.788
-9.998 47.930 -25.357
-12.357 45.489 -30.863
-13.447 48.038 -37.339
-13.937 54.564 -41.438
-10.569 59.265 -43.194
-5.846 64.175 -42.060
0.470 66.565 -41.137
6.006 63.858 -37.560
-49.725 19.344 7.485
-53.540 22.016 3.756
-57.720 27.761 3.981
-57.195 33.331 6.112
-55.389 38.928 7.523
-50.824 42.784 8.133
-43.975 44.672 9.786
-38.042 41.605 7.101
-33.859 36.821 3.674
-31.964 34.785 -1.470
-32.535 33.478 -7.707
-31.651 33.523 -14.188
-31.832 37.381 -19.695
-32.494 43.658 -23.215
-32.750 50.346 -22.116
-28.814 55.175 -20.160
-23.813 57.063 -16.836
-17.761 57.752 -13.520
-11.912 55.323 -15.129
-7.488 50.548 -17.295
-5.900 47.324 -23.481
-8.523 44.947 -29.632
-21.061 52.443 -32.545
-19.671 45.900 -30.129
-17.701 41.275 -25.217
-16.187 40.964 -19.092
-15.323 41.462 -12.561
-19.764 43.662 -8.329
-25.369 46.107 -5.896
-31.245 50.279 -6.461
-37.017 51.363 -9.355
-41.784 49.988 -13.682
-44.076 46.683 -9.264
-47.892 40.002 -8.933
-47.741 34.215 -6.167
-44.259 28.325 -3.229
-41.026 27.474 2.457
-38.021 28.877 8.013
-40.150 30.960 14.380
-46.115 33.917 18.284
-51.774 32.624 19.910
-58.052 30.045 18.714
-62.572 25.057 17.785
-62.045 18.831 14.368
-28.655 57.577 16.363
-27.243 58.511 10.669
-23.893 58.814 4.947
-22.393 55.696 -0.885
-24.515 51.602 -4.640
-28.586 46.647 -7.413
-33.090 41.720 -7.880
-39.476 41.300 -7.339
-45.727 41.688 -4.839
-50.867 45.808 -3.972
-40.950 56.569 -16.108
-42.686 60.612 -10.818
-43.252 59.538 -4.057
-44.464 55.319 1.272
-43.952 49.427 4.490
-40.575 43.775 5.440
-34.768 40.943 6.049
-34.779 40.891 6.053
-28.899 40.857 6.464
-28.513 40.548 5.365
-21.539 41.803 5.699
-18.916 41.501 7.069
-19.281 38.794 8.087
-27.104 58.008 11.074
-23.891 58.805 5.036
-22.756 55.827 -0.866
-24.091 51.117 -4.605
-28.128 46.264 -7.464
-33.212 41.913 -7.939
-39.405 39.957 -6.499
-45.634 41.766 -4.921
-50.916 45.660 -3.806
-40.658 56.529 -15.613
-42.671 60.516 -10.647
-43.227 59.286 -3.960
-44.530 55.433 1.453
-43.425 49.641 4.659
-40.377 43.715 5.493
-34.703 40.663 6.108
-28.724 40.117 6.445
-21.648 41.791 5.649
-19.044 41.465 6.959
-19.347 38.892 7.984
-28.235 57.512 16.038
-27.119 58.326 10.856
-23.848 58.839 4.941
-22.699 55.849 -0.933
-24.061 51.092 -4.732
-28.263 46.255 -7.522
-33.313 42.013 -8.057
-39.384 39.945 -6.530
-45.663 41.642 -4.982
-50.936 45.656 -3.925
-40.422 56.288 -15.759
-42.418 60.242 -10.877
-43.145 59.323 -4.028
-44.485 55.439 1.354
-43.477 49.777 4.583
-40.452 43.896 5.525
-34.741 40.801 6.115
-34.736 40.816 6.118
-28.673 40.307 6.241
-28.258 40.179 4.799
-21.532 41.882 5.802
-18.890 41.560 7.092
-19.312 38.835 8.007
