190.069 263.180 162.150
196.709 260.273 161.533
202.873 262.729 163.221
206.833 267.390 166.551
207.805 271.154 172.073
205.988 273.917 178.646
203.677 272.502 184.341
200.740 269.274 189.204
200.550 263.137 192.164
201.808 255.829 191.727
206.420 250.988 190.871
212.421 249.473 191.157
219.214 252.109 190.171
223.650 255.463 192.407
226.193 258.041 197.476
225.326 261.440 203.258
222.021 260.186 209.184
219.173 256.692 213.636
218.561 250.728 216.072
220.781 245.460 218.283
224.922 240.682 218.745
231.608 238.862 218.509
238.150 241.610 217.163
241.896 246.235 219.454
242.878 250.506 222.353
242.928 254.844 226.547
239.780 257.706 231.850
236.070 255.770 237.603
237.262 251.686 242.182
238.608 246.888 245.973
244.479 243.707 248.145
250.940 242.989 249.110
256.596 246.286 249.570
261.032 251.546 248.797
260.382 258.884 248.077
258.707 263.399 250.266
253.769 267.650 253.376
250.188 267.651 258.985
249.167 266.444 265.004
250.688 264.318 270.958
255.668 262.478 274.967
262.206 262.846 276.525
268.283 265.450 275.750
272.317 270.364 273.674
272.906 276.835 271.884
270.268 282.991 271.998
266.248 287.421 274.963
262.728 289.438 280.265
261.506 289.298 286.838
263.434 287.820 293.062
268.292 286.332 297.438
274.909 286.376 298.704
281.013 288.213 296.806
284.828 292.116 292.855
285.328 298.224 290.034
283.480 304.669 289.968
281.045 309.991 293.261
279.401 313.162 298.935
280.105 313.887 305.607
283.508 313.361 310.716
288.391 310.495 313.762
293.900 309.075 314.659
300.366 309.703 311.358
303.460 313.277 307.815
305.027 317.859 303.332
304.727 324.393 301.998
303.589 330.719 303.890
302.846 335.267 308.792
303.614 337.011 315.234
306.837 336.155 321.061
311.789 334.533 324.396
317.833 332.862 325.435
323.835 332.679 321.947
327.784 334.347 316.050
329.489 339.050 312.078
329.352 346.064 310.512
329.941 351.472 312.559
330.258 356.911 316.234
328.967 358.764 323.222
331.548 358.480 328.934
336.147 358.374 332.590
341.741 354.412 335.131
347.278 353.103 333.957
352.934 351.993 331.039
357.205 354.046 326.990
359.651 358.800 322.906
358.841 365.167 319.616
357.327 371.311 320.377
356.961 376.870 323.385
356.309 379.722 330.277
359.202 380.045 335.952
363.533 379.058 340.646
369.146 376.427 342.854
374.811 373.218 341.552
379.028 373.214 335.280
380.961 377.488 330.453
381.302 382.927 326.755
382.366 389.487 327.019
384.302 394.811 330.574
384.502 399.363 335.482
387.476 399.826 341.144
390.179 397.095 346.886
396.086 393.943 348.307
401.631 390.320 347.704
407.411 388.777 344.736
412.039 390.615 340.518
414.732 395.832 337.121
403.577 405.831 350.758
402.330 406.768 344.705
402.372 406.042 338.029
403.688 401.918 332.615
404.924 395.340 331.458
403.705 388.890 333.504
399.241 385.327 337.767
395.112 384.727 343.190
390.139 386.293 347.164
383.900 388.671 347.320
378.342 390.643 345.219
374.622 392.442 339.847
372.444 391.184 334.099
373.707 388.789 328.582
374.349 382.037 325.733
374.845 375.683 326.583
373.076 370.341 329.504
368.995 366.704 333.606
363.983 366.610 338.758
358.111 369.172 340.182
352.275 369.600 337.357
347.594 372.075 332.512
346.566 371.479 325.997
346.485 367.183 321.181
348.193 361.620 317.451
349.201 355.321 316.676
348.140 348.862 318.883
344.887 345.389 323.662
341.322 343.459 329.115
334.780 344.094 331.098
328.964 347.879 332.152
323.316 350.581 330.417
319.173 350.246 325.298
317.316 350.450 318.947
316.911 348.710 312.032
317.521 344.226 308.358
319.807 337.698 307.399
320.250 331.409 309.107
318.682 326.268 313.491
314.601 323.737 318.128
308.609 323.590 321.099
302.114 325.239 321.245
296.573 327.199 318.003
293.309 327.864 312.165
292.367 326.181 306.247
294.460 322.925 301.190
296.419 318.212 299.108
297.560 312.276 298.815
297.757 306.299 301.958
293.857 302.911 305.861
287.987 301.159 308.534
281.260 301.306 308.548
275.374 302.678 305.615
271.790 303.874 300.031
271.654 303.647 293.294
274.679 301.455 287.797
278.829 296.943 285.001
281.229 290.672 285.221
280.375 284.302 287.204
276.137 279.649 289.472
270.043 277.173 290.274
263.552 276.665 288.552
258.530 278.072 284.292
256.524 280.011 278.136
258.212 280.868 271.672
262.240 278.995 266.626
266.332 274.476 263.921
268.462 268.105 263.396
266.500 261.779 265.655
263.662 256.439 264.695
257.959 253.051 265.751
251.236 255.151 265.273
246.882 256.416 261.126
244.485 260.489 255.821
247.431 263.579 249.996
250.413 261.946 245.507
253.525 259.012 241.028
255.616 253.355 238.157
253.688 246.585 237.896
249.647 241.438 236.253
242.802 239.330 235.528
236.471 240.403 235.770
231.721 246.015 234.850
228.833 251.524 233.043
230.988 256.678 228.570
232.969 257.005 222.328
236.401 255.948 217.090
236.668 251.871 211.613
234.885 247.053 207.761
229.082 242.864 206.687
223.104 242.692 204.753
216.637 244.256 205.972
212.610 249.934 206.716
211.714 256.701 206.171
212.831 262.297 204.144
213.734 265.313 198.419
217.160 265.719 192.752
216.569 264.165 186.896
215.717 258.713 182.388
210.993 255.521 180.236
204.336 254.280 179.515
198.160 256.341 180.737
194.064 261.880 181.469
193.316 268.488 180.958
195.010 274.996 177.557
197.596 277.134 172.015
201.099 276.457 166.140
228.011 282.139 193.468
230.941 282.561 193.627
254.284 272.064 208.918
252.784 274.242 210.206
29.290 15.480 23.069
30.968 18.444 17.469
32.999 23.582 16.309
34.769 29.540 17.172
31.889 34.769 13.966
32.969 32.974 8.247
36.446 31.778 4.130
22.072 26.416 -23.274
23.502 21.093 -18.476
28.314 20.334 -13.146
28.679 22.213 -7.134
26.080 25.747 -1.775
20.683 27.274 1.961
14.834 25.676 3.904
8.744 22.733 3.790
9.075 18.911 9.707
10.837 14.709 13.537
14.675 10.386 17.122
21.410 8.670 17.943
27.704 10.540 17.991
32.152 15.527 17.744
34.327 21.183 16.744
33.446 28.127 16.000
20.363 20.206 29.304
17.979 26.933 25.907
18.669 29.963 20.515
20.813 29.400 14.371
23.356 25.592 9.795
27.440 21.132 6.638
26.872 15.365 4.919
23.900 9.982 2.738
19.202 7.641 -1.251
16.140 10.002 -5.385
11.952 14.331 -9.236
8.081 19.846 -8.811
9.843 26.181 -9.121
13.348 31.990 -7.942
18.944 34.983 -7.771
36.830 -9.471 21.584
36.896 -5.311 16.074
39.829 -3.794 11.629
44.009 -3.844 6.407
45.330 -8.268 1.127
43.026 -14.235 -2.125
37.785 -18.459 -3.853
33.804 -19.542 -5.923
28.925 -18.416 -9.750
26.103 -14.416 -13.039
24.867 -8.802 -16.211
27.210 -2.202 -16.878
32.604 2.049 -17.177
38.874 2.953 -16.735
45.356 1.522 -17.262
50.370 -2.848 -18.748
39.944 -5.698 -30.956
38.401 -10.863 -26.874
41.168 -15.315 -22.150
43.055 -14.621 -15.873
43.311 -10.724 -10.302
41.819 -5.226 -6.901
37.054 -2.188 -4.316
30.983 -1.441 -2.153
26.829 -3.913 2.022
25.602 -8.121 5.858
26.875 -13.479 9.128
29.702 -19.340 9.777
34.862 -23.352 7.464
41.536 -22.992 7.348
47.209 -17.863 5.870
15.184 -6.448 -35.113
10.345 -9.473 -36.999
9.640 51.856 44.408
6.628 48.753 49.372
6.894 42.822 52.600
10.460 38.725 55.490
12.775 34.671 51.903
18.862 33.770 49.467
24.246 32.697 46.892
26.516 37.514 42.640
-46.567 -22.951 43.909
-39.987 -20.978 43.228
-34.535 -22.132 39.987
-31.901 -24.376 34.092
-32.778 -28.051 28.627
-36.371 -29.456 23.386
-42.054 -30.933 19.723
-46.817 -26.299 17.337
-50.453 -20.571 17.020
-50.065 -13.956 17.066
-47.132 -8.037 17.676
-41.986 -4.116 15.783
-37.028 -4.369 11.144
-32.022 -7.412 7.570
-30.749 -11.315 2.259
-49.722 -10.553 0.766
-47.950 -16.098 0.858
-42.684 -20.761 1.754
-37.384 -21.364 5.835
-32.874 -19.079 10.131
-31.948 -16.755 16.142
-32.459 -12.759 21.901
-37.373 -11.399 26.212
-43.416 -12.670 28.725
-48.062 -16.600 30.062
-51.123 -22.717 30.045
-50.891 -29.391 29.166
-47.301 -34.497 31.225
-41.834 -37.581 33.447
-36.139 -37.457 37.039
-38.144 -68.867 -9.276
-43.826 -66.747 -12.383
-48.198 -61.879 -13.355
-49.177 -55.102 -13.423
-47.068 -49.153 -11.755
-42.287 -44.576 -12.224
-35.901 -41.884 -12.439
-31.234 -42.620 -17.068
-27.613 -45.708 -22.152
-28.543 -48.775 -28.002
-31.816 -50.710 -33.407
-36.508 -49.099 -38.150
-40.197 -43.989 -40.043
-43.524 -38.230 -39.554
-43.307 -31.614 -38.287
-24.106 -33.165 -37.014
-26.606 -29.300 -31.922
-32.149 -29.327 -28.504
-37.354 -32.300 -26.009
-42.484 -35.409 -27.591
-45.401 -41.275 -26.829
-46.785 -48.152 -28.163
-42.938 -53.719 -27.909
-37.415 -56.837 -25.621
-32.989 -57.697 -21.277
-30.073 -56.597 -15.218
-29.663 -53.381 -9.179
-33.473 -53.236 -3.799
-39.024 -53.381 -0.266
-46.022 -54.026 0.252
18.468 -7.827 44.932
23.818 -3.567 46.217
24.711 1.921 49.622
22.064 5.988 54.650
17.699 8.382 59.090
13.869 6.495 63.973
11.268 2.360 68.550
11.499 -3.908 70.064
13.851 -10.171 70.681
19.371 -13.308 72.696
25.026 -13.334 75.831
29.578 -10.292 79.546
33.746 -5.715 82.056
33.519 -0.996 86.565
14.892 1.457 87.827
18.741 4.662 83.613
23.545 6.819 79.750
27.429 4.410 74.717
31.304 0.246 71.098
30.960 -4.813 66.983
26.677 -8.131 62.989
20.801 -11.444 61.565
14.779 -11.160 60.199
8.976 -7.635 58.273
5.783 -2.137 56.530
7.142 3.335 52.895
10.909 8.247 49.938
16.101 9.448 45.755
6.534 1.074 -3.613
10.004 -4.375 -1.324
15.456 -5.606 1.985
20.128 -2.965 6.359
23.570 1.422 9.946
22.768 6.554 14.083
19.627 10.612 18.142
13.321 11.673 19.940
7.003 10.583 21.187
3.247 6.209 24.666
2.768 1.334 28.989
5.608 -3.588 32.675
10.253 -7.925 34.983
16.222 -8.693 37.912
18.356 9.706 38.357
21.848 5.639 34.200
23.400 -0.056 30.727
19.764 -4.053 26.703
14.653 -7.893 24.548
9.262 -7.389 20.767
6.431 -3.484 16.067
3.883 2.695 13.890
5.219 8.286 11.225
9.464 12.879 8.232
15.151 14.587 5.625
20.119 11.692 2.133
24.112 6.672 0.000
24.334 0.850 -3.257
18.396 -7.860 44.832
23.816 -3.634 46.037
24.767 1.924 49.462
22.093 5.790 54.550
17.652 8.313 58.995
13.908 6.413 63.888
11.285 2.183 68.468
11.544 -4.036 69.990
13.922 -10.340 70.592
19.391 -13.491 72.616
25.138 -13.497 75.729
29.607 -10.425 79.355
33.759 -5.874 81.932
33.569 -1.201 86.445
15.012 1.374 87.720
18.812 4.487 83.450
23.607 6.671 79.674
27.502 4.311 74.594
31.363 0.070 70.991
31.022 -4.974 66.825
26.705 -8.249 62.831
20.829 -11.503 61.406
14.825 -11.245 60.010
8.961 -7.803 58.161
5.807 -2.196 56.507
7.124 3.232 52.913
10.942 8.129 49.953
16.003 9.519 45.826
6.360 1.135 -3.765
9.756 -4.201 -1.436
15.184 -5.467 1.988
19.859 -2.841 6.321
23.322 1.635 9.913
22.653 6.697 14.018
19.302 10.768 18.108
12.947 11.723 19.965
6.656 10.678 21.251
3.055 6.137 24.868
2.626 1.125 29.004
5.633 -3.376 32.708
10.134 -8.107 34.807
16.140 -8.698 37.709
18.010 9.645 38.432
21.570 5.744 34.083
23.173 0.066 30.681
19.599 -3.989 26.625
14.493 -7.850 24.495
9.044 -7.379 20.768
6.182 -3.389 16.068
3.781 2.977 13.978
4.984 8.318 11.313
9.252 12.938 8.248
14.930 14.650 5.635
19.885 11.863 2.102
23.838 6.744 0.028
24.204 0.938 -3.160
154.080 -5.213 0.171
149.167 -2.340 3.832
146.027 -1.611 9.963
147.692 -1.085 16.391
151.706 -2.632 21.954
157.113 0.188 23.890
162.566 3.608 23.461
168.082 5.956 20.168
169.153 12.560 18.169
166.910 18.258 14.810
164.742 23.590 17.399
161.578 27.266 22.582
157.717 14.476 31.586
153.644 16.425 26.590
152.238 17.034 19.796
154.558 15.690 13.552
159.432 13.964 8.896
162.161 8.115 7.684
163.539 1.950 9.116
165.026 -3.150 13.282
161.748 -8.600 14.812
156.246 -11.494 17.546
150.701 -14.079 15.142
145.820 -14.084 9.975
7.698 0.603 92.704
13.177 -3.746 92.759
16.437 -9.421 91.426
16.286 -15.180 88.100
14.792 -18.559 82.282
12.509 -17.940 75.315
8.932 -14.076 70.690
8.300 -7.535 68.503
10.215 -0.332 67.879
14.207 1.728 64.514
20.871 2.311 62.481
26.042 0.585 60.555
29.211 -4.114 56.386
30.267 -10.656 53.415
27.661 -14.467 49.957
23.398 -16.626 45.542
16.426 -15.643 44.628
12.246 -11.674 42.284
11.864 -4.805 40.450
16.193 -0.951 35.843
19.106 1.194 31.208
21.141 -0.063 24.776
24.767 -3.564 19.977
21.614 -7.165 15.539
18.477 -13.500 14.440
13.121 -15.390 13.952
6.138 -16.667 12.996
1.128 -14.700 17.540
-1.312 -8.283 19.316
-3.264 -2.096 17.181
-3.262 2.360 12.576
-5.418 4.512 6.698
-7.618 3.874 1.048
-12.147 -0.788 -2.615
-15.650 -6.874 -3.432
-18.773 -12.005 0.260
-23.222 -13.249 4.759
-25.920 -12.823 10.050
-26.266 -10.167 16.550
-30.028 -4.291 18.720
-31.867 2.782 16.937
-36.939 5.315 16.166
-43.900 4.979 13.884
-49.338 1.076 12.715
-53.103 -4.618 14.868
-53.894 -11.269 16.339
-52.950 -15.303 21.320
-48.894 -17.082 27.090
-47.715 -13.395 32.468
-47.647 -8.050 36.801
-50.544 -3.165 40.021
-57.456 -1.488 42.858
-63.922 -1.693 42.168
-68.874 -6.238 43.190
-72.272 -9.662 46.625
-71.429 -15.028 51.635
-68.191 -19.375 54.894
-62.586 -22.180 56.817
-55.959 -22.328 55.821
-50.951 -18.194 58.776
-49.387 -12.570 62.256
-50.993 -8.440 67.154
-53.970 -8.404 73.491
-55.020 -12.107 78.400
-54.971 -17.080 83.181
-50.776 -21.767 85.986
-47.854 -27.782 83.473
-42.478 -30.111 81.253
-37.158 -29.399 78.020
-32.723 -24.971 74.998
-28.799 -18.764 76.544
-25.924 -16.339 81.932
-22.604 -17.139 86.473
-21.872 -20.605 93.001
-18.038 -25.187 95.056
-15.457 -31.702 94.122
-12.020 -36.030 91.832
-10.245 -39.403 85.960
-8.031 -37.972 80.172
-7.110 -33.348 74.990
-3.290 -28.181 73.482
1.495 -23.401 76.029
7.768 -22.680 78.740
13.055 -26.345 80.193
17.431 -30.045 80.017
19.449 -36.312 77.682
20.278 -39.900 71.550
18.560 -41.457 65.852
13.867 -40.959 61.041
11.504 -36.922 56.597
12.081 -30.282 54.802
16.439 -25.700 53.168
22.058 -24.302 49.699
26.125 -24.680 44.697
29.458 -28.953 40.376
29.052 -33.158 36.169
27.214 -38.774 32.751
21.665 -43.814 31.244
15.797 -42.918 29.146
9.409 -40.734 31.089
5.878 -36.478 29.330
5.681 -29.938 26.792
7.190 -25.228 22.792
9.218 -23.784 16.233
11.929 -26.184 9.889
9.602 -30.623 4.786
5.641 -35.693 2.270
-0.604 -38.602 1.583
-5.483 -41.393 5.009
-11.363 -41.148 9.639
-14.901 -35.988 11.692
-17.025 -29.389 11.167
-17.316 -22.893 8.268
-19.764 -20.390 2.362
-23.689 -21.903 -3.297
-28.712 -25.335 -6.207
-34.156 -29.775 -5.950
-37.462 -35.034 -2.038
-38.267 -39.231 2.808
-39.689 -39.523 9.799
-39.288 -35.889 15.290
-40.207 -30.476 20.184
-43.753 -24.284 20.358
-49.099 -21.012 17.692
-54.902 -21.331 19.016
-61.014 -25.087 17.465
-65.578 -30.120 19.849
-66.938 -35.111 23.249
-63.873 -41.217 26.279
-58.310 -43.719 29.163
-55.965 -44.309 34.830
-52.186 -41.549 40.284
-52.909 -35.437 43.298
-55.624 -30.825 46.442
-61.809 -31.080 50.719
-68.020 -34.126 53.927
-70.253 -39.038 56.823
-70.253 -46.243 59.214
-64.972 -49.117 62.761
-59.713 -51.550 65.228
-54.232 -50.536 67.712
-48.473 -46.309 66.125
-46.694 -40.072 69.690
-48.768 -35.489 74.422
-50.827 -34.805 80.911
-55.013 -35.555 86.065
-55.770 -53.086 82.961
-61.022 -49.255 82.404
-63.512 -44.631 78.237
-63.181 -37.288 77.563
-60.745 -33.408 72.784
-56.695 -32.927 67.307
-51.847 -36.110 63.135
-50.194 -41.623 59.986
-52.092 -46.873 55.878
-55.439 -49.490 50.859
-62.247 -51.688 49.247
-67.233 -47.282 46.665
-69.912 -42.941 43.305
-69.718 -36.788 40.048
-66.778 -30.313 38.650
-61.145 -26.787 36.979
-54.378 -28.673 38.843
-50.228 -32.235 33.994
-49.265 -38.466 30.312
-50.990 -42.026 25.232
-53.006 -41.652 18.487
-56.298 -39.197 12.739
-57.373 -33.820 8.539
-54.662 -28.039 6.029
-50.315 -24.120 5.338
-43.925 -21.374 4.967
-37.698 -19.968 9.201
-34.425 -24.362 13.160
-31.591 -30.533 14.089
-29.675 -35.962 11.462
-27.421 -39.514 5.969
-25.755 -40.231 -0.292
-20.769 -37.671 -5.378
-16.888 -32.723 -7.187
-12.407 -28.476 -6.780
-9.711 -24.867 -1.095
-7.407 -23.005 5.027
-4.994 -25.364 10.868
-6.975 -29.683 16.259
-3.349 -35.342 17.806
-0.270 -41.077 16.026
4.720 -43.266 14.223
11.812 -42.048 12.875
16.954 -36.563 13.346
19.448 -33.134 17.026
19.692 -27.465 21.416
17.954 -25.813 27.194
13.244 -25.473 31.875
10.911 -30.007 36.593
10.375 -36.150 39.281
13.876 -41.836 41.399
18.806 -43.700 43.922
24.806 -43.065 47.499
29.134 -40.163 50.129
30.062 -35.754 55.314
29.966 -30.835 58.755
25.750 -26.922 60.953
20.228 -24.902 63.361
13.520 -25.606 62.896
8.785 -29.742 63.016
6.927 -36.307 64.935
7.623 -41.115 69.514
7.181 -42.321 75.960
7.048 -41.007 81.812
7.004 -37.211 86.984
5.020 -30.966 89.469
0.086 -25.895 89.389
-3.941 -21.800 85.543
-8.645 -21.637 81.052
-12.971 -25.401 77.438
-16.582 -31.737 76.762
-20.632 -35.641 79.855
-24.606 -36.324 85.464
-27.737 -34.639 89.433
-31.846 -29.717 92.849
-33.284 -23.447 92.354
-35.305 -18.419 91.023
-37.325 -13.620 86.440
-37.892 -13.242 79.673
-38.171 -16.520 73.664
-41.602 -21.627 70.584
-46.572 -26.941 70.311
-52.883 -27.884 71.768
-58.898 -25.141 73.830
-62.655 -21.022 72.725
-65.425 -15.992 69.880
-62.514 -9.725 67.522
-61.921 -6.820 62.026
-55.622 -6.462 58.507
-52.857 -9.818 53.385
-52.344 -16.281 49.626
-56.137 -19.862 45.691
-60.112 -20.112 40.953
-65.010 -18.744 37.237
-66.696 -15.304 33.693
-64.809 -10.526 29.008
-62.359 -3.470 28.672
-57.088 1.580 28.351
-51.516 1.011 26.049
-45.387 -1.080 29.783
-41.481 -5.622 27.829
-40.434 -11.768 24.517
-42.319 -14.787 18.773
-41.894 -13.778 12.298
-41.900 -11.193 6.927
-39.158 -6.614 2.208
-36.093 -0.023 3.058
-29.604 2.596 2.851
-24.105 4.624 7.161
-21.513 2.445 13.591
-18.797 -3.636 15.485
-15.948 -9.962 13.472
-14.099 -13.683 9.594
-9.630 -15.570 4.526
-5.528 -13.470 -0.035
0.265 -9.388 -1.274
3.841 -3.455 0.732
6.236 0.134 5.746
8.257 2.015 11.643
6.721 0.938 18.508
5.292 -3.143 23.098
6.404 -9.216 26.324
9.045 -15.177 26.669
15.480 -18.002 26.677
21.927 -18.077 25.815
26.633 -14.432 27.349
29.980 -10.152 29.453
30.279 -6.082 34.833
27.568 -0.746 39.197
21.529 1.084 42.348
17.730 -0.271 47.201
12.500 -4.283 50.173
12.600 -9.875 54.295
15.992 -15.921 55.907
20.463 -16.871 60.147
24.926 -15.455 65.140
27.824 -10.528 69.015
26.876 -5.266 72.593
22.979 0.040 75.359
15.923 2.314 77.458
9.089 -0.313 77.402
3.955 -3.897 76.758
1.420 -9.909 78.251
1.970 -15.594 81.911
4.302 -18.378 87.480
7.300 -18.159 94.019
7.279 -0.107 91.923
13.554 -3.811 93.742
16.926 -8.644 90.716
17.171 -14.875 87.192
15.312 -18.005 82.491
13.590 -17.443 75.632
8.655 -13.562 71.683
7.236 -7.815 68.990
9.686 -1.292 67.495
15.090 1.267 64.441
20.753 2.422 62.829
26.534 0.279 60.795
28.893 -4.331 56.715
29.794 -10.482 53.479
27.904 -14.934 49.621
23.721 -16.724 45.184
16.497 -16.798 44.975
12.497 -11.659 42.285
12.344 -5.177 40.481
15.729 -0.772 35.652
20.117 0.899 31.669
21.749 -0.184 24.578
24.420 -4.318 19.854
20.654 -7.290 15.453
17.570 -13.456 13.658
12.346 -15.515 13.910
5.170 -17.316 13.665
0.818 -14.913 18.048
-1.887 -8.598 19.340
-3.472 -2.292 18.085
-3.902 2.138 13.079
-4.998 4.274 7.251
-6.945 2.598 0.961
-12.272 -0.574 -2.536
-15.431 -7.166 -3.635
-20.008 -10.881 -0.323
-22.904 -13.365 5.486
-25.905 -12.704 10.802
-26.622 -10.358 17.289
-30.192 -4.779 19.365
-32.174 2.168 17.734
-37.100 5.051 14.961
-44.012 3.890 14.157
-49.339 0.416 12.867
-52.755 -5.368 14.132
-54.635 -11.215 17.349
-52.629 -15.363 22.431
-49.317 -17.115 28.255
-47.915 -13.512 33.608
-47.822 -7.902 37.876
-50.875 -3.223 40.964
-57.712 -0.949 42.738
-64.203 -1.456 42.706
-68.880 -6.163 44.504
-70.820 -9.000 49.232
-71.060 -15.676 51.434
-67.893 -20.186 54.801
-62.545 -22.947 57.363
-55.772 -22.638 56.127
-51.003 -18.376 59.432
-49.340 -12.324 62.733
-50.628 -8.266 67.627
-53.209 -8.506 74.612
-53.575 -11.901 80.339
-53.816 -16.957 84.781
-51.243 -22.381 86.549
-47.340 -27.820 85.046
-41.789 -30.772 82.173
-36.837 -29.730 78.349
-32.465 -25.577 75.721
-28.446 -19.898 77.133
-25.142 -17.300 82.264
-22.902 -17.250 88.269
-20.595 -20.086 93.567
-16.832 -25.400 95.974
-14.311 -31.624 95.385
-10.555 -37.054 92.087
-9.829 -40.369 85.718
-6.741 -38.815 80.362
-7.123 -33.658 75.611
-2.467 -29.091 73.724
1.929 -23.971 76.116
7.975 -23.276 78.961
13.547 -26.565 80.467
17.962 -30.614 80.118
20.871 -36.371 77.624
20.512 -40.584 71.959
19.176 -41.958 65.731
14.649 -41.618 61.004
12.055 -37.514 56.169
12.270 -30.592 54.478
16.824 -26.193 52.668
21.493 -24.180 50.320
25.578 -24.499 45.261
28.623 -29.064 40.972
29.309 -33.890 36.410
26.995 -38.580 32.119
21.207 -43.421 31.329
15.637 -42.994 28.834
9.503 -41.216 31.154
5.437 -36.390 29.753
5.150 -29.920 27.030
6.802 -25.659 22.502
9.308 -23.989 16.584
9.417 -26.650 9.693
8.545 -30.768 4.336
4.938 -35.949 2.168
-1.185 -38.963 1.788
-6.737 -41.616 4.502
-11.581 -41.259 9.993
-15.189 -35.918 12.242
-17.057 -29.582 11.538
-18.175 -23.678 8.724
-20.896 -21.139 2.570
-24.712 -22.210 -1.717
-29.319 -25.488 -6.103
-33.335 -30.956 -5.280
-38.081 -35.512 -1.928
-39.129 -38.622 3.702
-39.709 -38.997 10.666
-39.662 -35.865 15.972
-40.442 -30.459 20.579
-44.665 -24.843 21.185
-50.010 -21.401 18.437
-55.705 -21.156 18.943
-61.742 -24.543 18.224
-65.215 -29.811 20.158
-66.537 -35.670 22.998
-64.101 -41.964 26.583
-59.054 -44.048 30.339
-56.315 -44.218 35.688
-52.076 -41.341 40.942
-53.383 -36.265 44.807
-56.179 -31.039 48.342
-62.533 -31.320 51.940
-67.830 -34.812 54.610
-69.863 -39.221 58.282
-70.029 -46.210 59.971
-64.964 -49.158 64.360
-58.864 -52.154 64.730
-53.530 -50.387 67.405
-48.108 -46.300 67.270
-46.419 -40.409 71.038
-48.458 -35.807 75.396
-50.377 -34.988 81.669
-55.431 -35.886 86.385
-54.882 -53.505 83.204
-60.362 -49.843 82.884
-62.885 -45.454 78.400
-62.396 -38.291 78.765
-60.129 -34.158 74.483
-56.734 -33.454 68.160
-51.562 -36.054 64.137
-49.620 -41.676 60.895
-51.649 -47.028 56.829
-55.534 -50.308 52.423
-61.893 -52.044 50.283
-66.643 -47.957 47.283
-69.768 -43.903 44.122
-69.932 -37.505 41.242
-66.894 -31.183 39.588
-61.327 -27.722 37.550
-54.293 -28.820 39.035
-50.457 -32.187 34.015
-49.522 -38.484 30.646
-52.350 -41.873 25.351
-55.684 -42.215 19.176
-56.144 -39.386 13.147
-56.855 -34.350 8.588
-54.579 -28.229 6.326
-50.393 -24.242 6.601
-44.196 -21.803 6.127
-38.357 -20.249 10.317
-34.513 -24.405 13.525
-31.397 -30.203 14.318
-29.742 -36.023 11.960
-29.152 -39.821 5.686
-26.003 -40.223 -0.024
-22.187 -37.383 -5.618
-18.610 -32.497 -7.370
-13.308 -28.308 -5.899
-10.568 -24.360 -0.852
-7.792 -23.418 5.223
-6.182 -25.318 11.194
-7.449 -29.477 16.535
-4.108 -35.716 17.721
-2.289 -41.400 15.010
4.168 -43.279 13.235
11.101 -42.306 12.485
16.268 -37.726 13.595
19.014 -33.016 16.858
18.482 -27.291 21.030
17.527 -25.875 26.631
12.456 -25.700 31.792
10.597 -30.317 36.735
9.954 -36.654 39.587
13.711 -42.496 41.110
18.942 -43.860 44.207
25.245 -43.220 45.776
29.285 -40.421 49.644
30.695 -36.327 54.488
30.105 -31.856 58.985
25.818 -27.040 61.342
20.638 -24.598 63.665
13.642 -26.034 62.939
9.206 -30.301 63.087
7.312 -36.644 65.395
7.847 -41.500 69.290
7.980 -42.841 76.148
7.827 -41.352 81.645
8.648 -36.953 87.171
5.294 -31.622 89.579
0.917 -26.374 89.287
-3.290 -22.138 85.594
-8.188 -22.354 81.849
-12.334 -25.969 77.604
-15.728 -32.068 77.240
-20.078 -35.772 80.670
-23.511 -36.631 86.065
-27.052 -35.070 90.990
-30.165 -29.671 94.260
-32.408 -23.755 94.037
-35.222 -18.820 92.053
-35.770 -14.173 86.930
-37.582 -13.641 80.468
-37.591 -16.968 74.483
-41.152 -22.095 71.681
-46.107 -27.322 71.582
-52.457 -28.240 73.002
-58.311 -25.741 74.188
-62.613 -21.003 73.735
-64.996 -15.042 71.995
-63.043 -9.079 68.027
-61.518 -6.723 63.189
-55.804 -6.101 58.886
-52.431 -9.753 54.388
-52.568 -15.895 50.315
-56.121 -19.685 46.446
-59.986 -20.582 42.332
-65.366 -18.969 39.033
-65.977 -15.172 34.475
-65.033 -9.939 30.257
-63.737 -3.486 28.677
-58.107 1.446 29.171
-51.608 0.933 27.757
-45.321 -1.089 30.417
-41.596 -6.252 28.450
-41.481 -12.839 25.991
-42.259 -14.874 20.073
-43.511 -13.706 13.300
-42.635 -10.957 7.430
-41.163 -5.134 3.740
-36.616 0.295 3.887
-30.311 2.466 4.025
-24.975 4.201 7.871
-21.857 2.184 13.873
-19.028 -3.797 15.685
-16.001 -10.200 14.119
-14.243 -13.902 9.870
-11.020 -15.018 3.790
-6.400 -12.893 0.300
-0.352 -9.591 -1.033
3.394 -3.874 0.869
6.415 -0.153 6.059
7.420 1.976 12.611
6.433 0.393 18.928
4.889 -3.592 23.677
5.705 -9.764 26.584
9.016 -15.944 26.829
14.937 -19.317 25.018
21.278 -18.629 24.867
26.163 -15.998 26.781
29.770 -11.105 29.878
30.250 -7.075 34.439
27.993 -2.145 39.333
21.722 0.370 41.620
17.499 -0.672 46.909
12.624 -4.598 50.239
13.052 -9.930 54.218
16.642 -16.391 55.110
20.743 -16.864 60.209
24.720 -15.419 64.646
27.525 -10.769 68.901
26.625 -5.550 72.997
22.415 -1.333 76.104
16.263 1.894 76.588
9.302 -0.302 77.272
4.080 -4.499 76.558
1.857 -10.824 78.207
2.838 -16.188 82.448
4.540 -18.620 87.740
7.788 -18.750 94.370
40.417 40.970 61.485
44.046 41.266 55.735
49.008 37.863 53.109
53.746 33.595 53.270
56.284 28.084 56.113
54.993 22.132 59.196
51.190 16.614 59.726
44.888 13.954 58.581
39.878 12.908 53.955
38.157 13.927 47.962
39.566 14.340 41.148
44.613 14.199 37.317
50.735 11.264 34.650
55.845 6.690 35.699
58.440 1.398 38.229
57.048 -4.558 41.670
53.307 -9.848 42.443
47.383 -12.973 40.146
42.344 -13.082 35.245
40.825 -12.532 29.267
43.448 -11.551 23.318
47.635 -12.708 17.667
43.475 -21.730 26.101
47.374 -23.077 32.517
52.186 -19.666 35.828
57.108 -14.816 35.474
59.054 -8.742 33.262
57.871 -2.943 30.482
53.506 2.568 28.828
47.037 4.361 29.895
41.500 5.300 34.285
38.957 3.714 40.579
40.237 3.935 47.178
44.671 5.242 51.789
49.915 7.702 54.700
54.198 12.306 53.880
56.803 18.358 50.988
55.464 24.022 48.344
50.414 28.828 46.972
44.646 31.442 48.681
39.147 31.791 53.090
37.486 31.161 59.848
39.794 30.026 65.294
44.593 30.774 70.349
279.829 242.786 254.125
284.290 242.696 259.731
289.046 247.010 263.753
291.035 252.358 265.554
291.180 258.496 266.897
286.954 264.580 265.217
280.683 266.117 264.992
274.067 265.696 268.002
271.323 264.493 274.627
271.436 263.211 280.821
274.558 264.101 287.159
278.532 267.238 291.447
283.800 271.596 291.700
286.759 277.089 289.931
287.442 281.696 286.353
283.035 285.293 281.363
276.815 288.368 280.306
271.793 290.827 283.459
269.036 293.994 288.293
269.536 298.571 292.887
273.333 303.439 295.821
279.690 307.239 297.315
284.302 310.457 294.624
288.720 311.673 289.349
289.612 310.914 283.364
286.654 309.452 276.508
282.537 312.150 273.099
277.194 315.544 271.889
275.684 321.931 271.743
276.690 328.370 273.031
280.790 333.310 272.314
286.638 335.568 270.276
293.060 335.412 268.420
297.197 332.767 264.522
299.008 328.085 261.056
297.178 323.916 255.817
292.528 322.815 250.890
288.430 325.617 246.422
288.238 330.765 242.061
290.617 335.699 239.373
294.637 338.700 236.652
300.607 340.059 233.281
306.803 338.742 233.503
311.554 334.138 233.197
312.954 328.796 232.804
312.256 321.964 234.020
307.457 317.425 232.466
302.288 315.716 228.483
300.528 315.523 222.442
301.352 315.830 215.848
305.202 313.908 211.164
311.807 313.363 209.002
316.885 309.436 209.482
320.084 305.014 211.934
322.032 300.741 216.505
319.929 297.810 222.097
314.407 293.999 224.384
308.807 290.697 223.055
306.741 286.020 219.329
307.184 281.629 214.182
311.236 277.474 210.947
316.293 274.141 210.115
321.919 270.515 213.117
325.293 268.971 218.550
326.033 268.079 224.706
323.488 269.680 230.822
318.416 269.107 234.680
312.461 266.472 235.844
307.706 262.330 233.633
306.713 255.649 233.172
308.204 248.977 233.868
312.151 244.782 237.470
317.398 243.015 240.600
321.139 245.486 246.281
321.950 249.873 251.284
319.541 254.660 254.684
315.009 257.745 257.782
308.095 258.899 258.277
302.999 255.879 260.717
300.463 251.905 264.849
301.255 248.302 270.417
304.719 246.388 275.022
306.856 248.133 280.077
312.627 251.387 283.361
315.838 257.173 284.877
315.954 263.442 285.741
315.059 269.083 281.565
309.623 272.688 280.628
302.695 273.161 279.873
297.860 274.041 284.869
295.597 273.993 290.388
297.213 275.623 297.734
299.103 279.662 302.000
304.901 282.015 304.434
308.552 286.816 303.938
311.570 291.519 300.715
313.108 294.282 294.935
309.357 296.716 289.152
304.240 299.931 288.109
298.087 303.477 288.623
295.782 308.381 292.751
297.843 313.600 296.571
301.464 318.029 299.093
306.747 321.508 299.090
313.663 321.674 297.285
315.545 323.580 291.620
317.623 321.108 285.998
315.388 317.422 279.602
311.177 318.865 274.818
307.489 323.036 271.342
306.294 329.690 269.821
309.417 335.523 270.392
313.995 339.502 268.768
320.103 340.992 269.007
325.509 337.804 266.495
329.209 334.057 261.977
328.143 328.750 257.964
326.174 322.948 254.309
321.816 321.855 250.641
325.372 341.213 248.697
320.475 338.788 249.318
316.244 335.042 252.944
314.610 328.799 255.994
317.014 323.392 258.702
321.486 322.561 263.919
324.798 324.592 269.357
326.114 329.519 274.223
324.433 333.690 278.518
318.165 336.964 280.385
310.978 336.697 282.570
305.320 331.793 283.231
303.077 326.427 282.708
303.976 319.480 282.409
307.293 314.176 282.497
313.041 311.825 285.853
315.410 311.251 291.914
315.028 311.279 298.790
311.065 307.486 302.889
305.288 305.386 305.475
299.979 301.605 304.805
296.271 297.940 301.042
295.387 293.702 296.240
298.061 291.349 290.724
303.510 289.787 287.575
308.964 286.574 288.018
313.274 283.529 291.676
313.874 277.818 295.277
312.515 272.912 298.816
308.544 268.741 299.313
303.659 264.304 296.885
301.066 262.814 292.881
299.015 261.175 288.446
298.058 262.660 282.792
300.706 265.008 278.354
305.230 265.878 274.090
311.484 265.246 272.268
316.953 261.690 272.766
319.540 255.801 271.266
318.601 249.083 270.290
316.563 243.964 268.084
312.984 240.879 263.862
307.731 240.687 259.339
304.480 243.474 254.498
303.758 248.210 250.501
304.678 255.435 250.233
310.468 259.501 248.841
316.995 259.642 247.978
322.252 257.163 244.839
324.709 254.269 239.625
324.078 252.085 233.301
321.235 252.113 227.642
316.318 254.137 223.278
312.417 259.171 221.413
309.366 263.958 222.686
308.542 269.847 226.159
312.256 274.823 228.913
318.714 277.267 229.511
322.794 279.817 226.022
326.185 281.768 220.052
324.863 284.010 214.155
321.516 286.235 209.076
316.094 289.285 206.493
310.402 292.201 207.663
306.812 295.820 210.276
304.973 297.703 217.345
307.104 300.781 222.288
311.862 304.789 225.736
317.698 308.324 224.783
320.015 313.631 221.815
318.801 319.107 218.308
314.734 324.092 215.901
308.471 327.105 216.025
301.927 326.726 218.639
298.193 325.314 223.630
297.005 322.529 229.769
299.167 322.111 236.043
304.629 322.109 240.041
308.164 327.240 243.014
308.536 332.961 244.853
305.892 338.806 246.596
300.316 341.105 248.692
292.985 342.637 248.473
288.208 340.145 251.461
284.413 335.919 254.038
282.899 330.081 255.844
284.430 323.655 257.409
288.677 320.441 261.232
293.781 320.196 265.327
295.814 322.853 271.172
293.431 325.618 277.201
289.308 328.513 280.472
283.458 327.468 284.293
278.372 323.429 285.429
274.142 319.296 285.038
272.728 312.736 282.571
275.179 307.343 278.380
279.856 303.069 278.817
284.969 299.879 281.811
288.763 299.312 287.667
287.801 297.022 292.794
284.333 294.257 297.707
279.410 290.028 299.496
274.011 286.388 297.377
270.323 283.072 293.543
269.779 280.341 288.196
271.952 279.580 281.091
277.310 279.307 277.161
283.623 276.481 276.886
288.205 272.298 279.426
289.242 266.230 282.332
286.378 259.250 282.900
280.049 255.335 280.830
277.555 252.781 276.872
273.953 253.513 271.146
274.199 254.921 265.243
276.343 258.784 259.483
282.378 261.922 256.196
287.837 259.284 254.085
-4.582 21.589 17.260
-9.084 16.897 18.513
-9.507 10.508 17.774
-4.227 7.828 21.778
0.594 4.652 23.441
7.210 3.518 24.522
12.888 7.285 24.633
15.841 13.237 25.107
15.666 19.877 26.250
12.199 25.223 27.690
6.716 28.617 30.262
2.349 27.810 35.515
0.250 24.783 41.489
1.896 23.280 47.284
5.343 20.096 52.464
11.745 21.231 54.996
17.003 24.817 54.773
21.228 29.469 51.910
21.206 36.355 51.396
18.381 42.276 51.181
14.412 47.064 53.745
12.840 49.794 59.028
11.030 49.499 65.907
29.382 42.031 67.489
24.333 37.828 68.633
18.221 36.157 69.583
12.381 35.815 67.202
7.283 36.305 63.133
4.455 39.836 57.641
6.906 40.504 51.336
11.637 38.972 46.535
14.656 34.153 43.423
17.830 28.396 42.118
19.516 21.924 44.209
15.647 16.386 43.911
10.142 13.651 41.914
4.213 13.191 39.077
-0.452 15.281 34.865
-1.677 18.778 29.182
0.477 22.906 24.195
4.866 22.597 19.168
8.184 19.341 15.262
8.387 14.062 10.764
5.972 10.674 6.711
1.018 10.201 3.622
-5.241 11.860 2.105
-26.772 -30.255 41.936
-31.321 -27.064 38.539
-33.817 -22.204 35.461
-33.074 -16.751 31.966
-29.399 -12.913 28.180
-23.760 -12.979 24.561
-18.209 -15.827 22.352
-14.481 -20.998 20.649
-14.013 -26.999 17.573
-17.605 -32.027 14.749
-23.242 -35.270 13.176
-28.792 -34.880 9.910
-33.648 -31.130 6.380
-34.441 -25.075 3.117
-30.893 -20.906 -1.058
-25.327 -19.709 -4.792
-21.039 -22.490 -8.839
-17.036 -26.683 -12.659
-18.741 -31.005 -17.592
-23.326 -32.690 -21.981
-36.953 -24.859 -14.507
-36.566 -31.348 -13.955
-32.488 -36.071 -11.932
-27.593 -37.788 -8.276
-20.691 -37.259 -6.754
-17.684 -32.726 -2.814
-16.922 -26.071 -1.094
-20.185 -20.907 1.992
-25.553 -18.233 5.369
-29.671 -19.252 10.607
-33.303 -23.416 14.614
-31.846 -28.326 19.055
-27.974 -32.662 22.442
-22.383 -32.740 27.060
-17.128 -28.698 29.198
-14.299 -22.833 30.557
-14.938 -16.839 32.902
-18.193 -12.947 37.073
-23.404 -11.349 41.035
-28.821 -12.212 44.592
-36.625 33.596 16.674
-32.775 29.233 13.631
-31.107 23.447 11.338
-33.048 18.328 7.861
-37.294 15.385 3.742
-42.364 16.770 -0.365
-46.659 20.945 -3.261
-48.699 26.904 -5.338
-47.482 33.228 -7.589
-42.691 37.384 -9.739
-36.593 38.936 -12.115
-31.713 36.984 -15.990
-28.352 31.841 -19.414
-29.571 25.655 -22.283
-34.361 22.528 -26.125
-40.157 22.790 -29.628
-43.808 26.473 -33.532
-46.801 31.476 -37.313
-44.402 34.819 -42.671
-39.971 34.885 -47.473
-34.921 32.822 -50.920
-32.709 18.715 -42.010
-27.666 23.041 -40.624
-26.924 29.805 -39.654
-29.152 35.656 -37.783
-33.185 39.134 -34.288
-39.862 40.802 -32.439
-43.870 37.551 -28.134
-46.369 31.492 -25.890
-44.458 25.657 -22.795
-39.890 21.802 -19.386
-35.299 21.714 -14.490
-30.325 24.311 -10.733
-30.152 29.099 -5.899
-32.812 34.726 -2.970
-38.542 36.568 1.017
-44.691 34.143 3.053
-49.093 29.457 4.563
-50.455 23.700 7.122
-48.820 19.042 11.447
-44.653 16.032 15.742
-39.423 15.512 19.729
-46.718 -23.151 43.741
-40.149 -21.887 43.143
-34.731 -22.843 40.111
-32.217 -24.561 34.099
-32.826 -28.101 28.785
-36.231 -29.513 23.256
-42.011 -30.381 19.342
-46.613 -26.309 17.229
-50.161 -20.470 16.933
-49.871 -13.858 17.013
-46.694 -7.916 17.676
-41.712 -4.174 15.599
-36.670 -4.233 11.173
-31.744 -6.775 7.390
-30.776 -10.341 1.691
-49.718 -10.007 0.863
-47.936 -15.799 1.095
-43.020 -19.858 3.165
-36.772 -21.112 5.720
-32.281 -19.205 10.231
-31.646 -16.717 16.215
-32.408 -12.708 21.949
-37.242 -11.599 26.291
-43.309 -12.783 28.751
-48.088 -16.543 29.777
-51.069 -22.561 29.799
-51.248 -29.322 28.602
-47.738 -34.365 30.601
-42.459 -37.719 32.679
-36.987 -38.014 36.513
-37.429 -67.507 -8.683
-43.172 -66.392 -12.055
-47.748 -61.672 -13.429
-48.748 -54.917 -13.544
-46.963 -48.878 -11.865
-42.186 -44.158 -12.265
-35.828 -41.509 -12.325
-30.961 -42.067 -16.840
-27.312 -44.971 -21.894
-27.952 -47.892 -27.910
-31.528 -50.116 -33.090
-35.547 -48.347 -37.872
-39.280 -43.320 -40.075
-42.878 -37.603 -39.899
-41.636 -31.080 -39.105
-22.993 -35.248 -36.651
-25.091 -31.544 -31.520
-30.685 -31.342 -28.389
-37.400 -31.436 -27.094
-42.965 -34.968 -27.021
-45.119 -40.937 -26.729
-46.169 -47.840 -27.997
-42.133 -53.251 -27.996
-36.882 -56.389 -25.414
-32.373 -57.136 -21.169
-29.793 -55.993 -15.001
-29.432 -52.886 -9.141
-33.299 -52.553 -3.904
-38.563 -52.869 -0.424
-45.819 -53.361 0.313
99.803 152.454 50.119
102.690 146.409 52.116
102.364 141.290 57.386
101.753 140.119 64.066
99.879 141.169 70.482
94.699 139.748 72.885
89.526 137.062 73.786
85.078 133.264 73.183
80.870 128.610 69.778
80.878 124.601 64.321
84.702 121.577 59.078
90.698 119.518 56.506
97.692 119.167 57.530
102.583 117.255 61.391
106.521 115.735 66.877
105.861 112.146 72.680
101.307 109.199 77.117
95.083 106.131 78.033
90.088 102.009 75.150
89.684 96.591 70.879
91.848 91.349 67.062
95.794 86.420 65.413
100.987 82.252 67.208
105.134 80.134 72.228
107.877 81.474 78.491
106.227 82.809 84.656
100.901 84.128 89.403
94.235 82.462 90.534
89.714 77.382 90.388
88.171 70.323 90.056
89.821 65.023 93.706
93.880 61.197 97.420
99.180 60.246 101.779
103.420 62.454 106.394
105.409 67.147 110.922
104.557 73.292 113.022
100.540 79.043 113.723
94.237 80.173 116.359
88.058 78.322 118.358
85.623 75.306 123.823
85.995 72.056 129.816
89.660 71.536 135.449
94.338 73.073 139.860
100.267 76.517 141.542
102.213 82.463 142.330
103.809 88.420 138.777
100.366 93.694 137.099
94.871 97.630 137.364
88.939 99.625 140.128
86.151 101.581 145.434
85.745 102.830 151.913
88.357 104.746 157.629
93.114 107.617 161.406
99.007 110.874 162.282
104.901 113.304 159.552
107.320 116.544 154.888
107.595 117.881 147.952
103.059 120.138 143.011
96.802 123.173 141.938
92.838 128.168 143.124
91.467 134.225 145.789
94.162 140.130 147.854
98.999 144.656 149.474
104.577 147.387 147.144
110.065 147.614 143.101
113.499 145.152 138.063
113.974 140.768 132.616
109.978 139.609 127.103
104.250 140.788 122.916
101.430 145.669 119.520
100.933 152.258 117.600
104.106 157.638 115.604
109.499 161.381 114.239
115.562 161.496 111.480
121.381 159.066 109.201
124.661 153.767 106.325
124.020 146.587 105.010
120.663 142.776 101.188
115.311 141.105 97.006
110.717 143.348 92.565
110.497 145.989 86.248
112.854 148.692 80.936
118.452 149.613 76.942
124.977 147.694 75.365
130.224 143.046 76.625
132.018 137.124 78.978
130.993 131.304 80.947
126.653 125.647 81.219
120.098 123.332 80.307
116.666 120.932 75.191
116.191 118.031 69.852
118.569 115.160 64.044
123.564 111.699 61.390
128.504 107.991 61.893
134.108 105.287 64.787
137.004 102.601 70.059
136.626 100.128 75.819
133.864 99.625 82.044
127.681 97.724 84.669
121.348 95.123 84.389
118.066 89.738 81.612
118.024 83.907 78.654
120.680 78.022 77.347
125.333 73.292 78.253
130.421 70.736 82.641
133.748 70.343 88.282
135.227 72.414 94.792
133.381 76.496 100.102
128.302 78.771 103.855
121.855 77.527 106.293
116.133 73.405 106.697
115.154 67.521 109.518
116.631 61.951 112.464
120.654 58.886 116.989
125.903 58.868 121.321
129.986 62.370 125.589
132.037 67.753 128.329
132.553 74.774 128.636
128.430 80.718 128.023
121.865 82.334 130.066
116.949 82.752 134.811
113.223 80.245 140.425
115.075 79.309 146.725
119.874 79.357 151.997
126.783 81.736 153.785
131.220 86.958 154.033
133.418 93.335 152.361
132.432 98.542 148.257
129.511 104.177 144.809
123.912 108.211 146.437
117.857 109.007 150.202
116.349 110.874 156.447
118.799 114.733 161.821
123.936 117.900 165.368
129.809 121.826 164.658
134.689 125.095 161.209
136.330 128.584 155.405
135.079 129.561 148.423
131.080 130.771 142.992
125.281 134.314 141.461
122.004 138.316 159.223
117.389 134.583 155.453
116.896 130.171 150.071
120.259 124.841 146.339
125.664 121.009 144.638
132.203 118.682 146.636
136.148 116.539 152.182
137.154 113.685 158.641
134.040 108.558 162.604
129.670 103.857 164.590
124.716 99.673 163.047
119.542 97.635 158.816
115.815 97.648 153.453
116.032 97.741 145.898
120.863 96.417 141.543
127.388 93.749 140.057
132.313 88.980 141.509
133.299 82.221 143.393
131.231 75.935 145.275
126.938 70.438 144.373
121.462 67.856 140.670
117.032 67.797 135.655
115.443 71.714 130.528
116.280 74.846 124.912
121.961 77.962 121.351
128.433 76.965 119.287
132.900 72.278 116.885
134.844 66.755 113.960
133.110 61.855 109.761
129.025 59.815 104.374
124.400 60.850 99.630
119.363 64.456 96.608
116.983 70.221 94.542
117.826 77.456 94.762
121.945 82.510 96.233
128.526 84.699 94.849
134.080 84.034 90.990
136.980 82.970 85.258
136.673 82.043 78.482
133.234 83.448 72.796
128.694 86.946 69.374
122.947 90.839 68.888
120.251 96.325 70.831
118.348 100.624 75.915
121.640 105.528 79.709
127.138 108.685 81.570
133.314 111.447 79.834
135.798 115.524 75.514
136.184 118.797 69.809
134.045 122.983 66.005
129.363 127.118 63.066
123.474 130.315 63.557
117.753 132.022 66.757
115.066 132.735 72.331
114.487 131.414 79.144
118.934 131.519 84.725
125.152 133.991 86.955
129.264 139.213 87.431
130.235 145.424 87.820
128.178 151.951 88.165
123.894 156.351 89.653
117.630 158.465 91.690
111.969 157.340 95.104
107.915 152.748 98.760
108.028 147.001 102.438
111.919 143.626 107.090
117.796 143.052 111.152
120.224 146.206 116.226
121.092 151.363 120.480
117.918 155.730 124.521
112.621 158.237 127.524
106.243 158.346 129.387
100.173 154.512 130.285
97.099 148.789 131.716
97.456 142.220 131.045
101.125 136.559 131.710
106.317 133.553 135.055
111.003 133.952 140.165
111.680 134.757 146.806
108.651 135.248 153.251
103.798 133.392 157.257
97.266 130.931 158.407
91.901 127.124 155.550
89.953 122.302 151.265
91.096 117.781 146.454
95.479 113.071 143.993
101.999 110.760 143.947
105.667 106.632 147.738
106.141 102.003 152.434
103.111 97.559 156.607
98.016 93.684 157.864
92.799 90.036 156.166
89.065 87.570 151.462
85.764 86.930 145.863
85.852 87.185 139.291
88.425 90.003 133.224
94.366 88.784 130.252
101.450 87.204 130.369
104.142 81.059 129.635
104.556 74.586 129.528
101.936 68.372 128.937
97.666 64.189 126.541
92.371 62.873 121.696
89.721 64.414 115.829
87.470 68.992 111.352
89.154 75.311 108.047
94.139 78.389 105.297
100.671 78.188 102.503
106.456 74.631 100.674
107.655 70.408 95.846
106.363 66.432 90.817
102.541 65.201 85.277
96.986 66.741 81.284
92.746 71.635 79.318
90.440 77.580 78.863
90.217 84.481 81.122
94.374 89.464 84.097
100.603 92.211 82.692
105.999 93.551 79.668
109.214 94.340 73.161
107.763 95.282 66.582
102.104 96.653 61.952
96.526 100.328 61.366
90.411 102.977 64.400
88.482 107.904 68.071
88.975 113.140 72.616
93.208 116.815 76.858
96.586 122.494 75.728
99.338 126.575 71.285
99.487 129.776 65.299
97.591 132.077 59.338
92.170 133.730 56.055
86.226 137.552 55.635
83.452 142.878 56.903
84.597 148.199 59.305
86.566 152.698 64.285
91.481 154.601 68.536
97.983 153.831 70.485
104.371 151.608 69.883
109.438 149.087 65.802
4.221 -28.213 -25.773
-0.961 -23.858 -26.594
-7.492 -22.654 -25.583
-13.038 -24.427 -22.345
-16.537 -26.790 -17.977
-16.761 -27.474 -11.250
-13.289 -28.587 -5.375
-7.968 -26.817 -1.713
-3.681 -22.216 0.475
-1.541 -16.026 0.799
-3.403 -10.776 3.472
-0.461 -5.397 4.752
-0.910 0.706 1.927
-7.328 3.497 3.969
-14.090 3.145 3.677
-19.170 0.004 6.042
-24.181 1.215 4.936
-28.132 1.504 0.473
-29.071 1.368 -6.420
-23.198 -0.878 -9.453
-16.326 -0.817 -10.655
-15.404 2.460 -14.171
-12.192 3.920 -16.927
-6.733 2.420 -21.328
-2.429 -2.960 -23.724
-2.085 -9.422 -26.328
-4.919 -14.772 -27.600
-11.679 -18.307 -27.050
-17.828 -14.588 -24.683
-19.590 -8.853 -28.137
-19.700 -9.883 -20.763
-15.583 -12.574 -16.409
-9.655 -15.622 -14.607
-3.366 -14.974 -14.078
-0.360 -18.056 -10.880
0.841 -24.029 -9.662
-0.768 -30.352 -10.315
-3.970 -35.282 -13.202
-10.118 -37.389 -15.548
-13.623 -36.129 -21.368
-13.213 -33.825 -27.565
-24.147 8.468 29.128
-20.347 11.367 24.093
-13.501 12.290 21.213
-8.238 9.742 19.728
-2.884 5.454 20.102
-2.117 -1.076 18.843
-4.321 -7.485 18.940
-8.846 -11.294 16.065
-13.747 -12.963 12.136
-16.285 -12.249 5.585
-15.915 -9.514 -0.111
-18.491 -15.766 1.556
-19.680 -14.642 -4.837
-15.823 -10.996 -8.319
-9.821 -9.174 -10.465
-3.638 -10.520 -10.007
0.123 -7.338 -12.095
2.234 -1.912 -11.702
1.468 4.250 -10.364
-3.207 6.748 -6.312
-10.126 5.916 -4.252
-14.032 8.639 -8.089
-19.376 12.195 -7.678
-24.507 13.962 -3.480
-27.193 13.261 2.863
-26.949 11.800 9.272
-24.350 14.844 14.274
-17.915 16.698 17.081
-13.269 20.578 12.452
-10.869 22.227 7.032
-8.867 17.077 5.323
-9.582 10.034 7.235
-13.191 5.407 10.753
-18.754 2.850 11.198
-20.150 -1.584 13.976
-19.566 -5.100 19.300
-16.685 -6.007 24.835
-12.386 -4.002 29.436
-7.037 -0.151 31.325
-3.764 6.349 31.240
-5.919 12.136 31.287
44.035 -9.186 21.713
40.456 -9.338 15.946
37.976 -14.632 16.694
39.795 -57.795 -4.414
34.033 -56.859 -2.702
32.175 -50.936 -2.442
-4.921 -57.387 9.365
-3.032 -51.397 11.210
0.509 -13.575 -10.628
6.463 -12.243 -9.037
8.828 -18.264 -7.953
38.259 3.974 -3.658
33.844 7.807 -2.312
3.759 56.994 -11.516
6.627 52.749 -8.312
43.918 60.588 16.954
39.622 55.702 15.029
-9.336 3.028 10.076
-5.346 8.059 8.961
26.794 10.463 24.899
23.087 15.900 23.104
18.821 19.267 26.795
18.734 23.987 28.396
20.031 29.545 30.182
21.295 33.531 35.228
26.278 37.642 37.807
32.930 39.334 37.530
36.554 41.558 32.116
38.086 42.908 27.098
37.123 45.808 21.839
22.942 35.225 15.826
27.472 30.976 17.180
33.042 29.439 19.701
37.114 29.217 23.361
38.780 26.763 29.041
39.389 28.034 35.516
35.458 26.435 41.092
29.429 24.711 43.578
23.454 21.742 42.753
20.564 16.952 40.925
18.187 11.068 38.984
10.347 -9.168 -13.845
14.130 -3.576 -14.711
9.242 1.921 -13.529
3.614 4.401 -9.782
-2.824 3.202 -8.310
-6.918 1.101 -4.601
-2.833 -2.970 -7.244
-5.407 -8.811 -5.271
-3.976 -10.589 1.876
-0.097 -9.171 8.013
-0.518 -14.051 6.415
2.197 -12.252 0.814
8.029 -13.583 3.308
12.171 -9.070 5.397
15.848 -4.251 6.305
18.478 -5.428 0.040
16.758 -0.981 -3.075
14.132 4.511 -4.332
9.528 8.988 -1.318
4.483 10.535 3.233
3.497 7.111 7.474
-9.107 33.412 9.300
-9.513 31.031 4.901
-8.005 32.851 -1.729
-5.258 29.332 -6.887
-2.344 24.682 -9.744
-2.140 17.610 -10.846
-2.831 11.311 -9.766
-7.020 6.471 -7.893
-12.815 3.793 -5.138
-19.782 4.718 -3.768
-25.079 7.801 -7.014
-27.350 9.481 -13.156
-27.477 9.410 -19.322
-24.954 8.142 -25.774
-22.283 3.312 -29.720
-21.521 -3.280 -30.520
-32.301 -11.327 -14.393
-27.541 -9.075 -14.546
-21.516 -9.398 -15.692
-15.982 -6.343 -18.467
-12.813 -1.600 -20.536
-11.851 5.446 -21.175
-13.009 11.662 -20.685
-14.912 16.670 -16.554
-18.044 19.418 -11.049
-20.071 18.564 -4.236
-17.314 15.400 1.343
-11.314 13.541 4.009
-5.165 13.541 4.516
1.434 14.830 2.306
5.516 19.803 0.139
6.456 26.406 -0.178
-6.382 -0.135 92.694
-13.106 2.760 93.213
-16.102 7.599 90.477
-17.170 14.168 86.897
-15.165 17.451 81.991
-12.632 16.411 75.563
-8.717 12.851 71.255
-7.073 7.412 68.340
-8.910 1.799 66.409
-13.370 -1.968 63.272
-19.547 -4.020 61.618
-25.621 -2.158 59.943
-28.888 2.228 56.260
-29.969 5.587 50.893
-28.448 11.625 47.304
-23.491 15.473 45.405
-16.818 15.776 44.058
-12.469 11.129 41.929
-11.453 4.082 39.798
-13.880 -0.682 35.899
-18.116 -1.393 30.033
-21.643 0.322 24.740
-21.606 4.639 19.410
-18.652 8.832 15.195
-13.013 12.996 13.820
-7.055 14.827 14.054
-1.164 13.722 17.653
2.340 8.613 19.124
3.814 1.397 17.644
4.141 -2.901 12.719
4.561 -5.001 6.505
8.295 -3.406 1.188
12.311 0.086 -2.763
17.102 5.623 -2.944
21.145 9.956 0.033
24.430 12.462 5.853
26.357 10.545 11.794
26.932 7.845 17.103
29.835 3.030 20.095
32.036 -3.666 18.516
37.174 -6.779 16.051
44.407 -6.483 13.576
49.470 -2.929 12.720
52.864 2.579 14.371
53.963 8.594 16.888
53.396 13.589 22.287
49.912 14.067 27.093
47.404 11.270 33.545
47.759 6.401 37.602
51.004 0.406 40.584
56.505 -2.104 42.094
62.643 -1.202 44.188
67.904 2.679 45.519
70.056 5.913 49.284
70.103 12.574 50.269
67.163 17.055 55.538
62.328 21.265 55.754
55.785 20.417 56.934
50.985 16.690 59.718
49.438 10.886 63.123
50.916 6.651 68.308
52.267 7.150 74.535
53.721 10.031 80.575
53.776 15.376 84.399
50.779 21.038 86.099
46.716 25.820 85.265
42.634 29.527 80.997
36.878 28.587 78.297
32.302 24.376 75.991
28.458 18.776 77.108
24.731 16.473 82.196
22.611 16.184 88.481
20.260 19.345 93.682
17.143 24.860 95.595
14.161 30.674 94.653
10.925 35.197 91.610
9.286 38.966 85.994
6.929 37.606 80.227
6.818 33.068 75.143
2.594 27.881 73.739
-1.888 23.015 75.675
-7.815 22.093 78.697
-13.629 25.103 79.596
-17.913 29.820 78.651
-20.501 35.780 77.032
-20.718 39.603 71.415
-19.593 40.938 65.245
-14.307 40.510 60.690
-12.168 36.481 55.984
-11.783 29.711 54.283
-16.236 25.018 52.468
-21.656 23.229 49.616
-26.112 24.579 44.907
-27.588 28.435 39.546
-28.552 33.893 36.306
-25.723 38.023 32.312
-20.941 41.988 29.869
-14.547 42.219 28.677
-8.210 40.401 30.363
-4.801 35.230 29.018
-4.957 27.955 27.781
-6.069 24.725 21.863
-8.954 22.911 16.053
-9.251 24.948 9.884
-7.119 29.440 4.889
-3.440 34.300 2.513
1.827 36.838 2.158
7.991 40.286 4.665
12.862 39.438 9.627
15.946 34.165 12.155
17.989 27.806 11.934
18.869 21.953 8.563
21.739 19.954 3.060
26.239 20.953 -1.982
31.199 23.517 -4.942
35.525 28.748 -4.011
38.112 34.290 -1.721
40.166 36.778 4.519
40.424 37.015 10.994
39.592 34.246 17.014
40.743 28.572 20.666
44.727 23.197 21.643
50.667 20.763 20.343
57.439 21.914 20.045
62.685 27.601 20.276
63.595 34.128 21.197
63.890 39.133 25.419
59.463 42.120 30.162
56.269 41.892 35.945
51.807 39.274 40.788
53.439 35.011 45.908
56.591 29.516 48.414
62.249 28.748 51.633
66.875 32.435 55.385
69.670 37.085 58.035
69.826 43.239 60.876
66.213 47.450 64.298
60.798 50.357 65.799
53.492 49.242 67.552
49.150 44.788 68.931
46.811 38.953 71.135
47.850 34.599 76.037
50.110 33.184 82.190
54.768 33.892 87.301
55.748 38.636 91.644
48.505 51.946 81.905
55.717 51.092 84.043
60.757 46.938 84.223
63.354 41.637 81.012
63.295 35.663 77.954
60.031 31.139 74.310
56.129 31.384 68.302
51.428 34.662 64.851
50.330 40.700 60.717
52.128 44.853 57.240
56.696 49.060 53.701
62.087 49.452 50.324
67.017 45.799 47.478
69.610 40.962 44.881
70.436 34.909 42.174
67.299 29.487 39.627
61.865 25.848 38.022
54.831 26.037 38.148
50.963 30.321 34.881
50.200 35.879 31.074
52.562 39.706 26.038
55.279 39.790 20.237
57.169 36.513 14.686
56.563 32.249 9.846
52.920 26.659 8.092
47.252 21.723 7.700
40.403 19.668 10.202
35.614 22.199 14.268
32.601 28.627 14.807
30.814 34.378 11.915
30.159 38.279 6.413
28.140 38.098 0.146
24.332 35.987 -4.780
19.791 31.068 -6.433
14.913 27.363 -5.901
12.000 23.652 -1.168
9.344 22.207 5.589
7.789 24.313 10.970
8.161 28.434 16.506
5.141 34.051 17.758
2.333 39.881 15.746
-3.066 42.243 12.570
-9.380 41.029 11.884
-14.953 37.056 13.249
-17.609 32.601 16.790
-17.787 26.714 20.272
-16.889 25.401 25.914
-11.899 24.957 31.580
-9.957 29.584 36.235
-9.443 35.709 38.861
-12.316 41.468 40.863
-17.975 43.210 43.397
-23.794 42.510 45.935
-28.634 40.086 49.066
-29.745 36.329 53.925
-29.307 30.962 58.021
-25.832 26.907 61.258
-20.023 24.149 63.040
-13.366 24.463 61.221
-8.969 29.623 62.730
-7.050 36.080 64.343
-7.807 40.719 68.629
-7.936 41.630 75.413
-8.417 40.056 81.682
-8.452 35.671 86.718
-4.707 30.938 89.283
-0.594 25.712 88.936
2.910 21.114 85.038
8.029 21.603 81.287
12.011 25.305 77.404
15.870 31.031 76.940
19.521 35.301 80.474
23.381 35.819 86.160
26.951 33.051 90.768
30.027 28.306 94.088
33.040 22.968 93.906
35.679 17.318 91.821
35.520 12.804 86.625
36.821 12.753 80.485
37.000 15.915 74.438
41.141 20.725 71.571
45.760 25.656 71.644
52.101 26.758 73.375
57.731 23.874 73.554
62.498 19.032 74.408
63.963 13.216 72.431
64.086 8.310 68.041
60.668 5.020 63.328
56.240 4.558 58.365
52.213 8.249 54.058
52.234 14.301 50.630
56.795 18.042 47.238
61.381 18.180 43.537
63.932 16.130 38.228
67.115 10.541 34.715
67.046 5.642 32.296
63.038 0.889 29.378
57.671 -2.933 28.982
51.448 -3.233 29.566
45.136 -0.445 31.029
42.187 4.229 28.833
41.136 10.955 25.614
41.884 12.836 19.470
42.831 11.592 12.773
42.489 7.579 7.423
40.101 3.432 3.594
36.125 -2.061 3.835
30.060 -4.343 4.445
25.122 -6.428 8.758
21.836 -3.800 14.057
18.899 1.892 15.805
16.532 7.954 14.259
15.280 13.051 9.953
11.544 13.577 4.489
6.154 13.246 1.003
1.267 8.978 -0.503
-3.087 4.042 1.019
-5.562 -0.865 5.790
-5.587 -2.739 12.158
-5.206 -1.483 18.774
-2.658 2.788 23.694
-4.514 9.022 26.112
-8.720 14.244 26.450
-14.629 17.188 25.786
-21.145 15.327 26.813
-26.107 9.509 27.619
-27.065 4.059 30.549
-25.105 -0.130 35.592
-20.810 -1.344 40.826
-17.375 -0.338 45.658
-12.672 3.716 49.902
-13.476 9.242 53.017
-16.241 15.234 54.575
-21.548 15.983 59.057
-25.341 13.701 63.771
-26.837 9.343 68.602
-25.583 4.733 72.958
-20.976 -0.790 75.376
-14.755 -3.048 75.290
-8.772 -0.949 75.852
-4.362 3.985 75.987
-2.209 9.745 77.773
-2.827 15.135 81.843
-4.218 17.482 87.962
-7.509 17.877 93.893
87.424 100.502 32.867
86.608 105.073 36.950
80.903 106.370 40.733
77.320 102.718 46.273
79.031 99.024 51.132
82.595 98.345 56.672
88.450 100.622 60.190
91.160 106.070 62.939
91.139 112.527 64.970
88.076 117.557 67.925
82.110 119.938 70.973
76.090 118.765 73.499
71.521 113.947 75.965
70.363 108.498 78.008
72.069 102.917 80.014
77.007 99.056 82.425
82.298 98.508 86.374
87.356 101.127 90.895
87.815 104.698 96.468
84.867 105.968 101.982
80.201 105.424 106.633
75.195 101.665 108.902
71.155 96.938 108.552
69.453 91.106 105.742
70.703 85.827 104.589
75.647 81.058 103.071
81.722 79.256 103.690
86.579 77.721 107.935
88.223 76.223 114.304
87.151 74.389 120.155
83.692 70.645 124.226
79.013 65.882 125.399
72.595 63.074 123.972
69.238 60.111 118.847
69.600 58.387 112.609
72.725 56.810 107.542
78.094 55.749 104.511
84.766 54.258 104.026
89.325 49.788 106.456
90.749 43.931 109.299
89.091 37.503 110.048
84.592 32.232 108.805
78.829 30.099 105.380
75.695 29.832 99.938
73.988 31.871 94.127
74.839 35.425 88.901
78.822 38.919 84.329
85.248 39.695 81.491
89.703 35.721 78.977
92.413 29.624 77.134
91.048 24.198 73.731
86.764 20.247 70.148
80.978 19.055 66.668
75.197 21.704 63.693
72.224 27.008 62.034
71.992 33.036 60.243
74.620 37.712 57.229
79.906 41.089 54.806
85.553 40.658 51.157
87.836 38.996 44.955
86.535 36.581 39.242
82.367 35.219 33.963
76.595 35.877 30.980
70.974 39.534 30.533
67.426 45.093 33.509
68.165 51.160 35.261
71.932 56.295 37.735
76.646 60.045 37.375
80.132 63.881 35.572
81.027 69.086 32.193
79.353 72.950 28.049
75.175 77.440 24.222
68.595 78.552 22.039
62.189 78.242 23.539
57.033 77.421 27.617
54.957 76.988 33.940
56.362 77.086 40.928
60.153 79.852 45.556
64.970 84.485 47.390
67.422 90.346 46.845
67.421 96.789 45.519
64.076 102.470 43.583
57.620 104.894 43.805
51.404 104.977 46.512
47.628 103.646 51.509
45.525 99.029 56.881
48.245 95.562 61.856
52.828 95.258 66.260
57.637 97.641 70.547
60.803 102.723 73.138
60.180 108.762 75.980
56.048 113.415 78.663
50.376 114.612 82.182
45.328 112.072 85.325
42.045 107.574 88.271
58.321 96.549 90.009
53.406 93.091 86.927
48.911 94.192 81.920
44.467 97.596 78.466
42.218 103.167 75.625
42.006 109.222 71.941
46.819 112.337 67.308
54.189 113.069 65.149
59.474 110.955 62.752
62.950 105.958 61.542
63.082 99.082 61.154
59.866 93.862 59.351
54.449 90.128 56.118
49.283 90.830 51.159
48.621 92.742 45.085
51.051 93.711 39.224
55.573 94.252 34.303
62.346 93.814 32.189
68.024 91.228 33.977
71.482 86.069 37.220
71.359 80.544 40.757
69.557 74.318 41.035
66.505 69.006 38.530
63.562 65.293 33.567
63.349 64.394 27.444
66.672 61.701 22.689
71.732 58.559 19.693
77.061 56.288 20.064
79.512 51.456 22.474
84.304 51.289 28.266
85.250 54.291 34.069
81.895 53.213 40.087
76.071 51.569 42.887
71.268 47.172 43.615
68.098 41.010 42.934
69.041 34.816 42.091
72.606 29.166 42.508
78.138 26.354 44.543
83.830 24.693 47.559
87.227 26.754 52.513
89.623 30.904 56.492
87.324 35.557 61.290
81.999 38.064 64.999
76.012 36.357 68.057
73.679 31.155 71.429
72.644 25.904 74.708
75.953 22.028 78.822
80.652 20.815 83.273
85.983 22.216 87.261
89.540 26.567 89.893
91.835 31.802 91.567
90.179 38.302 92.005
85.322 42.554 92.147
78.999 44.011 94.653
73.644 41.758 98.351
72.266 40.306 104.542
73.180 40.149 110.800
76.679 42.034 116.477
80.942 45.577 119.522
85.444 50.847 118.743
88.169 55.489 114.764
86.862 60.146 110.989
82.846 63.671 107.755
76.332 65.939 106.810
70.831 67.845 109.495
68.369 71.575 114.182
69.014 76.207 118.559
72.326 80.980 122.051
76.827 85.182 121.183
81.931 88.479 119.153
86.678 88.818 113.899
87.093 89.984 108.566
86.416 87.960 101.791
80.966 88.527 98.080
74.954 89.756 96.252
70.310 94.124 96.325
68.721 100.456 95.979
70.268 107.251 97.869
74.436 112.876 95.453
79.200 114.586 91.820
85.418 113.583 88.532
87.817 110.382 84.081
87.431 105.460 80.102
84.004 101.984 75.372
78.738 101.716 71.306
73.061 104.866 68.308
72.244 110.228 64.387
73.799 115.074 60.335
79.002 116.843 56.336
85.758 116.217 53.509
91.477 111.375 52.045
93.780 105.705 51.997
92.964 99.324 51.122
89.802 94.887 50.035
86.184 91.259 48.017
86.483 100.888 32.625
85.708 105.350 36.861
80.086 106.486 40.717
76.678 102.772 46.251
78.456 99.084 51.014
82.126 98.307 56.432
88.029 100.561 59.939
90.711 105.979 62.667
90.657 112.401 64.795
87.623 117.324 67.917
81.715 119.567 71.114
75.747 118.296 73.749
71.258 113.394 76.207
70.227 107.904 78.198
71.981 102.424 80.071
76.971 98.509 82.360
82.353 97.954 86.189
87.434 100.549 90.612
87.954 104.032 96.187
85.135 105.130 101.832
80.526 104.424 106.538
75.588 100.584 108.796
71.598 95.852 108.463
69.988 90.073 105.683
71.198 84.828 104.338
76.171 80.200 102.679
82.294 78.402 103.211
87.238 76.898 107.305
88.946 75.308 113.586
87.938 73.239 119.304
84.679 69.373 123.385
80.060 64.575 124.594
73.635 61.768 123.248
70.287 58.859 118.114
70.563 57.222 111.899
73.605 55.780 106.772
78.877 54.859 103.625
85.500 53.317 102.953
90.139 48.889 105.217
91.696 43.051 107.963
90.129 36.621 108.627
85.650 31.350 107.394
79.862 29.181 104.001
76.618 29.004 98.633
74.815 31.102 92.913
75.538 34.723 87.731
79.350 38.344 83.113
85.719 39.197 80.173
90.170 35.315 77.572
92.910 29.283 75.541
91.512 23.903 72.124
87.215 19.994 68.511
81.401 18.868 65.103
75.572 21.520 62.217
72.513 26.760 60.689
72.190 32.753 59.018
74.687 37.558 56.080
79.896 40.958 53.651
85.507 40.662 49.877
87.710 39.018 43.690
86.280 36.745 37.918
82.009 35.474 32.707
76.183 36.171 29.865
70.633 39.796 29.467
67.146 45.460 32.315
67.858 51.349 34.294
71.493 56.459 36.877
76.178 60.265 36.516
79.613 64.118 34.787
80.339 69.417 31.523
78.587 73.305 27.470
74.311 77.854 23.830
67.698 78.930 21.787
61.328 78.503 23.354
56.259 77.559 27.489
54.321 77.018 33.832
55.827 77.034 40.779
59.675 79.753 45.353
64.418 84.469 47.256
66.810 90.340 46.776
66.755 96.718 45.503
63.321 102.384 43.742
56.881 104.753 44.108
50.712 104.734 46.905
47.027 103.257 51.937
45.082 98.616 57.290
47.924 95.154 62.207
52.555 94.772 66.528
57.422 97.119 70.757
60.561 102.199 73.349
59.941 108.147 76.299
55.835 112.707 79.133
50.215 113.763 82.708
45.239 111.154 85.910
42.047 106.600 88.835
58.473 95.639 90.151
53.501 92.271 87.062
48.891 93.377 82.198
44.352 96.848 78.913
42.016 102.422 76.147
41.731 108.498 72.551
46.439 111.712 67.888
53.753 112.548 65.599
58.996 110.531 63.101
62.475 105.594 61.752
62.648 98.727 61.223
59.456 93.502 59.406
54.017 89.837 56.220
48.787 90.545 51.367
48.014 92.534 45.340
50.334 93.611 39.473
54.759 94.238 34.457
61.486 93.896 32.233
67.231 91.330 33.885
70.728 86.167 36.969
70.723 80.615 40.436
69.008 74.346 40.597
66.000 69.045 38.046
63.061 65.390 33.073
62.712 64.608 26.958
66.019 62.056 22.103
70.997 58.980 18.999
76.355 56.673 19.346
78.896 51.833 21.600
83.781 51.668 27.244
84.829 54.480 33.048
81.547 53.376 39.061
75.778 51.638 41.943
71.008 47.178 42.710
67.923 40.999 41.997
68.880 34.828 41.069
72.540 29.225 41.355
78.149 26.412 43.277
83.827 24.797 46.141
87.299 26.783 51.035
89.746 30.849 55.031
87.484 35.420 59.953
82.189 37.858 63.745
76.293 35.993 66.889
74.051 30.737 70.215
73.178 25.421 73.405
76.578 21.543 77.450
81.370 20.321 81.828
86.719 21.712 85.733
90.250 26.037 88.394
92.531 31.255 90.129
90.812 37.731 90.627
85.939 41.963 90.938
79.688 43.280 93.578
74.456 40.948 97.347
73.188 39.365 103.532
74.221 39.115 109.775
77.788 40.975 115.376
82.068 44.514 118.380
86.488 49.840 117.619
89.069 54.569 113.687
87.657 59.300 110.035
83.534 62.856 106.948
77.037 65.005 106.150
71.605 66.847 108.950
69.211 70.670 113.561
69.922 75.233 118.133
73.243 79.808 121.672
77.560 84.133 120.649
82.569 87.545 118.568
87.277 87.964 113.369
87.559 89.133 108.048
86.786 87.266 101.290
81.300 87.847 97.644
75.266 89.007 95.934
70.583 93.315 96.177
68.939 99.617 95.986
70.431 106.394 97.902
74.521 112.090 95.471
79.201 113.877 91.834
85.357 112.988 88.413
87.683 109.904 83.891
87.269 105.050 79.841
83.774 101.622 75.111
78.433 101.368 71.218
72.735 104.594 68.385
71.790 109.932 64.516
73.289 114.844 60.544
78.369 116.703 56.448
85.084 116.187 53.529
90.802 111.410 51.875
93.137 105.774 51.675
92.380 99.460 50.679
89.253 95.010 49.570
85.641 91.371 47.564
88.359 116.006 60.241
92.440 112.890 65.282
94.996 111.028 72.362
90.718 108.818 77.908
84.508 107.676 80.596
80.001 103.297 80.352
75.491 98.803 77.142
75.018 93.601 72.799
77.394 87.986 71.384
81.527 82.856 70.785
85.810 79.266 73.686
91.506 80.625 77.198
94.241 80.997 82.778
94.557 84.303 88.701
90.322 87.132 93.704
84.133 86.096 96.441
79.460 81.639 98.396
77.625 75.636 100.230
79.271 70.164 103.622
83.942 66.406 107.504
90.190 64.872 109.819
95.034 67.196 113.492
98.627 72.454 116.378
98.810 78.887 117.787
96.034 85.372 118.023
90.168 87.342 121.482
84.354 85.975 124.999
83.278 84.639 131.069
84.409 81.603 137.238
89.017 81.333 142.048
95.039 82.883 145.236
100.810 86.168 145.670
103.417 92.056 144.837
105.029 97.005 140.293
101.825 102.641 138.447
96.425 106.599 138.768
91.998 109.710 142.636
90.117 112.076 148.586
91.915 114.572 154.010
95.291 116.644 159.109
101.255 119.423 161.552
107.299 121.963 160.379
112.547 123.983 156.421
114.182 126.340 150.689
113.179 126.708 143.554
107.720 128.702 139.658
101.899 132.266 139.402
98.235 137.461 140.991
98.562 144.082 142.542
101.638 149.798 143.592
107.097 153.907 143.103
112.450 155.460 139.356
116.959 154.857 134.435
118.989 151.450 129.118
118.078 146.287 124.412
112.783 144.638 120.269
106.765 146.036 117.359
103.407 150.611 114.002
103.184 156.871 111.121
106.114 161.968 108.084
111.010 164.536 104.545
116.785 163.674 100.941
121.782 160.013 98.110
123.253 154.187 95.651
122.310 148.136 94.387
117.778 142.994 92.832
111.382 141.776 90.154
106.100 143.845 86.591
104.245 146.301 80.712
106.167 147.497 73.848
110.670 147.588 68.811
116.148 144.540 66.057
120.988 139.525 66.462
122.979 133.453 69.227
122.011 127.945 72.765
117.436 123.534 75.047
111.024 121.887 75.969
105.969 119.485 72.044
103.399 116.675 66.917
104.516 112.524 61.476
108.104 107.930 59.245
113.069 103.757 58.345
118.534 100.286 60.473
122.851 97.948 64.955
123.775 96.624 71.111
122.523 97.126 77.782
117.164 96.549 82.194
110.682 94.369 83.357
106.114 89.518 82.124
104.945 83.256 80.376
106.546 77.203 80.182
110.906 71.804 80.532
116.304 69.447 83.596
120.652 69.158 88.530
124.358 72.578 93.637
123.550 76.504 98.855
120.212 80.613 103.358
114.421 80.538 106.976
108.223 77.138 109.047
107.178 71.631 112.667
109.067 66.564 116.356
113.957 63.363 119.830
119.720 62.346 122.618
124.550 65.461 126.150
128.860 70.259 127.856
130.531 76.459 129.483
127.662 82.156 132.432
122.150 84.898 135.495
117.415 84.765 139.801
114.642 82.366 145.282
117.177 84.445 150.071
119.906 85.932 155.449
126.232 87.020 159.677
132.259 89.878 158.369
137.900 92.479 154.131
139.362 96.201 148.641
135.649 98.636 143.027
131.814 102.823 140.646
126.851 106.719 139.632
123.354 111.197 143.098
120.930 115.702 148.747
124.920 118.265 154.379
130.950 122.336 156.230
136.393 125.678 154.449
141.406 128.158 150.415
142.941 129.282 143.403
140.016 132.310 137.206
135.063 135.558 134.323
129.852 139.795 134.019
126.139 145.555 135.922
127.374 151.676 138.664
141.375 148.453 147.446
137.434 146.851 150.431
130.753 144.472 150.810
125.139 141.068 148.375
122.907 135.852 143.948
125.131 131.574 138.666
129.765 126.131 136.217
135.754 121.518 136.879
140.515 118.833 141.409
141.544 116.340 147.349
138.268 114.392 153.637
132.972 111.063 157.315
126.050 107.885 157.172
120.311 105.341 154.248
118.798 100.689 149.198
120.352 96.129 145.119
124.622 92.418 141.187
130.900 89.371 139.998
134.401 84.274 143.371
133.949 78.324 147.238
130.915 72.877 147.409
126.762 68.771 145.461
121.350 66.973 141.935
115.075 68.453 139.241
112.104 73.080 135.311
111.366 77.915 131.188
113.962 80.859 126.188
118.931 82.427 121.956
124.309 80.139 118.563
127.679 74.775 116.052
127.890 68.864 113.549
123.844 63.772 110.421
119.566 62.364 106.055
113.285 63.053 102.721
108.243 66.480 100.252
106.635 72.078 97.520
107.877 79.105 96.743
112.703 83.944 96.634
118.873 84.803 93.413
123.557 82.952 88.942
124.914 81.042 82.818
122.868 79.645 76.463
118.158 80.087 71.673
113.410 83.306 68.895
108.577 88.223 68.347
106.281 94.408 70.488
106.413 99.759 75.302
111.133 103.687 78.041
116.711 106.836 77.787
122.161 108.536 74.289
124.037 111.501 68.742
123.152 113.532 62.345
120.342 117.333 58.544
115.774 121.926 56.494
110.474 126.066 57.806
105.769 128.688 61.932
104.757 130.924 67.844
105.826 130.335 74.952
111.511 130.657 79.008
118.003 132.758 79.649
122.860 137.146 78.371
123.662 143.731 77.611
122.364 150.076 76.640
119.185 154.839 79.069
113.703 157.860 82.190
108.510 157.473 86.434
106.092 154.546 91.597
105.788 149.323 96.116
110.186 145.965 100.189
116.750 145.139 102.838
120.569 148.557 106.617
123.022 154.070 109.787
121.244 159.420 113.410
117.276 162.957 117.135
111.747 163.397 121.033
106.139 161.048 124.107
102.269 155.851 126.244
101.928 149.244 126.440
105.088 143.041 126.717
110.567 140.265 129.344
115.978 140.669 133.546
118.302 142.402 139.292
116.674 143.632 146.330
112.622 143.370 151.392
106.456 141.804 154.231
100.625 138.050 153.527
97.201 133.098 150.087
96.858 128.026 145.896
100.145 122.834 143.066
105.924 119.676 141.923
110.062 115.686 145.507
111.566 111.925 150.459
109.500 107.898 155.323
104.227 104.794 158.159
98.288 102.546 158.746
92.951 100.029 155.471
88.679 98.592 150.634
87.371 97.924 144.273
88.640 99.281 137.691
93.981 97.582 133.437
100.378 94.825 132.534
102.851 88.669 132.816
102.778 82.044 133.832
99.789 76.196 134.129
94.307 72.374 132.565
88.078 71.357 129.864
84.374 72.941 125.065
81.922 76.484 120.482
82.747 81.962 115.674
87.510 84.096 111.437
93.289 82.729 107.771
97.966 78.376 105.131
97.606 73.346 101.151
94.862 69.048 97.062
89.383 67.068 93.300
83.023 68.751 90.974
78.843 73.630 89.211
77.382 79.253 86.844
78.244 86.210 87.788
82.830 92.054 88.315
89.052 93.322 85.263
94.133 92.704 81.252
95.499 92.959 74.868
93.175 93.477 68.401
87.831 95.146 64.411
82.028 97.499 62.640
79.744 103.298 62.766
77.066 108.929 66.259
77.161 113.302 71.837
80.282 116.782 77.265
-21.511 7.129 -11.009
-15.185 7.548 -9.130
-9.057 5.070 -8.317
-4.225 0.866 -9.290
-1.957 -4.549 -12.897
-2.951 -8.066 -18.551
-5.296 -8.634 -24.967
-7.226 -4.785 -30.586
-8.303 0.626 -34.424
-4.834 5.853 -36.370
-0.515 11.289 -35.230
5.999 11.994 -33.632
11.877 8.783 -32.983
15.925 3.354 -34.076
17.109 -2.490 -36.849
16.328 -6.859 -41.924
14.353 -7.518 -48.650
14.228 -5.260 -54.187
12.809 0.135 -58.171
30.409 0.604 -50.444
26.145 4.966 -48.626
21.381 9.605 -49.680
14.752 9.527 -50.100
9.750 6.275 -51.864
5.985 0.896 -51.050
5.611 -4.210 -46.311
7.614 -6.996 -40.612
8.915 -5.898 -34.144
10.533 -1.537 -29.258
9.021 4.522 -26.170
4.134 7.865 -23.763
-2.280 9.866 -23.263
-9.014 8.990 -25.156
-13.385 3.937 -26.308
-14.629 -2.720 -25.140
-14.355 -7.669 -21.259
-14.009 -10.350 -15.323
-12.702 -10.270 -8.702
