190.069 263.180 162.150
196.709 260.273 161.533
202.873 262.729 163.221
206.833 267.390 166.551
207.805 271.154 172.073
205.988 273.917 178.646
203.677 272.502 184.341
200.740 269.274 189.204
200.550 263.137 192.164
201.808 255.829 191.727
206.420 250.988 190.871
212.421 249.473 191.157
219.214 252.109 190.171
223.650 255.463 192.407
226.193 258.041 197.476
225.326 261.440 203.258
222.021 260.186 209.184
219.173 256.692 213.636
218.561 250.728 216.072
220.781 245.460 218.283
224.922 240.682 218.745
231.608 238.862 218.509
238.150 241.610 217.163
241.896 246.235 219.454
242.878 250.506 222.353
242.928 254.844 226.547
239.780 257.706 231.850
236.070 255.770 237.603
237.262 251.686 242.182
238.608 246.888 245.973
244.479 243.707 248.145
250.940 242.989 249.110
256.596 246.286 249.570
261.032 251.546 248.797
260.382 258.884 248.077
258.707 263.399 250.266
253.769 267.650 253.376
250.188 267.651 258.985
249.167 266.444 265.004
250.688 264.318 270.958
255.668 262.478 274.967
262.206 262.846 276.525
268.283 265.450 275.750
272.317 270.364 273.674
272.906 276.835 271.884
270.268 282.991 271.998
266.248 287.421 274.963
262.728 289.438 280.265
261.506 289.298 286.838
263.434 287.820 293.062
268.292 286.332 297.438
274.909 286.376 298.704
281.013 288.213 296.806
284.828 292.116 292.855
285.328 298.224 290.034
283.480 304.669 289.968
281.045 309.991 293.261
279.401 313.162 298.935
280.105 313.887 305.607
283.508 313.361 310.716
288.391 310.495 313.762
293.900 309.075 314.659
300.366 309.703 311.358
303.460 313.277 307.815
305.027 317.859 303.332
304.727 324.393 301.998
303.589 330.719 303.890
302.846 335.267 308.792
303.614 337.011 315.234
306.837 336.155 321.061
311.789 334.533 324.396
317.833 332.862 325.435
323.835 332.679 321.947
327.784 334.347 316.050
329.489 339.050 312.078
329.352 346.064 310.512
329.941 351.472 312.559
330.258 356.911 316.234
328.967 358.764 323.222
331.548 358.480 328.934
336.147 358.374 332.590
341.741 354.412 335.131
347.278 353.103 333.957
352.934 351.993 331.039
357.205 354.046 326.990
359.651 358.800 322.906
358.841 365.167 319.616
357.327 371.311 320.377
356.961 376.870 323.385
356.309 379.722 330.277
359.202 380.045 335.952
363.533 379.058 340.646
369.146 376.427 342.854
374.811 373.218 341.552
379.028 373.214 335.280
380.961 377.488 330.453
381.302 382.927 326.755
382.366 389.487 327.019
384.302 394.811 330.574
384.502 399.363 335.482
387.476 399.826 341.144
390.179 397.095 346.886
396.086 393.943 348.307
401.631 390.320 347.704
407.411 388.777 344.736
412.039 390.615 340.518
414.732 395.832 337.121
403.577 405.831 350.758
402.330 406.768 344.705
402.372 406.042 338.029
403.688 401.918 332.615
404.924 395.340 331.458
403.705 388.890 333.504
399.241 385.327 337.767
395.112 384.727 343.190
390.139 386.293 347.164
383.900 388.671 347.320
378.342 390.643 345.219
374.622 392.442 339.847
372.444 391.184 334.099
373.707 388.789 328.582
374.349 382.037 325.733
374.845 375.683 326.583
373.076 370.341 329.504
368.995 366.704 333.606
363.983 366.610 338.758
358.111 369.172 340.182
352.275 369.600 337.357
347.594 372.075 332.512
346.566 371.479 325.997
346.485 367.183 321.181
348.193 361.620 317.451
349.201 355.321 316.676
348.140 348.862 318.883
344.887 345.389 323.662
341.322 343.459 329.115
334.780 344.094 331.098
328.964 347.879 332.152
323.316 350.581 330.417
319.173 350.246 325.298
317.316 350.450 318.947
316.911 348.710 312.032
317.521 344.226 308.358
319.807 337.698 307.399
320.250 331.409 309.107
318.682 326.268 313.491
314.601 323.737 318.128
308.609 323.590 321.099
302.114 325.239 321.245
296.573 327.199 318.003
293.309 327.864 312.165
292.367 326.181 306.247
294.460 322.925 301.190
296.419 318.212 299.108
297.560 312.276 298.815
297.757 306.299 301.958
293.857 302.911 305.861
287.987 301.159 308.534
281.260 301.306 308.548
275.374 302.678 305.615
271.790 303.874 300.031
271.654 303.647 293.294
274.679 301.455 287.797
278.829 296.943 285.001
281.229 290.672 285.221
280.375 284.302 287.204
276.137 279.649 289.472
270.043 277.173 290.274
263.552 276.665 288.552
258.530 278.072 284.292
256.524 280.011 278.136
258.212 280.868 271.672
262.240 278.995 266.626
266.332 274.476 263.921
268.462 268.105 263.396
266.500 261.779 265.655
263.662 256.439 264.695
257.959 253.051 265.751
251.236 255.151 265.273
246.882 256.416 261.126
244.485 260.489 255.821
247.431 263.579 249.996
250.413 261.946 245.507
253.525 259.012 241.028
255.616 253.355 238.157
253.688 246.585 237.896
249.647 241.438 236.253
242.802 239.330 235.528
236.471 240.403 235.770
231.721 246.015 234.850
228.833 251.524 233.043
230.988 256.678 228.570
232.969 257.005 222.328
236.401 255.948 217.090
236.668 251.871 211.613
234.885 247.053 207.761
229.082 242.864 206.687
223.104 242.692 204.753
216.637 244.256 205.972
212.610 249.934 206.716
211.714 256.701 206.171
212.831 262.297 204.144
213.734 265.313 198.419
217.160 265.719 192.752
216.569 264.165 186.896
215.717 258.713 182.388
210.993 255.521 180.236
204.336 254.280 179.515
198.160 256.341 180.737
194.064 261.880 181.469
193.316 268.488 180.958
195.010 274.996 177.557
197.596 277.134 172.015
201.099 276.457 166.140
228.011 282.139 193.468
230.941 282.561 193.627
254.284 272.064 208.918
252.784 274.242 210.206
29.290 15.480 23.069
30.968 18.444 17.469
32.999 23.582 16.309
34.769 29.540 17.172
31.889 34.769 13.966
32.969 32.974 8.247
36.446 31.778 4.130
22.072 26.416 -23.274
23.502 21.093 -18.476
28.314 20.334 -13.146
28.679 22.213 -7.134
26.080 25.747 -1.775
20.683 27.274 1.961
14.834 25.676 3.904
8.744 22.733 3.790
9.075 18.911 9.707
10.837 14.709 13.537
14.675 10.386 17.122
21.410 8.670 17.943
27.704 10.540 17.991
32.152 15.527 17.744
34.327 21.183 16.744
33.446 28.127 16.000
20.363 20.206 29.304
17.979 26.933 25.907
18.669 29.963 20.515
20.813 29.400 14.371
23.356 25.592 9.795
27.440 21.132 6.638
26.872 15.365 4.919
23.900 9.982 2.738
19.202 7.641 -1.251
16.140 10.002 -5.385
11.952 14.331 -9.236
8.081 19.846 -8.811
9.843 26.181 -9.121
13.348 31.990 -7.942
18.944 34.983 -7.771
36.830 -9.471 21.584
36.896 -5.311 16.074
39.829 -3.794 11.629
44.009 -3.844 6.407
45.330 -8.268 1.127
43.026 -14.235 -2.125
37.785 -18.459 -3.853
33.804 -19.542 -5.923
28.925 -18.416 -9.750
26.103 -14.416 -13.039
24.867 -8.802 -16.211
27.210 -2.202 -16.878
32.604 2.049 -17.177
38.874 2.953 -16.735
45.356 1.522 -17.262
50.370 -2.848 -18.748
39.944 -5.698 -30.956
38.401 -10.863 -26.874
41.168 -15.315 -22.150
43.055 -14.621 -15.873
43.311 -10.724 -10.302
41.819 -5.226 -6.901
37.054 -2.188 -4.316
30.983 -1.441 -2.153
26.829 -3.913 2.022
25.602 -8.121 5.858
26.875 -13.479 9.128
29.702 -19.340 9.777
34.862 -23.352 7.464
41.536 -22.992 7.348
47.209 -17.863 5.870
15.184 -6.448 -35.113
10.345 -9.473 -36.999
9.640 51.856 44.408
6.628 48.753 49.372
6.894 42.822 52.600
10.460 38.725 55.490
12.775 34.671 51.903
18.862 33.770 49.467
24.246 32.697 46.892
26.516 37.514 42.640
-46.567 -22.951 43.909
-39.987 -20.978 43.228
-34.535 -22.132 39.987
-31.901 -24.376 34.092
-32.778 -28.051 28.627
-36.371 -29.456 23.386
-42.054 -30.933 19.723
-46.817 -26.299 17.337
-50.453 -20.571 17.020
-50.065 -13.956 17.066
-47.132 -8.037 17.676
-41.986 -4.116 15.783
-37.028 -4.369 11.144
-32.022 -7.412 7.570
-30.749 -11.315 2.259
-49.722 -10.553 0.766
-47.950 -16.098 0.858
-42.684 -20.761 1.754
-37.384 -21.364 5.835
-32.874 -19.079 10.131
-31.948 -16.755 16.142
-32.459 -12.759 21.901
-37.373 -11.399 26.212
-43.416 -12.670 28.725
-48.062 -16.600 30.062
-51.123 -22.717 30.045
-50.891 -29.391 29.166
-47.301 -34.497 31.225
-41.834 -37.581 33.447
-36.139 -37.457 37.039
-38.144 -68.867 -9.276
-43.826 -66.747 -12.383
-48.198 -61.879 -13.355
-49.177 -55.102 -13.423
-47.068 -49.153 -11.755
-42.287 -44.576 -12.224
-35.901 -41.884 -12.439
-31.234 -42.620 -17.068
-27.613 -45.708 -22.152
-28.543 -48.775 -28.002
-31.816 -50.710 -33.407
-36.508 -49.099 -38.150
-40.197 -43.989 -40.043
-43.524 -38.230 -39.554
-43.307 -31.614 -38.287
-24.106 -33.165 -37.014
-26.606 -29.300 -31.922
-32.149 -29.327 -28.504
-37.354 -32.300 -26.009
-42.484 -35.409 -27.591
-45.401 -41.275 -26.829
-46.785 -48.152 -28.163
-42.938 -53.719 -27.909
-37.415 -56.837 -25.621
-32.989 -57.697 -21.277
-30.073 -56.597 -15.218
-29.663 -53.381 -9.179
-33.473 -53.236 -3.799
-39.024 -53.381 -0.266
-46.022 -54.026 0.252
18.468 -7.827 44.932
23.818 -3.567 46.217
24.711 1.921 49.622
22.064 5.988 54.650
17.699 8.382 59.090
13.869 6.495 63.973
11.268 2.360 68.550
11.499 -3.908 70.064
13.851 -10.171 70.681
19.371 -13.308 72.696
25.026 -13.334 75.831
29.578 -10.292 79.546
33.746 -5.715 82.056
33.519 -0.996 86.565
14.892 1.457 87.827
18.741 4.662 83.613
23.545 6.819 79.750
27.429 4.410 74.717
31.304 0.246 71.098
30.960 -4.813 66.983
26.677 -8.131 62.989
20.801 -11.444 61.565
14.779 -11.160 60.199
8.976 -7.635 58.273
5.783 -2.137 56.530
7.142 3.335 52.895
10.909 8.247 49.938
16.101 9.448 45.755
6.534 1.074 -3.613
10.004 -4.375 -1.324
15.456 -5.606 1.985
20.128 -2.965 6.359
23.570 1.422 9.946
22.768 6.554 14.083
19.627 10.612 18.142
13.321 11.673 19.940
7.003 10.583 21.187
3.247 6.209 24.666
2.768 1.334 28.989
5.608 -3.588 32.675
10.253 -7.925 34.983
16.222 -8.693 37.912
18.356 9.706 38.357
21.848 5.639 34.200
23.400 -0.056 30.727
19.764 -4.053 26.703
14.653 -7.893 24.548
9.262 -7.389 20.767
6.431 -3.484 16.067
3.883 2.695 13.890
5.219 8.286 11.225
9.464 12.879 8.232
15.151 14.587 5.625
20.119 11.692 2.133
24.112 6.672 0.000
24.334 0.850 -3.257
18.396 -7.860 44.832
23.816 -3.634 46.037
24.767 1.924 49.462
22.093 5.790 54.550
17.652 8.313 58.995
13.908 6.413 63.888
11.285 2.183 68.468
11.544 -4.036 69.990
13.922 -10.340 70.592
19.391 -13.491 72.616
25.138 -13.497 75.729
29.607 -10.425 79.355
33.759 -5.874 81.932
33.569 -1.201 86.445
15.012 1.374 87.720
18.812 4.487 83.450
23.607 6.671 79.674
27.502 4.311 74.594
31.363 0.070 70.991
31.022 -4.974 66.825
26.705 -8.249 62.831
20.829 -11.503 61.406
14.825 -11.245 60.010
8.961 -7.803 58.161
5.807 -2.196 56.507
7.124 3.232 52.913
10.942 8.129 49.953
16.003 9.519 45.826
6.360 1.135 -3.765
9.756 -4.201 -1.436
15.184 -5.467 1.988
19.859 -2.841 6.321
23.322 1.635 9.913
22.653 6.697 14.018
19.302 10.768 18.108
12.947 11.723 19.965
6.656 10.678 21.251
3.055 6.137 24.868
2.626 1.125 29.004
5.633 -3.376 32.708
10.134 -8.107 34.807
16.140 -8.698 37.709
18.010 9.645 38.432
21.570 5.744 34.083
23.173 0.066 30.681
19.599 -3.989 26.625
14.493 -7.850 24.495
9.044 -7.379 20.768
6.182 -3.389 16.068
3.781 2.977 13.978
4.984 8.318 11.313
9.252 12.938 8.248
14.930 14.650 5.635
19.885 11.863 2.102
23.838 6.744 0.028
24.204 0.938 -3.160
154.080 -5.213 0.171
149.167 -2.340 3.832
146.027 -1.611 9.963
147.692 -1.085 16.391
151.706 -2.632 21.954
157.113 0.188 23.890
162.566 3.608 23.461
168.082 5.956 20.168
169.153 12.560 18.169
166.910 18.258 14.810
164.742 23.590 17.399
161.578 27.266 22.582
157.717 14.476 31.586
153.644 16.425 26.590
152.238 17.034 19.796
154.558 15.690 13.552
159.432 13.964 8.896
162.161 8.115 7.684
163.539 1.950 9.116
165.026 -3.150 13.282
161.748 -8.600 14.812
156.246 -11.494 17.546
150.701 -14.079 15.142
145.820 -14.084 9.975
7.698 0.603 92.704
13.177 -3.746 92.759
16.437 -9.421 91.426
16.286 -15.180 88.100
14.792 -18.559 82.282
12.509 -17.940 75.315
8.932 -14.076 70.690
8.300 -7.535 68.503
10.215 -0.332 67.879
14.207 1.728 64.514
20.871 2.311 62.481
26.042 0.585 60.555
29.211 -4.114 56.386
30.267 -10.656 53.415
27.661 -14.467 49.957
23.398 -16.626 45.542
16.426 -15.643 44.628
12.246 -11.674 42.284
11.864 -4.805 40.450
16.193 -0.951 35.843
19.106 1.194 31.208
21.141 -0.063 24.776
24.767 -3.564 19.977
21.614 -7.165 15.539
18.477 -13.500 14.440
13.121 -15.390 13.952
6.138 -16.667 12.996
1.128 -14.700 17.540
-1.312 -8.283 19.316
-3.264 -2.096 17.181
-3.262 2.360 12.576
-5.418 4.512 6.698
-7.618 3.874 1.048
-12.147 -0.788 -2.615
-15.650 -6.874 -3.432
-18.773 -12.005 0.260
-23.222 -13.249 4.759
-25.920 -12.823 10.050
-26.266 -10.167 16.550
-30.028 -4.291 18.720
-31.867 2.782 16.937
-36.939 5.315 16.166
-43.900 4.979 13.884
-49.338 1.076 12.715
-53.103 -4.618 14.868
-53.894 -11.269 16.339
-52.950 -15.303 21.320
-48.894 -17.082 27.090
-47.715 -13.395 32.468
-47.647 -8.050 36.801
-50.544 -3.165 40.021
-57.456 -1.488 42.858
-63.922 -1.693 42.168
-68.874 -6.238 43.190
-72.272 -9.662 46.625
-71.429 -15.028 51.635
-68.191 -19.375 54.894
-62.586 -22.180 56.817
-55.959 -22.328 55.821
-50.951 -18.194 58.776
-49.387 -12.570 62.256
-50.993 -8.440 67.154
-53.970 -8.404 73.491
-55.020 -12.107 78.400
-54.971 -17.080 83.181
-50.776 -21.767 85.986
-47.854 -27.782 83.473
-42.478 -30.111 81.253
-37.158 -29.399 78.020
-32.723 -24.971 74.998
-28.799 -18.764 76.544
-25.924 -16.339 81.932
-22.604 -17.139 86.473
-21.872 -20.605 93.001
-18.038 -25.187 95.056
-15.457 -31.702 94.122
-12.020 -36.030 91.832
-10.245 -39.403 85.960
-8.031 -37.972 80.172
-7.110 -33.348 74.990
-3.290 -28.181 73.482
1.495 -23.401 76.029
7.768 -22.680 78.740
13.055 -26.345 80.193
17.431 -30.045 80.017
19.449 -36.312 77.682
20.278 -39.900 71.550
18.560 -41.457 65.852
13.867 -40.959 61.041
11.504 -36.922 56.597
12.081 -30.282 54.802
16.439 -25.700 53.168
22.058 -24.302 49.699
26.125 -24.680 44.697
29.458 -28.953 40.376
29.052 -33.158 36.169
27.214 -38.774 32.751
21.665 -43.814 31.244
15.797 -42.918 29.146
9.409 -40.734 31.089
5.878 -36.478 29.330
5.681 -29.938 26.792
7.190 -25.228 22.792
9.218 -23.784 16.233
11.929 -26.184 9.889
9.602 -30.623 4.786
5.641 -35.693 2.270
-0.604 -38.602 1.583
-5.483 -41.393 5.009
-11.363 -41.148 9.639
-14.901 -35.988 11.692
-17.025 -29.389 11.167
-17.316 -22.893 8.268
-19.764 -20.390 2.362
-23.689 -21.903 -3.297
-28.712 -25.335 -6.207
-34.156 -29.775 -5.950
-37.462 -35.034 -2.038
-38.267 -39.231 2.808
-39.689 -39.523 9.799
-39.288 -35.889 15.290
-40.207 -30.476 20.184
-43.753 -24.284 20.358
-49.099 -21.012 17.692
-54.902 -21.331 19.016
-61.014 -25.087 17.465
-65.578 -30.120 19.849
-66.938 -35.111 23.249
-63.873 -41.217 26.279
-58.310 -43.719 29.163
-55.965 -44.309 34.830
-52.186 -41.549 40.284
-52.909 -35.437 43.298
-55.624 -30.825 46.442
-61.809 -31.080 50.719
-68.020 -34.126 53.927
-70.253 -39.038 56.823
-70.253 -46.243 59.214
-64.972 -49.117 62.761
-59.713 -51.550 65.228
-54.232 -50.536 67.712
-48.473 -46.309 66.125
-46.694 -40.072 69.690
-48.768 -35.489 74.422
-50.827 -34.805 80.911
-55.013 -35.555 86.065
-55.770 -53.086 82.961
-61.022 -49.255 82.404
-63.512 -44.631 78.237
-63.181 -37.288 77.563
-60.745 -33.408 72.784
-56.695 -32.927 67.307
-51.847 -36.110 63.135
-50.194 -41.623 59.986
-52.092 -46.873 55.878
-55.439 -49.490 50.859
-62.247 -51.688 49.247
-67.233 -47.282 46.665
-69.912 -42.941 43.305
-69.718 -36.788 40.048
-66.778 -30.313 38.650
-61.145 -26.787 36.979
-54.378 -28.673 38.843
-50.228 -32.235 33.994
-49.265 -38.466 30.312
-50.990 -42.026 25.232
-53.006 -41.652 18.487
-56.298 -39.197 12.739
-57.373 -33.820 8.539
-54.662 -28.039 6.029
-50.315 -24.120 5.338
-43.925 -21.374 4.967
-37.698 -19.968 9.201
-34.425 -24.362 13.160
-31.591 -30.533 14.089
-29.675 -35.962 11.462
-27.421 -39.514 5.969
-25.755 -40.231 -0.292
-20.769 -37.671 -5.378
-16.888 -32.723 -7.187
-12.407 -28.476 -6.780
-9.711 -24.867 -1.095
-7.407 -23.005 5.027
-4.994 -25.364 10.868
-6.975 -29.683 16.259
-3.349 -35.342 17.806
-0.270 -41.077 16.026
4.720 -43.266 14.223
11.812 -42.048 12.875
16.954 -36.563 13.346
19.448 -33.134 17.026
19.692 -27.465 21.416
17.954 -25.813 27.194
13.244 -25.473 31.875
10.911 -30.007 36.593
10.375 -36.150 39.281
13.876 -41.836 41.399
18.806 -43.700 43.922
24.806 -43.065 47.499
29.134 -40.163 50.129
30.062 -35.754 55.314
29.966 -30.835 58.755
25.750 -26.922 60.953
20.228 -24.902 63.361
13.520 -25.606 62.896
8.785 -29.742 63.016
6.927 -36.307 64.935
7.623 -41.115 69.514
7.181 -42.321 75.960
7.048 -41.007 81.812
7.004 -37.211 86.984
5.020 -30.966 89.469
0.086 -25.895 89.389
-3.941 -21.800 85.543
-8.645 -21.637 81.052
-12.971 -25.401 77.438
-16.582 -31.737 76.762
-20.632 -35.641 79.855
-24.606 -36.324 85.464
-27.737 -34.639 89.433
-31.846 -29.717 92.849
-33.284 -23.447 92.354
-35.305 -18.419 91.023
-37.325 -13.620 86.440
-37.892 -13.242 79.673
-38.171 -16.520 73.664
-41.602 -21.627 70.584
-46.572 -26.941 70.311
-52.883 -27.884 71.768
-58.898 -25.141 73.830
-62.655 -21.022 72.725
-65.425 -15.992 69.880
-62.514 -9.725 67.522
-61.921 -6.820 62.026
-55.622 -6.462 58.507
-52.857 -9.818 53.385
-52.344 -16.281 49.626
-56.137 -19.862 45.691
-60.112 -20.112 40.953
-65.010 -18.744 37.237
-66.696 -15.304 33.693
-64.809 -10.526 29.008
-62.359 -3.470 28.672
-57.088 1.580 28.351
-51.516 1.011 26.049
-45.387 -1.080 29.783
-41.481 -5.622 27.829
-40.434 -11.768 24.517
-42.319 -14.787 18.773
-41.894 -13.778 12.298
-41.900 -11.193 6.927
-39.158 -6.614 2.208
-36.093 -0.023 3.058
-29.604 2.596 2.851
-24.105 4.624 7.161
-21.513 2.445 13.591
-18.797 -3.636 15.485
-15.948 -9.962 13.472
-14.099 -13.683 9.594
-9.630 -15.570 4.526
-5.528 -13.470 -0.035
0.265 -9.388 -1.274
3.841 -3.455 0.732
6.236 0.134 5.746
8.257 2.015 11.643
6.721 0.938 18.508
5.292 -3.143 23.098
6.404 -9.216 26.324
9.045 -15.177 26.669
15.480 -18.002 26.677
21.927 -18.077 25.815
26.633 -14.432 27.349
29.980 -10.152 29.453
30.279 -6.082 34.833
27.568 -0.746 39.197
21.529 1.084 42.348
17.730 -0.271 47.201
12.500 -4.283 50.173
12.600 -9.875 54.295
15.992 -15.921 55.907
20.463 -16.871 60.147
24.926 -15.455 65.140
27.824 -10.528 69.015
26.876 -5.266 72.593
22.979 0.040 75.359
15.923 2.314 77.458
9.089 -0.313 77.402
3.955 -3.897 76.758
1.420 -9.909 78.251
1.970 -15.594 81.911
4.302 -18.378 87.480
7.300 -18.159 94.019
7.279 -0.107 91.923
13.554 -3.811 93.742
16.926 -8.644 90.716
17.171 -14.875 87.192
15.312 -18.005 82.491
13.590 -17.443 75.632
8.655 -13.562 71.683
7.236 -7.815 68.990
9.686 -1.292 67.495
15.090 1.267 64.441
20.753 2.422 62.829
26.534 0.279 60.795
28.893 -4.331 56.715
29.794 -10.482 53.479
27.904 -14.934 49.621
23.721 -16.724 45.184
16.497 -16.798 44.975
12.497 -11.659 42.285
12.344 -5.177 40.481
15.729 -0.772 35.652
20.117 0.899 31.669
21.749 -0.184 24.578
24.420 -4.318 19.854
20.654 -7.290 15.453
17.570 -13.456 13.658
12.346 -15.515 13.910
5.170 -17.316 13.665
0.818 -14.913 18.048
-1.887 -8.598 19.340
-3.472 -2.292 18.085
-3.902 2.138 13.079
-4.998 4.274 7.251
-6.945 2.598 0.961
-12.272 -0.574 -2.536
-15.431 -7.166 -3.635
-20.008 -10.881 -0.323
-22.904 -13.365 5.486
-25.905 -12.704 10.802
-26.622 -10.358 17.289
-30.192 -4.779 19.365
-32.174 2.168 17.734
-37.100 5.051 14.961
-44.012 3.890 14.157
-49.339 0.416 12.867
-52.755 -5.368 14.132
-54.635 -11.215 17.349
-52.629 -15.363 22.431
-49.317 -17.115 28.255
-47.915 -13.512 33.608
-47.822 -7.902 37.876
-50.875 -3.223 40.964
-57.712 -0.949 42.738
-64.203 -1.456 42.706
-68.880 -6.163 44.504
-70.820 -9.000 49.232
-71.060 -15.676 51.434
-67.893 -20.186 54.801
-62.545 -22.947 57.363
-55.772 -22.638 56.127
-51.003 -18.376 59.432
-49.340 -12.324 62.733
-50.628 -8.266 67.627
-53.209 -8.506 74.612
-53.575 -11.901 80.339
-53.816 -16.957 84.781
-51.243 -22.381 86.549
-47.340 -27.820 85.046
-41.789 -30.772 82.173
-36.837 -29.730 78.349
-32.465 -25.577 75.721
-28.446 -19.898 77.133
-25.142 -17.300 82.264
-22.902 -17.250 88.269
-20.595 -20.086 93.567
-16.832 -25.400 95.974
-14.311 -31.624 95.385
-10.555 -37.054 92.087
-9.829 -40.369 85.718
-6.741 -38.815 80.362
-7.123 -33.658 75.611
-2.467 -29.091 73.724
1.929 -23.971 76.116
7.975 -23.276 78.961
13.547 -26.565 80.467
17.962 -30.614 80.118
20.871 -36.371 77.624
20.512 -40.584 71.959
19.176 -41.958 65.731
14.649 -41.618 61.004
12.055 -37.514 56.169
12.270 -30.592 54.478
16.824 -26.193 52.668
21.493 -24.180 50.320
25.578 -24.499 45.261
28.623 -29.064 40.972
29.309 -33.890 36.410
26.995 -38.580 32.119
21.207 -43.421 31.329
15.637 -42.994 28.834
9.503 -41.216 31.154
5.437 -36.390 29.753
5.150 -29.920 27.030
6.802 -25.659 22.502
9.308 -23.989 16.584
9.417 -26.650 9.693
8.545 -30.768 4.336
4.938 -35.949 2.168
-1.185 -38.963 1.788
-6.737 -41.616 4.502
-11.581 -41.259 9.993
-15.189 -35.918 12.242
-17.057 -29.582 11.538
-18.175 -23.678 8.724
-20.896 -21.139 2.570
-24.712 -22.210 -1.717
-29.319 -25.488 -6.103
-33.335 -30.956 -5.280
-38.081 -35.512 -1.928
-39.129 -38.622 3.702
-39.709 -38.997 10.666
-39.662 -35.865 15.972
-40.442 -30.459 20.579
-44.665 -24.843 21.185
-50.010 -21.401 18.437
-55.705 -21.156 18.943
-61.742 -24.543 18.224
-65.215 -29.811 20.158
-66.537 -35.670 22.998
-64.101 -41.964 26.583
-59.054 -44.048 30.339
-56.315 -44.218 35.688
-52.076 -41.341 40.942
-53.383 -36.265 44.807
-56.179 -31.039 48.342
-62.533 -31.320 51.940
-67.830 -34.812 54.610
-69.863 -39.221 58.282
-70.029 -46.210 59.971
-64.964 -49.158 64.360
-58.864 -52.154 64.730
-53.530 -50.387 67.405
-48.108 -46.300 67.270
-46.419 -40.409 71.038
-48.458 -35.807 75.396
-50.377 -34.988 81.669
-55.431 -35.886 86.385
-54.882 -53.505 83.204
-60.362 -49.843 82.884
-62.885 -45.454 78.400
-62.396 -38.291 78.765
-60.129 -34.158 74.483
-56.734 -33.454 68.160
-51.562 -36.054 64.137
-49.620 -41.676 60.895
-51.649 -47.028 56.829
-55.534 -50.308 52.423
-61.893 -52.044 50.283
-66.643 -47.957 47.283
-69.768 -43.903 44.122
-69.932 -37.505 41.242
-66.894 -31.183 39.588
-61.327 -27.722 37.550
-54.293 -28.820 39.035
-50.457 -32.187 34.015
-49.522 -38.484 30.646
-52.350 -41.873 25.351
-55.684 -42.215 19.176
-56.144 -39.386 13.147
-56.855 -34.350 8.588
-54.579 -28.229 6.326
-50.393 -24.242 6.601
-44.196 -21.803 6.127
-38.357 -20.249 10.317
-34.513 -24.405 13.525
-31.397 -30.203 14.318
-29.742 -36.023 11.960
-29.152 -39.821 5.686
-26.003 -40.223 -0.024
-22.187 -37.383 -5.618
-18.610 -32.497 -7.370
-13.308 -28.308 -5.899
-10.568 -24.360 -0.852
-7.792 -23.418 5.223
-6.182 -25.318 11.194
-7.449 -29.477 16.535
-4.108 -35.716 17.721
-2.289 -41.400 15.010
4.168 -43.279 13.235
11.101 -42.306 12.485
16.268 -37.726 13.595
19.014 -33.016 16.858
18.482 -27.291 21.030
17.527 -25.875 26.631
12.456 -25.700 31.792
10.597 -30.317 36.735
9.954 -36.654 39.587
13.711 -42.496 41.110
18.942 -43.860 44.207
25.245 -43.220 45.776
29.285 -40.421 49.644
30.695 -36.327 54.488
30.105 -31.856 58.985
25.818 -27.040 61.342
20.638 -24.598 63.665
13.642 -26.034 62.939
9.206 -30.301 63.087
7.312 -36.644 65.395
7.847 -41.500 69.290
7.980 -42.841 76.148
7.827 -41.352 81.645
8.648 -36.953 87.171
5.294 -31.622 89.579
0.917 -26.374 89.287
-3.290 -22.138 85.594
-8.188 -22.354 81.849
-12.334 -25.969 77.604
-15.728 -32.068 77.240
-20.078 -35.772 80.670
-23.511 -36.631 86.065
-27.052 -35.070 90.990
-30.165 -29.671 94.260
-32.408 -23.755 94.037
-35.222 -18.820 92.053
-35.770 -14.173 86.930
-37.582 -13.641 80.468
-37.591 -16.968 74.483
-41.152 -22.095 71.681
-46.107 -27.322 71.582
-52.457 -28.240 73.002
-58.311 -25.741 74.188
-62.613 -21.003 73.735
-64.996 -15.042 71.995
-63.043 -9.079 68.027
-61.518 -6.723 63.189
-55.804 -6.101 58.886
-52.431 -9.753 54.388
-52.568 -15.895 50.315
-56.121 -19.685 46.446
-59.986 -20.582 42.332
-65.366 -18.969 39.033
-65.977 -15.172 34.475
-65.033 -9.939 30.257
-63.737 -3.486 28.677
-58.107 1.446 29.171
-51.608 0.933 27.757
-45.321 -1.089 30.417
-41.596 -6.252 28.450
-41.481 -12.839 25.991
-42.259 -14.874 20.073
-43.511 -13.706 13.300
-42.635 -10.957 7.430
-41.163 -5.134 3.740
-36.616 0.295 3.887
-30.311 2.466 4.025
-24.975 4.201 7.871
-21.857 2.184 13.873
-19.028 -3.797 15.685
-16.001 -10.200 14.119
-14.243 -13.902 9.870
-11.020 -15.018 3.790
-6.400 -12.893 0.300
-0.352 -9.591 -1.033
3.394 -3.874 0.869
6.415 -0.153 6.059
7.420 1.976 12.611
6.433 0.393 18.928
4.889 -3.592 23.677
5.705 -9.764 26.584
9.016 -15.944 26.829
14.937 -19.317 25.018
21.278 -18.629 24.867
26.163 -15.998 26.781
29.770 -11.105 29.878
30.250 -7.075 34.439
27.993 -2.145 39.333
21.722 0.370 41.620
17.499 -0.672 46.909
12.624 -4.598 50.239
13.052 -9.930 54.218
16.642 -16.391 55.110
20.743 -16.864 60.209
24.720 -15.419 64.646
27.525 -10.769 68.901
26.625 -5.550 72.997
22.415 -1.333 76.104
16.263 1.894 76.588
9.302 -0.302 77.272
4.080 -4.499 76.558
1.857 -10.824 78.207
2.838 -16.188 82.448
4.540 -18.620 87.740
7.788 -18.750 94.370
40.417 40.970 61.485
44.046 41.266 55.735
49.008 37.863 53.109
53.746 33.595 53.270
56.284 28.084 56.113
54.993 22.132 59.196
51.190 16.614 59.726
44.888 13.954 58.581
39.878 12.908 53.955
38.157 13.927 47.962
39.566 14.340 41.148
44.613 14.199 37.317
50.735 11.264 34.650
55.845 6.690 35.699
58.440 1.398 38.229
57.048 -4.558 41.670
53.307 -9.848 42.443
47.383 -12.973 40.146
42.344 -13.082 35.245
40.825 -12.532 29.267
43.448 -11.551 23.318
47.635 -12.708 17.667
43.475 -21.730 26.101
47.374 -23.077 32.517
52.186 -19.666 35.828
57.108 -14.816 35.474
59.054 -8.742 33.262
57.871 -2.943 30.482
53.506 2.568 28.828
47.037 4.361 29.895
41.500 5.300 34.285
38.957 3.714 40.579
40.237 3.935 47.178
44.671 5.242 51.789
49.915 7.702 54.700
54.198 12.306 53.880
56.803 18.358 50.988
55.464 24.022 48.344
50.414 28.828 46.972
44.646 31.442 48.681
39.147 31.791 53.090
37.486 31.161 59.848
39.794 30.026 65.294
44.593 30.774 70.349
279.829 242.786 254.125
284.290 242.696 259.731
289.046 247.010 263.753
291.035 252.358 265.554
291.180 258.496 266.897
286.954 264.580 265.217
280.683 266.117 264.992
274.067 265.696 268.002
271.323 264.493 274.627
271.436 263.211 280.821
274.558 264.101 287.159
278.532 267.238 291.447
283.800 271.596 291.700
286.759 277.089 289.931
287.442 281.696 286.353
283.035 285.293 281.363
276.815 288.368 280.306
271.793 290.827 283.459
269.036 293.994 288.293
269.536 298.571 292.887
273.333 303.439 295.821
279.690 307.239 297.315
284.302 310.457 294.624
288.720 311.673 289.349
289.612 310.914 283.364
286.654 309.452 276.508
282.537 312.150 273.099
277.194 315.544 271.889
275.684 321.931 271.743
276.690 328.370 273.031
280.790 333.310 272.314
286.638 335.568 270.276
293.060 335.412 268.420
297.197 332.767 264.522
299.008 328.085 261.056
297.178 323.916 255.817
292.528 322.815 250.890
288.430 325.617 246.422
288.238 330.765 242.061
290.617 335.699 239.373
294.637 338.700 236.652
300.607 340.059 233.281
306.803 338.742 233.503
311.554 334.138 233.197
312.954 328.796 232.804
312.256 321.964 234.020
307.457 317.425 232.466
302.288 315.716 228.483
300.528 315.523 222.442
301.352 315.830 215.848
305.202 313.908 211.164
311.807 313.363 209.002
316.885 309.436 209.482
320.084 305.014 211.934
322.032 300.741 216.505
319.929 297.810 222.097
314.407 293.999 224.384
308.807 290.697 223.055
306.741 286.020 219.329
307.184 281.629 214.182
311.236 277.474 210.947
316.293 274.141 210.115
321.919 270.515 213.117
325.293 268.971 218.550
326.033 268.079 224.706
323.488 269.680 230.822
318.416 269.107 234.680
312.461 266.472 235.844
307.706 262.330 233.633
306.713 255.649 233.172
308.204 248.977 233.868
312.151 244.782 237.470
317.398 243.015 240.600
321.139 245.486 246.281
321.950 249.873 251.284
319.541 254.660 254.684
315.009 257.745 257.782
308.095 258.899 258.277
302.999 255.879 260.717
300.463 251.905 264.849
301.255 248.302 270.417
304.719 246.388 275.022
306.856 248.133 280.077
312.627 251.387 283.361
315.838 257.173 284.877
315.954 263.442 285.741
315.059 269.083 281.565
309.623 272.688 280.628
302.695 273.161 279.873
297.860 274.041 284.869
295.597 273.993 290.388
297.213 275.623 297.734
299.103 279.662 302.000
304.901 282.015 304.434
308.552 286.816 303.938
311.570 291.519 300.715
313.108 294.282 294.935
309.357 296.716 289.152
304.240 299.931 288.109
298.087 303.477 288.623
295.782 308.381 292.751
297.843 313.600 296.571
301.464 318.029 299.093
306.747 321.508 299.090
313.663 321.674 297.285
315.545 323.580 291.620
317.623 321.108 285.998
315.388 317.422 279.602
311.177 318.865 274.818
307.489 323.036 271.342
306.294 329.690 269.821
309.417 335.523 270.392
313.995 339.502 268.768
320.103 340.992 269.007
325.509 337.804 266.495
329.209 334.057 261.977
328.143 328.750 257.964
326.174 322.948 254.309
321.816 321.855 250.641
325.372 341.213 248.697
320.475 338.788 249.318
316.244 335.042 252.944
314.610 328.799 255.994
317.014 323.392 258.702
321.486 322.561 263.919
324.798 324.592 269.357
326.114 329.519 274.223
324.433 333.690 278.518
318.165 336.964 280.385
310.978 336.697 282.570
305.320 331.793 283.231
303.077 326.427 282.708
303.976 319.480 282.409
307.293 314.176 282.497
313.041 311.825 285.853
315.410 311.251 291.914
315.028 311.279 298.790
311.065 307.486 302.889
305.288 305.386 305.475
299.979 301.605 304.805
296.271 297.940 301.042
295.387 293.702 296.240
298.061 291.349 290.724
303.510 289.787 287.575
308.964 286.574 288.018
313.274 283.529 291.676
313.874 277.818 295.277
312.515 272.912 298.816
308.544 268.741 299.313
303.659 264.304 296.885
301.066 262.814 292.881
299.015 261.175 288.446
298.058 262.660 282.792
300.706 265.008 278.354
305.230 265.878 274.090
311.484 265.246 272.268
316.953 261.690 272.766
319.540 255.801 271.266
318.601 249.083 270.290
316.563 243.964 268.084
312.984 240.879 263.862
307.731 240.687 259.339
304.480 243.474 254.498
303.758 248.210 250.501
304.678 255.435 250.233
310.468 259.501 248.841
316.995 259.642 247.978
322.252 257.163 244.839
324.709 254.269 239.625
324.078 252.085 233.301
321.235 252.113 227.642
316.318 254.137 223.278
312.417 259.171 221.413
309.366 263.958 222.686
308.542 269.847 226.159
312.256 274.823 228.913
318.714 277.267 229.511
322.794 279.817 226.022
326.185 281.768 220.052
324.863 284.010 214.155
321.516 286.235 209.076
316.094 289.285 206.493
310.402 292.201 207.663
306.812 295.820 210.276
304.973 297.703 217.345
307.104 300.781 222.288
311.862 304.789 225.736
317.698 308.324 224.783
320.015 313.631 221.815
318.801 319.107 218.308
314.734 324.092 215.901
308.471 327.105 216.025
301.927 326.726 218.639
298.193 325.314 223.630
297.005 322.529 229.769
299.167 322.111 236.043
304.629 322.109 240.041
308.164 327.240 243.014
308.536 332.961 244.853
305.892 338.806 246.596
300.316 341.105 248.692
292.985 342.637 248.473
288.208 340.145 251.461
284.413 335.919 254.038
282.899 330.081 255.844
284.430 323.655 257.409
288.677 320.441 261.232
293.781 320.196 265.327
295.814 322.853 271.172
293.431 325.618 277.201
289.308 328.513 280.472
283.458 327.468 284.293
278.372 323.429 285.429
274.142 319.296 285.038
272.728 312.736 282.571
275.179 307.343 278.380
279.856 303.069 278.817
284.969 299.879 281.811
288.763 299.312 287.667
287.801 297.022 292.794
284.333 294.257 297.707
279.410 290.028 299.496
274.011 286.388 297.377
270.323 283.072 293.543
269.779 280.341 288.196
271.952 279.580 281.091
277.310 279.307 277.161
283.623 276.481 276.886
288.205 272.298 279.426
289.242 266.230 282.332
286.378 259.250 282.900
280.049 255.335 280.830
277.555 252.781 276.872
273.953 253.513 271.146
274.199 254.921 265.243
276.343 258.784 259.483
282.378 261.922 256.196
287.837 259.284 254.085
