190.069 263.180 162.150
196.709 260.273 161.533
202.873 262.729 163.221
206.833 267.390 166.551
207.805 271.154 172.073
205.988 273.917 178.646
203.677 272.502 184.341
200.740 269.274 189.204
200.550 263.137 192.164
201.808 255.829 191.727
206.420 250.988 190.871
212.421 249.473 191.157
219.214 252.109 190.171
223.650 255.463 192.407
226.193 258.041 197.476
225.326 261.440 203.258
222.021 260.186 209.184
219.173 256.692 213.636
218.561 250.728 216.072
220.781 245.460 218.283
224.922 240.682 218.745
231.608 238.862 218.509
238.150 241.610 217.163
241.896 246.235 219.454
242.878 250.506 222.353
242.928 254.844 226.547
239.780 257.706 231.850
236.070 255.770 237.603
237.262 251.686 242.182
238.608 246.888 245.973
244.479 243.707 248.145
250.940 242.989 249.110
256.596 246.286 249.570
261.032 251.546 248.797
260.382 258.884 248.077
258.707 263.399 250.266
253.769 267.650 253.376
250.188 267.651 258.985
249.167 266.444 265.004
250.688 264.318 270.958
255.668 262.478 274.967
262.206 262.846 276.525
268.283 265.450 275.750
272.317 270.364 273.674
272.906 276.835 271.884
270.268 282.991 271.998
266.248 287.421 274.963
262.728 289.438 280.265
261.506 289.298 286.838
263.434 287.820 293.062
268.292 286.332 297.438
274.909 286.376 298.704
281.013 288.213 296.806
284.828 292.116 292.855
285.328 298.224 290.034
283.480 304.669 289.968
281.045 309.991 293.261
279.401 313.162 298.935
280.105 313.887 305.607
283.508 313.361 310.716
288.391 310.495 313.762
293.900 309.075 314.659
300.366 309.703 311.358
303.460 313.277 307.815
305.027 317.859 303.332
304.727 324.393 301.998
303.589 330.719 303.890
302.846 335.267 308.792
303.614 337.011 315.234
306.837 336.155 321.061
311.789 334.533 324.396
317.833 332.862 325.435
323.835 332.679 321.947
327.784 334.347 316.050
329.489 339.050 312.078
329.352 346.064 310.512
329.941 351.472 312.559
330.258 356.911 316.234
328.967 358.764 323.222
331.548 358.480 328.934
336.147 358.374 332.590
341.741 354.412 335.131
347.278 353.103 333.957
352.934 351.993 331.039
357.205 354.046 326.990
359.651 358.800 322.906
358.841 365.167 319.616
357.327 371.311 320.377
356.961 376.870 323.385
356.309 379.722 330.277
359.202 380.045 335.952
363.533 379.058 340.646
369.146 376.427 342.854
374.811 373.218 341.552
379.028 373.214 335.280
380.961 377.488 330.453
381.302 382.927 326.755
382.366 389.487 327.019
384.302 394.811 330.574
384.502 399.363 335.482
387.476 399.826 341.144
390.179 397.095 346.886
396.086 393.943 348.307
401.631 390.320 347.704
407.411 388.777 344.736
412.039 390.615 340.518
414.732 395.832 337.121
403.577 405.831 350.758
402.330 406.768 344.705
402.372 406.042 338.029
403.688 401.918 332.615
404.924 395.340 331.458
403.705 388.890 333.504
399.241 385.327 337.767
395.112 384.727 343.190
390.139 386.293 347.164
383.900 388.671 347.320
378.342 390.643 345.219
374.622 392.442 339.847
372.444 391.184 334.099
373.707 388.789 328.582
374.349 382.037 325.733
374.845 375.683 326.583
373.076 370.341 329.504
368.995 366.704 333.606
363.983 366.610 338.758
358.111 369.172 340.182
352.275 369.600 337.357
347.594 372.075 332.512
346.566 371.479 325.997
346.485 367.183 321.181
348.193 361.620 317.451
349.201 355.321 316.676
348.140 348.862 318.883
344.887 345.389 323.662
341.322 343.459 329.115
334.780 344.094 331.098
328.964 347.879 332.152
323.316 350.581 330.417
319.173 350.246 325.298
317.316 350.450 318.947
316.911 348.710 312.032
317.521 344.226 308.358
319.807 337.698 307.399
320.250 331.409 309.107
318.682 326.268 313.491
314.601 323.737 318.128
308.609 323.590 321.099
302.114 325.239 321.245
296.573 327.199 318.003
293.309 327.864 312.165
292.367 326.181 306.247
294.460 322.925 301.190
296.419 318.212 299.108
297.560 312.276 298.815
297.757 306.299 301.958
293.857 302.911 305.861
287.987 301.159 308.534
281.260 301.306 308.548
275.374 302.678 305.615
271.790 303.874 300.031
271.654 303.647 293.294
274.679 301.455 287.797
278.829 296.943 285.001
281.229 290.672 285.221
280.375 284.302 287.204
276.137 279.649 289.472
270.043 277.173 290.274
263.552 276.665 288.552
258.530 278.072 284.292
256.524 280.011 278.136
258.212 280.868 271.672
262.240 278.995 266.626
266.332 274.476 263.921
268.462 268.105 263.396
266.500 261.779 265.655
263.662 256.439 264.695
257.959 253.051 265.751
251.236 255.151 265.273
246.882 256.416 261.126
244.485 260.489 255.821
247.431 263.579 249.996
250.413 261.946 245.507
253.525 259.012 241.028
255.616 253.355 238.157
253.688 246.585 237.896
249.647 241.438 236.253
242.802 239.330 235.528
236.471 240.403 235.770
231.721 246.015 234.850
228.833 251.524 233.043
230.988 256.678 228.570
232.969 257.005 222.328
236.401 255.948 217.090
236.668 251.871 211.613
234.885 247.053 207.761
229.082 242.864 206.687
223.104 242.692 204.753
216.637 244.256 205.972
212.610 249.934 206.716
211.714 256.701 206.171
212.831 262.297 204.144
213.734 265.313 198.419
217.160 265.719 192.752
216.569 264.165 186.896
215.717 258.713 182.388
210.993 255.521 180.236
204.336 254.280 179.515
198.160 256.341 180.737
194.064 261.880 181.469
193.316 268.488 180.958
195.010 274.996 177.557
197.596 277.134 172.015
201.099 276.457 166.140
228.011 282.139 193.468
230.941 282.561 193.627
254.284 272.064 208.918
252.784 274.242 210.206
29.290 15.480 23.069
30.968 18.444 17.469
32.999 23.582 16.309
34.769 29.540 17.172
31.889 34.769 13.966
32.969 32.974 8.247
36.446 31.778 4.130
22.072 26.416 -23.274
23.502 21.093 -18.476
28.314 20.334 -13.146
28.679 22.213 -7.134
26.080 25.747 -1.775
20.683 27.274 1.961
14.834 25.676 3.904
8.744 22.733 3.790
9.075 18.911 9.707
10.837 14.709 13.537
14.675 10.386 17.122
21.410 8.670 17.943
27.704 10.540 17.991
32.152 15.527 17.744
34.327 21.183 16.744
33.446 28.127 16.000
20.363 20.206 29.304
17.979 26.933 25.907
18.669 29.963 20.515
20.813 29.400 14.371
23.356 25.592 9.795
27.440 21.132 6.638
26.872 15.365 4.919
23.900 9.982 2.738
19.202 7.641 -1.251
16.140 10.002 -5.385
11.952 14.331 -9.236
8.081 19.846 -8.811
9.843 26.181 -9.121
13.348 31.990 -7.942
18.944 34.983 -7.771
36.830 -9.471 21.584
36.896 -5.311 16.074
39.829 -3.794 11.629
44.009 -3.844 6.407
45.330 -8.268 1.127
43.026 -14.235 -2.125
37.785 -18.459 -3.853
33.804 -19.542 -5.923
28.925 -18.416 -9.750
26.103 -14.416 -13.039
24.867 -8.802 -16.211
27.210 -2.202 -16.878
32.604 2.049 -17.177
38.874 2.953 -16.735
45.356 1.522 -17.262
50.370 -2.848 -18.748
39.944 -5.698 -30.956
38.401 -10.863 -26.874
41.168 -15.315 -22.150
43.055 -14.621 -15.873
43.311 -10.724 -10.302
41.819 -5.226 -6.901
37.054 -2.188 -4.316
30.983 -1.441 -2.153
26.829 -3.913 2.022
25.602 -8.121 5.858
26.875 -13.479 9.128
29.702 -19.340 9.777
34.862 -23.352 7.464
41.536 -22.992 7.348
47.209 -17.863 5.870
