159.229 140.751 101.351
161.498 134.084 102.944
164.517 130.730 107.494
165.415 130.644 114.151
166.451 133.602 120.096
163.901 137.508 124.873
158.686 141.632 126.509
152.638 144.959 125.006
146.681 142.898 124.628
141.581 138.831 122.601
138.480 132.997 123.585
138.434 127.430 126.932
139.589 122.595 132.131
142.044 121.864 137.906
144.157 124.479 143.949
141.634 128.910 148.914
137.564 133.784 151.198
132.294 138.093 151.244
125.846 139.244 150.066
121.346 136.793 151.865
116.495 135.223 153.947
114.694 128.514 156.012
114.589 123.643 159.235
116.656 120.085 164.724
120.581 118.832 169.386
123.951 119.573 174.465
125.883 124.350 179.178
124.800 129.722 182.914
120.952 134.108 185.837
115.561 134.762 188.484
108.437 134.144 188.953
116.685 115.442 189.808
111.134 117.755 186.024
108.258 120.191 181.293
106.821 126.266 177.566
108.229 132.666 175.587
114.385 137.120 175.054
120.415 137.497 173.833
126.042 135.587 171.196
131.148 131.488 168.349
131.420 126.979 163.931
129.941 121.453 161.647
129.326 120.685 155.762
127.365 119.342 149.621
123.313 122.432 144.041
124.390 127.432 138.929
126.756 133.182 136.199
131.804 137.906 136.495
137.069 141.054 140.721
143.354 139.890 139.662
148.817 135.601 140.076
152.245 130.645 137.880
153.780 127.067 132.502
151.731 124.373 126.580
149.749 125.175 120.300
149.333 129.680 115.256
148.969 136.051 113.127
151.094 142.491 112.494
156.364 146.607 113.571
162.308 148.601 115.240
168.769 146.749 114.795
174.163 142.773 112.512
32.715 7.422 33.294
28.522 12.484 34.051
25.611 17.125 37.454
25.822 21.004 43.291
29.513 23.151 48.513
35.585 25.188 50.025
42.467 24.494 49.487
46.551 28.402 45.935
49.202 30.620 40.075
48.536 36.267 37.238
47.565 41.689 37.116
43.243 45.942 39.372
39.697 50.027 41.620
37.849 53.007 46.977
37.008 54.335 53.990
40.183 54.430 59.700
45.429 54.229 63.806
51.749 54.513 63.697
57.386 55.604 60.418
49.399 64.311 47.288
52.856 58.622 46.014
55.091 53.065 48.501
55.721 48.377 53.192
51.940 43.747 55.666
46.266 40.833 57.191
39.604 40.545 57.129
34.420 39.222 52.916
32.818 38.451 46.694
31.529 37.418 41.073
31.931 35.263 34.812
35.356 30.104 32.354
38.856 24.550 32.064
43.698 20.277 35.023
44.476 16.912 40.739
41.885 14.673 46.170
36.778 12.479 50.012
30.191 12.051 52.004
25.295 8.682 48.364
48.457 44.424 37.457
