159.229 140.751 101.351
161.498 134.084 102.944
164.517 130.730 107.494
165.415 130.644 114.151
166.451 133.602 120.096
163.901 137.508 124.873
158.686 141.632 126.509
152.638 144.959 125.006
146.681 142.898 124.628
141.581 138.831 122.601
138.480 132.997 123.585
138.434 127.430 126.932
139.589 122.595 132.131
142.044 121.864 137.906
144.157 124.479 143.949
141.634 128.910 148.914
137.564 133.784 151.198
132.294 138.093 151.244
125.846 139.244 150.066
121.346 136.793 151.865
116.495 135.223 153.947
114.694 128.514 156.012
114.589 123.643 159.235
116.656 120.085 164.724
120.581 118.832 169.386
123.951 119.573 174.465
125.883 124.350 179.178
124.800 129.722 182.914
120.952 134.108 185.837
115.561 134.762 188.484
108.437 134.144 188.953
116.685 115.442 189.808
111.134 117.755 186.024
108.258 120.191 181.293
106.821 126.266 177.566
108.229 132.666 175.587
114.385 137.120 175.054
120.415 137.497 173.833
126.042 135.587 171.196
131.148 131.488 168.349
131.420 126.979 163.931
129.941 121.453 161.647
129.326 120.685 155.762
127.365 119.342 149.621
123.313 122.432 144.041
124.390 127.432 138.929
126.756 133.182 136.199
131.804 137.906 136.495
137.069 141.054 140.721
143.354 139.890 139.662
148.817 135.601 140.076
152.245 130.645 137.880
153.780 127.067 132.502
151.731 124.373 126.580
149.749 125.175 120.300
149.333 129.680 115.256
148.969 136.051 113.127
151.094 142.491 112.494
156.364 146.607 113.571
162.308 148.601 115.240
168.769 146.749 114.795
174.163 142.773 112.512
32.715 7.422 33.294
28.522 12.484 34.051
25.611 17.125 37.454
25.822 21.004 43.291
29.513 23.151 48.513
35.585 25.188 50.025
42.467 24.494 49.487
46.551 28.402 45.935
49.202 30.620 40.075
48.536 36.267 37.238
47.565 41.689 37.116
43.243 45.942 39.372
39.697 50.027 41.620
37.849 53.007 46.977
37.008 54.335 53.990
40.183 54.430 59.700
45.429 54.229 63.806
51.749 54.513 63.697
57.386 55.604 60.418
49.399 64.311 47.288
52.856 58.622 46.014
55.091 53.065 48.501
55.721 48.377 53.192
51.940 43.747 55.666
46.266 40.833 57.191
39.604 40.545 57.129
34.420 39.222 52.916
32.818 38.451 46.694
31.529 37.418 41.073
31.931 35.263 34.812
35.356 30.104 32.354
38.856 24.550 32.064
43.698 20.277 35.023
44.476 16.912 40.739
41.885 14.673 46.170
36.778 12.479 50.012
30.191 12.051 52.004
25.295 8.682 48.364
48.457 44.424 37.457
44.012 15.576 1.857
47.773 11.674 4.341
49.517 9.370 10.044
50.871 8.388 16.740
47.604 10.466 22.462
42.662 12.322 26.539
35.635 12.075 27.753
30.878 8.207 26.711
26.999 3.353 23.179
25.843 -1.785 19.755
41.942 -5.290 33.791
43.826 -4.506 26.945
43.968 -4.304 20.735
40.717 -3.312 14.695
36.320 -0.597 11.322
33.225 5.589 10.960
30.353 11.308 12.804
32.776 17.321 15.216
36.394 21.197 18.587
42.736 22.923 20.210
49.049 23.155 17.961
54.066 23.337 13.860
28.178 -9.348 21.835
28.094 -12.035 22.795
25.338 -12.609 22.901
2.138 14.227 157.462
4.228 20.496 154.889
10.591 19.234 155.163
16.581 18.349 154.366
23.328 20.403 155.839
27.173 23.197 160.306
27.599 23.543 166.890
25.988 25.292 173.321
23.702 21.653 178.557
20.114 16.984 181.349
18.638 10.018 181.401
17.291 4.197 178.197
20.709 -0.845 175.938
26.538 -3.473 173.163
33.363 -3.751 173.593
33.222 9.737 185.557
36.283 10.710 179.597
36.185 9.381 172.996
31.790 8.769 168.061
25.768 6.411 165.406
19.163 6.920 166.000
13.857 9.999 168.606
10.776 14.770 170.618
9.840 21.439 170.931
12.448 27.587 170.485
16.348 31.924 166.932
20.160 34.439 162.099
-37.809 69.982 138.199
-41.971 71.777 137.024
-43.120 68.340 143.022
-49.607 70.256 143.274
-55.506 70.794 143.826
-61.562 70.504 147.615
-64.266 70.735 153.725
-63.450 74.800 158.920
-60.179 77.619 164.207
-57.822 83.660 165.267
-54.430 89.239 164.163
-53.469 94.584 160.087
-52.964 97.409 153.585
-57.815 97.847 148.038
-64.577 95.776 147.143
-71.215 97.765 148.533
-66.979 99.878 166.060
-69.414 93.893 164.017
-70.700 89.609 158.636
-68.839 87.652 152.388
-64.296 87.559 147.199
-57.620 87.265 146.038
-51.334 86.518 148.480
-47.354 83.893 152.413
-45.593 78.922 156.508
-47.240 73.614 160.501
-51.353 68.130 161.641
-55.737 63.302 160.342
-36.392 41.648 82.682
-36.509 38.494 76.633
-30.280 41.039 75.137
-24.506 41.656 73.846
-19.253 41.789 69.080
-17.478 42.505 62.545
-19.056 45.946 57.369
-23.177 48.939 52.979
-26.913 54.453 52.128
-30.294 60.005 54.352
-29.790 65.636 58.584
-27.413 68.874 64.301
-12.264 60.759 56.811
-12.907 58.915 63.666
-17.420 58.686 68.921
-23.341 58.311 70.716
-30.248 57.554 69.294
-34.451 54.262 66.638
-36.853 49.007 62.637
-35.712 43.775 58.558
-31.471 38.665 56.947
-27.187 34.015 57.350
29.822 54.703 80.505
36.241 52.670 79.459
41.975 51.688 77.697
48.864 53.695 77.661
53.822 56.865 80.892
55.504 57.386 87.176
55.161 59.651 93.689
54.189 56.350 99.549
51.353 51.799 103.652
50.256 45.328 104.893
49.361 38.664 102.519
51.830 34.027 98.376
56.227 32.679 93.461
63.398 30.731 92.522
64.452 44.280 105.907
66.709 46.502 99.877
65.692 45.215 93.027
60.642 43.181 89.109
54.558 40.464 88.016
47.920 40.683 89.567
42.892 43.546 93.034
40.455 49.205 94.873
39.264 55.538 95.191
41.221 61.614 93.532
44.211 66.046 89.167
47.037 68.266 83.534
15.507 15.905 48.823
10.643 13.335 50.747
4.534 10.804 49.218
0.749 6.817 45.298
0.815 2.949 40.398
2.260 1.465 34.267
3.954 -4.957 33.468
8.801 -8.102 31.946
14.813 -10.628 33.728
17.558 -13.731 39.654
15.626 2.593 44.447
19.036 3.191 38.247
16.521 8.453 34.960
11.465 10.098 30.834
5.641 13.139 31.610
0.312 15.623 35.156
-1.148 19.196 40.044
63.587 94.505 202.277
63.401 89.173 200.183
61.877 85.352 196.290
60.055 84.464 190.918
59.129 86.951 185.532
59.322 91.706 181.665
61.922 97.457 179.717
64.865 102.949 179.662
70.446 106.435 182.020
75.729 107.270 184.073
76.813 88.770 174.094
76.582 89.141 181.007
76.966 89.580 186.900
76.862 93.856 192.523
73.948 99.328 195.146
68.517 102.718 195.624
62.754 105.342 193.065
56.513 103.316 191.542
51.337 99.586 190.249
47.302 94.612 190.466
46.362 90.753 195.962
47.726 87.726 201.668
102.427 128.771 90.222
107.726 128.911 92.424
111.380 130.438 96.729
111.993 132.217 102.164
109.243 133.260 107.366
104.271 133.290 110.984
98.266 130.707 112.616
92.765 127.701 112.718
89.355 122.205 110.198
88.756 116.777 108.277
106.228 116.491 119.345
106.640 116.094 112.440
106.470 115.652 106.481
102.454 115.631 100.747
97.164 118.191 97.644
93.900 123.634 96.715
91.004 129.451 99.008
92.897 135.729 100.449
96.847 140.922 102.013
101.923 144.848 101.827
105.902 145.837 96.738
109.589 144.551 91.345
159.739 138.987 99.582
162.066 133.110 102.368
165.614 130.117 107.279
164.581 130.815 114.324
166.549 134.783 120.386
163.361 138.701 124.099
158.697 141.595 126.099
152.692 144.398 125.303
146.079 142.752 123.149
141.486 138.357 123.091
138.341 132.174 123.385
138.557 126.345 126.759
141.119 121.722 131.128
142.283 120.717 137.346
144.245 124.182 143.363
141.432 128.027 149.250
137.794 133.346 151.518
132.528 136.776 152.034
125.531 137.782 152.022
120.025 135.366 153.157
115.352 136.918 159.893
113.398 130.892 158.999
113.065 125.828 162.042
114.013 120.527 166.257
119.989 118.868 169.411
123.264 119.965 174.327
125.193 123.966 179.742
124.445 129.171 183.577
121.068 133.767 186.408
115.458 135.047 189.379
108.427 135.009 190.917
112.748 115.084 193.482
108.490 117.460 188.673
106.146 121.765 183.200
104.737 128.192 179.255
107.907 134.385 178.198
114.325 138.459 177.385
120.647 138.531 175.413
126.000 135.336 172.500
129.875 131.518 170.347
130.980 126.092 165.100
127.357 121.688 161.421
126.004 119.223 157.334
127.493 119.078 150.482
124.249 120.599 144.581
124.785 125.874 141.225
125.960 132.367 137.275
131.035 136.533 137.618
136.286 139.804 140.334
142.825 139.032 141.117
149.035 134.936 139.835
152.294 129.901 137.653
153.480 126.344 131.833
151.853 123.654 126.045
148.597 124.677 119.470
147.410 130.155 114.707
148.774 135.689 112.271
150.558 142.477 111.516
155.712 146.420 112.591
161.775 148.727 115.025
168.790 146.436 115.575
173.885 142.178 112.042
111.436 136.128 155.430
159.040 139.418 100.109
161.653 133.533 102.478
164.563 130.231 107.152
164.146 130.309 114.343
165.930 133.907 120.275
163.232 138.013 124.247
159.137 140.465 126.861
153.337 144.289 127.653
147.113 142.950 124.183
142.402 138.931 123.603
139.133 132.469 123.329
138.685 126.836 126.839
141.438 122.206 131.032
142.281 121.143 137.419
144.652 123.997 143.249
141.770 127.741 148.959
137.765 132.743 151.358
133.065 137.629 151.709
125.929 138.051 151.407
120.374 134.840 151.237
114.587 134.806 156.463
114.998 129.846 156.580
114.601 126.193 160.306
114.498 121.553 164.182
120.312 119.204 167.296
123.584 120.675 172.243
125.396 125.353 177.838
124.041 130.391 181.737
120.230 132.944 186.271
113.988 133.881 189.414
106.830 133.279 187.813
112.136 113.880 192.609
109.881 115.973 187.361
106.487 120.641 182.507
105.289 127.102 178.782
106.991 132.678 175.769
113.171 137.077 175.305
118.652 137.130 173.337
125.745 135.758 172.758
129.538 132.238 170.006
130.935 126.992 165.007
128.356 121.638 161.203
127.122 119.044 156.984
128.347 119.001 150.677
126.252 120.838 144.865
125.783 126.550 143.142
126.650 131.757 137.437
131.757 136.657 137.720
136.626 140.152 141.621
142.459 139.336 141.761
148.578 135.070 140.691
151.960 130.522 137.780
152.371 125.520 132.906
151.889 124.417 127.882
149.922 124.939 120.633
148.180 130.744 116.350
148.996 135.792 113.697
150.619 142.618 112.447
155.759 146.695 114.116
162.374 147.531 116.780
168.401 145.492 116.736
172.995 142.019 112.780
113.775 135.815 154.305
