23.234 30.698 21.444
25.453 24.885 19.344
24.403 18.771 17.783
20.552 13.129 16.950
13.991 11.619 15.485
8.708 13.625 12.106
5.725 17.836 7.812
6.272 22.473 3.035
9.335 26.893 -0.893
13.155 27.083 -6.263
19.964 25.796 -7.670
12.940 8.821 -6.516
18.713 10.229 -3.382
22.582 14.550 -0.593
23.902 21.127 1.607
20.691 26.837 2.726
15.683 29.296 6.412
10.264 28.747 10.467
7.040 25.103 15.181
6.664 20.749 19.965
9.566 19.333 25.825
14.203 17.620 29.764
23.484 31.150 20.959
25.668 25.476 18.504
24.840 19.380 16.831
20.806 13.888 15.548
14.137 11.989 14.954
8.568 13.861 11.858
5.453 17.919 7.624
5.512 22.349 2.620
8.133 26.252 -1.839
12.212 26.602 -7.037
19.042 25.508 -8.469
12.866 8.374 -6.617
18.413 10.225 -3.338
22.095 14.816 -0.774
23.000 21.704 1.074
19.372 27.414 1.453
14.287 29.703 5.011
9.858 28.788 9.824
6.785 25.155 14.514
6.990 21.252 19.609
10.199 19.279 25.130
15.051 17.375 28.711
-43.914 -25.977 40.329
-40.547 -29.540 44.887
-34.497 -31.175 47.583
-28.374 -29.402 49.906
-24.813 -23.637 52.072
-25.445 -17.196 53.944
-29.999 -12.490 56.170
-35.617 -11.183 59.681
-37.854 -12.193 65.750
-37.771 -14.924 72.004
-34.733 -18.035 76.841
-28.894 -19.203 80.360
-21.492 -17.909 81.894
-16.262 -14.810 79.204
-13.596 -8.555 76.033
-15.763 -2.684 73.668
-19.623 2.829 76.491
-22.352 6.488 80.995
-22.048 9.090 87.581
-19.015 10.925 92.738
-13.089 12.903 94.719
-6.462 13.173 94.080
-1.177 12.810 90.472
1.540 13.148 84.766
0.216 16.110 78.388
-2.661 19.345 73.488
-7.837 23.894 72.246
-8.672 30.147 73.318
-8.080 36.164 73.653
-3.091 41.469 74.974
2.327 44.042 75.017
8.677 42.506 72.776
13.589 38.046 70.888
15.861 34.322 65.018
13.020 31.798 59.902
9.986 31.984 53.978
5.444 34.880 50.097
1.641 40.640 48.222
1.487 46.219 47.095
4.431 50.234 42.910
10.102 52.912 40.325
14.223 52.652 36.697
20.199 49.184 35.904
23.192 43.231 32.786
22.770 37.126 30.659
18.371 32.267 28.880
12.715 30.352 26.900
6.527 32.961 24.571
3.476 34.028 19.342
4.700 36.373 12.964
4.227 34.054 7.352
9.667 32.155 3.132
11.228 26.484 0.966
12.992 20.300 2.243
14.379 14.564 6.032
11.706 11.113 9.811
5.764 9.578 12.974
-1.115 9.548 12.613
-5.489 7.922 8.235
-7.954 4.572 3.639
-7.848 0.732 -1.711
-4.098 -4.141 -4.424
-0.615 -9.894 -3.391
4.153 -13.108 0.448
5.163 -16.697 5.604
2.824 -17.730 11.703
-1.405 -16.606 16.954
-7.546 -17.203 19.266
-14.103 -19.326 18.010
-18.026 -23.151 17.519
-19.146 -30.522 17.028
-18.385 -35.896 18.021
-16.563 -40.983 21.224
-12.368 -42.550 25.879
-7.470 -41.206 30.635
-3.992 -35.938 33.567
-5.976 -31.734 38.225
-10.911 -27.604 40.528
-17.145 -28.416 43.663
-20.400 -30.719 48.033
-21.485 -35.917 52.285
-18.884 -39.355 57.075
-15.370 -42.547 61.165
-8.865 -43.321 61.539
-3.825 -41.400 63.681
0.564 -36.761 63.945
2.356 -30.316 62.265
0.406 -24.512 63.770
-5.118 -19.754 65.220
-6.953 -18.100 71.763
-8.818 -18.592 78.045
-6.625 -20.556 83.895
-1.718 -20.916 88.314
3.623 -18.806 90.822
10.199 -18.715 89.268
13.927 -16.332 83.685
14.992 -10.702 80.117
13.741 -5.266 77.971
9.687 0.576 77.791
6.390 4.725 81.522
6.781 8.487 86.368
10.371 11.947 90.565
15.348 15.630 92.514
21.435 17.326 90.038
27.689 14.847 88.215
30.337 13.926 82.132
29.895 12.470 75.267
25.754 13.136 70.116
21.705 17.415 66.635
20.241 23.980 65.288
22.236 30.099 65.973
25.663 35.175 65.016
32.795 36.449 62.599
38.708 34.913 61.545
43.159 30.451 57.971
42.525 24.254 53.720
39.619 21.927 48.301
34.954 19.291 43.785
29.860 22.636 39.291
28.667 28.576 36.681
45.286 32.268 36.775
40.916 37.292 39.194
35.004 36.924 42.275
28.684 34.935 44.424
26.210 30.452 48.279
27.313 23.352 49.869
31.668 19.312 53.839
37.149 19.245 57.544
39.214 20.792 63.491
39.411 25.305 68.921
35.768 28.302 73.895
29.909 28.837 77.720
22.740 28.893 77.076
16.500 24.586 77.603
15.446 18.147 75.050
17.251 12.048 73.590
21.620 7.076 75.550
25.280 4.571 81.012
24.794 3.436 87.329
21.802 2.399 93.284
16.332 -1.737 94.661
9.690 -2.089 95.765
4.193 -2.519 92.266
0.608 -2.742 85.863
0.754 -5.543 80.312
4.061 -8.968 75.259
8.309 -13.521 74.537
10.614 -19.543 76.158
8.946 -26.197 77.430
5.006 -30.271 81.225
-1.761 -32.798 79.935
-7.277 -32.932 76.946
-12.900 -30.731 73.514
-13.995 -27.708 68.796
-12.346 -23.764 62.779
-7.969 -25.050 58.205
-3.698 -28.312 53.896
-0.762 -34.078 52.598
-2.963 -39.669 50.170
-6.776 -44.959 48.655
-12.329 -46.361 45.501
-18.237 -45.658 43.341
-21.297 -42.283 39.096
-22.489 -35.631 38.091
-20.804 -32.445 33.318
-16.803 -26.926 34.290
-10.512 -26.029 31.996
-5.025 -28.841 28.645
-3.199 -32.645 24.050
-2.606 -33.896 17.742
-4.294 -33.204 11.899
-7.553 -31.365 6.367
-9.999 -25.844 3.979
-13.051 -19.632 4.406
-14.472 -14.324 8.654
-10.593 -9.736 12.032
-4.602 -7.844 14.260
2.441 -8.065 13.414
7.897 -7.376 9.223
10.094 -3.636 4.544
8.664 -0.199 -1.729
5.253 3.478 -5.373
2.296 9.594 -4.534
-1.582 13.542 -1.305
-4.592 17.017 3.927
-1.278 19.498 9.378
2.991 18.592 14.662
9.305 19.264 16.981
15.694 21.528 15.668
19.852 25.327 13.163
20.260 31.465 11.343
18.564 38.285 10.318
14.043 42.211 13.425
10.348 45.123 18.021
8.099 45.645 23.861
5.620 40.656 28.385
7.916 35.950 32.899
13.203 32.714 36.287
18.186 34.341 39.920
20.031 38.130 44.055
21.252 41.849 47.297
19.314 46.740 51.502
15.089 49.642 54.914
9.385 50.515 57.769
3.114 48.594 57.825
0.147 43.694 57.482
-0.859 37.241 56.609
1.596 32.335 58.911
5.878 27.487 62.942
9.233 27.373 67.844
10.133 29.347 74.357
8.093 31.562 80.255
4.594 31.185 85.474
-1.989 29.644 88.019
-9.486 29.839 86.514
-13.732 26.861 82.541
-13.547 21.396 78.200
-11.490 15.853 76.292
-7.980 9.804 77.345
-3.599 6.377 81.410
-4.438 2.808 87.112
-7.811 -0.955 90.917
-13.896 -2.771 93.147
-19.836 -5.150 92.955
-25.793 -3.343 89.494
-28.387 -2.460 83.620
-27.922 -2.591 76.175
-23.341 -3.321 70.851
-20.198 -8.895 68.453
-18.238 -15.554 67.825
-19.767 -21.389 68.762
-24.907 -26.304 69.829
-31.561 -28.047 69.511
-37.062 -27.136 65.174
-41.630 -21.824 62.122
-41.335 -17.679 57.194
-38.100 -15.233 51.653
-32.714 -14.081 46.376
-28.356 -17.673 42.586
-25.762 -24.479 40.808
6.328 -0.015 -93.231
12.854 3.240 -93.807
16.602 8.883 -91.383
17.265 15.016 -87.109
15.232 18.286 -81.972
12.574 17.044 -75.579
8.484 13.241 -71.416
7.280 7.691 -68.642
9.302 1.933 -66.232
13.667 -2.092 -63.796
19.779 -4.054 -62.243
25.844 -1.945 -60.267
29.365 2.488 -56.827
30.474 6.445 -51.893
28.517 12.399 -48.147
23.564 15.951 -45.973
16.764 15.902 -44.582
12.528 11.020 -42.333
11.730 4.306 -40.150
14.294 -0.467 -35.979
18.625 -1.646 -30.655
22.001 0.217 -25.195
22.015 4.120 -19.648
19.325 8.848 -15.805
13.662 13.368 -13.717
7.416 15.279 -14.137
1.245 13.816 -17.499
-1.823 8.487 -19.578
-3.265 1.535 -17.897
-3.632 -2.714 -12.762
-4.277 -4.503 -6.423
-7.405 -3.014 -0.543
-11.894 0.297 2.982
-15.951 6.385 3.257
-20.663 9.667 0.423
-23.261 12.636 -5.334
-25.826 11.090 -11.672
-26.597 8.133 -16.983
-29.124 2.488 -19.790
-31.751 -3.440 -18.298
-37.101 -6.491 -15.643
-44.288 -6.681 -13.399
-49.471 -2.994 -12.311
-52.837 2.776 -14.414
-53.253 8.997 -16.193
-52.669 13.531 -22.238
-49.569 14.470 -27.432
-47.409 11.410 -33.703
-47.673 6.189 -37.555
-50.761 0.595 -40.429
-56.387 -2.349 -41.819
-62.742 -1.110 -44.002
-67.792 2.173 -45.278
-70.158 5.899 -49.192
-70.211 12.174 -50.653
-67.099 17.499 -55.128
-61.503 20.820 -54.831
-55.795 20.463 -56.852
-50.743 16.225 -59.446
-49.146 10.500 -63.098
-50.634 6.453 -68.475
-52.478 6.570 -74.558
-53.300 9.744 -80.436
-53.530 14.858 -84.594
-50.930 20.638 -86.159
-46.701 25.418 -85.348
-42.716 29.401 -81.077
-36.962 28.240 -78.267
-32.370 24.070 -76.074
-28.372 18.750 -77.279
-24.769 15.885 -82.325
-22.469 15.898 -88.563
-20.101 19.528 -93.420
-17.147 24.853 -95.485
-14.366 30.663 -94.906
-11.127 35.488 -91.908
-10.088 38.946 -86.112
-7.475 37.807 -80.164
-7.279 33.080 -75.271
-2.772 27.973 -73.984
1.695 23.179 -75.878
7.847 22.438 -78.638
13.640 25.601 -79.966
17.716 30.400 -79.284
19.880 36.596 -77.112
20.461 40.207 -71.822
19.240 41.526 -65.269
14.004 40.917 -60.655
11.943 36.652 -56.292
11.864 29.974 -54.267
16.198 25.179 -52.807
21.571 23.600 -49.526
25.940 24.707 -45.050
27.810 27.977 -39.726
28.406 33.669 -36.021
26.097 38.236 -32.523
21.117 42.250 -29.945
14.609 42.628 -28.849
8.337 40.612 -30.340
4.885 35.188 -29.212
5.016 28.162 -28.053
6.227 24.407 -22.031
8.849 23.257 -16.152
8.867 25.205 -9.761
7.621 30.210 -4.746
4.239 34.954 -2.468
-1.585 38.001 -2.339
-7.762 40.450 -4.857
-12.602 39.573 -9.855
-16.015 34.421 -12.374
-18.297 27.838 -11.956
-18.681 22.287 -8.317
-21.022 20.021 -2.617
-25.970 20.884 2.239
-30.608 23.970 5.375
-35.137 29.128 4.642
-37.913 34.335 1.488
-39.516 37.369 -4.500
-39.947 37.535 -11.060
-39.287 34.576 -17.041
-40.811 28.907 -20.845
-45.058 23.687 -21.463
-50.756 20.491 -20.330
-57.729 21.402 -20.190
-62.512 27.280 -20.050
-63.065 34.093 -20.671
-63.294 38.948 -25.110
-59.604 42.220 -30.565
-56.044 41.904 -36.177
-51.962 39.267 -40.942
-52.997 34.559 -45.832
-56.302 29.659 -48.817
-62.193 28.783 -52.181
-67.074 32.419 -55.294
-69.709 36.733 -58.464
-70.166 42.621 -61.664
-66.494 47.436 -64.545
-60.539 50.465 -65.704
-53.576 48.985 -68.136
-48.947 44.619 -69.034
-46.912 38.573 -71.433
-47.946 34.201 -76.194
-50.507 32.332 -81.971
-54.162 33.258 -87.698
-56.609 38.557 -91.740
-48.314 51.732 -82.229
-55.391 51.453 -84.948
-60.980 47.100 -84.749
-63.870 40.897 -81.472
-63.589 35.427 -78.234
-60.195 30.783 -74.175
-56.159 31.323 -67.936
-51.265 34.596 -64.895
-50.574 40.044 -60.656
-52.494 45.182 -57.445
-56.649 49.039 -54.395
-62.060 49.336 -50.590
-67.038 45.729 -47.658
-69.918 40.874 -45.109
-69.968 35.030 -41.471
-67.425 29.695 -39.267
-62.013 25.447 -38.431
-55.180 25.783 -38.547
-51.002 30.472 -35.100
-49.796 36.010 -31.510
-51.506 39.884 -26.076
-55.182 40.189 -20.279
-57.287 37.202 -14.706
-56.475 32.639 -10.005
-52.862 26.455 -7.742
-47.233 21.750 -7.018
-40.529 19.834 -9.888
-36.176 22.252 -14.082
-32.700 28.573 -14.857
-30.737 34.609 -12.088
-29.912 38.236 -6.447
-27.954 38.395 -0.030
-23.877 36.521 4.715
-19.691 31.079 6.728
-14.672 26.867 5.934
-11.514 23.339 1.461
-9.270 22.395 -5.212
-7.942 24.167 -11.007
-8.209 28.895 -16.276
-5.210 34.615 -17.572
-1.931 40.222 -15.788
3.590 42.699 -12.861
9.863 41.400 -12.043
15.381 36.833 -12.832
17.854 32.289 -16.187
18.153 26.511 -20.113
16.872 24.933 -25.993
12.145 25.198 -31.785
10.050 29.519 -36.191
9.486 35.786 -38.977
12.547 41.530 -40.576
18.509 43.452 -43.387
23.833 42.774 -45.971
28.316 40.208 -49.613
29.663 36.787 -54.451
29.711 31.748 -58.707
25.956 27.482 -62.020
19.867 24.494 -63.342
13.251 24.824 -61.471
8.785 29.949 -62.795
6.933 36.440 -64.386
7.329 40.859 -69.009
7.570 41.899 -75.574
8.183 40.408 -81.905
7.967 36.162 -86.900
4.723 31.229 -89.405
0.620 25.797 -89.176
-3.023 21.483 -85.317
-7.980 21.660 -81.268
-12.207 25.257 -77.495
-16.049 30.997 -76.924
-20.180 34.767 -80.677
-23.443 35.772 -86.244
-27.004 33.109 -90.824
-29.900 28.159 -94.101
-33.158 22.694 -94.160
-35.209 16.730 -91.994
-35.777 12.700 -86.720
-36.886 12.419 -80.381
-36.863 15.774 -74.519
-41.083 20.420 -71.482
-45.759 25.359 -71.718
-52.236 26.295 -73.121
-57.891 23.628 -73.590
-62.531 18.535 -74.918
-64.195 12.689 -72.794
-64.011 7.802 -67.852
-60.143 4.054 -63.542
-55.774 4.016 -58.483
-52.115 7.969 -54.110
-52.415 14.108 -50.644
-56.330 17.725 -46.969
-61.070 18.038 -43.018
-63.327 16.559 -38.111
-66.715 11.132 -34.323
-66.149 6.244 -31.601
-63.071 0.680 -29.348
-57.434 -2.998 -29.023
-51.096 -3.120 -29.065
-45.007 -0.771 -30.953
-41.640 4.621 -28.522
-40.966 11.249 -25.629
-41.382 13.589 -19.475
-41.131 12.618 -13.053
-42.057 8.711 -7.259
-39.573 4.050 -3.891
-35.752 -1.924 -2.975
-29.653 -4.765 -4.304
-24.540 -6.344 -8.621
-20.952 -3.659 -13.689
-18.583 2.384 -15.688
-16.128 8.291 -13.918
-14.881 13.416 -9.649
-11.020 14.237 -4.076
-5.734 13.413 -0.457
-0.608 8.959 0.964
3.469 4.246 -1.265
6.233 -0.873 -6.118
6.061 -2.950 -12.172
5.571 -1.435 -19.084
3.297 2.969 -23.878
5.139 9.050 -26.454
9.111 14.368 -26.524
15.057 17.683 -26.033
21.416 15.955 -26.790
26.648 10.608 -28.586
27.836 4.463 -31.048
25.292 -0.239 -36.197
20.797 -1.499 -41.398
17.640 -0.197 -46.324
12.676 3.886 -50.096
13.112 9.462 -53.356
16.119 15.196 -55.484
21.289 16.120 -60.056
25.292 14.424 -64.314
27.164 10.272 -69.205
26.070 5.108 -73.430
21.735 0.072 -76.270
15.319 -2.594 -76.510
9.028 -0.908 -76.690
4.220 4.009 -76.509
2.244 9.965 -78.169
2.744 15.429 -81.923
4.332 18.100 -88.061
8.082 18.340 -93.888
185.244 130.658 112.724
192.588 131.710 113.113
197.361 135.904 115.727
200.266 142.342 118.557
199.138 148.285 120.668
195.344 151.149 124.479
189.968 152.372 128.684
186.467 149.274 133.410
186.465 143.157 137.539
189.369 138.073 140.986
195.059 135.587 144.791
200.229 137.127 148.138
203.703 141.418 151.921
204.718 147.615 155.191
201.873 152.655 158.767
197.059 155.831 161.129
191.789 157.239 162.463
185.142 155.415 163.097
181.143 150.011 164.052
180.867 143.217 167.512
182.690 140.693 173.026
184.823 140.855 179.085
185.458 143.795 184.823
183.081 148.352 188.960
179.162 152.471 191.706
172.777 154.703 190.965
166.268 155.639 188.542
161.389 151.993 185.990
159.595 146.333 184.041
158.849 139.829 185.599
158.441 135.374 190.678
156.193 133.595 196.495
151.031 134.130 200.508
144.763 136.219 201.330
139.160 140.431 200.223
135.061 142.889 196.668
131.917 144.072 190.545
132.361 142.404 184.214
134.700 138.741 178.479
134.862 132.192 178.069
133.273 126.029 179.165
127.931 122.417 180.224
121.219 120.835 180.849
115.241 122.378 178.981
110.573 125.353 175.137
108.957 129.726 170.241
109.868 132.674 164.809
113.876 134.393 160.487
119.048 132.125 155.577
122.402 126.797 152.978
121.224 120.463 150.697
117.522 116.346 147.648
112.222 114.913 144.093
107.674 116.145 139.954
104.489 119.703 135.115
104.283 124.922 130.956
106.831 130.572 128.657
111.049 134.700 126.876
117.279 136.626 128.715
123.182 133.828 128.246
127.390 128.308 126.401
129.176 124.930 121.548
129.662 122.900 115.070
129.461 124.268 109.252
129.306 129.164 104.078
130.980 135.025 102.260
133.550 140.975 102.479
135.823 145.453 106.483
140.321 147.023 111.153
144.954 144.996 114.730
150.633 141.605 116.318
156.179 139.512 113.048
160.333 139.428 107.767
163.276 142.702 103.104
165.613 148.040 100.699
166.671 154.794 100.658
166.139 160.548 103.953
166.882 164.377 108.858
167.002 165.198 114.989
167.749 162.700 120.624
172.023 158.662 124.461
178.121 155.401 124.422
184.971 156.305 123.994
189.689 160.806 123.812
192.523 166.978 123.899
192.331 173.031 126.064
188.777 178.011 129.681
183.675 179.725 134.860
180.128 178.151 139.594
178.153 173.903 144.202
179.261 168.194 147.612
183.847 166.199 151.752
188.296 166.679 156.166
191.154 170.745 160.672
190.702 176.044 163.863
187.876 180.745 166.960
182.735 184.776 168.753
176.579 185.650 169.936
170.393 184.827 169.409
165.012 180.192 167.879
162.952 174.112 169.305
164.324 168.394 171.854
165.258 165.448 178.617
164.222 166.405 184.216
162.639 168.757 190.513
159.058 173.012 194.240
153.362 176.252 194.429
146.816 177.979 191.842
142.205 177.377 188.444
139.169 174.452 183.640
137.699 168.871 180.567
136.392 161.981 181.293
135.846 156.341 185.616
131.131 155.030 189.976
126.111 155.381 193.552
119.753 157.483 194.120
114.413 160.796 192.063
111.397 163.897 186.986
109.688 164.794 180.846
112.035 165.040 174.455
115.957 161.754 169.158
116.811 155.076 167.215
114.318 149.250 166.802
108.805 144.623 166.447
102.593 144.862 165.052
97.071 147.473 162.012
94.601 150.606 156.811
94.759 156.283 152.356
97.442 159.166 147.925
103.248 160.641 144.189
109.394 158.597 141.533
110.837 152.679 138.222
109.327 146.516 135.766
105.515 144.539 131.039
100.842 145.123 125.938
99.146 148.612 120.875
99.674 154.466 116.434
102.408 159.151 114.842
108.189 164.049 114.686
114.388 163.598 114.691
120.643 161.607 115.097
124.687 156.817 112.424
126.632 151.611 109.169
126.354 148.239 102.898
124.642 148.889 96.410
127.572 164.715 98.018
120.061 165.686 98.094
115.086 160.776 97.728
112.294 155.838 99.610
112.210 149.789 103.481
114.573 146.190 107.935
116.243 146.888 114.126
118.659 150.664 120.150
117.721 155.933 123.042
113.216 161.636 124.677
107.053 163.373 125.290
100.333 162.742 126.758
95.733 158.538 129.263
93.538 153.257 132.701
93.855 148.311 136.216
97.535 144.940 141.476
102.232 144.014 145.446
107.677 145.680 148.325
111.501 151.983 150.028
109.949 158.252 152.179
105.938 162.066 156.311
101.497 161.830 161.150
98.253 158.685 167.230
99.178 155.560 172.158
102.308 151.655 177.202
107.810 150.000 179.110
114.273 149.370 179.472
120.315 151.571 177.591
122.976 157.456 175.527
122.768 164.550 176.731
120.746 169.586 181.093
120.870 171.865 187.258
124.839 171.372 193.317
129.794 168.774 196.855
134.983 164.873 198.252
140.895 162.439 196.167
145.646 161.079 192.502
147.814 161.741 186.353
147.833 164.826 179.960
148.638 171.391 178.622
149.555 178.203 179.811
154.344 181.829 182.162
160.297 183.523 185.238
167.229 180.687 186.255
171.686 177.847 184.109
175.359 173.519 181.128
176.880 170.382 175.874
174.358 168.251 170.310
171.991 169.871 164.497
170.207 174.800 160.149
172.257 180.840 157.859
177.286 184.403 155.970
183.866 185.097 154.520
189.552 184.169 152.458
194.085 179.411 149.031
195.846 174.020 146.584
194.278 169.159 143.051
190.755 164.647 141.297
184.718 162.845 140.082
179.211 165.631 137.609
176.259 170.897 134.183
177.008 174.643 128.705
179.662 175.602 122.801
182.733 172.428 116.911
183.200 167.503 112.905
182.565 161.263 110.587
179.715 155.725 110.717
176.628 151.076 113.705
170.693 150.117 117.446
164.067 152.709 119.072
159.135 156.685 117.014
155.774 157.729 111.934
152.757 157.009 106.110
152.008 153.110 100.326
151.468 146.554 98.023
150.056 140.712 98.560
149.188 135.345 102.002
146.583 131.645 106.492
144.787 131.947 112.328
141.129 135.468 117.372
135.500 139.429 118.051
129.943 142.881 115.671
123.985 141.608 112.624
119.089 137.350 110.988
116.484 131.514 110.680
115.942 125.005 113.066
118.318 120.674 117.893
120.594 119.387 124.889
121.894 121.376 130.567
121.617 125.884 135.762
119.485 132.401 137.298
113.464 134.579 138.772
107.535 133.915 141.105
102.914 130.238 144.864
101.877 125.363 149.370
103.704 120.884 153.730
107.848 117.657 157.584
112.815 117.362 161.100
118.110 118.184 163.315
124.189 121.939 162.709
125.078 128.171 164.140
122.907 134.664 165.565
119.621 137.521 170.471
116.736 137.722 176.881
116.043 135.054 182.774
118.847 131.987 188.034
123.977 129.855 191.577
130.475 127.900 192.224
136.166 127.381 190.646
141.359 129.904 186.328
143.763 135.044 183.798
144.548 142.314 183.941
143.677 148.110 187.664
146.421 149.893 193.382
150.364 150.341 198.427
156.634 147.732 201.938
161.447 144.303 201.751
166.463 141.393 198.347
169.382 139.142 193.337
169.814 138.810 186.723
168.485 141.696 181.455
168.575 148.026 178.092
171.373 154.056 177.915
176.853 158.528 179.030
183.439 158.609 180.194
189.203 154.875 179.857
193.961 150.761 176.185
195.251 146.283 172.665
194.370 142.146 168.207
190.531 140.531 162.818
185.757 142.420 157.806
186.013 148.296 154.138
188.638 154.201 152.003
193.907 155.605 148.707
199.657 154.835 145.354
204.418 150.902 142.374
205.085 145.853 139.012
203.288 139.836 136.126
198.282 135.213 134.272
192.088 134.949 132.085
187.162 136.892 129.056
183.188 141.680 125.536
183.743 146.750 121.142
185.938 148.345 115.325
191.080 148.144 110.375
140.904 232.042 177.666
140.681 234.797 170.872
144.874 238.623 167.149
150.716 240.285 164.425
157.869 239.691 162.699
163.038 235.523 163.480
165.297 228.614 162.325
163.937 222.080 161.757
159.287 217.700 158.994
154.055 215.894 154.471
151.684 217.541 148.513
153.121 219.175 142.066
157.890 220.795 136.896
164.249 221.308 134.648
170.269 219.728 134.331
175.325 215.009 136.105
177.804 209.834 138.428
177.515 204.622 142.658
172.404 199.224 144.588
167.199 195.843 141.626
165.127 192.709 136.002
166.935 190.668 129.898
171.486 188.124 125.020
176.969 184.254 124.347
182.448 180.167 125.818
185.154 177.408 130.598
185.994 174.820 136.781
182.954 172.626 142.047
176.842 170.664 144.561
170.760 167.429 143.002
167.622 162.415 139.155
167.950 156.562 135.977
170.120 150.215 136.987
173.223 145.676 140.741
178.069 143.924 145.534
180.530 143.526 151.729
180.178 145.613 157.767
177.757 149.700 162.293
172.354 153.705 164.712
165.573 152.575 164.480
159.918 149.391 163.923
157.098 144.136 167.005
157.315 137.486 169.874
159.168 135.334 175.572
161.795 135.335 182.058
164.997 138.084 186.886
165.759 142.768 191.514
165.956 149.237 192.589
162.646 155.154 190.952
156.384 157.983 190.686
149.582 157.136 192.226
145.851 156.049 197.368
144.426 153.769 203.594
144.577 153.168 209.670
147.166 155.121 215.572
151.831 158.164 219.454
156.087 163.334 220.373
159.606 168.248 217.796
161.021 172.813 212.786
157.002 176.430 208.394
150.847 178.722 206.820
145.287 182.002 208.971
142.262 185.887 213.041
142.906 190.428 218.598
146.076 195.185 221.916
151.382 199.336 222.845
156.831 202.520 221.255
162.070 202.539 217.138
164.189 203.056 210.612
161.877 203.368 203.843
157.789 205.683 199.140
154.500 211.268 197.773
152.565 217.488 198.142
154.147 223.484 200.327
158.450 228.068 201.599
164.715 230.774 201.899
170.879 230.392 199.699
175.702 228.155 196.242
177.778 224.289 191.985
176.891 220.210 186.273
173.114 219.976 180.365
168.855 223.694 175.876
168.838 229.221 171.746
172.364 234.333 168.731
177.949 237.716 167.291
185.374 237.250 165.155
191.081 233.627 165.688
194.082 227.891 165.550
194.452 221.994 164.970
191.153 216.208 163.016
186.162 213.587 159.183
184.552 213.511 152.701
185.220 214.486 146.366
189.909 215.346 141.283
196.032 213.675 139.057
201.961 210.963 139.665
206.261 207.242 142.171
208.904 202.045 146.125
208.456 197.319 150.316
204.758 193.620 155.161
199.485 189.614 154.532
194.020 186.585 151.151
193.410 182.670 145.850
195.835 178.792 140.371
200.106 174.849 138.392
205.062 169.940 138.954
208.655 165.928 142.736
210.950 163.909 148.399
211.107 163.214 154.681
207.494 163.904 160.426
201.152 163.100 163.121
194.814 159.821 162.973
190.535 154.748 160.485
190.683 147.942 159.672
192.049 141.938 161.137
194.772 137.309 165.461
198.210 135.893 171.214
201.310 137.470 176.665
202.094 142.846 181.098
199.617 147.196 184.847
194.513 152.191 185.332
187.682 152.609 185.773
181.854 149.432 187.472
178.406 144.504 190.839
178.571 140.594 196.391
181.938 139.499 202.467
185.171 142.018 208.631
187.215 145.925 212.593
190.149 152.025 212.837
189.881 158.725 212.268
185.765 164.042 210.137
178.658 165.037 210.669
172.806 164.440 212.961
169.967 164.388 219.010
170.127 165.862 225.399
172.611 167.810 231.820
177.076 171.661 234.664
181.334 177.330 234.824
185.032 182.145 231.072
184.432 186.662 226.074
180.977 190.236 222.111
175.038 193.427 220.398
169.068 195.405 221.715
165.159 198.926 225.871
163.160 200.445 232.764
180.528 207.245 229.460
179.724 202.819 235.077
176.944 197.642 238.595
172.664 191.457 239.075
168.128 186.843 236.256
166.144 184.872 230.121
166.687 183.312 223.530
171.825 182.312 218.738
178.814 180.287 217.304
184.405 177.397 219.173
187.458 172.777 223.474
187.600 167.217 227.167
184.829 161.265 228.888
181.029 156.360 227.190
176.938 152.874 222.813
174.798 151.497 217.282
173.796 152.192 211.125
175.388 154.806 204.970
180.647 158.022 201.885
188.221 157.526 201.599
192.813 152.840 201.308
194.857 146.247 200.741
193.486 139.632 199.225
191.377 135.782 194.550
188.182 134.730 188.390
185.364 136.165 183.536
184.694 141.445 178.792
186.210 147.625 174.996
191.371 151.709 174.326
197.871 152.761 175.019
203.633 150.792 172.914
207.698 147.480 168.415
208.507 146.187 162.594
206.425 146.591 156.175
201.733 148.238 151.377
197.934 152.683 148.412
195.273 158.922 148.010
194.228 164.802 151.286
195.915 169.936 155.956
201.775 173.425 157.243
208.357 175.092 155.926
211.890 177.810 151.328
213.043 180.360 145.288
210.825 184.098 140.390
205.955 187.831 137.251
199.808 190.256 137.217
195.320 194.280 139.684
192.110 195.594 144.890
192.637 198.076 152.114
196.937 201.067 156.604
201.818 205.831 157.411
204.459 211.704 155.226
205.100 217.264 151.748
202.125 222.171 149.880
196.830 226.123 148.761
190.465 228.235 148.777
184.256 227.644 151.496
180.557 225.245 155.843
178.514 220.698 161.172
182.042 219.242 166.274
186.123 220.733 171.588
188.276 225.324 175.075
187.538 231.198 178.580
183.113 235.925 180.367
177.012 238.226 182.532
170.440 237.603 182.683
165.459 233.609 184.311
162.569 227.861 185.111
163.173 220.988 186.582
167.036 216.736 189.993
171.163 214.959 194.743
171.772 216.095 201.108
170.175 217.593 206.919
165.317 219.878 211.207
158.966 219.105 213.254
152.737 216.305 212.941
148.601 212.244 210.959
147.272 206.941 207.966
149.213 201.192 205.629
153.162 196.300 205.321
158.690 192.615 208.032
161.887 191.346 214.021
161.033 188.055 219.984
157.029 184.913 224.292
151.444 181.443 225.962
145.865 178.063 224.119
142.630 174.338 218.808
142.827 172.220 212.304
145.461 169.698 206.894
151.499 168.402 203.817
158.458 167.164 204.444
161.899 162.086 206.563
162.697 156.238 209.415
160.278 149.862 210.193
157.439 145.721 207.111
153.718 142.248 202.646
150.417 141.611 196.972
149.581 143.082 190.431
150.582 146.277 185.025
153.465 151.142 181.501
160.232 153.240 179.980
166.801 152.473 181.000
171.298 147.894 179.825
173.147 142.176 176.548
172.593 137.130 172.266
169.886 134.298 166.881
166.939 135.299 161.150
164.138 139.922 156.362
163.547 144.661 153.662
164.282 151.375 153.839
168.373 156.654 154.483
175.281 158.734 153.609
181.581 157.366 151.960
184.851 156.367 146.767
186.063 156.317 140.588
183.802 156.952 133.991
179.465 159.434 129.397
174.677 164.317 128.227
170.541 169.219 130.539
168.902 174.325 134.526
170.674 177.540 139.579
175.556 181.813 142.255
181.039 185.359 141.290
185.199 189.352 137.095
184.612 193.140 131.799
180.730 197.080 127.554
174.955 201.229 126.068
168.203 203.443 127.901
164.022 204.083 132.274
161.616 204.939 138.480
162.785 205.531 145.597
167.946 209.085 148.503
172.044 214.665 148.980
172.679 220.953 146.627
169.112 227.025 146.043
163.833 230.884 144.958
157.550 231.771 147.150
152.152 229.884 149.596
147.730 226.734 154.961
148.568 224.376 160.692
151.143 222.937 166.060
155.216 223.563 171.322
158.546 227.660 174.994
159.495 234.434 177.092
156.587 240.988 176.068
145.715 198.448 213.064
144.333 205.275 212.694
144.538 212.219 213.928
150.538 216.754 214.719
156.657 218.398 214.313
161.760 216.962 210.236
164.745 214.295 205.115
164.052 212.454 198.452
159.414 212.468 193.745
154.517 214.659 190.034
152.095 220.640 188.033
151.385 226.256 186.726
154.137 232.437 186.452
160.395 234.926 185.352
165.899 236.087 183.835
170.898 232.895 180.080
174.495 229.616 177.288
175.347 223.408 174.016
171.076 218.523 170.906
165.873 218.167 167.008
164.218 221.717 161.607
163.860 225.550 156.969
168.137 229.127 153.026
173.188 231.136 150.346
180.313 229.236 148.518
183.125 223.909 146.442
184.837 217.841 146.589
183.242 211.331 148.123
177.534 207.813 147.940
172.071 206.314 143.837
169.493 207.238 137.792
170.033 206.638 131.473
173.287 204.724 126.332
179.363 200.635 124.835
182.548 195.274 125.618
185.834 190.858 127.595
186.454 186.480 132.838
183.835 184.780 138.135
178.973 183.294 142.772
172.865 181.622 141.221
168.000 179.664 138.481
166.843 173.962 135.246
167.605 169.045 131.182
170.931 163.514 131.616
173.674 158.407 135.718
179.290 157.047 139.878
179.911 156.660 146.142
179.267 158.322 151.480
175.061 160.629 156.089
168.419 160.875 157.319
163.700 158.075 158.274
161.032 151.695 158.260
159.590 146.400 158.658
161.790 141.034 161.755
166.025 137.195 165.660
170.094 136.266 169.951
173.749 138.459 174.899
175.573 142.968 178.771
175.747 149.668 180.151
170.688 153.860 180.674
164.160 155.458 181.991
159.020 154.720 185.965
157.372 151.731 191.927
157.126 149.200 197.166
160.503 148.376 202.836
164.614 151.142 206.573
170.701 154.541 207.926
173.270 159.460 206.923
174.509 164.903 205.070
171.600 170.112 201.194
165.990 173.749 201.006
161.962 176.481 205.407
159.701 178.664 210.567
161.332 180.482 216.778
164.613 182.195 221.697
170.614 185.491 223.297
176.487 187.559 222.236
181.096 190.099 217.978
181.547 192.555 212.503
179.989 195.397 208.164
175.153 199.204 204.958
169.874 203.628 205.798
168.699 209.317 208.873
171.831 214.839 211.602
175.589 218.693 213.713
181.955 220.412 213.601
188.093 220.008 210.854
191.192 218.229 204.715
192.292 216.126 199.195
190.168 215.116 193.651
185.001 215.594 189.455
181.986 220.976 187.000
182.408 226.334 184.617
184.595 231.204 182.286
190.029 233.782 180.119
196.494 233.950 178.988
201.568 231.001 176.254
205.834 226.485 174.322
206.387 220.321 172.794
204.452 215.158 170.673
199.181 211.820 168.355
193.972 212.180 164.522
192.189 215.084 158.520
193.317 217.572 153.097
197.046 219.218 147.907
202.497 219.110 144.475
208.247 214.828 143.679
210.642 208.713 143.362
211.625 202.889 145.165
210.213 197.905 149.454
204.901 193.492 149.211
198.801 191.808 146.852
194.344 191.755 141.486
195.312 189.401 135.360
197.924 186.348 130.691
202.445 181.397 129.258
206.294 176.743 129.738
209.073 172.256 133.879
210.086 169.645 139.882
209.163 169.337 146.038
203.781 170.023 150.694
197.068 168.118 150.755
192.397 164.710 149.226
190.052 158.920 145.954
192.470 152.910 145.591
197.537 147.922 147.725
199.436 144.487 151.870
204.065 144.479 157.570
204.381 146.030 162.972
203.112 150.338 168.439
198.749 154.289 172.012
192.659 152.714 173.466
187.189 149.257 173.869
185.112 143.334 175.804
186.215 138.089 180.196
188.735 135.011 184.622
193.335 134.261 189.232
197.195 137.576 193.012
199.427 142.986 196.185
197.726 149.406 197.978
193.774 154.233 199.215
187.712 155.557 201.453
180.767 154.116 202.885
177.838 151.026 208.124
177.225 146.983 212.953
180.800 142.953 217.696
191.460 160.004 216.196
193.611 153.814 214.666
194.564 147.871 213.453
192.131 141.886 211.567
187.866 138.511 207.990
183.187 139.110 202.999
180.275 142.035 198.212
181.629 146.600 193.583
184.862 150.808 190.334
191.282 152.604 189.051
197.880 150.470 187.070
201.424 146.182 184.766
203.209 140.809 181.652
200.695 136.368 177.544
197.982 135.119 171.848
193.625 136.950 167.648
190.656 140.072 163.688
188.840 145.583 162.006
188.858 151.966 161.391
194.002 156.539 163.690
199.313 157.668 162.198
205.603 156.587 159.391
207.736 155.022 153.709
206.712 154.935 146.751
204.762 155.427 141.373
200.645 158.151 136.597
196.693 163.524 136.178
194.444 169.702 138.744
194.707 174.611 142.463
199.365 177.686 146.652
205.094 179.566 147.464
210.908 180.200 144.013
213.340 183.333 138.874
212.527 188.129 134.344
208.872 193.191 131.946
204.465 198.202 132.177
199.604 201.861 135.552
195.947 202.602 140.664
195.433 203.752 145.752
197.223 201.257 152.051
203.184 202.608 155.144
208.178 206.603 156.201
210.940 212.373 156.223
210.622 218.755 156.028
206.748 224.524 156.500
201.203 227.115 157.902
195.308 226.193 161.697
190.932 223.572 164.881
189.943 221.381 169.235
191.255 216.663 173.983
195.758 215.193 178.386
199.634 216.413 182.626
200.880 220.584 187.018
199.697 226.806 189.961
196.198 230.415 193.699
190.801 231.885 196.642
184.715 230.362 198.186
179.976 227.379 199.495
176.340 222.038 198.770
176.839 215.971 196.412
181.563 211.425 197.453
186.431 208.847 201.638
189.453 208.371 206.947
187.534 207.405 213.095
183.145 208.104 218.277
178.048 206.601 220.695
171.723 203.390 221.016
168.070 199.759 219.233
165.466 196.485 213.397
166.998 192.651 208.737
171.806 188.594 206.304
177.288 184.965 207.167
178.389 180.024 211.267
178.325 175.704 215.289
173.744 172.493 219.077
168.410 169.346 219.317
162.264 166.540 217.219
158.812 165.406 211.811
157.515 164.641 206.128
159.453 165.421 199.949
164.648 164.542 196.031
170.136 161.653 194.784
175.051 156.470 196.470
175.123 150.537 197.002
172.943 144.503 195.108
167.363 141.033 194.252
163.591 139.831 188.973
159.818 141.240 184.349
158.494 146.005 179.152
160.391 150.710 175.706
165.916 153.822 172.466
172.163 153.818 171.615
176.712 149.858 168.310
179.112 145.068 164.598
177.808 142.827 159.902
174.532 143.028 154.230
170.133 142.747 150.146
166.752 147.424 146.615
164.272 152.950 144.284
163.759 159.109 145.312
164.538 164.603 148.413
170.346 167.933 149.553
177.715 167.758 149.352
181.419 167.708 145.274
183.680 168.978 139.109
183.206 169.365 132.365
180.102 172.261 127.077
176.748 177.043 125.209
172.912 182.624 126.438
170.042 186.917 129.609
170.261 190.042 135.946
173.542 192.014 140.108
179.986 194.840 141.530
185.744 196.307 139.583
187.471 201.713 136.399
187.346 206.744 132.716
184.206 211.700 130.724
179.376 215.693 131.177
174.732 217.838 135.296
170.720 218.281 139.656
168.074 215.728 145.046
170.270 212.441 150.810
175.320 214.052 155.143
179.820 217.010 158.113
183.270 223.022 159.478
180.626 228.967 160.832
175.556 233.311 161.113
169.309 234.464 163.918
164.373 233.188 166.915
160.621 229.897 169.966
158.607 224.759 173.464
161.530 218.680 176.284
166.039 218.746 181.038
169.675 220.558 185.818
169.995 224.986 190.627
166.669 228.356 195.119
161.591 229.871 198.398
155.825 228.703 200.298
150.209 225.544 200.065
148.127 218.965 199.349
148.528 212.883 198.596
152.314 207.365 200.432
157.395 204.423 204.493
160.784 203.914 209.444
160.140 204.231 216.099
156.244 206.040 221.749
167.793 119.200 100.127
169.367 124.099 95.725
168.109 129.256 91.207
162.958 131.210 86.779
156.750 134.032 84.343
151.893 136.320 87.764
146.846 137.726 92.401
146.812 139.400 98.701
149.133 141.134 105.250
154.719 144.515 106.929
159.947 148.598 107.728
163.802 152.610 103.442
162.642 158.651 100.991
158.343 162.934 99.014
153.474 166.231 98.180
147.183 167.888 99.223
141.623 167.096 103.519
139.268 165.933 109.618
140.015 163.760 116.539
145.423 163.810 120.822
151.525 166.796 122.510
154.726 172.724 122.048
154.900 179.094 122.826
152.272 184.701 124.570
147.881 188.890 127.342
142.274 189.221 131.258
137.768 187.420 135.183
135.960 183.444 140.146
136.064 176.992 143.400
140.342 172.053 145.056
147.588 171.428 146.203
152.573 173.537 149.493
157.231 177.522 152.903
157.225 181.938 157.867
154.573 184.808 163.187
151.040 183.353 168.704
147.893 178.598 172.512
145.573 172.533 173.474
145.625 165.921 172.393
148.152 160.837 169.649
152.473 156.408 167.660
159.314 155.299 167.166
165.695 156.405 169.588
168.098 158.127 175.955
168.529 154.383 181.543
166.011 150.280 186.030
161.930 145.111 187.300
157.160 139.891 186.691
155.077 135.721 182.403
153.883 133.029 176.133
157.732 131.343 170.588
163.458 130.584 167.318
169.880 128.192 168.149
173.719 123.891 171.339
174.755 118.851 175.521
173.338 112.795 176.504
169.931 107.032 176.867
164.548 102.869 175.358
160.294 101.968 170.742
156.210 103.265 165.560
154.469 106.235 160.009
159.284 109.504 155.418
165.701 110.248 153.023
170.157 106.847 149.915
171.818 101.145 146.713
170.418 94.917 144.674
166.153 90.626 141.905
160.490 88.924 138.425
154.953 90.839 135.664
149.731 94.706 133.669
148.952 101.894 133.257
150.490 106.801 130.129
155.123 110.973 126.544
159.100 109.976 121.304
159.602 106.969 115.412
156.963 103.823 110.590
151.908 102.130 106.830
145.181 102.228 105.593
138.739 104.422 106.230
134.083 109.058 109.039
133.669 114.636 110.946
135.965 120.173 113.647
139.866 126.090 111.097
143.849 129.095 106.475
143.344 131.372 100.060
139.790 132.209 94.661
133.698 133.529 91.585
127.429 134.853 92.213
122.008 137.044 96.130
120.921 138.641 102.359
121.229 141.238 107.717
124.623 144.698 112.514
129.786 148.697 113.638
131.751 154.950 113.487
130.578 161.395 111.544
126.044 166.192 110.173
119.866 168.069 111.870
114.689 167.480 115.797
109.918 165.258 121.031
111.000 162.765 127.610
114.018 158.619 132.010
120.502 159.842 135.459
125.708 162.906 137.725
128.264 169.835 139.570
126.587 176.187 141.071
122.591 179.726 144.580
117.736 180.473 149.269
114.228 177.990 154.516
113.079 173.584 158.707
112.358 167.085 160.899
116.081 160.812 161.008
122.354 158.705 161.872
129.198 159.548 163.343
134.163 163.980 166.701
136.309 166.098 172.406
134.775 166.554 178.802
131.385 166.204 184.463
126.814 161.371 187.286
124.620 154.930 187.503
124.043 148.531 185.339
125.188 142.854 181.090
129.710 140.202 177.971
135.510 137.685 175.360
142.765 137.021 177.637
145.172 135.134 182.940
147.015 133.433 189.289
144.782 128.167 192.072
140.830 122.615 193.616
135.681 118.093 192.362
131.568 115.297 187.651
128.778 114.803 181.360
130.557 115.096 174.981
134.006 113.472 169.108
140.651 111.958 167.424
146.904 109.520 168.464
148.641 103.514 170.248
147.357 97.060 172.293
143.841 91.686 172.041
139.193 87.996 169.117
133.930 87.261 164.448
129.859 89.860 159.433
130.573 92.338 153.579
134.135 96.416 148.286
139.249 95.991 144.840
144.216 93.151 141.962
148.398 88.143 140.008
148.985 81.314 140.261
129.489 82.606 137.195
130.787 79.969 143.131
135.144 77.992 148.120
140.768 78.861 151.386
146.693 82.146 153.722
149.490 88.570 153.938
148.137 95.116 154.349
143.318 100.462 154.354
137.399 102.516 155.621
131.923 102.446 159.625
129.712 100.518 165.286
129.151 98.035 171.697
132.702 98.451 177.128
137.707 100.054 181.486
142.397 104.165 183.336
146.917 109.566 182.853
147.770 115.311 179.863
146.150 120.600 175.160
139.782 122.688 173.181
132.958 123.587 174.485
128.752 124.500 179.697
127.532 125.957 186.355
129.326 129.838 192.466
131.365 135.667 194.233
135.115 141.561 193.886
138.734 145.959 191.027
140.598 149.817 186.759
141.789 150.720 180.122
138.947 148.963 173.969
132.100 147.363 173.128
125.673 149.276 173.905
120.857 153.268 176.182
118.450 159.264 177.613
118.410 166.226 178.119
121.668 172.559 175.613
126.038 175.547 171.368
128.776 174.933 165.626
130.836 171.773 160.084
129.719 167.804 155.273
126.617 162.375 151.906
119.893 161.676 151.310
113.037 162.676 150.584
110.136 166.760 146.622
108.734 171.588 141.941
111.265 175.591 136.887
116.306 176.783 133.027
122.697 176.767 129.771
127.112 172.011 128.586
128.478 164.972 127.762
125.517 159.162 127.441
120.609 154.829 125.643
115.189 153.278 121.351
113.480 153.856 115.092
114.003 155.342 108.445
117.745 155.560 102.589
124.094 155.074 99.392
130.766 153.781 99.538
134.816 150.409 102.679
136.304 146.324 107.777
133.219 140.756 109.449
128.280 135.903 110.012
124.561 130.562 107.140
124.811 126.167 102.214
128.029 122.104 97.408
133.047 119.346 95.209
139.324 117.113 95.659
145.076 116.190 97.961
150.118 117.219 103.090
149.272 119.751 109.874
145.726 118.698 115.616
141.399 114.160 118.395
139.472 107.678 118.882
140.477 100.916 118.100
145.180 95.974 117.786
151.135 93.621 118.788
157.384 93.877 121.081
162.596 96.645 123.916
166.431 100.756 128.109
164.176 104.710 132.700
160.733 107.140 137.296
155.415 105.702 141.266
151.586 100.745 144.113
152.707 95.190 148.115
156.770 91.775 151.919
162.479 91.247 155.211
168.739 92.823 157.624
171.868 98.077 160.228
172.454 104.297 160.785
170.963 110.309 159.651
166.092 115.108 160.084
159.850 115.693 163.716
156.102 115.190 168.662
155.230 114.910 175.183
157.449 115.462 181.216
161.410 119.528 184.432
166.639 123.514 185.404
170.195 128.585 184.201
173.518 134.141 181.329
172.153 137.900 176.408
169.065 139.940 170.566
162.317 140.950 169.642
155.761 141.968 171.316
152.145 144.883 176.485
150.873 148.957 181.949
152.824 155.017 184.194
155.527 160.912 184.320
158.310 165.929 181.664
160.768 168.893 176.531
162.787 169.883 170.013
161.089 167.411 163.378
155.392 165.283 160.289
148.473 165.942 159.984
142.771 168.618 162.374
139.604 174.178 161.675
139.670 181.023 160.866
141.702 186.440 157.622
145.664 189.182 153.446
151.242 188.872 148.849
154.321 184.610 144.827
153.632 178.944 141.679
150.738 174.473 138.273
145.581 170.523 135.793
139.620 170.320 132.256
135.230 173.963 128.903
133.971 177.939 123.753
136.870 181.847 118.772
141.033 183.055 114.606
146.716 181.213 111.272
152.611 177.451 110.791
155.634 171.976 112.644
155.932 165.648 113.598
153.346 159.201 114.845
148.642 155.476 112.055
143.670 153.259 107.623
142.605 153.188 100.686
144.627 153.349 94.574
148.941 154.127 89.591
155.285 151.485 88.221
161.593 148.769 91.531
163.026 144.900 95.570
164.294 139.740 98.467
160.754 134.651 102.609
157.635 130.039 103.155
153.000 126.281 101.190
149.466 123.540 95.820
150.922 122.293 89.250
155.139 121.177 84.097
142.210 98.152 89.461
140.300 100.446 95.651
143.168 102.976 101.466
148.333 105.532 104.880
154.428 108.484 104.848
158.779 111.894 100.864
161.059 114.145 95.417
161.898 116.536 88.881
158.346 119.727 84.435
153.207 123.422 82.158
147.842 127.696 83.455
144.752 131.199 88.691
144.766 133.945 94.826
148.466 137.320 99.533
154.247 139.296 102.106
160.206 142.450 101.293
164.012 146.168 97.589
165.372 150.696 92.783
163.328 155.927 89.281
158.923 160.816 88.906
153.389 164.177 90.558
148.429 166.493 95.022
146.316 167.459 101.262
146.538 165.925 108.362
151.803 165.707 112.996
158.288 167.674 114.610
162.312 172.823 114.864
163.621 179.441 114.215
162.407 186.758 113.878
159.514 190.404 117.705
154.542 192.508 121.613
151.479 192.986 125.861
146.826 191.453 131.216
145.373 186.198 135.544
149.056 180.961 138.443
154.820 178.265 140.665
161.211 178.821 142.871
166.037 182.556 145.967
167.433 187.777 149.642
165.823 191.102 155.147
162.434 191.037 161.273
157.860 189.511 165.775
154.031 184.788 168.399
150.710 178.764 168.502
150.703 171.953 167.678
154.006 165.707 166.195
160.399 163.204 166.966
166.552 162.823 170.099
169.897 163.580 175.948
169.129 161.256 181.824
165.874 158.219 186.601
160.899 154.955 189.255
154.990 151.172 189.538
151.388 147.135 186.277
149.739 143.150 180.368
151.989 139.093 175.131
157.650 135.580 172.180
162.326 131.059 174.357
163.550 125.717 178.424
161.179 120.567 183.368
155.885 115.667 185.319
150.006 111.111 184.459
144.602 108.752 180.588
140.674 108.767 175.065
139.798 112.314 168.799
145.254 113.479 163.584
150.286 111.056 159.938
154.040 105.482 157.673
154.260 98.851 156.306
151.045 93.231 154.306
146.161 90.251 151.129
140.655 90.060 147.331
135.267 92.697 144.485
131.256 97.370 141.293
131.738 104.403 139.470
136.517 108.203 136.625
141.399 108.699 131.791
144.252 106.101 126.048
144.028 102.473 120.380
140.610 99.750 115.077
135.380 100.204 111.363
129.391 102.116 109.362
123.990 106.228 108.628
120.964 112.409 109.131
121.746 119.045 111.892
125.751 123.859 111.361
131.843 126.698 109.354
135.763 128.103 104.051
136.465 128.879 97.495
133.716 130.582 91.623
128.693 132.993 87.818
122.796 136.577 87.222
118.782 141.306 89.731
117.103 145.822 94.756
118.593 148.189 101.488
122.853 150.989 105.372
129.129 154.377 106.362
132.933 158.944 104.528
133.706 164.893 102.592
131.389 170.543 99.613
127.177 175.495 100.691
121.851 178.654 103.171
117.084 179.783 107.274
114.299 179.949 113.452
114.264 178.172 119.977
117.049 174.258 125.450
123.383 173.363 128.036
129.474 176.180 129.138
133.250 181.644 130.224
133.726 188.107 132.116
131.894 192.923 135.550
128.590 196.226 140.415
123.710 195.830 145.305
119.579 192.190 149.154
117.819 186.784 153.167
119.814 180.315 155.716
125.231 176.494 157.390
131.924 175.600 159.175
136.509 178.385 162.722
138.953 181.738 168.167
137.074 183.120 174.736
133.609 182.807 179.980
129.394 179.888 183.492
123.694 176.106 184.816
120.414 170.093 183.919
121.157 164.933 179.172
123.532 158.647 177.307
129.355 154.721 176.597
134.971 152.089 179.481
137.280 149.446 185.314
135.963 147.128 190.353
132.674 144.211 194.809
127.171 141.189 197.241
121.214 138.336 196.408
117.463 134.756 192.610
114.494 133.087 186.641
115.189 130.511 180.439
119.350 128.380 174.959
124.965 124.725 174.422
129.958 120.116 176.416
130.027 113.720 180.292
126.690 108.437 181.772
121.480 104.369 181.842
115.617 102.233 180.146
110.633 102.010 174.632
108.615 104.454 168.516
110.062 104.773 161.312
114.456 105.770 156.079
119.760 103.801 152.940
124.414 99.443 150.921
125.573 93.223 150.268
125.731 86.294 151.576
121.276 81.819 151.220
114.903 78.690 150.627
108.516 78.166 148.138
106.040 79.885 142.141
105.509 83.577 136.175
108.939 85.031 130.691
113.670 83.208 126.905
119.201 79.892 124.540
121.878 73.797 124.162
121.439 67.483 124.798
118.188 61.412 124.454
111.878 58.115 123.452
113.889 71.377 112.211
108.037 73.010 116.119
104.138 71.665 121.887
104.165 68.731 128.331
107.788 66.233 133.830
113.171 67.302 137.163
118.529 70.374 138.803
122.974 75.806 138.426
123.635 82.375 136.911
120.706 88.320 137.117
115.301 92.117 139.417
109.817 94.015 142.935
107.424 92.781 149.027
107.966 92.508 154.939
110.025 89.343 161.055
116.658 89.549 164.053
122.711 91.589 166.234
127.077 96.960 166.187
127.648 103.393 164.749
124.844 109.379 163.451
119.434 113.488 163.864
114.689 115.792 167.452
110.268 115.691 172.848
109.859 115.789 179.401
112.758 116.261 185.532
117.823 117.120 189.622
123.291 120.092 191.313
128.584 124.645 190.070
131.316 129.496 186.374
131.295 134.800 181.509
126.820 138.680 177.521
120.777 141.990 178.046
117.239 145.544 182.031
116.199 149.008 187.277
118.303 153.028 191.641
121.811 157.320 193.929
127.535 161.109 194.317
132.492 163.931 191.480
135.633 166.924 186.598
137.622 167.405 179.872
135.002 166.602 173.173
129.234 167.479 169.981
123.176 170.718 169.341
119.815 176.314 169.472
119.158 182.983 170.450
121.795 188.667 169.334
125.408 192.469 165.571
130.190 193.849 161.004
132.812 192.095 155.443
135.197 187.730 150.523
133.508 182.578 147.094
129.210 178.518 143.786
122.500 178.087 141.554
117.590 181.808 139.133
114.662 186.593 136.018
115.372 190.620 130.311
118.765 191.844 125.111
123.527 190.964 120.608
128.225 187.019 117.455
130.977 180.950 116.073
130.599 174.694 116.307
127.829 168.710 115.694
122.413 164.719 114.639
116.380 163.141 111.477
113.782 163.621 105.519
113.888 165.152 98.915
117.285 163.312 94.247
121.655 160.915 90.011
126.015 156.267 88.378
130.017 151.854 89.464
133.933 147.241 92.844
133.760 143.775 98.892
129.046 141.397 103.832
122.720 138.662 105.047
118.571 134.005 102.385
116.854 128.913 98.101
119.166 123.467 95.224
123.622 118.736 93.781
128.345 114.926 95.648
133.790 113.611 99.417
137.805 113.689 105.282
137.642 115.585 111.459
135.065 115.889 117.670
129.521 114.331 121.816
125.238 109.036 123.559
124.604 102.237 123.730
127.080 96.461 124.303
132.063 92.535 126.075
138.640 91.692 127.056
143.987 92.976 131.182
147.661 96.786 135.818
147.924 101.571 140.230
145.697 106.395 144.752
139.889 107.573 149.122
134.751 104.311 152.595
134.381 99.975 157.626
137.541 96.866 163.129
142.927 94.445 166.549
148.607 95.942 169.372
154.383 99.911 170.567
156.484 106.425 170.589
156.068 112.971 169.087
152.656 119.006 169.494
146.383 122.261 170.353
143.672 124.491 175.984
144.371 126.222 182.649
148.310 128.163 187.700
153.005 134.039 188.824
160.234 134.706 188.353
165.618 139.489 185.593
166.821 144.736 180.229
164.491 147.151 173.847
157.684 149.983 171.713
152.193 153.023 173.699
149.885 158.100 178.155
150.734 163.502 181.424
153.591 169.210 182.280
157.728 174.178 181.078
162.483 177.292 177.384
166.387 177.433 171.593
167.624 175.488 165.374
165.042 174.367 159.006
158.899 173.561 155.526
152.754 175.392 154.559
149.016 180.942 153.991
148.083 187.480 153.002
149.839 193.144 149.968
154.020 196.431 145.787
158.408 196.882 140.935
161.318 194.218 135.540
164.013 188.729 132.145
162.674 182.772 130.195
159.597 176.517 128.667
152.675 175.037 128.667
146.963 175.996 123.688
144.952 179.766 119.100
143.904 183.872 113.724
146.810 183.992 108.367
151.559 182.931 103.960
157.263 180.094 101.298
161.204 174.818 100.872
163.161 168.311 102.067
162.228 162.122 103.700
158.206 156.878 106.441
152.097 154.143 104.822
147.067 152.726 100.181
146.133 151.638 93.550
148.016 150.204 87.229
152.254 146.693 83.698
157.745 142.628 83.044
162.078 138.363 85.480
163.663 133.404 89.617
162.425 130.074 95.500
157.778 126.934 100.736
152.184 123.823 100.701
146.969 120.466 98.415
143.274 116.897 93.532
143.258 113.309 87.907
146.776 108.603 84.163
153.367 105.357 84.896
158.205 102.467 87.989
161.409 99.836 93.544
159.964 96.646 100.190
154.691 93.340 104.545
211.898 158.473 144.882
213.363 162.994 140.373
212.162 168.129 135.841
206.954 170.536 131.888
200.537 173.254 129.282
195.513 175.326 132.736
190.698 176.420 137.775
190.854 178.219 143.885
193.103 180.616 149.968
198.699 183.549 152.029
204.208 187.556 152.631
207.455 191.496 148.279
206.760 197.409 145.256
202.479 202.023 143.542
197.154 204.994 142.875
191.585 207.083 145.091
185.915 207.127 149.222
183.632 205.449 155.225
184.432 202.543 161.748
189.864 202.714 165.877
195.972 205.683 167.409
199.303 211.479 167.311
199.710 218.000 167.828
196.891 223.810 169.518
192.377 227.899 172.114
187.023 228.249 176.330
182.761 226.427 180.597
181.454 222.725 185.697
181.308 216.440 189.398
185.247 211.047 190.506
192.355 210.397 191.294
197.898 212.477 193.931
202.200 216.768 197.326
202.480 221.108 202.391
200.086 223.574 207.972
196.825 222.371 213.666
193.164 218.040 217.603
190.812 211.739 218.469
190.948 205.237 217.435
193.563 199.947 214.674
197.567 195.540 211.605
204.385 194.344 212.239
210.736 195.767 214.300
213.452 196.716 220.510
214.007 193.535 226.130
211.795 189.261 230.686
207.500 184.188 232.127
202.397 179.416 231.485
200.513 175.208 226.821
199.398 171.836 220.794
203.078 170.776 215.350
208.629 169.791 212.125
215.040 167.311 212.776
218.967 163.239 215.922
220.106 157.749 219.721
218.524 152.137 222.070
215.134 146.464 221.716
210.193 142.312 219.599
205.521 140.693 215.371
201.274 142.102 210.470
199.316 145.906 205.508
203.768 148.534 200.689
209.857 149.394 197.474
214.506 146.081 194.387
216.364 140.401 191.236
215.031 134.338 188.929
210.865 129.902 186.271
205.203 128.233 182.978
199.267 130.230 180.872
193.899 134.048 179.948
193.300 140.609 178.407
195.116 146.113 175.491
200.032 150.118 172.180
203.275 149.172 166.536
203.762 146.267 160.513
200.898 143.174 155.616
195.720 141.499 151.994
189.230 141.972 150.541
182.744 143.997 151.322
177.955 148.408 154.262
177.821 154.179 156.207
180.471 159.512 159.083
184.259 165.342 156.321
188.320 168.345 151.723
187.844 170.411 145.285
183.753 171.881 140.533
177.582 172.553 137.107
171.448 174.363 137.907
166.309 177.052 141.775
164.624 178.454 148.020
165.227 180.256 153.447
169.118 183.486 158.200
173.791 187.760 159.427
176.230 193.796 158.554
175.156 200.094 156.626
170.694 205.172 155.766
164.468 207.113 157.389
159.702 207.244 161.623
154.757 204.501 166.735
155.838 202.060 173.461
158.763 197.652 177.848
165.302 199.127 181.243
171.394 201.937 182.475
173.123 208.997 184.197
171.424 215.210 186.525
167.461 218.830 190.274
163.349 219.230 195.427
159.759 217.109 200.358
158.277 212.464 204.489
157.935 206.214 206.860
161.293 199.835 206.367
167.527 197.931 206.850
174.300 198.770 208.336
179.508 203.179 211.586
181.438 205.614 217.213
180.569 205.597 223.566
177.923 204.667 229.686
173.282 200.213 232.771
170.692 194.054 233.280
169.372 187.675 230.955
170.539 182.472 226.342
174.615 179.474 223.133
180.551 177.709 219.971
187.676 177.510 222.707
190.371 174.749 227.462
192.626 172.216 233.465
190.428 167.233 236.786
186.176 162.105 238.888
181.142 157.947 237.763
176.819 155.019 233.253
174.476 154.699 226.911
175.968 153.641 220.679
179.119 153.124 214.354
185.383 151.108 212.786
191.698 148.664 213.463
193.639 142.588 214.840
192.463 136.011 216.796
189.087 130.863 217.087
184.299 127.140 214.381
179.102 126.339 209.826
174.955 128.906 204.841
175.233 131.784 199.099
178.791 135.699 193.722
184.055 135.368 190.229
189.261 132.884 187.470
192.844 127.581 185.182
193.618 120.870 185.436
173.884 121.680 182.582
175.426 119.314 188.443
179.791 117.163 193.357
185.395 118.126 196.568
191.572 121.253 198.310
194.483 127.425 198.614
192.934 134.080 199.334
188.139 139.403 199.046
182.165 141.222 200.740
176.909 141.229 204.508
175.031 140.131 210.341
174.470 138.118 216.847
177.789 137.804 222.186
182.593 139.414 226.414
188.088 142.831 228.236
192.016 148.610 227.756
192.895 154.362 225.003
191.477 159.397 220.007
185.149 161.651 217.951
178.404 162.438 219.578
174.372 163.488 225.029
173.139 165.278 231.358
174.824 169.351 237.467
177.648 174.376 239.986
181.315 180.044 239.645
184.716 184.841 236.660
185.869 188.465 232.075
187.321 189.545 225.404
184.176 188.218 219.356
177.319 186.726 218.072
171.020 188.523 218.977
166.160 192.472 221.363
163.767 198.520 223.353
164.234 204.968 224.053
167.296 211.429 221.741
171.758 214.323 217.498
174.567 213.948 211.804
176.050 210.793 205.920
174.852 206.735 201.218
171.683 201.464 197.721
165.183 200.864 196.342
158.302 201.995 196.186
154.987 206.247 192.776
153.795 211.213 188.258
156.214 215.157 183.274
160.869 215.999 179.014
167.079 215.805 175.650
171.491 211.339 174.165
173.130 204.405 174.021
170.387 198.430 173.101
165.439 194.142 171.322
159.644 192.715 167.352
157.684 193.512 161.152
158.118 194.571 154.558
161.694 195.263 148.646
167.961 195.821 145.297
174.605 194.041 145.692
178.539 190.274 148.550
180.653 185.287 152.354
177.542 180.062 154.833
172.379 175.452 155.825
168.799 170.172 152.891
168.976 165.578 147.943
172.050 161.601 143.004
177.139 158.812 140.653
183.172 156.532 140.911
189.116 156.318 143.712
193.964 158.595 148.219
193.382 159.006 154.887
190.165 157.772 160.783
185.768 153.767 163.892
184.139 147.202 164.639
184.636 140.365 163.374
189.269 135.410 162.597
195.309 133.067 163.292
201.473 133.084 165.485
206.583 135.576 168.600
210.476 139.804 172.235
208.705 143.593 177.152
204.981 146.365 181.647
199.900 144.879 185.771
196.221 140.032 189.071
197.076 134.436 192.835
201.317 131.019 196.659
207.090 130.345 199.679
213.347 132.035 202.038
216.844 137.050 204.450
217.448 143.429 205.457
215.667 149.699 204.321
211.005 154.022 205.075
204.558 154.611 207.398
200.850 153.283 212.856
200.379 152.944 219.491
202.877 154.434 225.604
206.844 158.079 228.922
212.032 162.181 230.021
215.631 167.352 228.771
218.985 172.633 225.492
217.525 176.644 220.909
214.324 178.810 215.257
207.706 179.873 214.535
201.113 180.576 216.108
197.812 183.872 221.140
196.560 187.984 226.690
198.329 193.931 229.187
201.316 199.723 229.389
204.803 204.464 226.796
206.055 207.865 221.633
208.286 208.392 215.196
206.835 205.831 208.575
200.976 203.797 205.654
194.298 204.782 205.215
188.414 207.556 207.599
185.066 213.145 207.467
184.950 219.950 206.116
187.175 225.475 203.352
191.050 228.142 198.914
196.093 227.899 193.839
199.125 223.839 189.450
198.617 218.338 186.208
195.773 213.350 183.490
190.145 209.390 182.088
184.241 209.662 178.696
180.101 213.166 174.661
178.713 217.388 169.672
181.152 220.451 164.127
185.414 222.150 159.710
191.231 220.557 156.812
197.015 216.599 156.230
200.052 211.068 157.673
200.186 204.694 158.446
198.079 198.132 159.628
192.948 194.779 157.286
187.346 193.134 153.889
186.571 193.421 146.809
188.480 194.000 140.345
193.038 193.597 135.477
198.559 190.301 133.476
205.218 187.718 136.224
207.013 184.009 139.912
208.400 179.305 143.709
204.874 173.862 147.717
201.565 169.557 148.145
196.927 166.032 146.240
193.655 162.980 140.967
194.799 161.734 134.380
198.609 160.494 129.303
191.007 130.722 131.930
187.087 136.206 131.764
183.716 142.650 133.299
182.157 146.072 139.325
184.204 149.125 144.536
188.899 151.736 149.132
195.432 153.502 150.250
201.330 155.036 148.268
205.637 157.287 143.046
205.345 161.412 137.957
202.236 164.022 132.418
196.880 166.986 130.122
190.676 170.168 130.230
186.389 174.001 134.409
186.578 177.945 139.817
189.633 180.790 145.709
195.279 183.125 147.929
200.980 186.037 147.510
204.148 190.200 144.110
206.126 194.277 138.971
203.633 198.507 134.863
199.259 203.339 133.267
194.005 207.465 134.417
188.613 209.749 138.396
186.563 210.621 144.454
186.349 208.803 151.402
191.759 208.048 155.715
198.226 209.637 157.567
202.768 214.890 156.871
204.724 220.818 155.544
203.155 228.067 155.440
199.618 233.266 156.751
194.983 235.785 160.480
190.105 235.917 165.208
187.697 233.775 170.023
184.997 228.902 174.706
187.679 223.000 177.258
194.516 221.234 178.755
200.502 222.198 181.229
204.306 225.869 184.883
206.378 231.370 188.439
204.132 235.563 192.943
200.229 236.516 199.221
194.956 234.670 202.945
191.139 229.578 205.072
189.416 223.163 205.290
190.737 216.790 203.858
194.252 211.320 201.907
200.206 209.063 203.802
206.443 209.270 206.686
208.875 209.521 212.708
208.238 208.201 219.347
204.321 205.668 224.329
199.273 202.088 226.077
192.995 198.696 225.924
189.213 195.062 221.898
189.244 191.080 216.097
192.747 187.156 212.301
197.956 183.547 210.490
203.531 179.703 212.714
205.007 175.359 217.369
203.021 170.687 221.693
199.354 165.866 223.736
192.694 163.323 224.949
186.527 161.953 221.807
183.060 162.394 216.492
181.954 163.120 209.619
185.946 162.461 204.229
192.316 161.206 201.321
196.456 156.061 199.097
196.781 149.465 197.470
193.764 143.333 196.378
188.766 139.652 194.564
182.948 139.043 191.169
177.801 141.694 188.108
173.526 146.797 185.796
175.427 152.654 182.274
179.543 156.783 179.565
184.194 157.950 175.072
187.193 155.129 169.644
188.146 150.114 165.045
184.410 146.798 160.664
178.919 146.153 157.358
172.925 148.004 155.174
168.163 152.166 153.965
164.021 157.787 155.178
165.927 164.078 156.171
169.707 169.450 156.710
175.346 172.425 154.448
180.064 173.008 149.424
180.577 173.128 142.601
177.558 174.018 137.005
172.546 176.494 133.795
166.418 179.546 132.749
162.308 184.083 135.171
160.940 187.743 140.625
161.526 190.493 146.730
166.527 193.816 149.252
173.240 195.148 148.870
175.811 200.213 148.831
177.583 205.790 145.160
175.413 211.552 142.425
171.224 215.968 142.762
165.443 219.152 144.444
160.750 220.688 148.707
156.350 220.567 154.153
156.506 218.988 160.206
158.743 215.251 165.454
164.874 215.400 168.374
171.474 217.123 169.733
174.835 222.924 170.361
175.928 229.715 170.595
173.531 235.201 173.360
169.536 238.465 177.668
164.893 238.639 182.290
162.372 235.736 187.388
159.740 230.542 191.213
160.651 223.670 193.102
166.187 219.984 194.515
172.826 219.590 196.305
177.830 222.535 199.260
180.338 226.341 204.041
178.812 228.864 210.038
175.256 228.728 215.628
170.337 226.321 219.422
165.304 221.580 220.745
162.520 215.707 219.732
163.164 210.310 215.401
166.238 205.298 213.966
171.880 201.863 212.233
177.188 198.739 215.516
179.985 197.232 221.402
179.662 195.165 227.814
175.719 192.510 232.801
170.249 189.741 234.818
164.676 186.648 233.426
160.059 183.709 229.185
158.687 182.010 222.938
160.393 179.358 217.515
163.644 176.705 211.911
168.969 172.627 211.887
174.170 168.639 214.345
174.839 162.488 218.678
169.951 157.602 221.461
164.860 154.504 220.787
158.023 152.905 219.223
154.743 151.873 214.441
152.196 153.192 208.083
154.707 154.807 202.067
158.587 154.760 197.209
164.077 152.375 193.896
168.171 147.933 192.676
170.881 141.369 193.644
169.536 135.128 195.755
165.250 130.152 195.857
159.042 127.313 194.975
153.443 127.333 191.274
150.206 128.748 185.488
150.786 130.488 178.806
154.499 131.364 173.131
159.455 128.595 170.077
164.234 123.979 168.861
166.136 117.915 169.250
165.159 111.254 170.726
148.670 117.715 164.113
147.679 115.604 170.783
150.318 113.798 176.730
155.406 114.076 181.160
161.292 116.468 183.131
165.895 121.443 182.865
168.131 127.279 180.154
166.460 133.662 178.780
161.913 138.519 179.689
156.572 140.886 183.136
152.642 140.435 188.704
151.405 138.193 195.083
154.575 137.414 200.765
159.900 137.549 205.093
166.194 139.801 207.242
170.544 144.882 206.669
172.867 150.937 204.978
171.291 156.892 203.354
167.121 160.992 201.734
162.240 164.146 204.987
158.540 166.066 209.081
155.156 165.603 215.518
156.954 165.444 221.898
161.282 166.654 226.618
166.530 170.101 228.963
172.760 173.560 228.134
175.472 177.901 224.429
176.706 181.308 218.184
171.932 184.606 214.657
165.923 188.104 214.620
161.142 191.161 218.219
159.246 195.366 222.916
160.916 200.040 227.436
164.996 204.232 230.732
170.607 207.895 230.411
175.490 210.868 227.710
178.111 213.131 222.581
180.904 212.294 215.967
177.955 209.840 210.590
171.523 210.846 207.806
165.524 213.789 207.381
161.378 219.259 208.336
161.141 226.118 208.867
163.509 232.177 208.040
167.295 236.207 204.440
172.306 237.406 199.820
175.930 235.001 194.999
177.344 230.409 190.258
175.710 225.573 186.774
171.781 220.866 184.493
165.364 220.705 181.691
159.225 223.522 180.393
157.272 229.414 177.222
157.717 231.679 170.759
160.970 233.251 165.385
166.228 231.848 161.451
172.215 229.020 159.448
174.057 222.964 158.435
175.286 216.119 159.352
171.195 211.048 160.659
165.600 207.866 160.121
159.649 206.877 156.636
157.255 207.069 150.598
157.756 207.116 143.563
160.575 205.657 138.147
164.926 202.355 134.423
169.629 198.742 132.872
174.307 194.615 134.325
177.758 191.448 138.863
178.234 189.626 145.771
172.604 186.389 149.401
166.011 184.304 150.445
161.953 179.758 148.072
160.895 173.973 144.546
163.238 168.410 141.666
167.424 163.659 140.522
172.596 160.009 141.674
178.416 159.586 144.993
182.694 161.341 149.764
182.208 162.665 155.959
178.639 164.688 161.555
172.662 163.373 165.071
169.001 157.991 166.938
168.169 151.192 167.718
170.998 145.349 168.920
175.607 141.316 170.719
181.565 140.049 173.161
187.482 141.570 176.025
191.924 146.326 178.780
191.358 151.127 182.681
187.739 156.627 184.327
182.616 156.825 189.715
177.709 154.218 193.665
177.103 150.136 199.076
180.105 146.941 203.778
185.529 144.214 207.561
191.345 145.572 210.021
196.074 150.194 211.879
198.155 156.237 211.202
198.599 161.470 208.435
194.727 167.281 206.769
188.871 170.102 209.072
185.432 172.237 214.491
185.432 174.557 220.796
189.086 177.051 226.038
194.744 179.876 228.559
200.250 183.277 227.930
205.914 186.813 224.219
206.664 190.807 218.346
205.405 192.069 211.822
199.188 195.859 209.893
192.406 197.335 210.372
189.640 202.918 214.494
190.020 208.537 218.655
193.275 213.771 220.356
197.869 218.318 219.681
202.697 221.662 216.390
205.708 222.543 210.737
207.651 221.438 204.342
205.881 217.580 198.541
200.262 216.959 195.266
193.874 218.949 193.358
188.184 223.856 194.595
187.025 229.749 192.328
188.597 235.326 189.163
191.773 239.857 185.726
197.401 240.111 181.321
201.569 237.524 177.268
203.787 232.348 173.341
203.727 225.632 172.001
199.496 220.925 170.276
193.057 218.011 169.302
186.752 219.988 165.452
185.766 222.616 159.933
184.801 226.379 154.224
188.511 226.510 149.041
194.038 225.596 144.859
199.508 222.323 143.277
203.437 216.678 144.118
204.707 210.998 147.484
202.533 205.172 149.433
198.587 199.602 151.404
192.438 197.868 149.151
186.795 197.498 145.244
186.482 195.452 138.991
189.122 193.324 132.860
193.404 190.345 129.509
198.617 186.117 128.983
203.183 181.964 131.667
206.180 179.442 137.371
204.361 177.065 143.434
199.264 173.955 148.123
193.497 170.939 148.634
188.615 166.981 146.339
186.330 162.434 142.022
187.048 158.449 136.457
190.037 156.754 131.258
194.265 151.405 130.370
199.521 147.732 133.340
201.809 144.174 138.724
200.298 141.961 144.532
196.612 140.309 150.186
208.113 159.547 134.820
205.601 163.512 129.733
201.512 168.530 125.783
196.846 172.697 127.744
192.427 176.568 131.693
192.330 179.093 137.802
194.109 180.317 144.484
200.046 180.649 147.410
206.421 182.304 148.836
211.813 184.109 145.282
214.370 189.298 142.003
212.917 195.057 139.286
209.720 199.982 137.638
205.326 204.459 138.844
199.680 207.460 141.756
195.963 207.540 147.020
193.911 204.803 153.291
198.261 203.117 158.205
204.617 203.605 161.139
209.994 207.577 161.898
213.087 213.452 162.326
212.800 220.059 163.351
209.881 225.839 165.439
204.731 228.506 168.609
199.901 229.469 172.308
196.060 227.496 176.987
192.104 222.165 179.462
193.325 215.627 180.817
198.935 212.226 183.987
204.615 211.754 187.376
209.518 214.360 191.582
210.689 218.719 196.476
208.565 222.447 201.395
204.192 223.265 206.358
198.505 221.267 209.651
193.384 216.844 210.104
190.716 210.863 209.087
191.223 204.698 207.108
193.491 198.756 205.079
198.919 194.951 207.081
204.705 193.702 210.518
206.354 194.044 217.139
204.420 191.538 222.762
199.735 189.137 226.739
193.593 186.393 227.282
187.059 184.588 225.561
184.356 180.699 221.178
183.174 177.944 214.699
186.887 174.461 210.565
191.852 170.489 208.682
196.759 165.907 210.575
197.346 160.880 214.409
195.298 156.011 218.552
190.999 151.932 220.503
185.735 148.187 219.381
179.829 146.350 216.619
175.992 146.195 211.523
173.715 148.849 205.974
174.429 152.503 200.350
180.537 152.202 196.001
187.052 150.315 194.526
190.141 144.992 192.757
189.759 139.090 189.809
186.269 133.870 187.259
181.247 131.297 184.046
176.315 131.815 179.767
171.826 136.025 176.900
169.155 141.562 174.505
171.372 147.391 172.479
176.348 151.673 170.835
182.931 152.293 168.394
186.396 149.807 163.276
186.741 146.310 157.488
183.785 144.254 152.026
179.146 144.447 147.438
174.037 147.500 144.606
169.044 152.164 143.829
166.178 158.444 145.652
168.133 164.006 147.282
172.400 167.491 151.315
178.414 170.959 148.606
184.207 171.263 145.005
185.918 173.032 138.731
183.956 175.733 133.234
179.497 178.402 128.377
174.775 182.701 127.689
170.627 187.721 130.398
168.478 190.148 136.132
168.704 192.493 141.378
172.372 194.087 147.051
178.486 195.764 149.042
183.817 200.016 148.143
185.716 205.986 146.211
184.053 212.411 144.511
179.225 217.236 144.746
174.056 219.970 147.457
167.971 220.205 152.096
166.496 218.061 158.882
166.363 213.401 163.858
172.089 212.497 168.526
178.594 212.363 170.702
182.839 218.264 172.501
183.690 224.847 174.393
181.035 229.919 177.490
176.534 232.750 181.477
171.549 232.922 185.496
167.551 229.721 189.446
164.175 224.417 191.920
164.295 217.240 192.369
168.968 213.010 194.243
175.079 211.156 196.898
181.109 213.301 200.993
182.430 215.240 206.897
180.664 216.255 213.038
176.930 216.910 218.492
170.473 215.011 220.624
165.300 210.893 220.879
161.372 205.823 217.919
161.251 200.244 214.029
164.348 195.401 211.428
169.244 190.851 209.765
174.279 187.496 214.305
174.428 184.542 219.259
175.100 182.158 225.704
170.328 178.756 228.758
163.842 176.500 229.949
157.936 174.780 227.827
153.675 173.349 222.499
152.668 173.492 215.826
154.348 171.046 210.084
158.172 168.583 204.594
163.145 164.044 204.513
167.621 159.275 206.620
166.375 153.109 208.504
162.051 147.908 210.064
156.835 144.711 209.788
151.412 143.111 206.267
147.403 143.989 200.741
145.704 147.518 194.990
148.223 149.503 189.366
153.859 151.095 184.710
159.410 148.466 182.562
163.451 143.364 181.160
164.369 136.899 179.665
162.187 130.409 180.102
158.015 126.049 181.460
153.352 122.830 177.329
145.624 139.037 173.486
144.964 137.091 179.821
147.019 133.733 185.459
151.879 132.482 189.645
158.260 132.953 192.476
163.604 137.371 193.370
164.837 144.058 193.365
162.981 150.799 191.798
158.163 155.127 192.223
152.947 157.836 194.826
149.847 158.504 200.117
147.265 157.649 206.333
148.900 156.398 212.318
153.121 156.635 217.403
159.118 157.704 220.426
165.214 161.147 220.580
168.902 165.683 217.889
170.726 170.167 212.588
166.437 174.542 209.083
160.767 178.410 209.259
156.638 181.714 213.857
155.141 184.541 219.364
157.478 188.753 225.273
161.570 192.055 228.543
167.252 195.385 228.831
172.981 197.776 226.620
176.131 200.290 222.364
179.498 200.034 216.141
177.073 198.975 209.654
170.510 200.161 207.043
165.569 204.604 206.385
162.599 210.423 207.642
162.793 216.995 209.219
166.165 222.561 209.606
171.717 227.132 207.430
177.718 227.544 204.233
181.122 225.261 199.173
182.292 221.274 193.903
180.346 217.594 189.087
176.076 213.972 185.737
170.175 215.520 182.466
164.705 219.500 181.003
164.099 224.491 176.964
166.183 228.937 172.139
170.883 230.597 167.560
175.974 228.826 164.142
181.858 225.619 162.241
184.314 219.608 161.885
182.732 212.604 162.333
177.856 208.424 161.058
172.027 206.366 158.295
166.921 207.015 153.403
166.555 207.842 146.974
168.683 207.855 140.594
173.103 206.885 135.472
179.487 204.083 133.738
184.596 199.900 135.642
185.999 195.030 139.234
185.002 189.896 143.441
179.459 186.534 145.306
172.423 185.196 145.102
167.695 181.180 141.912
166.892 176.176 137.253
168.829 170.734 133.215
172.674 165.864 132.183
177.031 161.495 133.653
181.613 159.192 137.746
185.695 159.742 143.080
184.279 160.870 149.572
179.700 162.044 154.659
173.707 160.622 157.059
169.286 155.457 157.700
166.830 149.052 156.441
168.894 142.587 156.656
173.235 138.032 158.573
178.332 135.742 161.904
183.064 135.829 166.327
187.823 138.671 170.532
186.946 143.444 174.923
183.928 148.186 178.103
178.221 149.457 181.404
172.234 146.955 184.002
169.815 142.151 188.044
171.380 137.631 192.852
175.583 135.093 197.082
181.335 134.170 200.778
186.199 137.376 203.703
189.451 143.117 204.576
190.744 149.267 202.898
188.447 155.085 202.401
182.649 158.592 203.449
177.804 159.778 207.870
176.062 160.575 214.312
177.676 161.638 220.688
182.125 163.761 224.573
188.191 165.326 226.847
193.818 168.411 225.788
199.627 170.600 222.811
201.091 174.700 218.568
200.265 177.225 212.309
195.337 181.253 210.102
189.323 184.694 210.208
186.924 189.527 214.383
186.655 194.340 219.479
190.279 199.271 222.063
195.482 203.319 222.552
201.082 205.802 220.894
204.395 207.884 215.994
207.762 206.337 210.272
206.781 204.079 203.482
201.451 204.602 199.305
196.082 208.119 197.201
191.407 213.227 198.430
190.969 219.543 197.612
194.092 225.553 195.990
198.890 229.167 193.387
204.233 229.446 189.701
209.404 226.630 185.718
211.228 221.148 182.225
209.025 215.790 179.009
204.898 212.338 175.974
198.480 210.842 173.630
193.868 213.546 169.291
192.633 217.801 164.321
194.148 221.472 158.892
198.771 222.700 153.982
203.976 221.684 150.568
208.773 217.344 148.973
212.343 211.326 149.916
212.359 205.237 152.331
209.519 199.502 153.089
204.742 194.391 153.819
199.114 193.602 150.595
194.027 194.209 146.212
194.687 193.842 139.118
197.807 192.699 133.281
202.739 189.925 129.627
206.554 184.644 129.092
210.771 179.791 133.268
210.087 176.135 137.189
208.602 171.423 141.268
202.284 168.855 144.618
197.255 166.604 144.397
192.102 164.641 141.426
188.788 162.455 135.822
-43.494 54.118 -24.490
-40.154 51.013 -18.821
-39.356 44.145 -16.986
-39.796 37.460 -18.292
-39.456 32.142 -22.492
-37.262 28.830 -27.578
-33.529 28.315 -33.739
-27.954 30.121 -35.970
-21.697 33.499 -36.368
-16.611 34.505 -32.551
-12.978 33.018 -26.897
-11.653 31.075 -20.441
-10.673 25.094 -18.023
-11.202 18.364 -18.746
-13.510 12.258 -21.310
-11.179 8.262 -25.876
-9.293 6.088 -32.545
-6.908 7.322 -38.117
-0.419 8.609 -40.600
5.214 12.654 -39.939
9.711 14.235 -35.058
11.978 13.376 -28.781
7.372 -5.458 -31.388
4.350 -3.110 -25.395
3.735 3.214 -22.240
4.419 9.969 -22.047
4.304 16.083 -24.945
2.187 20.528 -29.022
-1.579 22.696 -34.775
-7.176 21.622 -37.351
-13.556 18.739 -38.491
-18.655 16.978 -35.018
-22.169 16.884 -29.095
-23.272 16.892 -22.317
-24.105 21.913 -18.236
-23.923 28.601 -17.226
-21.835 35.266 -18.033
-24.280 40.254 -21.473
-26.130 43.965 -27.447
-28.460 44.077 -33.178
-34.865 43.143 -36.053
-40.513 39.133 -36.326
-45.035 36.434 -31.979
-47.213 35.657 -25.647
-49.935 38.333 -20.278
