23.234 30.698 21.444
25.453 24.885 19.344
24.403 18.771 17.783
20.552 13.129 16.950
13.991 11.619 15.485
8.708 13.625 12.106
5.725 17.836 7.812
6.272 22.473 3.035
9.335 26.893 -0.893
13.155 27.083 -6.263
19.964 25.796 -7.670
12.940 8.821 -6.516
18.713 10.229 -3.382
22.582 14.550 -0.593
23.902 21.127 1.607
20.691 26.837 2.726
15.683 29.296 6.412
10.264 28.747 10.467
7.040 25.103 15.181
6.664 20.749 19.965
9.566 19.333 25.825
14.203 17.620 29.764
23.484 31.150 20.959
25.668 25.476 18.504
24.840 19.380 16.831
20.806 13.888 15.548
14.137 11.989 14.954
8.568 13.861 11.858
5.453 17.919 7.624
5.512 22.349 2.620
8.133 26.252 -1.839
12.212 26.602 -7.037
19.042 25.508 -8.469
12.866 8.374 -6.617
18.413 10.225 -3.338
22.095 14.816 -0.774
23.000 21.704 1.074
19.372 27.414 1.453
14.287 29.703 5.011
9.858 28.788 9.824
6.785 25.155 14.514
6.990 21.252 19.609
10.199 19.279 25.130
15.051 17.375 28.711
-43.914 -25.977 40.329
-40.547 -29.540 44.887
-34.497 -31.175 47.583
-28.374 -29.402 49.906
-24.813 -23.637 52.072
-25.445 -17.196 53.944
-29.999 -12.490 56.170
-35.617 -11.183 59.681
-37.854 -12.193 65.750
-37.771 -14.924 72.004
-34.733 -18.035 76.841
-28.894 -19.203 80.360
-21.492 -17.909 81.894
-16.262 -14.810 79.204
-13.596 -8.555 76.033
-15.763 -2.684 73.668
-19.623 2.829 76.491
-22.352 6.488 80.995
-22.048 9.090 87.581
-19.015 10.925 92.738
-13.089 12.903 94.719
-6.462 13.173 94.080
-1.177 12.810 90.472
1.540 13.148 84.766
0.216 16.110 78.388
-2.661 19.345 73.488
-7.837 23.894 72.246
-8.672 30.147 73.318
-8.080 36.164 73.653
-3.091 41.469 74.974
2.327 44.042 75.017
8.677 42.506 72.776
13.589 38.046 70.888
15.861 34.322 65.018
13.020 31.798 59.902
9.986 31.984 53.978
5.444 34.880 50.097
1.641 40.640 48.222
1.487 46.219 47.095
4.431 50.234 42.910
10.102 52.912 40.325
14.223 52.652 36.697
20.199 49.184 35.904
23.192 43.231 32.786
22.770 37.126 30.659
18.371 32.267 28.880
12.715 30.352 26.900
6.527 32.961 24.571
3.476 34.028 19.342
4.700 36.373 12.964
4.227 34.054 7.352
9.667 32.155 3.132
11.228 26.484 0.966
12.992 20.300 2.243
14.379 14.564 6.032
11.706 11.113 9.811
5.764 9.578 12.974
-1.115 9.548 12.613
-5.489 7.922 8.235
-7.954 4.572 3.639
-7.848 0.732 -1.711
-4.098 -4.141 -4.424
-0.615 -9.894 -3.391
4.153 -13.108 0.448
5.163 -16.697 5.604
2.824 -17.730 11.703
-1.405 -16.606 16.954
-7.546 -17.203 19.266
-14.103 -19.326 18.010
-18.026 -23.151 17.519
-19.146 -30.522 17.028
-18.385 -35.896 18.021
-16.563 -40.983 21.224
-12.368 -42.550 25.879
-7.470 -41.206 30.635
-3.992 -35.938 33.567
-5.976 -31.734 38.225
-10.911 -27.604 40.528
-17.145 -28.416 43.663
-20.400 -30.719 48.033
-21.485 -35.917 52.285
-18.884 -39.355 57.075
-15.370 -42.547 61.165
-8.865 -43.321 61.539
-3.825 -41.400 63.681
0.564 -36.761 63.945
2.356 -30.316 62.265
0.406 -24.512 63.770
-5.118 -19.754 65.220
-6.953 -18.100 71.763
-8.818 -18.592 78.045
-6.625 -20.556 83.895
-1.718 -20.916 88.314
3.623 -18.806 90.822
10.199 -18.715 89.268
13.927 -16.332 83.685
14.992 -10.702 80.117
13.741 -5.266 77.971
9.687 0.576 77.791
6.390 4.725 81.522
6.781 8.487 86.368
10.371 11.947 90.565
15.348 15.630 92.514
21.435 17.326 90.038
27.689 14.847 88.215
30.337 13.926 82.132
29.895 12.470 75.267
25.754 13.136 70.116
21.705 17.415 66.635
20.241 23.980 65.288
22.236 30.099 65.973
25.663 35.175 65.016
32.795 36.449 62.599
38.708 34.913 61.545
43.159 30.451 57.971
42.525 24.254 53.720
39.619 21.927 48.301
34.954 19.291 43.785
29.860 22.636 39.291
28.667 28.576 36.681
45.286 32.268 36.775
40.916 37.292 39.194
35.004 36.924 42.275
28.684 34.935 44.424
26.210 30.452 48.279
27.313 23.352 49.869
31.668 19.312 53.839
37.149 19.245 57.544
39.214 20.792 63.491
39.411 25.305 68.921
35.768 28.302 73.895
29.909 28.837 77.720
22.740 28.893 77.076
16.500 24.586 77.603
15.446 18.147 75.050
17.251 12.048 73.590
21.620 7.076 75.550
25.280 4.571 81.012
24.794 3.436 87.329
21.802 2.399 93.284
16.332 -1.737 94.661
9.690 -2.089 95.765
4.193 -2.519 92.266
0.608 -2.742 85.863
0.754 -5.543 80.312
4.061 -8.968 75.259
8.309 -13.521 74.537
10.614 -19.543 76.158
8.946 -26.197 77.430
5.006 -30.271 81.225
-1.761 -32.798 79.935
-7.277 -32.932 76.946
-12.900 -30.731 73.514
-13.995 -27.708 68.796
-12.346 -23.764 62.779
-7.969 -25.050 58.205
-3.698 -28.312 53.896
-0.762 -34.078 52.598
-2.963 -39.669 50.170
-6.776 -44.959 48.655
-12.329 -46.361 45.501
-18.237 -45.658 43.341
-21.297 -42.283 39.096
-22.489 -35.631 38.091
-20.804 -32.445 33.318
-16.803 -26.926 34.290
-10.512 -26.029 31.996
-5.025 -28.841 28.645
-3.199 -32.645 24.050
-2.606 -33.896 17.742
-4.294 -33.204 11.899
-7.553 -31.365 6.367
-9.999 -25.844 3.979
-13.051 -19.632 4.406
-14.472 -14.324 8.654
-10.593 -9.736 12.032
-4.602 -7.844 14.260
2.441 -8.065 13.414
7.897 -7.376 9.223
10.094 -3.636 4.544
8.664 -0.199 -1.729
5.253 3.478 -5.373
2.296 9.594 -4.534
-1.582 13.542 -1.305
-4.592 17.017 3.927
-1.278 19.498 9.378
2.991 18.592 14.662
9.305 19.264 16.981
15.694 21.528 15.668
19.852 25.327 13.163
20.260 31.465 11.343
18.564 38.285 10.318
14.043 42.211 13.425
10.348 45.123 18.021
8.099 45.645 23.861
5.620 40.656 28.385
7.916 35.950 32.899
13.203 32.714 36.287
18.186 34.341 39.920
20.031 38.130 44.055
21.252 41.849 47.297
19.314 46.740 51.502
15.089 49.642 54.914
9.385 50.515 57.769
3.114 48.594 57.825
0.147 43.694 57.482
-0.859 37.241 56.609
1.596 32.335 58.911
5.878 27.487 62.942
9.233 27.373 67.844
10.133 29.347 74.357
8.093 31.562 80.255
4.594 31.185 85.474
-1.989 29.644 88.019
-9.486 29.839 86.514
-13.732 26.861 82.541
-13.547 21.396 78.200
-11.490 15.853 76.292
-7.980 9.804 77.345
-3.599 6.377 81.410
-4.438 2.808 87.112
-7.811 -0.955 90.917
-13.896 -2.771 93.147
-19.836 -5.150 92.955
-25.793 -3.343 89.494
-28.387 -2.460 83.620
-27.922 -2.591 76.175
-23.341 -3.321 70.851
-20.198 -8.895 68.453
-18.238 -15.554 67.825
-19.767 -21.389 68.762
-24.907 -26.304 69.829
-31.561 -28.047 69.511
-37.062 -27.136 65.174
-41.630 -21.824 62.122
-41.335 -17.679 57.194
-38.100 -15.233 51.653
-32.714 -14.081 46.376
-28.356 -17.673 42.586
-25.762 -24.479 40.808
6.328 -0.015 -93.231
12.854 3.240 -93.807
16.602 8.883 -91.383
17.265 15.016 -87.109
15.232 18.286 -81.972
12.574 17.044 -75.579
8.484 13.241 -71.416
7.280 7.691 -68.642
9.302 1.933 -66.232
13.667 -2.092 -63.796
19.779 -4.054 -62.243
25.844 -1.945 -60.267
29.365 2.488 -56.827
30.474 6.445 -51.893
28.517 12.399 -48.147
23.564 15.951 -45.973
16.764 15.902 -44.582
12.528 11.020 -42.333
11.730 4.306 -40.150
14.294 -0.467 -35.979
18.625 -1.646 -30.655
22.001 0.217 -25.195
22.015 4.120 -19.648
19.325 8.848 -15.805
13.662 13.368 -13.717
7.416 15.279 -14.137
1.245 13.816 -17.499
-1.823 8.487 -19.578
-3.265 1.535 -17.897
-3.632 -2.714 -12.762
-4.277 -4.503 -6.423
-7.405 -3.014 -0.543
-11.894 0.297 2.982
-15.951 6.385 3.257
-20.663 9.667 0.423
-23.261 12.636 -5.334
-25.826 11.090 -11.672
-26.597 8.133 -16.983
-29.124 2.488 -19.790
-31.751 -3.440 -18.298
-37.101 -6.491 -15.643
-44.288 -6.681 -13.399
-49.471 -2.994 -12.311
-52.837 2.776 -14.414
-53.253 8.997 -16.193
-52.669 13.531 -22.238
-49.569 14.470 -27.432
-47.409 11.410 -33.703
-47.673 6.189 -37.555
-50.761 0.595 -40.429
-56.387 -2.349 -41.819
-62.742 -1.110 -44.002
-67.792 2.173 -45.278
-70.158 5.899 -49.192
-70.211 12.174 -50.653
-67.099 17.499 -55.128
-61.503 20.820 -54.831
-55.795 20.463 -56.852
-50.743 16.225 -59.446
-49.146 10.500 -63.098
-50.634 6.453 -68.475
-52.478 6.570 -74.558
-53.300 9.744 -80.436
-53.530 14.858 -84.594
-50.930 20.638 -86.159
-46.701 25.418 -85.348
-42.716 29.401 -81.077
-36.962 28.240 -78.267
-32.370 24.070 -76.074
-28.372 18.750 -77.279
-24.769 15.885 -82.325
-22.469 15.898 -88.563
-20.101 19.528 -93.420
-17.147 24.853 -95.485
-14.366 30.663 -94.906
-11.127 35.488 -91.908
-10.088 38.946 -86.112
-7.475 37.807 -80.164
-7.279 33.080 -75.271
-2.772 27.973 -73.984
1.695 23.179 -75.878
7.847 22.438 -78.638
13.640 25.601 -79.966
17.716 30.400 -79.284
19.880 36.596 -77.112
20.461 40.207 -71.822
19.240 41.526 -65.269
14.004 40.917 -60.655
11.943 36.652 -56.292
11.864 29.974 -54.267
16.198 25.179 -52.807
21.571 23.600 -49.526
25.940 24.707 -45.050
27.810 27.977 -39.726
28.406 33.669 -36.021
26.097 38.236 -32.523
21.117 42.250 -29.945
14.609 42.628 -28.849
8.337 40.612 -30.340
4.885 35.188 -29.212
5.016 28.162 -28.053
6.227 24.407 -22.031
8.849 23.257 -16.152
8.867 25.205 -9.761
7.621 30.210 -4.746
4.239 34.954 -2.468
-1.585 38.001 -2.339
-7.762 40.450 -4.857
-12.602 39.573 -9.855
-16.015 34.421 -12.374
-18.297 27.838 -11.956
-18.681 22.287 -8.317
-21.022 20.021 -2.617
-25.970 20.884 2.239
-30.608 23.970 5.375
-35.137 29.128 4.642
-37.913 34.335 1.488
-39.516 37.369 -4.500
-39.947 37.535 -11.060
-39.287 34.576 -17.041
-40.811 28.907 -20.845
-45.058 23.687 -21.463
-50.756 20.491 -20.330
-57.729 21.402 -20.190
-62.512 27.280 -20.050
-63.065 34.093 -20.671
-63.294 38.948 -25.110
-59.604 42.220 -30.565
-56.044 41.904 -36.177
-51.962 39.267 -40.942
-52.997 34.559 -45.832
-56.302 29.659 -48.817
-62.193 28.783 -52.181
-67.074 32.419 -55.294
-69.709 36.733 -58.464
-70.166 42.621 -61.664
-66.494 47.436 -64.545
-60.539 50.465 -65.704
-53.576 48.985 -68.136
-48.947 44.619 -69.034
-46.912 38.573 -71.433
-47.946 34.201 -76.194
-50.507 32.332 -81.971
-54.162 33.258 -87.698
-56.609 38.557 -91.740
-48.314 51.732 -82.229
-55.391 51.453 -84.948
-60.980 47.100 -84.749
-63.870 40.897 -81.472
-63.589 35.427 -78.234
-60.195 30.783 -74.175
-56.159 31.323 -67.936
-51.265 34.596 -64.895
-50.574 40.044 -60.656
-52.494 45.182 -57.445
-56.649 49.039 -54.395
-62.060 49.336 -50.590
-67.038 45.729 -47.658
-69.918 40.874 -45.109
-69.968 35.030 -41.471
-67.425 29.695 -39.267
-62.013 25.447 -38.431
-55.180 25.783 -38.547
-51.002 30.472 -35.100
-49.796 36.010 -31.510
-51.506 39.884 -26.076
-55.182 40.189 -20.279
-57.287 37.202 -14.706
-56.475 32.639 -10.005
-52.862 26.455 -7.742
-47.233 21.750 -7.018
-40.529 19.834 -9.888
-36.176 22.252 -14.082
-32.700 28.573 -14.857
-30.737 34.609 -12.088
-29.912 38.236 -6.447
-27.954 38.395 -0.030
-23.877 36.521 4.715
-19.691 31.079 6.728
-14.672 26.867 5.934
-11.514 23.339 1.461
-9.270 22.395 -5.212
-7.942 24.167 -11.007
-8.209 28.895 -16.276
-5.210 34.615 -17.572
-1.931 40.222 -15.788
3.590 42.699 -12.861
9.863 41.400 -12.043
15.381 36.833 -12.832
17.854 32.289 -16.187
18.153 26.511 -20.113
16.872 24.933 -25.993
12.145 25.198 -31.785
10.050 29.519 -36.191
9.486 35.786 -38.977
12.547 41.530 -40.576
18.509 43.452 -43.387
23.833 42.774 -45.971
28.316 40.208 -49.613
29.663 36.787 -54.451
29.711 31.748 -58.707
25.956 27.482 -62.020
19.867 24.494 -63.342
13.251 24.824 -61.471
8.785 29.949 -62.795
6.933 36.440 -64.386
7.329 40.859 -69.009
7.570 41.899 -75.574
8.183 40.408 -81.905
7.967 36.162 -86.900
4.723 31.229 -89.405
0.620 25.797 -89.176
-3.023 21.483 -85.317
-7.980 21.660 -81.268
-12.207 25.257 -77.495
-16.049 30.997 -76.924
-20.180 34.767 -80.677
-23.443 35.772 -86.244
-27.004 33.109 -90.824
-29.900 28.159 -94.101
-33.158 22.694 -94.160
-35.209 16.730 -91.994
-35.777 12.700 -86.720
-36.886 12.419 -80.381
-36.863 15.774 -74.519
-41.083 20.420 -71.482
-45.759 25.359 -71.718
-52.236 26.295 -73.121
-57.891 23.628 -73.590
-62.531 18.535 -74.918
-64.195 12.689 -72.794
-64.011 7.802 -67.852
-60.143 4.054 -63.542
-55.774 4.016 -58.483
-52.115 7.969 -54.110
-52.415 14.108 -50.644
-56.330 17.725 -46.969
-61.070 18.038 -43.018
-63.327 16.559 -38.111
-66.715 11.132 -34.323
-66.149 6.244 -31.601
-63.071 0.680 -29.348
-57.434 -2.998 -29.023
-51.096 -3.120 -29.065
-45.007 -0.771 -30.953
-41.640 4.621 -28.522
-40.966 11.249 -25.629
-41.382 13.589 -19.475
-41.131 12.618 -13.053
-42.057 8.711 -7.259
-39.573 4.050 -3.891
-35.752 -1.924 -2.975
-29.653 -4.765 -4.304
-24.540 -6.344 -8.621
-20.952 -3.659 -13.689
-18.583 2.384 -15.688
-16.128 8.291 -13.918
-14.881 13.416 -9.649
-11.020 14.237 -4.076
-5.734 13.413 -0.457
-0.608 8.959 0.964
3.469 4.246 -1.265
6.233 -0.873 -6.118
6.061 -2.950 -12.172
5.571 -1.435 -19.084
3.297 2.969 -23.878
5.139 9.050 -26.454
9.111 14.368 -26.524
15.057 17.683 -26.033
21.416 15.955 -26.790
26.648 10.608 -28.586
27.836 4.463 -31.048
25.292 -0.239 -36.197
20.797 -1.499 -41.398
17.640 -0.197 -46.324
12.676 3.886 -50.096
13.112 9.462 -53.356
16.119 15.196 -55.484
21.289 16.120 -60.056
25.292 14.424 -64.314
27.164 10.272 -69.205
26.070 5.108 -73.430
21.735 0.072 -76.270
15.319 -2.594 -76.510
9.028 -0.908 -76.690
4.220 4.009 -76.509
2.244 9.965 -78.169
2.744 15.429 -81.923
4.332 18.100 -88.061
8.082 18.340 -93.888
185.244 130.658 112.724
192.588 131.710 113.113
197.361 135.904 115.727
200.266 142.342 118.557
199.138 148.285 120.668
195.344 151.149 124.479
189.968 152.372 128.684
186.467 149.274 133.410
186.465 143.157 137.539
189.369 138.073 140.986
195.059 135.587 144.791
200.229 137.127 148.138
203.703 141.418 151.921
204.718 147.615 155.191
201.873 152.655 158.767
197.059 155.831 161.129
191.789 157.239 162.463
185.142 155.415 163.097
181.143 150.011 164.052
180.867 143.217 167.512
182.690 140.693 173.026
184.823 140.855 179.085
185.458 143.795 184.823
183.081 148.352 188.960
179.162 152.471 191.706
172.777 154.703 190.965
166.268 155.639 188.542
161.389 151.993 185.990
159.595 146.333 184.041
158.849 139.829 185.599
158.441 135.374 190.678
156.193 133.595 196.495
151.031 134.130 200.508
144.763 136.219 201.330
139.160 140.431 200.223
135.061 142.889 196.668
131.917 144.072 190.545
132.361 142.404 184.214
134.700 138.741 178.479
134.862 132.192 178.069
133.273 126.029 179.165
127.931 122.417 180.224
121.219 120.835 180.849
115.241 122.378 178.981
110.573 125.353 175.137
108.957 129.726 170.241
109.868 132.674 164.809
113.876 134.393 160.487
119.048 132.125 155.577
122.402 126.797 152.978
121.224 120.463 150.697
117.522 116.346 147.648
112.222 114.913 144.093
107.674 116.145 139.954
104.489 119.703 135.115
104.283 124.922 130.956
106.831 130.572 128.657
111.049 134.700 126.876
117.279 136.626 128.715
123.182 133.828 128.246
127.390 128.308 126.401
129.176 124.930 121.548
129.662 122.900 115.070
129.461 124.268 109.252
129.306 129.164 104.078
130.980 135.025 102.260
133.550 140.975 102.479
135.823 145.453 106.483
140.321 147.023 111.153
144.954 144.996 114.730
150.633 141.605 116.318
156.179 139.512 113.048
160.333 139.428 107.767
163.276 142.702 103.104
165.613 148.040 100.699
166.671 154.794 100.658
166.139 160.548 103.953
166.882 164.377 108.858
167.002 165.198 114.989
167.749 162.700 120.624
172.023 158.662 124.461
178.121 155.401 124.422
184.971 156.305 123.994
189.689 160.806 123.812
192.523 166.978 123.899
192.331 173.031 126.064
188.777 178.011 129.681
183.675 179.725 134.860
180.128 178.151 139.594
178.153 173.903 144.202
179.261 168.194 147.612
183.847 166.199 151.752
188.296 166.679 156.166
191.154 170.745 160.672
190.702 176.044 163.863
187.876 180.745 166.960
182.735 184.776 168.753
176.579 185.650 169.936
170.393 184.827 169.409
165.012 180.192 167.879
162.952 174.112 169.305
164.324 168.394 171.854
165.258 165.448 178.617
164.222 166.405 184.216
162.639 168.757 190.513
159.058 173.012 194.240
153.362 176.252 194.429
146.816 177.979 191.842
142.205 177.377 188.444
139.169 174.452 183.640
137.699 168.871 180.567
136.392 161.981 181.293
135.846 156.341 185.616
131.131 155.030 189.976
126.111 155.381 193.552
119.753 157.483 194.120
114.413 160.796 192.063
111.397 163.897 186.986
109.688 164.794 180.846
112.035 165.040 174.455
115.957 161.754 169.158
116.811 155.076 167.215
114.318 149.250 166.802
108.805 144.623 166.447
102.593 144.862 165.052
97.071 147.473 162.012
94.601 150.606 156.811
94.759 156.283 152.356
97.442 159.166 147.925
103.248 160.641 144.189
109.394 158.597 141.533
110.837 152.679 138.222
109.327 146.516 135.766
105.515 144.539 131.039
100.842 145.123 125.938
99.146 148.612 120.875
99.674 154.466 116.434
102.408 159.151 114.842
108.189 164.049 114.686
114.388 163.598 114.691
120.643 161.607 115.097
124.687 156.817 112.424
126.632 151.611 109.169
126.354 148.239 102.898
124.642 148.889 96.410
127.572 164.715 98.018
120.061 165.686 98.094
115.086 160.776 97.728
112.294 155.838 99.610
112.210 149.789 103.481
114.573 146.190 107.935
116.243 146.888 114.126
118.659 150.664 120.150
117.721 155.933 123.042
113.216 161.636 124.677
107.053 163.373 125.290
100.333 162.742 126.758
95.733 158.538 129.263
93.538 153.257 132.701
93.855 148.311 136.216
97.535 144.940 141.476
102.232 144.014 145.446
107.677 145.680 148.325
111.501 151.983 150.028
109.949 158.252 152.179
105.938 162.066 156.311
101.497 161.830 161.150
98.253 158.685 167.230
99.178 155.560 172.158
102.308 151.655 177.202
107.810 150.000 179.110
114.273 149.370 179.472
120.315 151.571 177.591
122.976 157.456 175.527
122.768 164.550 176.731
120.746 169.586 181.093
120.870 171.865 187.258
124.839 171.372 193.317
129.794 168.774 196.855
134.983 164.873 198.252
140.895 162.439 196.167
145.646 161.079 192.502
147.814 161.741 186.353
147.833 164.826 179.960
148.638 171.391 178.622
149.555 178.203 179.811
154.344 181.829 182.162
160.297 183.523 185.238
167.229 180.687 186.255
171.686 177.847 184.109
175.359 173.519 181.128
176.880 170.382 175.874
174.358 168.251 170.310
171.991 169.871 164.497
170.207 174.800 160.149
172.257 180.840 157.859
177.286 184.403 155.970
183.866 185.097 154.520
189.552 184.169 152.458
194.085 179.411 149.031
195.846 174.020 146.584
194.278 169.159 143.051
190.755 164.647 141.297
184.718 162.845 140.082
179.211 165.631 137.609
176.259 170.897 134.183
177.008 174.643 128.705
179.662 175.602 122.801
182.733 172.428 116.911
183.200 167.503 112.905
182.565 161.263 110.587
179.715 155.725 110.717
176.628 151.076 113.705
170.693 150.117 117.446
164.067 152.709 119.072
159.135 156.685 117.014
155.774 157.729 111.934
152.757 157.009 106.110
152.008 153.110 100.326
151.468 146.554 98.023
150.056 140.712 98.560
149.188 135.345 102.002
146.583 131.645 106.492
144.787 131.947 112.328
141.129 135.468 117.372
135.500 139.429 118.051
129.943 142.881 115.671
123.985 141.608 112.624
119.089 137.350 110.988
116.484 131.514 110.680
115.942 125.005 113.066
118.318 120.674 117.893
120.594 119.387 124.889
121.894 121.376 130.567
121.617 125.884 135.762
119.485 132.401 137.298
113.464 134.579 138.772
107.535 133.915 141.105
102.914 130.238 144.864
101.877 125.363 149.370
103.704 120.884 153.730
107.848 117.657 157.584
112.815 117.362 161.100
118.110 118.184 163.315
124.189 121.939 162.709
125.078 128.171 164.140
122.907 134.664 165.565
119.621 137.521 170.471
116.736 137.722 176.881
116.043 135.054 182.774
118.847 131.987 188.034
123.977 129.855 191.577
130.475 127.900 192.224
136.166 127.381 190.646
141.359 129.904 186.328
143.763 135.044 183.798
144.548 142.314 183.941
143.677 148.110 187.664
146.421 149.893 193.382
150.364 150.341 198.427
156.634 147.732 201.938
161.447 144.303 201.751
166.463 141.393 198.347
169.382 139.142 193.337
169.814 138.810 186.723
168.485 141.696 181.455
168.575 148.026 178.092
171.373 154.056 177.915
176.853 158.528 179.030
183.439 158.609 180.194
189.203 154.875 179.857
193.961 150.761 176.185
195.251 146.283 172.665
194.370 142.146 168.207
190.531 140.531 162.818
185.757 142.420 157.806
186.013 148.296 154.138
188.638 154.201 152.003
193.907 155.605 148.707
199.657 154.835 145.354
204.418 150.902 142.374
205.085 145.853 139.012
203.288 139.836 136.126
198.282 135.213 134.272
192.088 134.949 132.085
187.162 136.892 129.056
183.188 141.680 125.536
183.743 146.750 121.142
185.938 148.345 115.325
191.080 148.144 110.375
