23.234 30.698 21.444
25.453 24.885 19.344
24.403 18.771 17.783
20.552 13.129 16.950
13.991 11.619 15.485
8.708 13.625 12.106
5.725 17.836 7.812
6.272 22.473 3.035
9.335 26.893 -0.893
13.155 27.083 -6.263
19.964 25.796 -7.670
12.940 8.821 -6.516
18.713 10.229 -3.382
22.582 14.550 -0.593
23.902 21.127 1.607
20.691 26.837 2.726
15.683 29.296 6.412
10.264 28.747 10.467
7.040 25.103 15.181
6.664 20.749 19.965
9.566 19.333 25.825
14.203 17.620 29.764
23.484 31.150 20.959
25.668 25.476 18.504
24.840 19.380 16.831
20.806 13.888 15.548
14.137 11.989 14.954
8.568 13.861 11.858
5.453 17.919 7.624
5.512 22.349 2.620
8.133 26.252 -1.839
12.212 26.602 -7.037
19.042 25.508 -8.469
12.866 8.374 -6.617
18.413 10.225 -3.338
22.095 14.816 -0.774
23.000 21.704 1.074
19.372 27.414 1.453
14.287 29.703 5.011
9.858 28.788 9.824
6.785 25.155 14.514
6.990 21.252 19.609
10.199 19.279 25.130
15.051 17.375 28.711
-43.914 -25.977 40.329
-40.547 -29.540 44.887
-34.497 -31.175 47.583
-28.374 -29.402 49.906
-24.813 -23.637 52.072
-25.445 -17.196 53.944
-29.999 -12.490 56.170
-35.617 -11.183 59.681
-37.854 -12.193 65.750
-37.771 -14.924 72.004
-34.733 -18.035 76.841
-28.894 -19.203 80.360
-21.492 -17.909 81.894
-16.262 -14.810 79.204
-13.596 -8.555 76.033
-15.763 -2.684 73.668
-19.623 2.829 76.491
-22.352 6.488 80.995
-22.048 9.090 87.581
-19.015 10.925 92.738
-13.089 12.903 94.719
-6.462 13.173 94.080
-1.177 12.810 90.472
1.540 13.148 84.766
0.216 16.110 78.388
-2.661 19.345 73.488
-7.837 23.894 72.246
-8.672 30.147 73.318
-8.080 36.164 73.653
-3.091 41.469 74.974
2.327 44.042 75.017
8.677 42.506 72.776
13.589 38.046 70.888
15.861 34.322 65.018
13.020 31.798 59.902
9.986 31.984 53.978
5.444 34.880 50.097
1.641 40.640 48.222
1.487 46.219 47.095
4.431 50.234 42.910
10.102 52.912 40.325
14.223 52.652 36.697
20.199 49.184 35.904
23.192 43.231 32.786
22.770 37.126 30.659
18.371 32.267 28.880
12.715 30.352 26.900
6.527 32.961 24.571
3.476 34.028 19.342
4.700 36.373 12.964
4.227 34.054 7.352
9.667 32.155 3.132
11.228 26.484 0.966
12.992 20.300 2.243
14.379 14.564 6.032
11.706 11.113 9.811
5.764 9.578 12.974
-1.115 9.548 12.613
-5.489 7.922 8.235
-7.954 4.572 3.639
-7.848 0.732 -1.711
-4.098 -4.141 -4.424
-0.615 -9.894 -3.391
4.153 -13.108 0.448
5.163 -16.697 5.604
2.824 -17.730 11.703
-1.405 -16.606 16.954
-7.546 -17.203 19.266
-14.103 -19.326 18.010
-18.026 -23.151 17.519
-19.146 -30.522 17.028
-18.385 -35.896 18.021
-16.563 -40.983 21.224
-12.368 -42.550 25.879
-7.470 -41.206 30.635
-3.992 -35.938 33.567
-5.976 -31.734 38.225
-10.911 -27.604 40.528
-17.145 -28.416 43.663
-20.400 -30.719 48.033
-21.485 -35.917 52.285
-18.884 -39.355 57.075
-15.370 -42.547 61.165
-8.865 -43.321 61.539
-3.825 -41.400 63.681
0.564 -36.761 63.945
2.356 -30.316 62.265
0.406 -24.512 63.770
-5.118 -19.754 65.220
-6.953 -18.100 71.763
-8.818 -18.592 78.045
-6.625 -20.556 83.895
-1.718 -20.916 88.314
3.623 -18.806 90.822
10.199 -18.715 89.268
13.927 -16.332 83.685
14.992 -10.702 80.117
13.741 -5.266 77.971
9.687 0.576 77.791
6.390 4.725 81.522
6.781 8.487 86.368
10.371 11.947 90.565
15.348 15.630 92.514
21.435 17.326 90.038
27.689 14.847 88.215
30.337 13.926 82.132
29.895 12.470 75.267
25.754 13.136 70.116
21.705 17.415 66.635
20.241 23.980 65.288
22.236 30.099 65.973
25.663 35.175 65.016
32.795 36.449 62.599
38.708 34.913 61.545
43.159 30.451 57.971
42.525 24.254 53.720
39.619 21.927 48.301
34.954 19.291 43.785
29.860 22.636 39.291
28.667 28.576 36.681
45.286 32.268 36.775
40.916 37.292 39.194
35.004 36.924 42.275
28.684 34.935 44.424
26.210 30.452 48.279
27.313 23.352 49.869
31.668 19.312 53.839
37.149 19.245 57.544
39.214 20.792 63.491
39.411 25.305 68.921
35.768 28.302 73.895
29.909 28.837 77.720
22.740 28.893 77.076
16.500 24.586 77.603
15.446 18.147 75.050
17.251 12.048 73.590
21.620 7.076 75.550
25.280 4.571 81.012
24.794 3.436 87.329
21.802 2.399 93.284
16.332 -1.737 94.661
9.690 -2.089 95.765
4.193 -2.519 92.266
0.608 -2.742 85.863
0.754 -5.543 80.312
4.061 -8.968 75.259
8.309 -13.521 74.537
10.614 -19.543 76.158
8.946 -26.197 77.430
5.006 -30.271 81.225
-1.761 -32.798 79.935
-7.277 -32.932 76.946
-12.900 -30.731 73.514
-13.995 -27.708 68.796
-12.346 -23.764 62.779
-7.969 -25.050 58.205
-3.698 -28.312 53.896
-0.762 -34.078 52.598
-2.963 -39.669 50.170
-6.776 -44.959 48.655
-12.329 -46.361 45.501
-18.237 -45.658 43.341
-21.297 -42.283 39.096
-22.489 -35.631 38.091
-20.804 -32.445 33.318
-16.803 -26.926 34.290
-10.512 -26.029 31.996
-5.025 -28.841 28.645
-3.199 -32.645 24.050
-2.606 -33.896 17.742
-4.294 -33.204 11.899
-7.553 -31.365 6.367
-9.999 -25.844 3.979
-13.051 -19.632 4.406
-14.472 -14.324 8.654
-10.593 -9.736 12.032
-4.602 -7.844 14.260
2.441 -8.065 13.414
7.897 -7.376 9.223
10.094 -3.636 4.544
8.664 -0.199 -1.729
5.253 3.478 -5.373
2.296 9.594 -4.534
-1.582 13.542 -1.305
-4.592 17.017 3.927
-1.278 19.498 9.378
2.991 18.592 14.662
9.305 19.264 16.981
15.694 21.528 15.668
19.852 25.327 13.163
20.260 31.465 11.343
18.564 38.285 10.318
14.043 42.211 13.425
10.348 45.123 18.021
8.099 45.645 23.861
5.620 40.656 28.385
7.916 35.950 32.899
13.203 32.714 36.287
18.186 34.341 39.920
20.031 38.130 44.055
21.252 41.849 47.297
19.314 46.740 51.502
15.089 49.642 54.914
9.385 50.515 57.769
3.114 48.594 57.825
0.147 43.694 57.482
-0.859 37.241 56.609
1.596 32.335 58.911
5.878 27.487 62.942
9.233 27.373 67.844
10.133 29.347 74.357
8.093 31.562 80.255
4.594 31.185 85.474
-1.989 29.644 88.019
-9.486 29.839 86.514
-13.732 26.861 82.541
-13.547 21.396 78.200
-11.490 15.853 76.292
-7.980 9.804 77.345
-3.599 6.377 81.410
-4.438 2.808 87.112
-7.811 -0.955 90.917
-13.896 -2.771 93.147
-19.836 -5.150 92.955
-25.793 -3.343 89.494
-28.387 -2.460 83.620
-27.922 -2.591 76.175
-23.341 -3.321 70.851
-20.198 -8.895 68.453
-18.238 -15.554 67.825
-19.767 -21.389 68.762
-24.907 -26.304 69.829
-31.561 -28.047 69.511
-37.062 -27.136 65.174
-41.630 -21.824 62.122
-41.335 -17.679 57.194
-38.100 -15.233 51.653
-32.714 -14.081 46.376
-28.356 -17.673 42.586
-25.762 -24.479 40.808
6.328 -0.015 -93.231
12.854 3.240 -93.807
16.602 8.883 -91.383
17.265 15.016 -87.109
15.232 18.286 -81.972
12.574 17.044 -75.579
8.484 13.241 -71.416
7.280 7.691 -68.642
9.302 1.933 -66.232
13.667 -2.092 -63.796
19.779 -4.054 -62.243
25.844 -1.945 -60.267
29.365 2.488 -56.827
30.474 6.445 -51.893
28.517 12.399 -48.147
23.564 15.951 -45.973
16.764 15.902 -44.582
12.528 11.020 -42.333
11.730 4.306 -40.150
14.294 -0.467 -35.979
18.625 -1.646 -30.655
22.001 0.217 -25.195
22.015 4.120 -19.648
19.325 8.848 -15.805
13.662 13.368 -13.717
7.416 15.279 -14.137
1.245 13.816 -17.499
-1.823 8.487 -19.578
-3.265 1.535 -17.897
-3.632 -2.714 -12.762
-4.277 -4.503 -6.423
-7.405 -3.014 -0.543
-11.894 0.297 2.982
-15.951 6.385 3.257
-20.663 9.667 0.423
-23.261 12.636 -5.334
-25.826 11.090 -11.672
-26.597 8.133 -16.983
-29.124 2.488 -19.790
-31.751 -3.440 -18.298
-37.101 -6.491 -15.643
-44.288 -6.681 -13.399
-49.471 -2.994 -12.311
-52.837 2.776 -14.414
-53.253 8.997 -16.193
-52.669 13.531 -22.238
-49.569 14.470 -27.432
-47.409 11.410 -33.703
-47.673 6.189 -37.555
-50.761 0.595 -40.429
-56.387 -2.349 -41.819
-62.742 -1.110 -44.002
-67.792 2.173 -45.278
-70.158 5.899 -49.192
-70.211 12.174 -50.653
-67.099 17.499 -55.128
-61.503 20.820 -54.831
-55.795 20.463 -56.852
-50.743 16.225 -59.446
-49.146 10.500 -63.098
-50.634 6.453 -68.475
-52.478 6.570 -74.558
-53.300 9.744 -80.436
-53.530 14.858 -84.594
-50.930 20.638 -86.159
-46.701 25.418 -85.348
-42.716 29.401 -81.077
-36.962 28.240 -78.267
-32.370 24.070 -76.074
-28.372 18.750 -77.279
-24.769 15.885 -82.325
-22.469 15.898 -88.563
-20.101 19.528 -93.420
-17.147 24.853 -95.485
-14.366 30.663 -94.906
-11.127 35.488 -91.908
-10.088 38.946 -86.112
-7.475 37.807 -80.164
-7.279 33.080 -75.271
-2.772 27.973 -73.984
1.695 23.179 -75.878
7.847 22.438 -78.638
13.640 25.601 -79.966
17.716 30.400 -79.284
19.880 36.596 -77.112
20.461 40.207 -71.822
19.240 41.526 -65.269
14.004 40.917 -60.655
11.943 36.652 -56.292
11.864 29.974 -54.267
16.198 25.179 -52.807
21.571 23.600 -49.526
25.940 24.707 -45.050
27.810 27.977 -39.726
28.406 33.669 -36.021
26.097 38.236 -32.523
21.117 42.250 -29.945
14.609 42.628 -28.849
8.337 40.612 -30.340
4.885 35.188 -29.212
5.016 28.162 -28.053
6.227 24.407 -22.031
8.849 23.257 -16.152
8.867 25.205 -9.761
7.621 30.210 -4.746
4.239 34.954 -2.468
-1.585 38.001 -2.339
-7.762 40.450 -4.857
-12.602 39.573 -9.855
-16.015 34.421 -12.374
-18.297 27.838 -11.956
-18.681 22.287 -8.317
-21.022 20.021 -2.617
-25.970 20.884 2.239
-30.608 23.970 5.375
-35.137 29.128 4.642
-37.913 34.335 1.488
-39.516 37.369 -4.500
-39.947 37.535 -11.060
-39.287 34.576 -17.041
-40.811 28.907 -20.845
-45.058 23.687 -21.463
-50.756 20.491 -20.330
-57.729 21.402 -20.190
-62.512 27.280 -20.050
-63.065 34.093 -20.671
-63.294 38.948 -25.110
-59.604 42.220 -30.565
-56.044 41.904 -36.177
-51.962 39.267 -40.942
-52.997 34.559 -45.832
-56.302 29.659 -48.817
-62.193 28.783 -52.181
-67.074 32.419 -55.294
-69.709 36.733 -58.464
-70.166 42.621 -61.664
-66.494 47.436 -64.545
-60.539 50.465 -65.704
-53.576 48.985 -68.136
-48.947 44.619 -69.034
-46.912 38.573 -71.433
-47.946 34.201 -76.194
-50.507 32.332 -81.971
-54.162 33.258 -87.698
-56.609 38.557 -91.740
-48.314 51.732 -82.229
-55.391 51.453 -84.948
-60.980 47.100 -84.749
-63.870 40.897 -81.472
-63.589 35.427 -78.234
-60.195 30.783 -74.175
-56.159 31.323 -67.936
-51.265 34.596 -64.895
-50.574 40.044 -60.656
-52.494 45.182 -57.445
-56.649 49.039 -54.395
-62.060 49.336 -50.590
-67.038 45.729 -47.658
-69.918 40.874 -45.109
-69.968 35.030 -41.471
-67.425 29.695 -39.267
-62.013 25.447 -38.431
-55.180 25.783 -38.547
-51.002 30.472 -35.100
-49.796 36.010 -31.510
-51.506 39.884 -26.076
-55.182 40.189 -20.279
-57.287 37.202 -14.706
-56.475 32.639 -10.005
-52.862 26.455 -7.742
-47.233 21.750 -7.018
-40.529 19.834 -9.888
-36.176 22.252 -14.082
-32.700 28.573 -14.857
-30.737 34.609 -12.088
-29.912 38.236 -6.447
-27.954 38.395 -0.030
-23.877 36.521 4.715
-19.691 31.079 6.728
-14.672 26.867 5.934
-11.514 23.339 1.461
-9.270 22.395 -5.212
-7.942 24.167 -11.007
-8.209 28.895 -16.276
-5.210 34.615 -17.572
-1.931 40.222 -15.788
3.590 42.699 -12.861
9.863 41.400 -12.043
15.381 36.833 -12.832
17.854 32.289 -16.187
18.153 26.511 -20.113
16.872 24.933 -25.993
12.145 25.198 -31.785
10.050 29.519 -36.191
9.486 35.786 -38.977
12.547 41.530 -40.576
18.509 43.452 -43.387
23.833 42.774 -45.971
28.316 40.208 -49.613
29.663 36.787 -54.451
29.711 31.748 -58.707
25.956 27.482 -62.020
19.867 24.494 -63.342
13.251 24.824 -61.471
8.785 29.949 -62.795
6.933 36.440 -64.386
7.329 40.859 -69.009
7.570 41.899 -75.574
8.183 40.408 -81.905
7.967 36.162 -86.900
4.723 31.229 -89.405
0.620 25.797 -89.176
-3.023 21.483 -85.317
-7.980 21.660 -81.268
-12.207 25.257 -77.495
-16.049 30.997 -76.924
-20.180 34.767 -80.677
-23.443 35.772 -86.244
-27.004 33.109 -90.824
-29.900 28.159 -94.101
-33.158 22.694 -94.160
-35.209 16.730 -91.994
-35.777 12.700 -86.720
-36.886 12.419 -80.381
-36.863 15.774 -74.519
-41.083 20.420 -71.482
-45.759 25.359 -71.718
-52.236 26.295 -73.121
-57.891 23.628 -73.590
-62.531 18.535 -74.918
-64.195 12.689 -72.794
-64.011 7.802 -67.852
-60.143 4.054 -63.542
-55.774 4.016 -58.483
-52.115 7.969 -54.110
-52.415 14.108 -50.644
-56.330 17.725 -46.969
-61.070 18.038 -43.018
-63.327 16.559 -38.111
-66.715 11.132 -34.323
-66.149 6.244 -31.601
-63.071 0.680 -29.348
-57.434 -2.998 -29.023
-51.096 -3.120 -29.065
-45.007 -0.771 -30.953
-41.640 4.621 -28.522
-40.966 11.249 -25.629
-41.382 13.589 -19.475
-41.131 12.618 -13.053
-42.057 8.711 -7.259
-39.573 4.050 -3.891
-35.752 -1.924 -2.975
-29.653 -4.765 -4.304
-24.540 -6.344 -8.621
-20.952 -3.659 -13.689
-18.583 2.384 -15.688
-16.128 8.291 -13.918
-14.881 13.416 -9.649
-11.020 14.237 -4.076
-5.734 13.413 -0.457
-0.608 8.959 0.964
3.469 4.246 -1.265
6.233 -0.873 -6.118
6.061 -2.950 -12.172
5.571 -1.435 -19.084
3.297 2.969 -23.878
5.139 9.050 -26.454
9.111 14.368 -26.524
15.057 17.683 -26.033
21.416 15.955 -26.790
26.648 10.608 -28.586
27.836 4.463 -31.048
25.292 -0.239 -36.197
20.797 -1.499 -41.398
17.640 -0.197 -46.324
12.676 3.886 -50.096
13.112 9.462 -53.356
16.119 15.196 -55.484
21.289 16.120 -60.056
25.292 14.424 -64.314
27.164 10.272 -69.205
26.070 5.108 -73.430
21.735 0.072 -76.270
15.319 -2.594 -76.510
9.028 -0.908 -76.690
4.220 4.009 -76.509
2.244 9.965 -78.169
2.744 15.429 -81.923
4.332 18.100 -88.061
8.082 18.340 -93.888
185.244 130.658 112.724
192.588 131.710 113.113
197.361 135.904 115.727
200.266 142.342 118.557
199.138 148.285 120.668
195.344 151.149 124.479
189.968 152.372 128.684
186.467 149.274 133.410
186.465 143.157 137.539
189.369 138.073 140.986
195.059 135.587 144.791
200.229 137.127 148.138
203.703 141.418 151.921
204.718 147.615 155.191
201.873 152.655 158.767
197.059 155.831 161.129
191.789 157.239 162.463
185.142 155.415 163.097
181.143 150.011 164.052
180.867 143.217 167.512
182.690 140.693 173.026
184.823 140.855 179.085
185.458 143.795 184.823
183.081 148.352 188.960
179.162 152.471 191.706
172.777 154.703 190.965
166.268 155.639 188.542
161.389 151.993 185.990
159.595 146.333 184.041
158.849 139.829 185.599
158.441 135.374 190.678
156.193 133.595 196.495
151.031 134.130 200.508
144.763 136.219 201.330
139.160 140.431 200.223
135.061 142.889 196.668
131.917 144.072 190.545
132.361 142.404 184.214
134.700 138.741 178.479
134.862 132.192 178.069
133.273 126.029 179.165
127.931 122.417 180.224
121.219 120.835 180.849
115.241 122.378 178.981
110.573 125.353 175.137
108.957 129.726 170.241
109.868 132.674 164.809
113.876 134.393 160.487
119.048 132.125 155.577
122.402 126.797 152.978
121.224 120.463 150.697
117.522 116.346 147.648
112.222 114.913 144.093
107.674 116.145 139.954
104.489 119.703 135.115
104.283 124.922 130.956
106.831 130.572 128.657
111.049 134.700 126.876
117.279 136.626 128.715
123.182 133.828 128.246
127.390 128.308 126.401
129.176 124.930 121.548
129.662 122.900 115.070
129.461 124.268 109.252
129.306 129.164 104.078
130.980 135.025 102.260
133.550 140.975 102.479
135.823 145.453 106.483
140.321 147.023 111.153
144.954 144.996 114.730
150.633 141.605 116.318
156.179 139.512 113.048
160.333 139.428 107.767
163.276 142.702 103.104
165.613 148.040 100.699
166.671 154.794 100.658
166.139 160.548 103.953
166.882 164.377 108.858
167.002 165.198 114.989
167.749 162.700 120.624
172.023 158.662 124.461
178.121 155.401 124.422
184.971 156.305 123.994
189.689 160.806 123.812
192.523 166.978 123.899
192.331 173.031 126.064
188.777 178.011 129.681
183.675 179.725 134.860
180.128 178.151 139.594
178.153 173.903 144.202
179.261 168.194 147.612
183.847 166.199 151.752
188.296 166.679 156.166
191.154 170.745 160.672
190.702 176.044 163.863
187.876 180.745 166.960
182.735 184.776 168.753
176.579 185.650 169.936
170.393 184.827 169.409
165.012 180.192 167.879
162.952 174.112 169.305
164.324 168.394 171.854
165.258 165.448 178.617
164.222 166.405 184.216
162.639 168.757 190.513
159.058 173.012 194.240
153.362 176.252 194.429
146.816 177.979 191.842
142.205 177.377 188.444
139.169 174.452 183.640
137.699 168.871 180.567
136.392 161.981 181.293
135.846 156.341 185.616
131.131 155.030 189.976
126.111 155.381 193.552
119.753 157.483 194.120
114.413 160.796 192.063
111.397 163.897 186.986
109.688 164.794 180.846
112.035 165.040 174.455
115.957 161.754 169.158
116.811 155.076 167.215
114.318 149.250 166.802
108.805 144.623 166.447
102.593 144.862 165.052
97.071 147.473 162.012
94.601 150.606 156.811
94.759 156.283 152.356
97.442 159.166 147.925
103.248 160.641 144.189
109.394 158.597 141.533
110.837 152.679 138.222
109.327 146.516 135.766
105.515 144.539 131.039
100.842 145.123 125.938
99.146 148.612 120.875
99.674 154.466 116.434
102.408 159.151 114.842
108.189 164.049 114.686
114.388 163.598 114.691
120.643 161.607 115.097
124.687 156.817 112.424
126.632 151.611 109.169
126.354 148.239 102.898
124.642 148.889 96.410
127.572 164.715 98.018
120.061 165.686 98.094
115.086 160.776 97.728
112.294 155.838 99.610
112.210 149.789 103.481
114.573 146.190 107.935
116.243 146.888 114.126
118.659 150.664 120.150
117.721 155.933 123.042
113.216 161.636 124.677
107.053 163.373 125.290
100.333 162.742 126.758
95.733 158.538 129.263
93.538 153.257 132.701
93.855 148.311 136.216
97.535 144.940 141.476
102.232 144.014 145.446
107.677 145.680 148.325
111.501 151.983 150.028
109.949 158.252 152.179
105.938 162.066 156.311
101.497 161.830 161.150
98.253 158.685 167.230
99.178 155.560 172.158
102.308 151.655 177.202
107.810 150.000 179.110
114.273 149.370 179.472
120.315 151.571 177.591
122.976 157.456 175.527
122.768 164.550 176.731
120.746 169.586 181.093
120.870 171.865 187.258
124.839 171.372 193.317
129.794 168.774 196.855
134.983 164.873 198.252
140.895 162.439 196.167
145.646 161.079 192.502
147.814 161.741 186.353
147.833 164.826 179.960
148.638 171.391 178.622
149.555 178.203 179.811
154.344 181.829 182.162
160.297 183.523 185.238
167.229 180.687 186.255
171.686 177.847 184.109
175.359 173.519 181.128
176.880 170.382 175.874
174.358 168.251 170.310
171.991 169.871 164.497
170.207 174.800 160.149
172.257 180.840 157.859
177.286 184.403 155.970
183.866 185.097 154.520
189.552 184.169 152.458
194.085 179.411 149.031
195.846 174.020 146.584
194.278 169.159 143.051
190.755 164.647 141.297
184.718 162.845 140.082
179.211 165.631 137.609
176.259 170.897 134.183
177.008 174.643 128.705
179.662 175.602 122.801
182.733 172.428 116.911
183.200 167.503 112.905
182.565 161.263 110.587
179.715 155.725 110.717
176.628 151.076 113.705
170.693 150.117 117.446
164.067 152.709 119.072
159.135 156.685 117.014
155.774 157.729 111.934
152.757 157.009 106.110
152.008 153.110 100.326
151.468 146.554 98.023
150.056 140.712 98.560
149.188 135.345 102.002
146.583 131.645 106.492
144.787 131.947 112.328
141.129 135.468 117.372
135.500 139.429 118.051
129.943 142.881 115.671
123.985 141.608 112.624
119.089 137.350 110.988
116.484 131.514 110.680
115.942 125.005 113.066
118.318 120.674 117.893
120.594 119.387 124.889
121.894 121.376 130.567
121.617 125.884 135.762
119.485 132.401 137.298
113.464 134.579 138.772
107.535 133.915 141.105
102.914 130.238 144.864
101.877 125.363 149.370
103.704 120.884 153.730
107.848 117.657 157.584
112.815 117.362 161.100
118.110 118.184 163.315
124.189 121.939 162.709
125.078 128.171 164.140
122.907 134.664 165.565
119.621 137.521 170.471
116.736 137.722 176.881
116.043 135.054 182.774
118.847 131.987 188.034
123.977 129.855 191.577
130.475 127.900 192.224
136.166 127.381 190.646
141.359 129.904 186.328
143.763 135.044 183.798
144.548 142.314 183.941
143.677 148.110 187.664
146.421 149.893 193.382
150.364 150.341 198.427
156.634 147.732 201.938
161.447 144.303 201.751
166.463 141.393 198.347
169.382 139.142 193.337
169.814 138.810 186.723
168.485 141.696 181.455
168.575 148.026 178.092
171.373 154.056 177.915
176.853 158.528 179.030
183.439 158.609 180.194
189.203 154.875 179.857
193.961 150.761 176.185
195.251 146.283 172.665
194.370 142.146 168.207
190.531 140.531 162.818
185.757 142.420 157.806
186.013 148.296 154.138
188.638 154.201 152.003
193.907 155.605 148.707
199.657 154.835 145.354
204.418 150.902 142.374
205.085 145.853 139.012
203.288 139.836 136.126
198.282 135.213 134.272
192.088 134.949 132.085
187.162 136.892 129.056
183.188 141.680 125.536
183.743 146.750 121.142
185.938 148.345 115.325
191.080 148.144 110.375
140.904 232.042 177.666
140.681 234.797 170.872
144.874 238.623 167.149
150.716 240.285 164.425
157.869 239.691 162.699
163.038 235.523 163.480
165.297 228.614 162.325
163.937 222.080 161.757
159.287 217.700 158.994
154.055 215.894 154.471
151.684 217.541 148.513
153.121 219.175 142.066
157.890 220.795 136.896
164.249 221.308 134.648
170.269 219.728 134.331
175.325 215.009 136.105
177.804 209.834 138.428
177.515 204.622 142.658
172.404 199.224 144.588
167.199 195.843 141.626
165.127 192.709 136.002
166.935 190.668 129.898
171.486 188.124 125.020
176.969 184.254 124.347
182.448 180.167 125.818
185.154 177.408 130.598
185.994 174.820 136.781
182.954 172.626 142.047
176.842 170.664 144.561
170.760 167.429 143.002
167.622 162.415 139.155
167.950 156.562 135.977
170.120 150.215 136.987
173.223 145.676 140.741
178.069 143.924 145.534
180.530 143.526 151.729
180.178 145.613 157.767
177.757 149.700 162.293
172.354 153.705 164.712
165.573 152.575 164.480
159.918 149.391 163.923
157.098 144.136 167.005
157.315 137.486 169.874
159.168 135.334 175.572
161.795 135.335 182.058
164.997 138.084 186.886
165.759 142.768 191.514
165.956 149.237 192.589
162.646 155.154 190.952
156.384 157.983 190.686
149.582 157.136 192.226
145.851 156.049 197.368
144.426 153.769 203.594
144.577 153.168 209.670
147.166 155.121 215.572
151.831 158.164 219.454
156.087 163.334 220.373
159.606 168.248 217.796
161.021 172.813 212.786
157.002 176.430 208.394
150.847 178.722 206.820
145.287 182.002 208.971
142.262 185.887 213.041
142.906 190.428 218.598
146.076 195.185 221.916
151.382 199.336 222.845
156.831 202.520 221.255
162.070 202.539 217.138
164.189 203.056 210.612
161.877 203.368 203.843
157.789 205.683 199.140
154.500 211.268 197.773
152.565 217.488 198.142
154.147 223.484 200.327
158.450 228.068 201.599
164.715 230.774 201.899
170.879 230.392 199.699
175.702 228.155 196.242
177.778 224.289 191.985
176.891 220.210 186.273
173.114 219.976 180.365
168.855 223.694 175.876
168.838 229.221 171.746
172.364 234.333 168.731
177.949 237.716 167.291
185.374 237.250 165.155
191.081 233.627 165.688
194.082 227.891 165.550
194.452 221.994 164.970
191.153 216.208 163.016
186.162 213.587 159.183
184.552 213.511 152.701
185.220 214.486 146.366
189.909 215.346 141.283
196.032 213.675 139.057
201.961 210.963 139.665
206.261 207.242 142.171
208.904 202.045 146.125
208.456 197.319 150.316
204.758 193.620 155.161
199.485 189.614 154.532
194.020 186.585 151.151
193.410 182.670 145.850
195.835 178.792 140.371
200.106 174.849 138.392
205.062 169.940 138.954
208.655 165.928 142.736
210.950 163.909 148.399
211.107 163.214 154.681
207.494 163.904 160.426
201.152 163.100 163.121
194.814 159.821 162.973
190.535 154.748 160.485
190.683 147.942 159.672
192.049 141.938 161.137
194.772 137.309 165.461
198.210 135.893 171.214
201.310 137.470 176.665
202.094 142.846 181.098
199.617 147.196 184.847
194.513 152.191 185.332
187.682 152.609 185.773
181.854 149.432 187.472
178.406 144.504 190.839
178.571 140.594 196.391
181.938 139.499 202.467
185.171 142.018 208.631
187.215 145.925 212.593
190.149 152.025 212.837
189.881 158.725 212.268
185.765 164.042 210.137
178.658 165.037 210.669
172.806 164.440 212.961
169.967 164.388 219.010
170.127 165.862 225.399
172.611 167.810 231.820
177.076 171.661 234.664
181.334 177.330 234.824
185.032 182.145 231.072
184.432 186.662 226.074
180.977 190.236 222.111
175.038 193.427 220.398
169.068 195.405 221.715
165.159 198.926 225.871
163.160 200.445 232.764
180.528 207.245 229.460
179.724 202.819 235.077
176.944 197.642 238.595
172.664 191.457 239.075
168.128 186.843 236.256
166.144 184.872 230.121
166.687 183.312 223.530
171.825 182.312 218.738
178.814 180.287 217.304
184.405 177.397 219.173
187.458 172.777 223.474
187.600 167.217 227.167
184.829 161.265 228.888
181.029 156.360 227.190
176.938 152.874 222.813
174.798 151.497 217.282
173.796 152.192 211.125
175.388 154.806 204.970
180.647 158.022 201.885
188.221 157.526 201.599
192.813 152.840 201.308
194.857 146.247 200.741
193.486 139.632 199.225
191.377 135.782 194.550
188.182 134.730 188.390
185.364 136.165 183.536
184.694 141.445 178.792
186.210 147.625 174.996
191.371 151.709 174.326
197.871 152.761 175.019
203.633 150.792 172.914
207.698 147.480 168.415
208.507 146.187 162.594
206.425 146.591 156.175
201.733 148.238 151.377
197.934 152.683 148.412
195.273 158.922 148.010
194.228 164.802 151.286
195.915 169.936 155.956
201.775 173.425 157.243
208.357 175.092 155.926
211.890 177.810 151.328
213.043 180.360 145.288
210.825 184.098 140.390
205.955 187.831 137.251
199.808 190.256 137.217
195.320 194.280 139.684
192.110 195.594 144.890
192.637 198.076 152.114
196.937 201.067 156.604
201.818 205.831 157.411
204.459 211.704 155.226
205.100 217.264 151.748
202.125 222.171 149.880
196.830 226.123 148.761
190.465 228.235 148.777
184.256 227.644 151.496
180.557 225.245 155.843
178.514 220.698 161.172
182.042 219.242 166.274
186.123 220.733 171.588
188.276 225.324 175.075
187.538 231.198 178.580
183.113 235.925 180.367
177.012 238.226 182.532
170.440 237.603 182.683
165.459 233.609 184.311
162.569 227.861 185.111
163.173 220.988 186.582
167.036 216.736 189.993
171.163 214.959 194.743
171.772 216.095 201.108
170.175 217.593 206.919
165.317 219.878 211.207
158.966 219.105 213.254
152.737 216.305 212.941
148.601 212.244 210.959
147.272 206.941 207.966
149.213 201.192 205.629
153.162 196.300 205.321
158.690 192.615 208.032
161.887 191.346 214.021
161.033 188.055 219.984
157.029 184.913 224.292
151.444 181.443 225.962
145.865 178.063 224.119
142.630 174.338 218.808
142.827 172.220 212.304
145.461 169.698 206.894
151.499 168.402 203.817
158.458 167.164 204.444
161.899 162.086 206.563
162.697 156.238 209.415
160.278 149.862 210.193
157.439 145.721 207.111
153.718 142.248 202.646
150.417 141.611 196.972
149.581 143.082 190.431
150.582 146.277 185.025
153.465 151.142 181.501
160.232 153.240 179.980
166.801 152.473 181.000
171.298 147.894 179.825
173.147 142.176 176.548
172.593 137.130 172.266
169.886 134.298 166.881
166.939 135.299 161.150
164.138 139.922 156.362
163.547 144.661 153.662
164.282 151.375 153.839
168.373 156.654 154.483
175.281 158.734 153.609
181.581 157.366 151.960
184.851 156.367 146.767
186.063 156.317 140.588
183.802 156.952 133.991
179.465 159.434 129.397
174.677 164.317 128.227
170.541 169.219 130.539
168.902 174.325 134.526
170.674 177.540 139.579
175.556 181.813 142.255
181.039 185.359 141.290
185.199 189.352 137.095
184.612 193.140 131.799
180.730 197.080 127.554
174.955 201.229 126.068
168.203 203.443 127.901
164.022 204.083 132.274
161.616 204.939 138.480
162.785 205.531 145.597
167.946 209.085 148.503
172.044 214.665 148.980
172.679 220.953 146.627
169.112 227.025 146.043
163.833 230.884 144.958
157.550 231.771 147.150
152.152 229.884 149.596
147.730 226.734 154.961
148.568 224.376 160.692
151.143 222.937 166.060
155.216 223.563 171.322
158.546 227.660 174.994
159.495 234.434 177.092
156.587 240.988 176.068
145.715 198.448 213.064
144.333 205.275 212.694
144.538 212.219 213.928
150.538 216.754 214.719
156.657 218.398 214.313
161.760 216.962 210.236
164.745 214.295 205.115
164.052 212.454 198.452
159.414 212.468 193.745
154.517 214.659 190.034
152.095 220.640 188.033
151.385 226.256 186.726
154.137 232.437 186.452
160.395 234.926 185.352
165.899 236.087 183.835
170.898 232.895 180.080
174.495 229.616 177.288
175.347 223.408 174.016
171.076 218.523 170.906
165.873 218.167 167.008
164.218 221.717 161.607
163.860 225.550 156.969
168.137 229.127 153.026
173.188 231.136 150.346
180.313 229.236 148.518
183.125 223.909 146.442
184.837 217.841 146.589
183.242 211.331 148.123
177.534 207.813 147.940
172.071 206.314 143.837
169.493 207.238 137.792
170.033 206.638 131.473
173.287 204.724 126.332
179.363 200.635 124.835
182.548 195.274 125.618
185.834 190.858 127.595
186.454 186.480 132.838
183.835 184.780 138.135
178.973 183.294 142.772
172.865 181.622 141.221
168.000 179.664 138.481
166.843 173.962 135.246
167.605 169.045 131.182
170.931 163.514 131.616
173.674 158.407 135.718
179.290 157.047 139.878
179.911 156.660 146.142
179.267 158.322 151.480
175.061 160.629 156.089
168.419 160.875 157.319
163.700 158.075 158.274
161.032 151.695 158.260
159.590 146.400 158.658
161.790 141.034 161.755
166.025 137.195 165.660
170.094 136.266 169.951
173.749 138.459 174.899
175.573 142.968 178.771
175.747 149.668 180.151
170.688 153.860 180.674
164.160 155.458 181.991
159.020 154.720 185.965
157.372 151.731 191.927
157.126 149.200 197.166
160.503 148.376 202.836
164.614 151.142 206.573
170.701 154.541 207.926
173.270 159.460 206.923
174.509 164.903 205.070
171.600 170.112 201.194
165.990 173.749 201.006
161.962 176.481 205.407
159.701 178.664 210.567
161.332 180.482 216.778
164.613 182.195 221.697
170.614 185.491 223.297
176.487 187.559 222.236
181.096 190.099 217.978
181.547 192.555 212.503
179.989 195.397 208.164
175.153 199.204 204.958
169.874 203.628 205.798
168.699 209.317 208.873
171.831 214.839 211.602
175.589 218.693 213.713
181.955 220.412 213.601
188.093 220.008 210.854
191.192 218.229 204.715
192.292 216.126 199.195
190.168 215.116 193.651
185.001 215.594 189.455
181.986 220.976 187.000
182.408 226.334 184.617
184.595 231.204 182.286
190.029 233.782 180.119
196.494 233.950 178.988
201.568 231.001 176.254
205.834 226.485 174.322
206.387 220.321 172.794
204.452 215.158 170.673
199.181 211.820 168.355
193.972 212.180 164.522
192.189 215.084 158.520
193.317 217.572 153.097
197.046 219.218 147.907
202.497 219.110 144.475
208.247 214.828 143.679
210.642 208.713 143.362
211.625 202.889 145.165
210.213 197.905 149.454
204.901 193.492 149.211
198.801 191.808 146.852
194.344 191.755 141.486
195.312 189.401 135.360
197.924 186.348 130.691
202.445 181.397 129.258
206.294 176.743 129.738
209.073 172.256 133.879
210.086 169.645 139.882
209.163 169.337 146.038
203.781 170.023 150.694
197.068 168.118 150.755
192.397 164.710 149.226
190.052 158.920 145.954
192.470 152.910 145.591
197.537 147.922 147.725
199.436 144.487 151.870
204.065 144.479 157.570
204.381 146.030 162.972
203.112 150.338 168.439
198.749 154.289 172.012
192.659 152.714 173.466
187.189 149.257 173.869
185.112 143.334 175.804
186.215 138.089 180.196
188.735 135.011 184.622
193.335 134.261 189.232
197.195 137.576 193.012
199.427 142.986 196.185
197.726 149.406 197.978
193.774 154.233 199.215
187.712 155.557 201.453
180.767 154.116 202.885
177.838 151.026 208.124
177.225 146.983 212.953
180.800 142.953 217.696
191.460 160.004 216.196
193.611 153.814 214.666
194.564 147.871 213.453
192.131 141.886 211.567
187.866 138.511 207.990
183.187 139.110 202.999
180.275 142.035 198.212
181.629 146.600 193.583
184.862 150.808 190.334
191.282 152.604 189.051
197.880 150.470 187.070
201.424 146.182 184.766
203.209 140.809 181.652
200.695 136.368 177.544
197.982 135.119 171.848
193.625 136.950 167.648
190.656 140.072 163.688
188.840 145.583 162.006
188.858 151.966 161.391
194.002 156.539 163.690
199.313 157.668 162.198
205.603 156.587 159.391
207.736 155.022 153.709
206.712 154.935 146.751
204.762 155.427 141.373
200.645 158.151 136.597
196.693 163.524 136.178
194.444 169.702 138.744
194.707 174.611 142.463
199.365 177.686 146.652
205.094 179.566 147.464
210.908 180.200 144.013
213.340 183.333 138.874
212.527 188.129 134.344
208.872 193.191 131.946
204.465 198.202 132.177
199.604 201.861 135.552
195.947 202.602 140.664
195.433 203.752 145.752
197.223 201.257 152.051
203.184 202.608 155.144
208.178 206.603 156.201
210.940 212.373 156.223
210.622 218.755 156.028
206.748 224.524 156.500
201.203 227.115 157.902
195.308 226.193 161.697
190.932 223.572 164.881
189.943 221.381 169.235
191.255 216.663 173.983
195.758 215.193 178.386
199.634 216.413 182.626
200.880 220.584 187.018
199.697 226.806 189.961
196.198 230.415 193.699
190.801 231.885 196.642
184.715 230.362 198.186
179.976 227.379 199.495
176.340 222.038 198.770
176.839 215.971 196.412
181.563 211.425 197.453
186.431 208.847 201.638
189.453 208.371 206.947
187.534 207.405 213.095
183.145 208.104 218.277
178.048 206.601 220.695
171.723 203.390 221.016
168.070 199.759 219.233
165.466 196.485 213.397
166.998 192.651 208.737
171.806 188.594 206.304
177.288 184.965 207.167
178.389 180.024 211.267
178.325 175.704 215.289
173.744 172.493 219.077
168.410 169.346 219.317
162.264 166.540 217.219
158.812 165.406 211.811
157.515 164.641 206.128
159.453 165.421 199.949
164.648 164.542 196.031
170.136 161.653 194.784
175.051 156.470 196.470
175.123 150.537 197.002
172.943 144.503 195.108
167.363 141.033 194.252
163.591 139.831 188.973
159.818 141.240 184.349
158.494 146.005 179.152
160.391 150.710 175.706
165.916 153.822 172.466
172.163 153.818 171.615
176.712 149.858 168.310
179.112 145.068 164.598
177.808 142.827 159.902
174.532 143.028 154.230
170.133 142.747 150.146
166.752 147.424 146.615
164.272 152.950 144.284
163.759 159.109 145.312
164.538 164.603 148.413
170.346 167.933 149.553
177.715 167.758 149.352
181.419 167.708 145.274
183.680 168.978 139.109
183.206 169.365 132.365
180.102 172.261 127.077
176.748 177.043 125.209
172.912 182.624 126.438
170.042 186.917 129.609
170.261 190.042 135.946
173.542 192.014 140.108
179.986 194.840 141.530
185.744 196.307 139.583
187.471 201.713 136.399
187.346 206.744 132.716
184.206 211.700 130.724
179.376 215.693 131.177
174.732 217.838 135.296
170.720 218.281 139.656
168.074 215.728 145.046
170.270 212.441 150.810
175.320 214.052 155.143
179.820 217.010 158.113
183.270 223.022 159.478
180.626 228.967 160.832
175.556 233.311 161.113
169.309 234.464 163.918
164.373 233.188 166.915
160.621 229.897 169.966
158.607 224.759 173.464
161.530 218.680 176.284
166.039 218.746 181.038
169.675 220.558 185.818
169.995 224.986 190.627
166.669 228.356 195.119
161.591 229.871 198.398
155.825 228.703 200.298
150.209 225.544 200.065
148.127 218.965 199.349
148.528 212.883 198.596
152.314 207.365 200.432
157.395 204.423 204.493
160.784 203.914 209.444
160.140 204.231 216.099
156.244 206.040 221.749
167.793 119.200 100.127
169.367 124.099 95.725
168.109 129.256 91.207
162.958 131.210 86.779
156.750 134.032 84.343
151.893 136.320 87.764
146.846 137.726 92.401
146.812 139.400 98.701
149.133 141.134 105.250
154.719 144.515 106.929
159.947 148.598 107.728
163.802 152.610 103.442
162.642 158.651 100.991
158.343 162.934 99.014
153.474 166.231 98.180
147.183 167.888 99.223
141.623 167.096 103.519
139.268 165.933 109.618
140.015 163.760 116.539
145.423 163.810 120.822
151.525 166.796 122.510
154.726 172.724 122.048
154.900 179.094 122.826
152.272 184.701 124.570
147.881 188.890 127.342
142.274 189.221 131.258
137.768 187.420 135.183
135.960 183.444 140.146
136.064 176.992 143.400
140.342 172.053 145.056
147.588 171.428 146.203
152.573 173.537 149.493
157.231 177.522 152.903
157.225 181.938 157.867
154.573 184.808 163.187
151.040 183.353 168.704
147.893 178.598 172.512
145.573 172.533 173.474
145.625 165.921 172.393
148.152 160.837 169.649
152.473 156.408 167.660
159.314 155.299 167.166
165.695 156.405 169.588
168.098 158.127 175.955
168.529 154.383 181.543
166.011 150.280 186.030
161.930 145.111 187.300
157.160 139.891 186.691
155.077 135.721 182.403
153.883 133.029 176.133
157.732 131.343 170.588
163.458 130.584 167.318
169.880 128.192 168.149
173.719 123.891 171.339
174.755 118.851 175.521
173.338 112.795 176.504
169.931 107.032 176.867
164.548 102.869 175.358
160.294 101.968 170.742
156.210 103.265 165.560
154.469 106.235 160.009
159.284 109.504 155.418
165.701 110.248 153.023
170.157 106.847 149.915
171.818 101.145 146.713
170.418 94.917 144.674
166.153 90.626 141.905
160.490 88.924 138.425
154.953 90.839 135.664
149.731 94.706 133.669
148.952 101.894 133.257
150.490 106.801 130.129
155.123 110.973 126.544
159.100 109.976 121.304
159.602 106.969 115.412
156.963 103.823 110.590
151.908 102.130 106.830
145.181 102.228 105.593
138.739 104.422 106.230
134.083 109.058 109.039
133.669 114.636 110.946
135.965 120.173 113.647
139.866 126.090 111.097
143.849 129.095 106.475
143.344 131.372 100.060
139.790 132.209 94.661
133.698 133.529 91.585
127.429 134.853 92.213
122.008 137.044 96.130
120.921 138.641 102.359
121.229 141.238 107.717
124.623 144.698 112.514
129.786 148.697 113.638
131.751 154.950 113.487
130.578 161.395 111.544
126.044 166.192 110.173
119.866 168.069 111.870
114.689 167.480 115.797
109.918 165.258 121.031
111.000 162.765 127.610
114.018 158.619 132.010
120.502 159.842 135.459
125.708 162.906 137.725
128.264 169.835 139.570
126.587 176.187 141.071
122.591 179.726 144.580
117.736 180.473 149.269
114.228 177.990 154.516
113.079 173.584 158.707
112.358 167.085 160.899
116.081 160.812 161.008
122.354 158.705 161.872
129.198 159.548 163.343
134.163 163.980 166.701
136.309 166.098 172.406
134.775 166.554 178.802
131.385 166.204 184.463
126.814 161.371 187.286
124.620 154.930 187.503
124.043 148.531 185.339
125.188 142.854 181.090
129.710 140.202 177.971
135.510 137.685 175.360
142.765 137.021 177.637
145.172 135.134 182.940
147.015 133.433 189.289
144.782 128.167 192.072
140.830 122.615 193.616
135.681 118.093 192.362
131.568 115.297 187.651
128.778 114.803 181.360
130.557 115.096 174.981
134.006 113.472 169.108
140.651 111.958 167.424
146.904 109.520 168.464
148.641 103.514 170.248
147.357 97.060 172.293
143.841 91.686 172.041
139.193 87.996 169.117
133.930 87.261 164.448
129.859 89.860 159.433
130.573 92.338 153.579
134.135 96.416 148.286
139.249 95.991 144.840
144.216 93.151 141.962
148.398 88.143 140.008
148.985 81.314 140.261
129.489 82.606 137.195
130.787 79.969 143.131
135.144 77.992 148.120
140.768 78.861 151.386
146.693 82.146 153.722
149.490 88.570 153.938
148.137 95.116 154.349
143.318 100.462 154.354
137.399 102.516 155.621
131.923 102.446 159.625
129.712 100.518 165.286
129.151 98.035 171.697
132.702 98.451 177.128
137.707 100.054 181.486
142.397 104.165 183.336
146.917 109.566 182.853
147.770 115.311 179.863
146.150 120.600 175.160
139.782 122.688 173.181
132.958 123.587 174.485
128.752 124.500 179.697
127.532 125.957 186.355
129.326 129.838 192.466
131.365 135.667 194.233
135.115 141.561 193.886
138.734 145.959 191.027
140.598 149.817 186.759
141.789 150.720 180.122
138.947 148.963 173.969
132.100 147.363 173.128
125.673 149.276 173.905
120.857 153.268 176.182
118.450 159.264 177.613
118.410 166.226 178.119
121.668 172.559 175.613
126.038 175.547 171.368
128.776 174.933 165.626
130.836 171.773 160.084
129.719 167.804 155.273
126.617 162.375 151.906
119.893 161.676 151.310
113.037 162.676 150.584
110.136 166.760 146.622
108.734 171.588 141.941
111.265 175.591 136.887
116.306 176.783 133.027
122.697 176.767 129.771
127.112 172.011 128.586
128.478 164.972 127.762
125.517 159.162 127.441
120.609 154.829 125.643
115.189 153.278 121.351
113.480 153.856 115.092
114.003 155.342 108.445
117.745 155.560 102.589
124.094 155.074 99.392
130.766 153.781 99.538
134.816 150.409 102.679
136.304 146.324 107.777
133.219 140.756 109.449
128.280 135.903 110.012
124.561 130.562 107.140
124.811 126.167 102.214
128.029 122.104 97.408
133.047 119.346 95.209
139.324 117.113 95.659
145.076 116.190 97.961
150.118 117.219 103.090
149.272 119.751 109.874
145.726 118.698 115.616
141.399 114.160 118.395
139.472 107.678 118.882
140.477 100.916 118.100
145.180 95.974 117.786
151.135 93.621 118.788
157.384 93.877 121.081
162.596 96.645 123.916
166.431 100.756 128.109
164.176 104.710 132.700
160.733 107.140 137.296
155.415 105.702 141.266
151.586 100.745 144.113
152.707 95.190 148.115
156.770 91.775 151.919
162.479 91.247 155.211
168.739 92.823 157.624
171.868 98.077 160.228
172.454 104.297 160.785
170.963 110.309 159.651
166.092 115.108 160.084
159.850 115.693 163.716
156.102 115.190 168.662
155.230 114.910 175.183
157.449 115.462 181.216
161.410 119.528 184.432
166.639 123.514 185.404
170.195 128.585 184.201
173.518 134.141 181.329
172.153 137.900 176.408
169.065 139.940 170.566
162.317 140.950 169.642
155.761 141.968 171.316
152.145 144.883 176.485
150.873 148.957 181.949
152.824 155.017 184.194
155.527 160.912 184.320
158.310 165.929 181.664
160.768 168.893 176.531
162.787 169.883 170.013
161.089 167.411 163.378
155.392 165.283 160.289
148.473 165.942 159.984
142.771 168.618 162.374
139.604 174.178 161.675
139.670 181.023 160.866
141.702 186.440 157.622
145.664 189.182 153.446
151.242 188.872 148.849
154.321 184.610 144.827
153.632 178.944 141.679
150.738 174.473 138.273
145.581 170.523 135.793
139.620 170.320 132.256
135.230 173.963 128.903
133.971 177.939 123.753
136.870 181.847 118.772
141.033 183.055 114.606
146.716 181.213 111.272
152.611 177.451 110.791
155.634 171.976 112.644
155.932 165.648 113.598
153.346 159.201 114.845
148.642 155.476 112.055
143.670 153.259 107.623
142.605 153.188 100.686
144.627 153.349 94.574
148.941 154.127 89.591
155.285 151.485 88.221
161.593 148.769 91.531
163.026 144.900 95.570
164.294 139.740 98.467
160.754 134.651 102.609
157.635 130.039 103.155
153.000 126.281 101.190
149.466 123.540 95.820
150.922 122.293 89.250
155.139 121.177 84.097
142.210 98.152 89.461
140.300 100.446 95.651
143.168 102.976 101.466
148.333 105.532 104.880
154.428 108.484 104.848
158.779 111.894 100.864
161.059 114.145 95.417
161.898 116.536 88.881
158.346 119.727 84.435
153.207 123.422 82.158
147.842 127.696 83.455
144.752 131.199 88.691
144.766 133.945 94.826
148.466 137.320 99.533
154.247 139.296 102.106
160.206 142.450 101.293
164.012 146.168 97.589
165.372 150.696 92.783
163.328 155.927 89.281
158.923 160.816 88.906
153.389 164.177 90.558
148.429 166.493 95.022
146.316 167.459 101.262
146.538 165.925 108.362
151.803 165.707 112.996
158.288 167.674 114.610
162.312 172.823 114.864
163.621 179.441 114.215
162.407 186.758 113.878
159.514 190.404 117.705
154.542 192.508 121.613
151.479 192.986 125.861
146.826 191.453 131.216
145.373 186.198 135.544
149.056 180.961 138.443
154.820 178.265 140.665
161.211 178.821 142.871
166.037 182.556 145.967
167.433 187.777 149.642
165.823 191.102 155.147
162.434 191.037 161.273
157.860 189.511 165.775
154.031 184.788 168.399
150.710 178.764 168.502
150.703 171.953 167.678
154.006 165.707 166.195
160.399 163.204 166.966
166.552 162.823 170.099
169.897 163.580 175.948
169.129 161.256 181.824
165.874 158.219 186.601
160.899 154.955 189.255
154.990 151.172 189.538
151.388 147.135 186.277
149.739 143.150 180.368
151.989 139.093 175.131
157.650 135.580 172.180
162.326 131.059 174.357
163.550 125.717 178.424
161.179 120.567 183.368
155.885 115.667 185.319
150.006 111.111 184.459
144.602 108.752 180.588
140.674 108.767 175.065
139.798 112.314 168.799
145.254 113.479 163.584
150.286 111.056 159.938
154.040 105.482 157.673
154.260 98.851 156.306
151.045 93.231 154.306
146.161 90.251 151.129
140.655 90.060 147.331
135.267 92.697 144.485
131.256 97.370 141.293
131.738 104.403 139.470
136.517 108.203 136.625
141.399 108.699 131.791
144.252 106.101 126.048
144.028 102.473 120.380
140.610 99.750 115.077
135.380 100.204 111.363
129.391 102.116 109.362
123.990 106.228 108.628
120.964 112.409 109.131
121.746 119.045 111.892
125.751 123.859 111.361
131.843 126.698 109.354
135.763 128.103 104.051
136.465 128.879 97.495
133.716 130.582 91.623
128.693 132.993 87.818
122.796 136.577 87.222
118.782 141.306 89.731
117.103 145.822 94.756
118.593 148.189 101.488
122.853 150.989 105.372
129.129 154.377 106.362
132.933 158.944 104.528
133.706 164.893 102.592
131.389 170.543 99.613
127.177 175.495 100.691
121.851 178.654 103.171
117.084 179.783 107.274
114.299 179.949 113.452
114.264 178.172 119.977
117.049 174.258 125.450
123.383 173.363 128.036
129.474 176.180 129.138
133.250 181.644 130.224
133.726 188.107 132.116
131.894 192.923 135.550
128.590 196.226 140.415
123.710 195.830 145.305
119.579 192.190 149.154
117.819 186.784 153.167
119.814 180.315 155.716
125.231 176.494 157.390
131.924 175.600 159.175
136.509 178.385 162.722
138.953 181.738 168.167
137.074 183.120 174.736
133.609 182.807 179.980
129.394 179.888 183.492
123.694 176.106 184.816
120.414 170.093 183.919
121.157 164.933 179.172
123.532 158.647 177.307
129.355 154.721 176.597
134.971 152.089 179.481
137.280 149.446 185.314
135.963 147.128 190.353
132.674 144.211 194.809
127.171 141.189 197.241
121.214 138.336 196.408
117.463 134.756 192.610
114.494 133.087 186.641
115.189 130.511 180.439
119.350 128.380 174.959
124.965 124.725 174.422
129.958 120.116 176.416
130.027 113.720 180.292
126.690 108.437 181.772
121.480 104.369 181.842
115.617 102.233 180.146
110.633 102.010 174.632
108.615 104.454 168.516
110.062 104.773 161.312
114.456 105.770 156.079
119.760 103.801 152.940
124.414 99.443 150.921
125.573 93.223 150.268
125.731 86.294 151.576
121.276 81.819 151.220
114.903 78.690 150.627
108.516 78.166 148.138
106.040 79.885 142.141
105.509 83.577 136.175
108.939 85.031 130.691
113.670 83.208 126.905
119.201 79.892 124.540
121.878 73.797 124.162
121.439 67.483 124.798
118.188 61.412 124.454
111.878 58.115 123.452
113.889 71.377 112.211
108.037 73.010 116.119
104.138 71.665 121.887
104.165 68.731 128.331
107.788 66.233 133.830
113.171 67.302 137.163
118.529 70.374 138.803
122.974 75.806 138.426
123.635 82.375 136.911
120.706 88.320 137.117
115.301 92.117 139.417
109.817 94.015 142.935
107.424 92.781 149.027
107.966 92.508 154.939
110.025 89.343 161.055
116.658 89.549 164.053
122.711 91.589 166.234
127.077 96.960 166.187
127.648 103.393 164.749
124.844 109.379 163.451
119.434 113.488 163.864
114.689 115.792 167.452
110.268 115.691 172.848
109.859 115.789 179.401
112.758 116.261 185.532
117.823 117.120 189.622
123.291 120.092 191.313
128.584 124.645 190.070
131.316 129.496 186.374
131.295 134.800 181.509
126.820 138.680 177.521
120.777 141.990 178.046
117.239 145.544 182.031
116.199 149.008 187.277
118.303 153.028 191.641
121.811 157.320 193.929
127.535 161.109 194.317
132.492 163.931 191.480
135.633 166.924 186.598
137.622 167.405 179.872
135.002 166.602 173.173
129.234 167.479 169.981
123.176 170.718 169.341
119.815 176.314 169.472
119.158 182.983 170.450
121.795 188.667 169.334
125.408 192.469 165.571
130.190 193.849 161.004
132.812 192.095 155.443
135.197 187.730 150.523
133.508 182.578 147.094
129.210 178.518 143.786
122.500 178.087 141.554
117.590 181.808 139.133
114.662 186.593 136.018
115.372 190.620 130.311
118.765 191.844 125.111
123.527 190.964 120.608
128.225 187.019 117.455
130.977 180.950 116.073
130.599 174.694 116.307
127.829 168.710 115.694
122.413 164.719 114.639
116.380 163.141 111.477
113.782 163.621 105.519
113.888 165.152 98.915
117.285 163.312 94.247
121.655 160.915 90.011
126.015 156.267 88.378
130.017 151.854 89.464
133.933 147.241 92.844
133.760 143.775 98.892
129.046 141.397 103.832
122.720 138.662 105.047
118.571 134.005 102.385
116.854 128.913 98.101
119.166 123.467 95.224
123.622 118.736 93.781
128.345 114.926 95.648
133.790 113.611 99.417
137.805 113.689 105.282
137.642 115.585 111.459
135.065 115.889 117.670
129.521 114.331 121.816
125.238 109.036 123.559
124.604 102.237 123.730
127.080 96.461 124.303
132.063 92.535 126.075
138.640 91.692 127.056
143.987 92.976 131.182
147.661 96.786 135.818
147.924 101.571 140.230
145.697 106.395 144.752
139.889 107.573 149.122
134.751 104.311 152.595
134.381 99.975 157.626
137.541 96.866 163.129
142.927 94.445 166.549
148.607 95.942 169.372
154.383 99.911 170.567
156.484 106.425 170.589
156.068 112.971 169.087
152.656 119.006 169.494
146.383 122.261 170.353
143.672 124.491 175.984
144.371 126.222 182.649
148.310 128.163 187.700
153.005 134.039 188.824
160.234 134.706 188.353
165.618 139.489 185.593
166.821 144.736 180.229
164.491 147.151 173.847
157.684 149.983 171.713
152.193 153.023 173.699
149.885 158.100 178.155
150.734 163.502 181.424
153.591 169.210 182.280
157.728 174.178 181.078
162.483 177.292 177.384
166.387 177.433 171.593
167.624 175.488 165.374
165.042 174.367 159.006
158.899 173.561 155.526
152.754 175.392 154.559
149.016 180.942 153.991
148.083 187.480 153.002
149.839 193.144 149.968
154.020 196.431 145.787
158.408 196.882 140.935
161.318 194.218 135.540
164.013 188.729 132.145
162.674 182.772 130.195
159.597 176.517 128.667
152.675 175.037 128.667
146.963 175.996 123.688
144.952 179.766 119.100
143.904 183.872 113.724
146.810 183.992 108.367
151.559 182.931 103.960
157.263 180.094 101.298
161.204 174.818 100.872
163.161 168.311 102.067
162.228 162.122 103.700
158.206 156.878 106.441
152.097 154.143 104.822
147.067 152.726 100.181
146.133 151.638 93.550
148.016 150.204 87.229
152.254 146.693 83.698
157.745 142.628 83.044
162.078 138.363 85.480
163.663 133.404 89.617
162.425 130.074 95.500
157.778 126.934 100.736
152.184 123.823 100.701
146.969 120.466 98.415
143.274 116.897 93.532
143.258 113.309 87.907
146.776 108.603 84.163
153.367 105.357 84.896
158.205 102.467 87.989
161.409 99.836 93.544
159.964 96.646 100.190
154.691 93.340 104.545
