23.234 30.698 21.444
25.453 24.885 19.344
24.403 18.771 17.783
20.552 13.129 16.950
13.991 11.619 15.485
8.708 13.625 12.106
5.725 17.836 7.812
6.272 22.473 3.035
9.335 26.893 -0.893
13.155 27.083 -6.263
19.964 25.796 -7.670
12.940 8.821 -6.516
18.713 10.229 -3.382
22.582 14.550 -0.593
23.902 21.127 1.607
20.691 26.837 2.726
15.683 29.296 6.412
10.264 28.747 10.467
7.040 25.103 15.181
6.664 20.749 19.965
9.566 19.333 25.825
14.203 17.620 29.764
23.484 31.150 20.959
25.668 25.476 18.504
24.840 19.380 16.831
20.806 13.888 15.548
14.137 11.989 14.954
8.568 13.861 11.858
5.453 17.919 7.624
5.512 22.349 2.620
8.133 26.252 -1.839
12.212 26.602 -7.037
19.042 25.508 -8.469
12.866 8.374 -6.617
18.413 10.225 -3.338
22.095 14.816 -0.774
23.000 21.704 1.074
19.372 27.414 1.453
14.287 29.703 5.011
9.858 28.788 9.824
6.785 25.155 14.514
6.990 21.252 19.609
10.199 19.279 25.130
15.051 17.375 28.711
