-13.971 -3.421 -12.453
-12.413 -1.662 -6.694
-11.421 -3.282 -0.492
-6.675 -6.624 2.875
-1.645 -10.565 3.408
4.316 -11.611 0.855
8.593 -11.624 -4.065
10.490 -7.698 -9.362
11.428 -1.137 -10.629
12.528 4.857 -9.320
14.749 9.418 -5.796
15.540 11.957 0.476
17.574 9.658 6.618
28.072 0.096 -5.348
25.259 -4.099 -0.991
20.526 -4.413 3.937
15.318 -2.714 6.609
9.724 0.321 6.673
5.447 4.156 3.809
2.193 5.166 -1.805
1.301 3.567 -8.846
2.419 -1.497 -12.820
0.143 -7.371 -13.810
-1.977 -13.527 -12.546
-4.500 -17.836 -8.127
-10.238 -18.670 -4.685
-15.163 -15.416 -0.878
33.718 32.955 6.383
32.502 29.271 9.236
31.070 24.475 12.814
26.648 20.358 15.403
20.757 17.547 17.151
15.211 15.388 14.130
10.694 15.157 9.135
10.580 12.678 3.170
12.443 11.213 -3.307
17.642 9.498 -7.055
22.466 5.359 -7.896
23.259 0.897 9.741
28.208 4.551 7.349
29.624 10.054 3.770
27.887 14.950 0.331
23.669 19.837 -2.383
18.292 23.583 -1.642
13.439 25.633 2.334
12.217 27.853 8.286
13.361 29.049 15.090
17.947 29.662 19.858
-34.565 -28.110 -19.654
-31.122 -24.036 -16.669
-27.124 -24.196 -11.308
-23.970 -27.838 -6.748
-21.442 -33.044 -3.356
-18.214 -38.746 -4.786
-16.198 -43.820 -8.812
-12.269 -44.375 -14.046
-9.179 -42.360 -20.011
-6.650 -37.179 -23.272
-2.971 -31.741 -23.477
-3.667 -30.158 -5.332
-6.547 -25.813 -9.202
-10.470 -24.760 -14.433
-13.776 -27.387 -19.382
-17.482 -32.040 -22.567
-20.807 -37.945 -22.683
-24.120 -42.617 -19.168
-27.705 -43.475 -14.116
-31.011 -41.544 -8.211
-33.634 -36.966 -4.908
1.804 0.084 -91.973
8.282 3.331 -92.970
12.211 7.709 -90.084
12.688 14.538 -86.749
11.414 17.647 -81.969
9.627 17.047 -75.398
6.531 14.136 -70.176
4.758 8.600 -67.254
6.950 2.333 -65.892
11.894 -0.888 -62.820
18.257 -2.350 -61.513
24.579 -0.387 -60.470
28.177 4.159 -57.763
29.622 7.819 -52.882
28.238 14.333 -49.723
23.648 17.328 -46.558
17.126 17.173 -44.200
12.919 12.637 -42.001
12.409 5.866 -39.150
15.348 1.505 -35.726
19.933 0.626 -30.588
24.000 2.707 -26.021
23.946 6.033 -20.002
22.309 11.291 -15.936
16.527 15.667 -13.399
10.467 17.525 -13.896
4.123 15.641 -15.810
0.378 10.795 -17.414
-0.700 3.628 -15.420
0.169 -0.628 -10.610
0.134 -2.369 -4.371
-2.846 -0.454 1.519
-6.499 3.206 5.672
-10.779 8.863 5.839
-15.963 12.310 3.858
-19.516 14.937 -1.544
-21.983 13.235 -7.225
-23.678 10.169 -12.362
-26.126 4.351 -14.397
-28.926 -1.549 -12.933
-33.799 -4.364 -9.260
-40.790 -4.078 -5.928
-45.403 0.183 -4.642
-48.906 4.985 -7.178
-49.843 10.910 -9.134
-50.843 14.960 -15.364
-47.370 15.497 -20.381
-46.168 12.326 -27.055
-46.597 6.984 -30.556
-50.107 0.747 -32.603
-55.577 -1.744 -33.876
-62.160 -1.222 -34.772
-67.140 1.874 -36.525
-70.212 5.982 -39.825
-70.486 12.149 -42.503
-68.128 17.217 -47.102
-63.335 20.924 -49.050
-56.368 20.424 -50.066
-52.283 16.038 -52.875
-50.655 10.565 -56.581
-52.601 6.528 -61.427
-54.778 6.370 -67.351
-56.673 8.916 -73.264
-57.747 14.072 -77.353
-54.393 19.521 -79.681
-50.973 24.752 -79.434
-46.318 28.337 -76.270
-40.312 27.640 -73.437
-35.345 23.552 -71.514
-31.703 17.796 -73.070
-28.633 15.341 -78.072
-26.528 14.984 -84.471
-24.278 17.877 -89.492
-21.613 23.566 -92.543
-18.993 29.314 -92.291
-16.309 34.717 -89.933
-14.412 38.526 -84.341
-11.683 37.570 -78.976
-10.170 33.240 -73.801
-5.672 28.155 -72.620
-1.424 23.460 -74.671
4.299 22.870 -78.117
9.839 25.906 -79.480
14.237 30.764 -79.717
16.446 36.704 -77.840
16.949 40.852 -73.138
16.130 42.442 -66.741
11.781 41.751 -61.388
10.256 37.542 -56.530
10.686 31.113 -54.495
15.280 26.580 -52.991
21.044 25.021 -50.804
25.274 26.511 -46.267
27.616 30.956 -41.733
29.401 36.532 -39.217
26.447 40.876 -34.898
21.340 44.308 -32.165
15.666 44.618 -30.113
9.274 42.106 -30.130
6.165 37.119 -28.913
6.424 29.891 -27.387
8.174 26.796 -21.458
11.252 25.482 -15.713
12.328 28.041 -9.567
10.716 32.807 -4.785
7.162 37.302 -2.241
1.790 39.980 -1.155
-4.207 43.346 -4.018
-9.325 41.884 -8.063
-12.827 36.697 -10.129
-15.100 30.275 -9.436
-15.350 24.837 -5.893
-17.578 22.569 -0.276
-21.857 23.140 5.093
-26.574 26.218 8.303
-31.020 31.202 8.144
-34.461 36.448 5.626
-36.392 39.526 -0.024
-37.096 39.372 -6.581
-36.204 36.082 -12.378
-38.589 30.609 -15.693
-42.423 25.018 -16.136
-48.538 22.774 -14.842
-54.989 23.831 -13.480
-59.894 29.601 -12.098
-61.470 35.505 -14.382
-60.759 40.743 -18.183
-57.463 43.480 -23.779
-55.847 42.664 -29.947
-51.947 39.938 -35.087
-53.841 34.511 -39.365
-57.860 29.317 -40.715
-62.932 28.721 -44.141
-68.035 31.735 -47.482
-71.030 36.436 -50.054
-71.571 42.391 -53.746
-67.907 46.665 -57.329
-63.108 49.165 -60.559
-55.624 48.572 -61.436
-51.286 43.816 -62.545
-49.152 38.397 -65.966
-50.848 33.875 -70.575
-53.772 32.203 -76.170
-57.928 33.260 -81.338
-59.584 50.223 -77.500
-64.473 46.667 -77.076
-66.559 40.570 -74.459
-66.581 35.268 -70.702
-62.704 30.588 -68.000
-58.504 30.570 -62.010
-53.834 34.096 -58.892
-52.163 39.507 -54.341
-53.268 44.393 -51.825
-58.040 48.270 -47.320
-63.511 49.579 -44.865
-67.165 46.251 -40.380
-69.677 41.650 -37.172
-69.816 36.501 -32.986
-66.964 30.670 -30.479
-61.448 26.436 -30.004
-54.649 26.479 -31.394
-50.117 31.351 -29.005
-48.388 36.754 -25.926
-49.425 40.543 -20.629
-52.053 41.548 -14.567
-54.273 38.322 -8.970
-53.516 33.911 -4.173
-48.939 29.241 -1.720
-44.253 24.387 -2.015
-37.440 22.281 -4.635
-33.297 24.150 -9.579
-29.721 30.049 -10.144
-27.750 36.299 -8.193
-26.820 40.443 -2.975
-24.217 40.755 3.249
-20.494 38.608 8.044
-14.947 34.552 8.816
-10.273 30.440 7.723
-8.715 26.171 3.004
-5.998 24.422 -3.702
-4.901 26.996 -9.632
-5.380 31.380 -14.701
-2.613 36.780 -16.618
0.468 42.623 -14.993
6.485 44.553 -12.930
12.769 43.306 -12.022
17.893 39.298 -14.063
20.655 35.408 -18.086
20.772 29.718 -21.849
19.235 27.908 -26.881
13.653 26.969 -31.911
10.691 31.018 -36.105
9.859 36.865 -39.208
12.404 42.469 -41.778
16.706 44.194 -45.649
22.345 44.191 -48.478
26.705 41.809 -52.206
28.707 37.399 -56.407
27.635 32.032 -60.237
23.814 28.815 -63.486
17.795 25.598 -64.010
11.492 26.040 -62.036
6.878 30.682 -62.949
4.448 37.139 -64.598
4.148 41.148 -69.537
4.012 41.990 -76.110
4.170 40.458 -82.479
3.031 35.959 -87.208
-0.067 30.577 -88.768
-4.013 25.584 -87.994
-6.946 21.152 -83.591
-11.792 21.515 -79.252
-15.631 25.259 -75.207
-19.589 30.581 -74.522
-23.845 33.873 -78.078
-27.833 35.124 -82.904
-31.618 31.956 -87.495
-34.975 26.948 -89.705
-37.516 21.087 -89.488
-40.061 15.778 -86.755
-40.061 11.908 -81.421
-40.778 11.831 -75.141
-40.160 15.208 -69.362
-43.723 20.249 -66.024
-48.667 24.946 -65.890
-55.071 26.140 -67.134
-60.574 23.236 -67.284
-65.230 18.404 -66.407
-66.365 12.397 -64.352
-65.772 7.352 -60.194
-62.300 4.561 -55.292
-57.135 4.580 -51.319
-53.549 8.059 -46.526
-52.897 14.513 -43.933
-56.635 18.415 -40.143
-60.700 18.694 -35.758
-62.924 16.975 -30.900
-65.598 12.140 -26.603
-65.023 7.199 -23.747
-60.512 2.698 -21.045
-55.486 -1.367 -20.451
-49.054 -2.002 -21.277
-43.030 0.749 -24.105
-39.669 5.566 -22.471
-38.888 12.604 -20.107
-38.798 14.594 -13.646
-38.823 14.356 -6.997
-37.962 10.291 -1.307
-34.761 7.208 2.352
-31.455 0.984 2.311
-25.215 -1.562 0.847
-20.620 -3.819 -3.738
-17.657 -1.674 -9.471
-15.262 4.105 -12.111
-12.798 10.165 -10.930
-11.629 15.432 -7.068
-6.835 16.228 -2.239
-1.223 15.940 0.532
4.043 11.644 1.539
8.294 6.899 -0.195
9.978 1.807 -4.617
9.688 -0.243 -10.901
8.206 0.713 -17.761
5.924 5.067 -22.530
6.979 11.017 -25.305
10.627 16.531 -26.174
16.638 19.389 -26.498
23.360 17.737 -26.869
28.018 12.572 -29.873
29.051 6.349 -32.400
26.819 2.101 -36.886
21.966 0.601 -41.559
18.117 1.148 -46.157
12.529 5.137 -49.455
13.055 10.572 -52.730
16.131 16.516 -54.977
19.709 17.579 -60.020
23.605 14.908 -64.959
24.791 10.240 -69.543
22.795 5.617 -73.585
17.772 0.454 -75.910
11.862 -1.961 -75.590
5.984 -0.380 -75.034
1.229 4.255 -75.561
-1.074 10.059 -77.092
-0.694 15.469 -81.054
0.545 17.909 -87.179
3.752 18.259 -93.176
1.919 0.036 -92.929
8.378 3.054 -93.012
12.260 7.729 -89.831
12.417 14.656 -86.654
11.302 17.967 -81.942
9.028 17.232 -75.396
6.136 14.154 -70.177
4.507 8.290 -67.453
7.374 2.590 -65.743
12.043 -0.610 -62.818
18.489 -2.073 -61.241
24.894 -0.287 -61.073
28.175 4.605 -58.160
30.029 8.505 -53.333
28.263 14.593 -49.659
23.836 17.425 -46.290
17.248 17.260 -44.251
12.893 12.648 -41.641
12.876 5.671 -39.739
15.623 1.391 -35.851
20.781 0.396 -30.837
24.662 3.011 -26.038
24.578 6.086 -20.314
22.508 11.280 -15.906
16.839 15.904 -13.408
10.736 17.444 -13.533
4.143 16.079 -16.197
0.294 10.762 -17.263
-0.391 3.476 -15.440
0.223 -0.530 -10.530
0.220 -2.225 -4.249
-2.674 -0.614 1.572
-6.637 2.828 5.765
-10.441 8.819 6.141
-15.678 12.285 3.935
-19.188 14.767 -1.168
-22.721 13.080 -6.881
-23.979 9.758 -12.219
-27.492 4.709 -14.549
-29.465 -1.922 -12.333
-34.045 -4.918 -9.468
-40.707 -4.272 -5.526
-45.151 0.053 -4.267
-48.748 5.165 -6.439
-50.415 11.011 -9.055
-50.744 15.034 -15.061
-47.539 15.533 -20.286
-46.675 12.197 -26.683
-47.235 7.126 -30.374
-50.253 0.573 -32.316
-56.322 -0.646 -34.372
-62.970 -0.790 -34.034
-67.671 1.966 -36.083
-70.707 6.658 -38.990
-71.343 12.103 -43.189
-68.396 17.677 -46.833
-63.706 21.201 -48.600
-57.181 20.358 -49.676
-52.850 16.212 -52.699
-51.546 10.779 -56.305
-53.271 6.653 -61.239
-55.909 6.285 -67.085
-57.621 9.114 -72.859
-58.440 13.923 -77.136
-54.938 19.214 -79.385
-51.365 24.503 -79.430
-46.822 28.410 -75.889
-40.968 27.891 -73.242
-35.950 23.863 -71.482
-32.325 18.176 -72.751
-29.101 15.610 -78.238
-26.633 15.268 -84.375
-24.740 18.240 -89.844
-22.708 24.178 -92.552
-19.393 29.434 -92.072
-16.821 34.984 -89.650
-14.985 38.766 -84.074
-12.024 37.554 -79.050
-10.463 33.432 -73.785
-6.031 28.293 -72.570
-1.589 23.665 -74.722
4.020 22.664 -78.065
9.603 25.816 -80.100
13.826 30.857 -79.786
16.071 36.795 -77.671
16.755 41.247 -73.165
16.246 42.756 -66.849
12.055 42.159 -61.423
10.578 37.720 -56.713
10.728 31.311 -54.467
15.581 26.634 -53.194
21.084 25.201 -50.660
25.966 26.743 -46.608
27.742 30.983 -41.712
29.266 36.024 -38.442
26.646 40.945 -34.780
21.791 44.133 -31.760
15.907 44.818 -30.023
9.398 42.364 -30.285
6.175 37.416 -28.755
6.500 30.157 -26.902
8.595 26.960 -21.584
11.391 25.699 -15.897
12.810 28.570 -9.996
10.646 32.809 -5.058
6.971 37.084 -2.363
2.023 40.193 -1.323
-3.931 43.615 -4.060
-9.412 42.075 -7.939
-12.794 36.730 -10.083
-15.180 30.387 -9.306
-15.418 24.930 -5.864
-17.403 22.419 0.087
-22.132 23.103 5.454
-26.825 25.810 9.061
-30.983 31.391 8.508
-33.553 36.782 5.895
-35.982 40.020 0.322
-37.931 39.544 -6.371
-36.524 36.036 -11.992
-38.948 30.561 -15.424
-42.883 25.147 -15.940
-48.862 22.640 -14.371
-55.430 23.645 -13.660
-60.096 29.280 -11.743
-61.881 35.192 -13.838
-61.452 40.597 -17.740
-58.542 43.119 -23.543
-56.751 42.608 -29.420
-52.849 40.038 -34.734
-54.563 34.873 -39.290
-58.563 29.067 -39.946
-63.456 28.633 -43.301
-68.995 31.542 -46.381
-71.382 35.883 -50.319
-71.714 42.042 -53.863
-68.044 47.146 -56.569
-63.156 49.515 -59.971
-55.758 48.258 -60.694
-51.661 44.072 -62.294
-49.831 38.640 -65.515
-51.823 34.025 -69.970
-54.637 32.247 -75.701
-58.233 33.422 -81.255
-61.500 37.477 -85.315
-52.445 51.406 -76.120
-60.034 50.570 -76.141
-65.049 46.827 -76.308
-67.595 40.959 -73.333
-67.386 35.093 -70.448
-63.123 30.287 -67.676
-59.510 30.553 -61.605
-54.752 34.083 -58.520
-52.686 39.237 -53.888
-53.986 44.166 -51.283
-58.646 48.465 -47.151
-63.874 49.453 -44.480
-67.865 46.202 -40.230
-69.973 41.665 -36.623
-69.807 36.644 -32.009
-67.366 30.493 -29.909
-61.938 26.151 -29.737
-55.108 26.661 -31.190
-50.798 31.389 -28.484
-49.078 37.002 -25.751
-50.230 40.560 -20.287
-52.897 41.646 -14.373
-54.748 38.098 -8.591
-53.674 34.325 -3.502
-49.403 29.233 -1.638
-44.118 24.010 -1.489
-37.505 22.286 -4.487
-33.667 24.473 -9.311
-30.207 30.109 -9.976
-28.266 36.495 -8.076
-26.862 40.453 -2.868
-24.095 40.604 3.504
-20.300 38.650 8.395
-14.953 34.634 9.484
-10.716 29.826 7.782
-8.313 25.630 3.184
-5.300 24.668 -3.396
-4.574 26.951 -9.383
-5.358 31.609 -14.525
-3.015 37.002 -16.166
0.416 42.588 -14.884
5.923 45.311 -13.188
12.534 44.176 -12.666
17.784 39.918 -13.659
20.374 35.875 -17.660
20.880 30.130 -21.549
19.430 28.161 -26.632
14.015 27.424 -31.861
10.640 31.222 -35.994
9.911 37.096 -39.111
12.504 42.557 -41.734
16.726 44.645 -45.813
22.288 44.892 -48.524
26.718 41.932 -52.352
28.713 38.214 -56.635
27.631 32.968 -60.898
23.798 28.626 -63.524
17.844 25.677 -63.251
11.583 26.112 -61.879
6.683 30.933 -62.831
4.282 37.249 -64.492
4.189 41.530 -69.473
3.994 42.228 -75.943
4.213 40.876 -82.276
2.876 35.928 -87.145
-0.616 30.963 -88.699
-4.253 25.651 -87.987
-7.181 21.198 -83.757
-11.859 21.781 -79.211
-15.792 25.336 -74.951
-19.877 30.769 -74.412
-24.252 33.988 -77.860
-28.503 35.249 -82.857
-31.957 32.028 -87.452
-35.494 27.052 -89.613
-38.145 21.139 -89.287
-40.852 16.284 -86.413
-40.746 11.889 -81.184
-41.417 12.127 -74.963
-40.793 15.470 -69.123
-44.381 20.367 -65.739
-49.346 25.221 -65.648
-55.702 26.111 -66.890
-61.261 23.489 -66.481
-65.873 18.553 -65.854
-67.241 12.653 -64.296
-66.391 7.591 -59.984
-62.674 4.647 -55.240
-57.592 4.526 -50.844
-54.181 8.252 -46.217
-53.392 14.718 -43.534
-57.381 18.639 -40.139
-61.560 18.823 -35.780
-63.562 17.305 -30.279
-65.696 12.793 -26.096
-64.984 7.459 -22.976
-60.991 2.851 -20.098
-55.865 -1.408 -19.305
-49.489 -1.997 -20.824
-43.680 0.733 -23.886
-40.170 5.401 -22.377
-38.811 12.198 -19.675
-39.182 14.213 -13.417
-39.479 14.100 -6.656
-37.565 10.197 -1.036
-34.883 6.827 2.864
-31.180 0.845 3.086
-25.218 -1.618 1.124
-20.763 -3.932 -3.504
-17.955 -1.689 -9.299
-15.323 4.031 -11.981
-12.723 10.245 -10.964
-11.374 15.406 -6.972
-6.717 16.017 -2.187
-1.021 15.961 0.487
4.451 11.796 1.718
8.684 6.958 -0.184
10.330 1.760 -4.493
10.140 0.023 -10.886
8.309 0.765 -17.744
6.331 5.134 -22.661
6.983 11.146 -25.233
10.521 16.781 -25.919
16.806 19.313 -26.707
23.474 18.009 -27.300
28.384 12.927 -30.185
29.689 6.600 -32.128
27.294 2.590 -37.383
22.138 0.852 -41.665
18.129 1.128 -45.886
12.644 5.146 -49.455
13.290 10.631 -52.964
16.097 16.821 -55.059
20.012 17.920 -60.151
23.634 14.666 -65.386
24.910 10.871 -69.752
23.691 5.522 -73.237
18.289 0.713 -75.656
12.555 -1.850 -75.739
6.247 -0.309 -75.489
1.367 4.321 -75.359
-1.265 9.853 -77.054
-0.896 15.554 -80.990
0.523 18.132 -86.999
3.568 18.314 -93.110
1.704 0.280 -93.109
8.079 3.431 -93.150
12.029 7.597 -90.333
12.855 14.290 -86.780
11.321 17.765 -82.274
9.815 17.281 -75.609
6.557 14.159 -70.446
4.912 8.463 -67.543
6.938 2.563 -65.778
11.769 -0.815 -62.786
18.161 -2.323 -61.432
24.555 -0.286 -60.923
27.832 4.188 -57.771
29.404 7.479 -52.555
28.410 13.922 -49.332
23.733 17.144 -46.215
17.115 17.147 -44.474
13.161 12.596 -41.677
12.718 5.599 -40.125
15.136 1.381 -35.559
20.045 0.473 -30.718
23.552 2.217 -25.790
24.277 5.901 -20.493
22.410 10.983 -15.946
16.766 15.499 -13.736
10.808 17.259 -14.198
4.231 15.855 -16.451
0.267 10.918 -17.436
-0.544 3.644 -15.558
0.150 -0.740 -10.759
0.315 -2.198 -4.420
-2.934 -0.240 1.244
-6.318 3.506 5.582
-11.089 8.465 5.673
-15.238 12.825 3.102
-19.354 14.848 -1.977
-21.753 12.982 -7.847
-24.153 9.692 -12.446
-25.906 3.429 -14.983
-29.102 -1.608 -12.826
-33.595 -4.568 -9.682
-40.662 -4.495 -6.532
-45.592 -0.424 -5.419
-48.865 4.845 -6.900
-50.001 10.246 -9.114
-50.577 14.833 -15.001
-47.795 15.110 -20.230
-45.780 12.099 -26.863
-46.447 6.745 -30.642
-49.626 0.489 -32.673
-55.524 -1.900 -33.979
-61.771 -1.552 -35.008
-66.936 1.681 -36.181
-70.118 5.992 -39.334
-70.675 12.094 -42.373
-68.408 16.599 -47.438
-63.659 20.713 -48.943
-56.604 20.443 -50.183
-52.386 16.150 -52.934
-50.886 10.804 -56.635
-52.533 6.666 -61.557
-54.692 6.582 -67.494
-56.626 9.325 -73.501
-57.516 14.322 -77.164
-54.488 19.735 -79.666
-50.996 24.855 -79.369
-46.174 28.363 -76.115
-40.356 27.742 -73.587
-35.523 23.826 -71.543
-31.758 18.181 -72.906
-28.588 15.626 -78.390
-26.702 15.128 -84.495
-24.950 18.530 -89.885
-22.414 23.784 -92.664
-19.519 29.663 -92.148
-16.455 34.719 -89.915
-14.121 38.392 -84.635
-11.803 37.365 -78.872
-10.323 33.193 -73.718
-5.752 28.230 -72.636
-1.513 23.488 -74.819
4.276 22.799 -78.046
9.867 25.353 -80.079
14.097 30.685 -79.829
16.217 36.703 -78.366
16.932 40.512 -73.102
16.199 42.468 -66.929
12.010 41.667 -61.572
10.423 37.525 -56.848
10.545 31.006 -54.721
15.135 26.475 -53.233
21.165 24.928 -51.234
25.697 26.694 -47.060
27.598 30.703 -42.126
29.235 36.052 -38.974
26.342 40.209 -34.644
21.562 44.201 -32.042
15.565 44.375 -29.860
9.149 42.006 -30.541
5.997 37.020 -28.950
6.503 29.798 -27.374
8.166 26.794 -21.636
11.585 25.204 -15.934
12.609 28.055 -9.966
10.370 32.562 -5.346
7.439 37.006 -2.546
2.177 39.816 -1.311
-4.127 42.895 -3.907
-9.436 41.512 -8.054
-12.894 36.379 -10.178
-14.883 29.958 -9.450
-15.212 24.552 -5.616
-17.244 22.394 0.062
-21.889 23.476 5.358
-26.163 26.316 9.357
-30.957 30.869 8.309
-34.244 36.108 5.753
-36.010 38.990 -0.037
-37.054 39.060 -6.596
-36.272 35.808 -12.296
-38.587 30.413 -15.825
-42.484 24.772 -16.275
-48.634 22.831 -14.821
-54.927 23.191 -13.499
-59.490 29.168 -12.318
-61.667 34.830 -14.199
-60.994 40.524 -18.047
-57.685 43.179 -23.775
-56.061 42.515 -29.873
-51.914 40.015 -35.170
-53.938 34.710 -39.596
-57.989 28.988 -40.839
-63.159 28.615 -43.760
-68.207 32.074 -47.226
-70.812 36.276 -50.218
-71.572 42.240 -53.530
-67.899 46.727 -56.922
-63.225 49.028 -60.588
-55.749 48.331 -61.186
-51.701 44.080 -62.843
-49.373 38.461 -65.810
-50.838 34.064 -70.656
-53.821 32.449 -76.213
-58.276 33.487 -81.319
-52.227 50.848 -76.221
-59.809 50.065 -76.754
-64.413 45.996 -77.062
-66.755 40.925 -73.912
-66.677 35.222 -70.860
-62.680 30.555 -67.750
-58.812 30.504 -61.786
-53.953 33.973 -58.721
-52.404 39.724 -54.373
-53.585 44.411 -51.703
-58.065 48.710 -47.369
-63.971 49.601 -45.022
-67.667 46.101 -41.222
-69.189 41.597 -37.015
-70.196 36.144 -33.369
-66.997 30.778 -30.269
-61.465 26.742 -30.299
-54.442 26.500 -31.319
-50.081 31.512 -28.984
-48.291 36.819 -25.697
-49.492 40.440 -20.309
-52.335 41.442 -14.333
-54.204 37.994 -8.786
-53.037 34.629 -3.822
-49.219 29.259 -1.903
-43.929 23.918 -1.868
-37.077 21.902 -4.697
-32.805 23.926 -9.158
-29.437 29.982 -10.203
-27.940 36.225 -8.177
-26.615 40.151 -2.876
-23.519 40.381 2.852
-20.080 38.543 8.087
-14.810 34.194 9.130
-10.268 30.024 7.925
-7.838 26.195 3.079
-5.623 24.539 -3.842
-4.863 26.630 -9.410
-5.301 31.007 -14.789
-2.835 36.676 -16.460
0.397 42.376 -15.192
6.292 44.280 -13.065
12.377 43.136 -12.328
17.803 39.198 -14.281
20.445 35.235 -18.535
20.339 29.246 -21.972
19.316 27.745 -27.225
13.647 26.840 -32.152
10.680 30.960 -36.457
9.791 36.881 -39.362
12.400 42.531 -41.809
17.169 44.041 -45.394
22.502 44.281 -48.359
27.432 41.611 -51.798
28.443 37.664 -56.586
27.415 32.446 -60.668
23.511 28.912 -63.798
17.564 25.574 -64.270
11.240 25.787 -62.097
6.824 30.560 -63.212
4.390 36.905 -64.640
3.997 41.181 -69.540
3.620 42.062 -76.042
3.828 40.433 -82.169
3.537 35.986 -87.054
-0.179 30.744 -88.852
-4.134 25.545 -88.107
-7.142 21.217 -83.763
-12.000 21.426 -79.397
-15.629 25.308 -75.258
-19.643 30.627 -74.563
-23.662 34.461 -78.031
-27.719 35.153 -83.028
-31.601 32.058 -87.586
-35.182 27.106 -89.673
-38.086 21.321 -89.337
-40.256 16.362 -86.899
-39.962 12.134 -81.580
-40.551 12.254 -75.114
-40.187 15.616 -69.245
-44.119 20.191 -65.945
-48.756 25.276 -65.928
-55.079 25.991 -67.083
-60.507 23.050 -66.676
-65.124 17.818 -66.758
-66.264 12.415 -64.739
-65.911 7.666 -60.095
-62.116 4.684 -55.390
-57.208 4.474 -50.906
-53.333 8.304 -46.507
-52.763 14.699 -44.004
-56.781 18.700 -40.323
-60.963 18.915 -36.015
-62.692 17.024 -30.455
-65.570 12.237 -26.559
-65.148 6.628 -24.024
-60.701 2.413 -20.815
-55.233 -1.445 -20.193
-48.791 -2.292 -21.398
-43.040 0.545 -24.252
-40.004 5.365 -22.803
-38.834 12.337 -19.955
-38.534 14.168 -13.774
-38.731 14.077 -7.207
-37.701 10.215 -1.287
-34.563 6.905 2.321
-31.196 0.669 2.007
-25.033 -1.756 0.674
-20.566 -4.176 -4.018
-17.574 -1.950 -9.544
-15.491 3.745 -12.415
-12.914 9.956 -11.265
-12.274 15.176 -7.040
-6.846 16.011 -2.669
-1.301 15.582 0.253
4.502 11.912 0.807
8.135 6.747 -0.298
9.591 1.580 -4.707
9.721 -0.212 -11.080
8.118 0.690 -17.750
5.431 4.697 -22.616
6.914 10.918 -25.435
10.632 16.302 -26.354
16.824 19.329 -26.646
23.282 17.539 -27.419
28.093 12.480 -30.013
29.134 6.137 -32.376
26.809 2.016 -37.075
21.614 0.439 -41.361
17.982 0.987 -46.261
12.368 5.021 -49.602
12.949 10.545 -52.863
15.952 16.299 -55.005
19.795 17.615 -60.116
23.386 14.801 -65.168
24.396 10.553 -69.896
22.512 5.305 -73.474
17.559 0.408 -75.499
11.656 -1.757 -75.731
6.338 -0.293 -75.315
1.221 4.400 -75.574
-1.163 9.976 -77.435
-0.720 15.401 -81.153
0.435 17.808 -87.373
3.827 18.140 -93.336
2.163 0.042 -92.645
8.819 3.373 -92.572
12.741 7.675 -89.917
13.355 14.578 -87.003
12.124 17.716 -81.623
9.976 17.109 -75.158
7.014 14.298 -69.821
5.240 8.574 -67.038
6.573 2.528 -65.522
11.593 -1.225 -62.855
17.891 -2.663 -61.392
23.993 -0.703 -60.496
27.968 3.368 -57.385
29.453 7.086 -52.387
28.191 13.592 -49.350
23.773 16.941 -45.721
16.981 16.919 -44.469
13.089 12.449 -41.745
12.423 5.266 -39.371
15.372 0.984 -35.625
19.893 0.158 -30.450
23.260 1.413 -25.246
24.277 5.224 -20.053
22.098 10.627 -15.887
16.340 15.089 -13.421
10.336 16.896 -13.844
3.844 15.520 -16.166
0.090 10.430 -17.509
-0.987 3.170 -15.728
-0.303 -0.842 -10.873
-0.712 -2.854 -4.582
-4.389 -1.135 0.841
-6.175 3.846 5.515
-11.244 8.598 5.552
-15.651 12.728 3.215
-19.268 14.619 -2.119
-22.327 13.074 -7.425
-24.078 9.747 -12.541
-26.813 3.946 -14.871
-29.702 -1.671 -13.301
-34.202 -4.846 -9.450
-40.974 -3.942 -5.948
-45.652 0.334 -4.847
-49.007 5.328 -7.224
-50.416 10.969 -9.757
-51.304 14.956 -16.055
-47.139 15.546 -20.795
-46.473 12.317 -27.435
-46.788 7.030 -31.094
-50.612 0.808 -33.265
-55.731 -1.838 -33.910
-62.141 -1.252 -35.352
-67.518 2.218 -36.707
-70.072 6.169 -40.632
-70.909 12.430 -43.148
-67.784 17.597 -47.674
-63.375 21.335 -49.430
-56.317 20.668 -50.208
-52.166 16.325 -53.298
-50.835 10.653 -56.799
-52.339 6.731 -61.709
-54.596 6.632 -67.814
-56.670 9.051 -73.733
-57.338 14.096 -77.687
-54.421 19.990 -79.885
-50.285 24.913 -79.564
-45.669 28.782 -76.116
-39.880 28.021 -73.699
-35.375 23.849 -71.687
-31.724 18.067 -72.835
-28.409 15.416 -78.216
-26.735 14.576 -84.629
-24.090 18.170 -89.681
-21.744 24.298 -92.214
-18.606 29.362 -92.205
-15.264 34.443 -89.883
-13.742 38.518 -84.147
-11.337 37.310 -78.562
-10.058 32.966 -73.522
-5.393 28.227 -72.305
-1.118 23.224 -74.550
4.565 22.568 -77.852
10.018 25.711 -79.277
14.323 30.304 -79.318
16.806 36.438 -77.565
17.098 40.619 -72.595
16.803 42.134 -66.332
12.097 41.332 -61.287
10.516 37.214 -56.613
10.845 30.669 -54.508
15.274 26.062 -53.081
20.959 24.410 -50.746
25.586 25.864 -46.216
28.485 30.232 -41.873
29.488 35.057 -38.167
26.632 39.714 -34.309
21.863 43.725 -31.619
15.941 43.959 -29.748
9.596 41.723 -30.129
6.266 36.679 -28.561
6.558 29.414 -27.692
8.154 26.285 -21.547
11.460 24.770 -15.796
12.244 27.225 -9.676
10.316 31.957 -4.998
7.230 36.658 -2.319
1.939 39.465 -1.182
-4.045 42.615 -3.993
-9.261 41.232 -8.395
-12.697 36.081 -10.427
-15.293 29.726 -9.540
-15.487 24.298 -6.050
-17.256 21.905 -0.205
-21.499 22.281 5.149
-26.646 25.316 7.950
-30.884 30.971 7.984
-33.912 36.309 5.513
-36.590 38.899 -0.159
-37.324 39.060 -6.699
-36.170 35.762 -12.656
-38.637 30.302 -15.803
-42.708 24.724 -16.179
-48.666 22.588 -15.051
-55.079 23.386 -13.841
-59.675 29.297 -12.555
-61.354 35.218 -14.424
-60.994 40.539 -18.577
-57.624 43.412 -23.937
-55.397 42.621 -30.146
-52.240 39.838 -35.614
-53.786 34.890 -39.972
-57.872 29.416 -40.788
-63.365 28.800 -43.958
-68.071 32.078 -47.891
-71.026 37.169 -50.365
-71.361 42.790 -54.135
-67.816 46.764 -58.077
-62.535 49.553 -60.763
-55.046 48.492 -61.080
-50.775 44.305 -62.817
-48.676 38.598 -65.832
-50.533 34.148 -70.733
-53.686 32.512 -76.178
-57.671 33.288 -81.664
-58.832 50.056 -75.922
-63.938 46.693 -76.989
-66.125 40.855 -74.424
-66.097 35.171 -71.200
-62.429 30.504 -67.993
-58.331 30.369 -62.294
-53.806 33.771 -58.738
-51.710 39.056 -54.697
-52.827 44.169 -51.511
-58.059 48.226 -47.656
-62.897 49.931 -44.972
-66.987 46.292 -40.543
-69.667 41.686 -37.535
-70.240 36.218 -33.644
-67.127 30.634 -30.772
-61.534 26.609 -30.348
-54.672 26.761 -32.162
-50.005 31.272 -29.546
-48.388 36.831 -26.219
-49.066 40.298 -20.559
-52.008 41.411 -14.591
-54.182 38.305 -9.137
-53.597 34.165 -4.358
-49.202 29.441 -1.824
-44.068 23.879 -2.245
-37.338 21.768 -5.229
-33.074 23.903 -10.058
-29.660 29.797 -10.389
-27.780 36.099 -8.487
-26.223 39.857 -3.111
-23.491 40.089 2.987
-19.999 37.964 7.987
-14.537 33.762 8.993
-10.393 28.713 7.466
-7.963 24.888 2.611
-5.803 24.224 -3.946
-5.048 26.192 -9.496
-5.268 30.566 -14.731
-3.180 36.499 -16.550
0.378 42.107 -15.195
6.289 43.982 -12.825
12.114 42.867 -12.264
17.367 38.756 -14.035
20.131 34.721 -17.944
20.649 28.846 -21.754
19.084 26.754 -26.851
13.500 26.415 -32.020
10.701 30.645 -36.142
9.910 36.527 -38.971
12.631 42.294 -41.289
17.732 44.104 -44.452
23.343 43.810 -47.632
27.730 41.315 -51.094
28.720 37.448 -56.238
27.774 32.117 -60.133
24.153 27.880 -62.925
18.265 25.146 -63.526
11.601 25.547 -61.872
6.958 30.399 -62.782
4.557 36.744 -64.341
4.566 41.094 -69.136
4.259 42.053 -75.567
4.573 40.538 -81.982
3.859 35.754 -86.691
0.154 30.638 -88.624
-3.801 25.424 -87.793
-6.600 20.983 -83.448
-11.384 21.339 -79.000
-15.157 24.966 -75.134
-18.900 30.663 -74.526
-23.482 33.918 -77.892
-26.826 35.421 -83.266
-31.010 31.977 -87.097
-34.035 27.003 -90.026
-37.157 21.544 -89.461
-40.025 16.154 -86.894
-39.776 11.827 -81.590
-40.779 12.015 -75.139
-39.829 15.621 -69.418
-43.751 20.271 -66.192
-48.439 25.440 -66.107
-54.787 26.521 -67.332
-60.296 23.549 -67.248
-65.110 18.785 -66.803
-66.187 12.527 -64.934
-65.820 7.846 -60.266
-62.014 4.681 -55.736
-56.869 4.586 -51.595
-53.673 8.305 -47.056
-52.856 14.793 -44.568
-56.601 18.688 -40.423
-60.723 18.954 -36.185
-62.463 17.349 -30.809
-65.572 12.904 -26.928
-64.664 7.379 -23.586
-60.868 2.573 -21.057
-55.656 -1.599 -21.008
-49.052 -2.165 -21.486
-43.051 0.543 -24.421
-39.859 5.477 -22.822
-39.048 12.442 -20.382
-38.597 14.537 -13.973
-39.186 14.458 -7.380
-38.356 10.535 -1.493
-35.167 6.690 1.918
-31.130 0.279 2.619
-25.484 -1.841 0.418
-20.923 -4.507 -4.025
-17.888 -2.090 -9.668
-15.931 3.564 -12.624
-13.061 9.683 -11.338
-11.901 14.782 -7.056
-7.142 15.803 -2.746
-1.363 15.481 0.492
3.861 11.056 1.501
7.899 6.239 -0.262
9.220 0.809 -4.646
9.864 -0.651 -11.231
8.074 0.344 -17.776
5.112 4.537 -22.488
6.864 10.526 -25.566
10.618 16.033 -26.155
16.628 18.974 -26.343
23.156 17.349 -27.600
28.211 12.039 -29.929
29.076 5.968 -32.306
26.870 1.392 -37.017
21.674 0.005 -41.625
17.729 0.935 -45.827
12.460 5.013 -49.536
12.887 10.474 -52.323
15.708 16.281 -54.999
20.001 17.480 -59.602
23.183 14.317 -64.982
25.005 10.273 -69.238
23.007 5.625 -73.710
17.986 0.122 -75.368
12.499 -2.280 -75.833
6.090 -0.191 -74.431
0.958 4.105 -76.164
-0.919 10.005 -77.003
-0.394 15.375 -80.979
1.370 18.096 -86.962
4.734 18.192 -92.928
7.872 0.212 -92.737
13.169 3.178 -93.947
16.324 8.205 -90.526
17.249 14.200 -87.134
15.065 17.730 -82.191
12.715 16.676 -75.677
8.664 13.350 -71.355
7.154 7.772 -68.603
8.857 1.837 -67.049
12.918 -2.065 -63.837
19.033 -4.044 -62.124
25.520 -2.260 -60.299
28.854 1.808 -56.639
30.150 5.401 -51.238
28.690 11.822 -48.266
23.640 15.268 -45.513
16.591 15.547 -44.850
12.385 10.752 -42.754
11.429 4.106 -40.324
13.731 -0.628 -36.070
17.964 -1.846 -30.823
21.768 0.388 -25.300
21.744 4.376 -19.838
19.008 8.766 -15.274
13.409 13.419 -14.098
6.515 15.521 -14.453
1.046 13.601 -17.960
-1.795 7.634 -19.474
-3.679 1.261 -17.862
-4.014 -3.501 -12.880
-4.555 -5.648 -6.754
-8.205 -3.523 -1.523
-11.858 -0.041 3.079
-16.420 5.202 3.033
-20.783 9.179 0.330
-23.325 12.324 -5.365
-25.755 11.179 -11.288
-26.626 8.376 -16.864
-29.267 2.673 -19.656
-32.186 -3.398 -18.704
-36.682 -6.297 -16.221
-43.455 -6.145 -13.743
-48.917 -3.157 -12.850
-51.714 3.342 -13.860
-53.069 9.527 -16.607
-52.899 13.742 -22.434
-48.985 14.637 -28.131
-47.239 11.446 -33.494
-47.533 6.265 -37.740
-50.922 0.657 -40.513
-56.464 -2.000 -41.579
-62.810 -0.688 -43.876
-67.914 2.591 -45.279
-69.840 5.710 -49.691
-69.789 12.674 -50.880
-67.608 18.200 -55.719
-61.959 21.441 -55.849
-55.445 20.487 -56.932
-50.589 16.389 -59.526
-49.146 10.505 -62.926
-50.403 6.547 -68.261
-51.892 6.519 -74.393
-53.341 9.815 -80.518
-53.454 14.971 -84.294
-50.722 20.592 -86.222
-46.467 25.376 -85.459
-42.680 29.279 -81.104
-36.859 28.255 -78.348
-32.099 24.080 -75.988
-28.325 18.516 -77.175
-24.644 15.969 -82.304
-22.338 15.837 -88.319
-20.000 19.161 -93.486
-17.140 24.582 -95.588
-14.282 30.703 -94.820
-11.050 35.470 -91.589
-9.519 39.078 -85.914
-7.202 37.610 -80.238
-6.871 33.029 -75.274
-2.543 27.766 -73.978
1.870 23.050 -75.913
7.946 22.201 -78.757
13.678 25.366 -79.954
17.999 30.034 -79.193
20.388 35.993 -77.123
20.734 39.676 -71.561
19.557 40.882 -65.404
14.398 40.318 -60.801
12.190 36.151 -56.251
12.052 29.527 -54.431
16.368 24.651 -52.796
21.689 22.894 -49.665
26.409 24.095 -45.106
28.300 27.955 -40.128
28.299 33.463 -36.024
26.124 37.379 -32.323
21.333 41.834 -30.341
14.852 41.929 -28.762
8.615 40.274 -30.674
5.101 34.961 -29.250
5.104 27.874 -28.054
6.465 24.302 -22.599
9.835 22.494 -16.763
9.267 24.664 -10.363
7.504 28.824 -4.871
3.708 34.026 -2.417
-1.624 36.676 -1.921
-7.542 40.536 -4.831
-12.193 39.497 -9.989
-15.448 34.148 -12.749
-18.168 27.903 -12.345
-18.539 21.997 -8.732
-21.461 19.754 -3.303
-25.968 20.447 1.480
-30.723 23.875 4.637
-35.358 28.878 4.211
-37.869 34.677 1.726
-39.661 37.100 -4.388
-40.025 37.272 -11.196
-38.989 34.381 -17.105
-40.238 28.592 -20.963
-44.361 23.168 -21.877
-50.073 20.474 -21.010
-56.794 21.701 -20.492
-61.661 26.711 -19.893
-62.750 34.185 -21.319
-63.636 39.318 -25.582
-58.642 41.986 -29.893
-56.039 41.899 -35.944
-51.825 39.087 -40.741
-52.789 34.867 -45.612
-55.876 29.353 -48.395
-61.226 29.188 -52.044
-66.215 32.051 -55.418
-69.207 37.026 -58.203
-69.755 43.023 -61.188
-65.774 47.657 -64.168
-60.328 50.275 -66.020
-53.225 49.026 -67.774
-48.638 44.489 -68.995
-46.724 38.791 -71.438
-47.772 34.156 -76.196
-50.114 32.617 -82.311
-54.514 33.146 -87.502
-55.814 38.885 -91.426
-48.371 51.726 -81.865
-55.646 51.091 -84.046
-60.628 46.633 -84.526
-63.743 41.038 -81.091
-63.334 35.217 -77.868
-59.970 31.033 -74.069
-56.012 31.453 -68.211
-51.218 34.489 -64.660
-50.042 40.136 -60.975
-51.572 44.815 -57.410
-55.940 49.093 -54.171
-61.275 49.444 -50.391
-66.188 45.893 -47.586
-69.322 41.187 -44.796
-70.239 35.523 -41.567
-67.300 29.534 -39.162
-61.674 25.546 -38.228
-54.710 26.063 -38.419
-50.379 30.491 -35.524
-49.191 35.527 -31.453
-51.505 39.799 -26.342
-54.428 39.762 -20.316
-56.966 36.517 -14.936
-56.070 32.278 -10.067
-52.955 26.088 -7.527
-47.393 20.903 -8.380
-40.447 19.822 -10.374
-35.316 22.095 -14.120
-32.553 28.755 -14.934
-30.466 34.694 -12.127
-29.393 38.384 -6.416
-28.036 38.701 0.083
-23.895 36.305 4.429
-19.384 31.128 6.548
-14.115 26.962 5.620
-11.306 23.275 0.906
-9.368 21.837 -5.368
-7.694 23.908 -11.212
-7.930 28.490 -16.532
-4.856 34.122 -17.817
-2.114 39.977 -15.708
3.647 42.406 -13.039
9.883 40.474 -11.500
16.057 36.430 -12.966
18.148 32.069 -17.043
18.263 26.038 -20.575
17.139 24.844 -26.471
12.028 24.580 -32.055
10.058 29.257 -36.232
9.703 35.356 -39.131
12.732 41.141 -41.094
18.250 42.908 -43.687
24.099 42.413 -46.119
28.587 39.759 -49.442
30.016 35.893 -54.187
29.699 30.729 -58.423
25.972 26.559 -61.773
19.938 23.912 -63.486
13.471 24.328 -61.538
8.985 29.404 -62.837
7.146 35.977 -64.498
7.835 40.618 -68.886
7.792 41.878 -75.479
8.242 40.269 -81.822
8.372 35.850 -86.871
4.839 31.154 -89.527
0.607 25.810 -89.159
-2.885 21.268 -85.305
-7.933 21.695 -81.257
-12.006 25.211 -77.484
-15.822 31.097 -76.845
-19.842 34.833 -80.632
-23.352 35.903 -86.037
-27.121 33.377 -90.575
-30.067 28.381 -93.856
-33.059 22.830 -93.860
-35.280 16.758 -91.908
-35.355 12.246 -86.640
-36.901 12.417 -80.505
-36.725 15.839 -74.500
-40.996 20.477 -71.549
-45.590 25.447 -71.753
-52.073 26.336 -73.516
-57.625 23.917 -73.487
-62.113 18.737 -74.039
-63.816 12.853 -72.712
-63.866 7.877 -68.147
-60.418 4.719 -63.154
-55.351 4.291 -58.415
-52.032 8.104 -54.045
-52.158 14.250 -50.689
-56.093 18.011 -47.131
-60.931 18.530 -42.852
-64.741 16.454 -38.520
-67.226 10.857 -34.974
-66.743 5.691 -31.756
-62.891 1.072 -28.757
-57.407 -2.801 -28.798
-51.127 -2.927 -29.267
-44.871 -0.318 -30.822
-41.646 4.388 -28.663
-40.766 11.015 -25.869
-41.139 13.105 -19.299
-42.949 13.017 -13.297
-41.409 9.356 -7.564
-40.660 4.028 -4.283
-35.701 -1.262 -4.000
-28.918 -4.335 -4.006
-24.605 -6.488 -9.120
-21.641 -3.743 -14.593
-18.736 2.063 -15.999
-15.721 7.999 -14.384
-15.073 13.225 -9.823
-11.066 13.863 -4.709
-5.791 12.774 -1.233
-0.814 8.387 0.975
3.913 3.552 -1.253
5.797 -1.558 -6.239
6.236 -3.110 -12.469
5.566 -1.731 -19.235
2.960 2.655 -24.000
4.746 8.932 -26.642
8.832 14.276 -26.974
15.080 17.333 -26.073
21.326 15.299 -26.994
26.271 9.614 -28.344
27.280 4.132 -31.173
24.733 -0.751 -35.912
20.477 -2.179 -41.077
17.226 -0.783 -46.338
12.659 3.598 -50.092
13.254 9.042 -53.360
16.373 15.039 -54.801
20.833 15.732 -59.669
25.385 13.694 -64.128
26.483 9.782 -68.982
25.568 4.624 -73.353
21.130 -0.413 -75.949
14.631 -3.048 -76.137
8.382 -1.039 -76.614
4.004 3.979 -76.148
2.223 9.870 -78.076
2.883 15.425 -82.164
4.389 17.882 -88.166
7.795 18.261 -94.132
-8.010 0.006 93.534
-13.274 3.002 94.110
-16.712 8.199 91.483
-17.335 14.349 87.852
-15.575 17.520 82.530
-12.795 16.561 76.188
-8.698 13.282 71.863
-7.215 7.549 68.946
-8.880 1.526 67.391
-12.980 -2.222 64.128
-18.960 -4.309 62.489
-25.397 -2.268 60.684
-28.748 1.776 56.882
-30.385 5.741 51.634
-28.563 11.905 48.399
-23.634 15.339 46.060
-16.593 15.379 45.343
-12.515 10.554 42.775
-11.423 3.801 40.509
-13.677 -0.945 36.337
-18.218 -2.018 31.019
-21.995 0.167 25.612
-21.816 4.645 19.856
-19.328 9.078 15.580
-13.114 13.144 13.906
-6.961 15.120 14.551
-1.147 13.505 17.877
2.093 7.857 19.226
3.669 1.217 18.081
3.807 -3.297 13.013
4.744 -5.610 6.842
8.084 -3.791 1.072
11.986 -0.258 -2.685
16.525 4.989 -2.868
20.570 9.712 0.088
23.545 12.018 5.418
25.636 10.866 11.745
26.775 7.657 17.141
29.288 2.298 19.924
32.453 -3.560 18.942
37.038 -6.483 16.379
44.144 -5.838 13.409
49.039 -2.448 12.680
52.164 3.122 14.037
53.867 8.958 16.885
52.957 13.571 22.644
49.256 14.372 27.653
47.429 11.336 33.695
47.835 6.093 38.022
51.213 0.513 40.476
56.553 -2.048 42.179
62.679 -0.918 44.480
68.360 2.407 45.676
69.495 5.627 50.490
70.371 12.859 51.538
67.192 17.806 56.131
61.989 21.235 56.311
55.332 20.203 57.208
50.673 16.175 60.167
49.169 10.323 63.401
50.424 6.485 68.846
52.180 6.475 74.921
53.456 9.615 81.010
53.662 15.109 84.748
50.800 20.634 86.762
46.536 25.231 86.088
42.599 29.247 81.799
36.933 28.117 78.970
32.139 24.005 76.636
28.290 18.403 77.843
24.660 15.654 82.777
22.417 15.603 88.792
19.995 19.211 93.890
16.954 24.564 95.964
14.164 30.514 95.291
11.010 35.360 92.220
9.661 39.105 86.420
7.097 37.689 80.733
6.799 33.047 75.764
2.451 27.873 74.384
-1.929 23.054 76.320
-8.011 22.341 79.118
-13.846 25.286 80.437
-18.084 30.073 79.740
-20.338 36.043 77.485
-20.779 39.690 71.959
-19.753 40.933 65.790
-14.648 40.218 61.065
-12.257 36.163 56.713
-12.137 29.496 54.635
-16.359 24.644 53.066
-21.713 22.852 49.878
-26.154 23.739 45.323
-28.064 27.491 39.838
-28.714 33.273 36.291
-26.061 37.612 32.491
-21.439 41.719 30.392
-14.971 41.786 28.860
-8.682 40.170 30.674
-5.229 34.742 29.203
-4.782 27.988 27.866
-6.115 24.206 22.441
-9.390 22.414 16.746
-9.417 24.319 10.317
-7.360 28.661 5.042
-3.418 33.795 2.571
1.814 36.533 2.190
7.541 40.548 4.852
12.196 39.570 10.186
15.500 34.163 12.785
18.357 27.944 12.389
18.742 22.129 8.809
21.807 19.786 3.375
25.850 20.421 -1.722
31.045 23.246 -4.161
35.467 28.629 -4.034
38.206 34.244 -1.203
39.918 37.146 4.838
40.629 37.389 11.443
39.061 34.424 17.388
40.481 28.630 21.120
44.620 23.239 22.165
50.715 20.442 21.077
57.370 22.244 20.893
62.667 27.696 20.795
63.506 33.996 21.703
63.525 38.975 25.885
58.958 41.930 30.793
56.001 41.856 36.243
52.078 39.138 41.250
52.944 34.445 45.885
56.119 29.231 48.940
61.511 29.144 52.418
65.979 32.250 55.791
69.487 37.075 59.263
69.624 43.161 61.748
65.739 47.624 64.705
60.302 50.352 66.627
53.120 48.907 68.360
48.771 44.543 69.501
46.802 38.748 72.074
47.832 34.101 76.746
50.134 32.769 82.915
54.442 33.140 88.113
55.553 39.203 91.882
48.995 51.407 82.213
56.291 51.192 84.783
60.864 46.585 84.678
63.810 41.192 81.577
63.445 35.131 78.603
59.926 31.249 74.777
56.048 31.384 68.682
51.235 34.572 65.124
50.125 40.192 61.419
51.632 44.908 57.868
56.206 48.984 54.704
61.273 49.520 50.993
66.595 45.774 48.122
69.506 40.764 45.483
70.483 35.432 41.767
67.322 29.564 39.211
61.737 25.587 38.883
54.859 26.043 38.660
50.466 30.517 35.595
49.362 35.791 31.968
51.613 39.736 26.838
54.805 39.563 20.718
57.122 36.554 15.320
56.179 32.644 10.411
52.874 26.340 7.982
47.098 21.431 8.223
40.732 19.621 10.689
35.429 22.011 14.435
32.378 28.341 15.016
31.198 34.557 12.259
30.139 38.411 6.813
28.103 38.494 0.340
24.215 35.920 -4.582
19.520 31.015 -6.080
14.399 26.929 -5.416
11.714 22.898 -0.523
9.639 21.816 5.547
7.829 23.982 11.535
7.750 28.514 16.526
4.808 34.188 17.981
2.061 39.986 15.966
-3.702 42.112 13.153
-9.904 40.770 11.886
-15.810 36.154 12.867
-18.213 31.993 16.870
-18.325 26.124 20.764
-17.147 24.670 26.461
-11.952 24.621 31.963
-10.098 29.142 36.184
-9.785 35.278 39.278
-12.873 40.996 41.309
-18.414 42.959 43.714
-23.998 42.308 46.726
-28.564 39.454 50.043
-30.274 35.687 54.401
-29.673 30.918 58.946
-26.076 26.426 61.898
-20.196 23.847 63.734
-13.610 24.321 61.938
-9.094 29.320 63.166
-7.153 35.904 64.923
-7.751 40.484 69.240
-7.783 41.871 75.913
-8.352 40.290 82.362
-8.434 35.691 87.352
-5.049 31.101 89.942
-0.841 25.840 89.599
2.806 21.190 85.844
7.865 21.692 81.814
11.955 25.254 78.050
15.888 30.960 77.499
19.674 34.895 81.013
23.382 35.777 86.646
26.853 33.100 91.338
30.001 28.041 94.595
33.024 22.508 94.711
35.441 16.582 92.439
35.507 12.248 87.238
37.052 12.261 81.052
36.820 15.743 75.059
41.011 20.351 72.052
45.670 25.368 72.302
52.142 26.171 73.970
57.761 23.723 74.167
62.189 18.865 74.569
63.718 12.431 73.112
63.857 7.676 68.537
60.533 4.413 63.675
55.562 4.164 58.920
52.345 7.893 54.602
52.391 14.137 51.156
56.431 18.102 47.688
61.042 18.443 43.547
64.614 16.461 38.859
66.951 10.980 35.021
66.290 6.260 31.974
62.894 0.875 29.377
57.663 -2.603 28.859
51.301 -3.043 29.397
45.057 -0.423 30.916
41.700 4.359 28.755
40.887 10.947 25.944
41.188 13.344 19.710
42.959 12.904 13.061
41.962 9.311 7.557
39.970 4.046 4.026
35.984 -1.582 3.640
29.026 -4.419 4.200
24.857 -6.596 9.391
21.566 -4.074 14.528
18.800 1.947 16.195
15.882 7.599 14.556
15.007 12.978 10.187
11.000 13.853 4.839
5.834 12.731 1.341
0.636 7.925 -0.635
-4.301 3.471 1.474
-5.948 -1.521 6.559
-6.270 -3.079 12.599
-5.522 -1.948 19.397
-2.857 2.507 24.104
-4.884 8.761 26.764
-9.000 14.060 27.201
-14.834 17.250 26.431
-21.129 15.213 27.586
-26.417 9.912 28.594
-27.261 3.588 30.957
-24.782 -0.694 35.993
-20.620 -1.975 41.433
-17.422 -0.774 46.328
-12.791 3.331 50.251
-13.282 8.951 53.328
-16.484 15.002 54.871
-21.007 15.689 59.949
-25.442 13.540 64.368
-26.762 9.423 69.225
-25.710 4.886 73.709
-21.397 -0.523 75.965
-14.460 -3.428 76.294
-8.674 -0.954 76.941
-4.148 4.076 76.656
-2.238 9.848 78.737
-2.913 15.344 82.719
-4.495 17.921 88.604
-8.032 18.157 94.662
80.185 254.256 114.554
75.599 252.394 110.031
70.799 247.829 109.361
67.404 242.126 111.757
64.663 240.646 117.904
63.400 242.137 124.526
59.415 246.679 127.681
54.973 251.459 127.431
51.526 256.684 124.401
38.467 265.295 108.591
32.414 261.556 109.669
26.402 263.074 106.355
22.090 263.009 101.367
18.101 258.299 99.609
16.205 252.189 96.532
15.775 246.342 98.059
15.626 241.294 103.620
17.003 238.702 109.163
15.766 240.633 116.061
13.149 245.017 120.295
6.539 246.977 121.216
39.479 235.230 100.302
37.496 241.389 101.789
38.924 248.208 101.600
41.987 253.245 100.991
45.080 257.136 98.600
46.323 258.292 92.487
46.708 257.933 86.750
44.663 256.326 81.471
40.747 254.992 77.819
-3.053 239.844 109.009
-0.626 245.791 105.349
2.435 252.637 106.704
6.941 255.937 111.320
13.195 255.841 114.961
19.235 253.220 115.742
24.429 249.475 114.278
28.131 246.178 109.268
29.256 244.868 103.307
29.967 247.201 97.183
30.655 252.819 93.249
31.088 246.941 91.132
35.086 242.825 87.349
40.421 241.383 85.968
46.486 241.735 87.142
51.956 243.206 89.156
55.502 245.005 94.128
56.825 248.101 99.982
54.728 247.324 105.971
51.007 245.828 110.801
53.097 252.534 109.999
57.111 256.976 112.815
62.217 258.007 116.592
65.117 258.003 122.898
69.406 254.113 125.819
70.402 247.316 127.541
74.002 241.937 124.503
43.048 132.615 75.652
40.897 139.384 76.015
37.428 144.627 73.477
31.050 145.757 71.873
24.653 144.338 70.008
19.464 141.429 72.589
16.437 138.019 78.094
17.636 135.282 84.784
20.436 136.164 90.719
19.368 139.268 95.785
18.998 154.495 87.816
24.664 151.968 84.371
29.580 148.006 88.009
29.457 141.755 89.592
28.760 135.593 86.979
26.004 131.103 82.533
25.113 129.771 76.316
25.607 131.076 69.978
27.126 135.792 65.200
32.187 138.867 62.518
18.972 44.246 22.254
14.241 47.099 17.605
8.286 48.977 17.305
1.259 50.203 19.923
-2.132 51.216 25.116
-2.671 54.766 30.148
-0.729 58.424 35.812
3.971 62.774 37.823
8.233 67.611 35.236
11.765 70.679 30.066
10.333 74.192 24.948
-7.718 68.916 23.170
-2.765 67.028 18.748
4.182 65.210 18.148
9.977 63.780 20.724
13.786 61.468 25.574
14.781 57.972 31.134
13.131 52.734 34.386
8.370 48.035 36.429
4.118 43.650 33.801
1.568 40.358 28.744
2.308 37.901 22.301
5.254 38.192 16.710
5.153 34.508 11.457
3.736 29.631 8.350
-1.323 31.374 7.910
-5.560 30.749 3.634
-18.547 45.664 -15.673
-15.892 44.770 -15.425
21.468 -37.694 -23.704
22.431 -42.483 -18.600
26.051 -44.702 -13.674
28.267 -42.584 -7.837
29.865 -38.233 -3.161
29.346 -32.193 -0.036
24.012 -29.178 2.718
17.500 -26.920 2.539
11.476 -29.190 2.285
6.576 -33.381 1.652
3.924 -39.149 2.538
19.453 -41.384 13.876
18.688 -45.888 8.396
16.113 -46.832 2.355
13.753 -43.518 -2.923
11.590 -37.370 -5.849
13.570 -30.966 -6.957
18.328 -27.520 -10.211
24.795 -25.089 -10.289
30.811 -27.456 -11.390
35.439 -32.085 -12.268
37.294 -37.392 -15.062
-0.377 -38.780 3.615
-0.889 -44.113 7.816
2.275 -47.068 13.401
4.721 -45.379 19.500
6.475 -40.542 23.667
5.022 -34.269 26.280
0.371 -31.691 30.233
-6.026 -29.513 31.206
-12.038 -31.749 30.927
-16.690 -36.522 29.926
-19.001 -42.360 31.835
-3.229 -45.619 40.212
-4.019 -48.745 34.128
-7.327 -49.193 28.531
-9.817 -45.407 23.906
-11.318 -39.696 20.659
-10.457 -33.068 19.432
-4.831 -29.593 17.565
1.810 -27.712 18.037
7.805 -30.628 17.442
12.124 -35.730 17.490
12.329 -42.531 15.979
49.932 8.590 24.929
51.644 8.989 31.383
52.717 12.673 36.611
50.873 18.044 39.743
47.008 23.470 40.596
41.500 27.281 39.263
35.242 26.055 40.735
29.256 22.684 40.117
26.729 16.833 41.981
26.664 10.847 44.611
27.427 6.784 49.494
35.052 20.198 57.053
39.820 16.053 54.982
40.728 10.713 51.455
38.523 8.313 45.087
35.255 9.327 39.430
32.800 13.173 34.539
34.928 17.474 30.162
37.961 23.467 28.519
43.787 26.139 28.437
50.324 26.734 29.172
56.172 24.372 29.918
21.405 3.284 55.391
22.832 1.830 62.197
22.739 5.774 67.570
21.973 11.862 70.078
19.198 18.051 69.438
14.006 21.823 67.263
7.513 22.423 68.296
0.841 20.644 67.943
-2.758 15.645 70.637
-4.293 9.852 72.897
-2.701 5.474 78.165
7.253 18.051 84.688
10.118 12.880 83.049
9.802 6.910 79.247
7.912 4.802 73.444
5.076 5.192 67.229
3.818 8.805 61.853
7.523 12.832 58.051
11.500 18.360 57.032
17.934 20.203 58.659
23.920 20.185 61.058
29.460 17.460 62.004
43.290 -33.546 13.473
38.777 -30.148 9.139
37.130 -24.018 7.125
40.586 -18.524 4.605
46.464 -17.016 2.148
52.360 -17.788 -0.667
54.609 -20.583 -6.022
55.982 -25.893 -10.021
53.276 -30.838 -13.671
47.748 -33.904 -16.202
45.166 -16.751 -18.287
39.992 -18.891 -14.211
36.896 -24.715 -11.785
39.001 -30.228 -9.113
44.692 -33.603 -7.176
50.873 -33.628 -4.300
53.495 -31.824 1.192
56.545 -26.722 5.234
54.522 -21.828 8.840
49.973 -17.000 11.122
31.749 31.192 34.896
30.589 25.425 36.717
30.967 19.701 34.863
32.513 14.728 31.124
32.591 11.583 37.126
34.737 5.675 39.976
28.014 4.403 38.317
24.863 2.508 32.761
27.889 -2.013 33.117
33.611 -4.473 34.754
39.779 -4.191 36.898
45.521 -0.350 37.210
45.818 6.093 37.999
45.828 12.444 35.804
46.841 11.510 28.806
45.165 7.676 24.020
44.061 2.620 21.119
38.942 6.457 21.067
35.666 10.426 23.680
39.415 14.757 26.397
37.973 19.465 21.392
33.535 22.509 17.916
27.479 20.031 16.476
26.106 25.689 17.052
22.056 24.006 21.640
18.964 21.536 27.375
-6.855 20.534 2.039
-11.291 20.768 6.884
-16.993 18.499 10.585
-17.140 13.607 15.372
-13.443 9.012 18.933
-7.810 4.736 19.500
-1.985 6.065 22.741
3.565 9.854 24.311
4.991 14.578 28.263
3.656 20.387 32.198
-11.050 11.427 36.553
-13.067 17.545 33.717
-11.402 22.341 30.024
-7.976 24.201 24.758
-2.563 23.242 20.677
2.409 19.196 17.820
1.775 14.135 13.374
-0.349 8.025 11.142
-5.576 4.610 9.154
-11.947 3.223 7.407
-16.304 6.171 2.828
-5.312 11.220 -37.502
-9.267 15.912 -33.959
-14.877 16.353 -30.161
-18.041 13.291 -25.412
-18.632 8.156 -21.028
-16.651 2.448 -17.600
-11.607 1.122 -13.354
-5.117 1.196 -10.884
-0.973 5.655 -8.819
2.360 11.028 -8.452
1.964 11.194 -7.349
2.752 17.251 -5.685
2.758 18.100 -7.969
-14.279 16.036 -2.449
-14.127 18.494 -8.798
-9.564 21.058 -13.398
-4.910 18.571 -17.452
-1.511 13.381 -19.964
0.394 6.755 -20.522
-2.898 1.693 -23.655
-8.371 -2.430 -25.033
-13.896 -1.569 -28.617
-19.567 1.253 -30.680
-22.292 5.406 -34.499
-9.971 43.348 16.356
-6.700 48.379 12.432
-0.912 50.750 9.634
3.656 48.092 5.699
8.157 43.280 3.471
8.598 36.856 1.123
5.794 33.164 -3.615
0.731 30.604 -7.659
-4.155 33.407 -11.341
-8.994 37.945 -11.407
-8.996 37.940 -11.430
11.161 18.378 -33.599
7.748 23.050 -29.419
1.891 25.207 -26.600
-2.722 22.360 -22.735
-6.999 17.569 -20.442
-7.500 11.126 -17.737
-4.823 7.681 -12.952
0.335 5.061 -8.917
5.045 8.177 -5.364
10.072 12.686 -4.817
13.828 9.690 -1.243
12.684 16.544 164.564
17.291 18.206 159.977
23.979 17.958 160.441
29.675 16.906 162.787
33.560 12.458 166.452
35.141 8.849 171.777
33.751 2.891 173.824
30.110 -2.818 173.802
25.834 -6.589 170.619
22.521 -9.025 165.807
21.577 -10.947 159.724
37.162 -3.068 156.396
32.040 0.610 154.945
25.236 1.723 154.746
20.600 0.551 159.429
18.105 -0.595 165.645
18.280 1.345 171.982
19.845 6.324 176.051
23.075 11.126 178.346
25.752 17.072 178.649
26.439 22.714 174.847
25.222 27.206 171.116
9.640 51.856 44.408
6.628 48.753 49.372
6.894 42.822 52.600
10.460 38.725 55.490
12.775 34.671 51.903
18.862 33.770 49.467
24.246 32.697 46.892
26.516 37.514 42.640
-35.113 -44.885 9.938
-29.991 -40.799 11.286
-24.609 -38.185 8.333
-22.133 -34.771 2.903
-22.800 -31.758 -3.249
-27.247 -28.278 -7.354
-32.755 -24.021 -7.075
-37.449 -20.605 -3.581
-38.690 -16.173 0.779
-37.105 -11.587 5.051
-33.040 -8.678 9.970
-27.071 -5.928 10.970
-22.302 -2.521 7.555
-20.457 0.952 1.540
-38.550 5.479 1.341
-38.785 1.856 -4.522
-35.338 -2.289 -8.211
-29.803 -6.071 -8.570
-24.401 -8.735 -6.761
-19.606 -12.122 -2.165
-19.688 -14.798 3.964
-22.581 -18.607 8.771
-27.555 -21.062 12.138
-33.562 -24.133 10.819
-38.466 -25.971 6.796
-40.037 -28.405 0.461
-37.395 -31.438 -5.482
-32.185 -35.493 -7.390
-14.207 7.539 72.299
-11.414 3.815 67.189
-6.371 0.867 64.444
0.311 -1.676 65.071
4.263 -5.429 69.207
4.604 -10.174 74.258
1.125 -13.723 78.910
-3.494 -17.879 80.208
-8.386 -22.057 78.694
-13.683 -24.680 74.880
-15.426 -26.755 68.770
-13.020 -30.592 63.864
-7.065 -33.634 61.131
0.642 -34.714 61.191
-11.819 -42.447 74.846
-7.194 -38.424 78.704
-0.181 -35.868 78.716
3.960 -31.656 74.833
4.535 -28.115 69.225
2.224 -25.013 64.206
-2.826 -20.906 60.469
-8.514 -17.608 61.522
-13.345 -14.136 64.843
-15.558 -11.774 70.644
-13.208 -9.050 76.808
-8.907 -7.382 81.170
-2.427 -5.566 82.430
2.885 -2.255 79.412
33.360 0.231 4.335
30.805 -3.164 -0.463
28.041 -3.543 -6.326
26.224 -0.686 -12.206
25.772 5.136 -16.102
7.484 35.739 20.304
10.124 35.356 14.271
14.284 32.384 10.075
20.471 29.275 9.175
23.283 23.790 11.531
22.220 17.732 13.946
18.967 12.840 17.071
14.310 8.611 16.368
9.133 5.925 13.051
39.615 9.013 -6.387
34.614 13.928 -6.064
27.732 14.452 -6.206
21.560 11.956 -6.191
18.027 8.340 -2.749
16.515 14.658 -2.915
11.162 18.215 -0.274
6.495 19.247 4.136
2.748 18.696 9.826
4.629 19.261 16.469
8.701 19.689 21.720
14.793 21.204 24.093
20.189 24.732 23.914
25.483 28.119 20.794
25.657 34.085 18.240
6.631 2.001 8.866
6.123 -0.600 7.928
6.312 -1.953 10.266
-0.595 -1.584 42.345
0.026 3.228 38.348
-0.569 -1.861 35.920
1.486 -8.513 36.096
3.434 -13.764 40.210
8.822 -16.959 42.049
11.623 -13.954 44.067
16.214 -10.228 42.931
21.396 -6.835 42.659
21.101 -7.277 35.924
17.944 -9.585 30.822
18.232 -4.039 30.887
17.577 1.207 34.424
17.732 4.412 40.957
-3.801 -13.037 41.281
-2.024 -14.981 35.323
1.841 -11.603 37.851
2.732 -6.357 41.221
0.470 -1.450 45.718
-2.765 3.859 46.577
-6.579 5.588 42.292
-10.817 2.865 39.381
-12.583 4.407 33.996
-7.089 7.312 29.862
-0.870 7.759 29.901
-3.076 3.400 26.520
-6.838 -1.840 25.540
-13.214 -3.710 27.391
-3.594 54.503 -11.771
-2.200 56.965 -5.861
2.132 53.812 -7.929
3.441 48.490 -10.960
2.060 43.153 -15.232
-0.729 37.510 -15.868
-5.760 36.895 -13.426
-9.729 39.037 -9.755
-11.973 36.783 -3.705
-6.037 34.412 0.212
0.213 34.699 0.630
-2.528 38.954 3.767
-6.671 43.918 4.490
-12.898 45.567 2.609
-0.112 -15.322 -37.493
-4.561 -12.886 -32.975
-4.289 -11.140 -26.922
-0.771 -9.811 -21.355
-7.563 -7.777 -21.533
-10.341 -1.952 -20.732
-10.447 4.316 -18.198
-7.359 9.619 -14.695
7.675 6.324 -22.235
6.860 5.887 -16.189
4.470 3.444 -11.751
13.710 -17.368 -27.335
11.223 -21.463 -23.462
4.978 -24.473 -22.533
-1.463 -25.061 -22.608
-0.336 -15.152 -37.422
-4.760 -12.805 -32.781
-4.300 -11.069 -26.731
-0.726 -9.781 -21.311
-7.507 -7.698 -21.579
-10.077 -1.896 -20.661
-10.114 4.369 -17.988
-6.958 9.663 -14.583
7.788 6.386 -22.301
7.119 6.002 -16.272
4.294 3.846 -11.703
13.695 -17.320 -27.342
11.219 -21.492 -23.560
4.966 -24.471 -22.703
4.913 -24.430 -22.726
-1.526 -24.027 -22.060
-1.500 -25.012 -22.403
3.162 -0.838 -8.102
3.740 -3.079 -6.221
6.311 -2.054 -5.500
