13.353 10.259 45.368
19.040 9.807 41.659
25.561 7.310 40.756
28.204 1.549 38.810
27.299 -4.432 36.095
23.718 -8.076 31.864
19.031 -9.264 27.304
15.636 -6.194 21.764
11.779 -0.765 19.647
16.893 8.779 12.417
22.987 12.176 11.189
28.587 10.779 8.315
32.371 6.429 5.102
33.758 -0.040 3.320
30.548 -5.066 0.091
25.784 -7.070 -3.922
20.983 -5.666 -7.952
17.644 -1.160 -12.054
18.065 3.815 -15.707
21.525 8.856 -18.590
37.561 0.407 -16.978
35.432 5.790 -13.794
30.506 10.265 -11.740
24.174 11.591 -10.406
18.596 9.197 -7.867
15.823 4.117 -3.971
16.228 -1.299 -0.399
20.462 -5.687 2.957
25.377 -6.664 7.487
30.445 -4.006 11.011
31.978 0.251 15.429
29.879 4.351 20.142
25.801 9.547 21.911
19.742 10.835 23.732
14.059 8.048 26.733
9.751 3.322 28.490
10.037 -1.877 32.849
13.078 -7.124 35.882
18.036 -8.746 40.154
23.344 -6.850 43.814
26.772 -2.150 47.302
12.156 5.486 18.535
13.364 9.859 45.931
18.917 9.448 41.921
25.204 7.003 40.475
28.088 1.390 38.827
26.850 -4.539 36.191
23.525 -8.288 31.978
18.898 -9.467 27.360
15.746 -6.099 21.862
11.612 -0.869 19.612
13.085 5.328 17.463
15.946 8.806 12.924
21.740 11.718 10.280
28.255 10.781 8.805
32.195 6.102 6.229
33.369 -0.101 3.602
30.345 -5.149 0.420
25.889 -7.090 -4.180
21.061 -5.702 -8.184
17.866 -1.317 -12.108
17.745 3.862 -15.456
21.467 8.528 -18.855
37.148 0.186 -16.537
35.529 5.814 -13.614
30.392 9.961 -11.740
23.903 11.558 -10.343
18.369 9.025 -7.608
15.399 4.093 -4.161
16.012 -1.571 -0.666
19.953 -5.727 2.925
24.761 -6.625 7.472
30.140 -4.069 11.052
31.567 0.190 15.275
29.741 4.224 20.340
25.572 9.400 21.884
19.656 10.591 24.020
13.764 7.811 26.860
9.515 3.152 28.691
9.761 -2.125 33.052
12.735 -7.519 35.913
17.624 -8.774 40.527
23.409 -6.988 43.817
26.566 -2.114 47.148
