9.643 46.099 34.130
16.742 44.957 36.597
20.711 44.872 42.159
21.905 43.451 49.571
20.539 38.964 53.572
17.021 33.439 56.183
15.304 27.278 55.040
20.928 22.532 56.545
26.346 19.685 54.621
31.326 18.886 50.140
33.395 35.138 47.615
28.999 32.772 42.680
27.157 27.380 39.603
20.921 29.482 37.877
14.533 29.272 38.619
9.246 30.434 42.554
6.712 34.151 47.539
6.673 39.652 51.146
9.713 45.467 53.246
51.776 15.568 23.855
46.588 19.226 21.050
40.265 20.589 19.044
35.028 23.365 22.083
32.243 26.640 27.159
31.504 26.350 34.433
34.492 29.019 40.133
40.385 32.082 41.740
46.521 34.776 41.968
49.800 40.207 38.987
50.028 44.679 33.969
47.451 49.757 30.954
29.726 45.061 34.724
32.820 41.741 30.143
37.550 41.429 25.157
42.941 37.858 24.404
48.356 33.804 26.633
50.870 30.859 32.113
48.571 26.668 36.623
43.325 24.279 40.499
38.552 18.951 38.783
34.270 15.288 35.296
32.844 11.049 29.662
34.553 9.540 23.211
-60.956 12.808 -6.651
-54.331 12.468 -5.882
-48.595 16.111 -7.402
-46.082 21.635 -4.154
-45.308 26.331 0.711
-45.106 27.457 7.068
-42.819 24.628 12.648
-40.591 20.245 16.220
-38.576 14.451 18.378
-33.350 10.386 15.382
-29.509 7.921 11.789
-24.390 8.024 7.413
-20.253 11.416 3.811
-16.333 16.134 3.410
-13.974 22.074 6.134
-13.184 26.018 11.149
-15.378 29.313 16.279
-14.006 29.681 22.596
-10.443 13.010 22.470
-17.022 12.503 21.350
-22.753 16.188 22.780
-25.316 21.500 19.517
-25.954 26.575 15.105
-27.528 26.631 8.781
-27.487 25.018 2.271
-29.457 20.120 -1.399
-33.806 15.012 -1.170
-37.499 10.136 0.267
-42.392 7.658 3.930
-47.060 8.225 7.976
-51.795 11.376 11.412
-55.067 16.878 12.948
-57.701 21.683 9.418
-56.756 26.854 4.723
-55.307 29.176 -1.185
-56.849 29.295 -7.561
-6.299 12.660 -48.844
-5.131 18.940 -47.392
-8.299 24.448 -44.875
-13.466 27.121 -41.907
-19.031 26.106 -38.091
-23.249 21.911 -34.603
-24.223 16.103 -30.951
-21.236 11.107 -27.341
-15.561 8.198 -24.849
-9.796 9.265 -21.431
-5.340 13.171 -18.810
-3.856 18.524 -14.886
-5.652 22.754 -10.016
-11.306 25.915 -7.940
-17.526 25.412 -4.192
-21.061 20.707 -0.543
-22.221 14.053 0.895
-19.683 9.456 4.434
-15.052 6.782 8.786
-5.896 22.459 9.420
-3.597 17.407 6.473
-4.410 12.250 2.259
-7.530 9.099 -2.220
-12.617 8.796 -6.963
-19.103 12.050 -8.912
-23.092 18.480 -10.423
-21.383 23.998 -14.342
-17.002 27.253 -18.369
-11.928 27.408 -22.430
-7.911 24.295 -26.559
-4.989 18.496 -28.824
-6.622 12.408 -30.847
-12.098 8.362 -32.811
-17.911 8.467 -36.474
-22.721 11.524 -39.877
-24.402 16.941 -43.896
-22.718 21.963 -47.781
-17.941 25.866 -51.309
11.963 17.599 9.296
7.574 21.558 12.252
4.493 25.258 16.777
4.618 28.348 22.637
8.670 32.049 26.714
14.049 35.451 28.263
19.327 39.152 26.531
24.290 41.156 22.149
24.970 43.952 16.121
22.087 47.001 10.970
17.363 50.412 8.303
12.044 54.164 8.298
7.116 57.563 10.935
5.444 60.722 16.715
6.686 63.006 22.877
11.286 65.813 27.245
17.257 69.127 27.911
22.488 72.634 25.326
8.618 78.398 13.331
13.367 73.618 10.195
19.496 68.945 10.250
23.988 66.030 14.224
24.227 61.670 20.206
21.089 58.298 25.234
15.325 54.976 27.261
9.611 53.084 25.664
5.589 49.780 22.049
5.217 45.135 17.161
7.791 40.785 12.653
12.737 38.044 9.112
19.036 35.508 9.088
22.936 31.709 12.887
24.258 28.641 18.387
22.331 25.592 24.066
17.680 23.601 28.677
11.827 20.621 29.198
6.958 -44.765 15.713
6.700 -41.519 21.814
10.874 -38.424 27.562
16.408 -34.897 29.299
20.907 -30.951 27.145
25.170 -27.273 22.543
24.184 -23.706 18.055
21.221 -19.895 13.304
15.400 -16.822 11.208
9.735 -14.378 12.498
5.752 -11.011 16.285
5.068 -7.351 21.562
7.645 -2.818 26.270
12.863 -0.273 29.746
18.711 3.042 29.335
23.073 6.458 25.868
24.371 9.602 20.009
22.237 12.821 14.595
4.377 12.911 21.788
4.844 9.881 15.912
8.594 6.104 11.721
14.054 2.577 10.378
19.623 -0.621 11.861
23.996 -3.014 16.482
24.889 -5.379 22.591
22.020 -8.696 27.958
17.423 -12.367 30.301
12.153 -16.258 30.162
7.223 -19.509 27.411
5.473 -22.806 21.843
6.633 -25.477 15.920
11.027 -27.392 11.104
17.050 -30.361 10.482
22.932 -34.368 12.836
25.163 -37.361 18.288
24.780 -41.567 22.493
-12.209 38.055 -16.449
-14.825 43.401 -12.465
-20.480 45.645 -9.535
-25.744 45.594 -6.801
-30.275 41.453 -3.898
-31.011 35.402 -1.637
-29.225 29.068 1.766
-23.524 26.251 5.089
-18.172 27.427 9.213
-13.198 31.363 12.463
-13.431 36.815 15.863
-16.861 42.278 18.713
-22.201 44.118 22.829
-27.057 42.420 27.119
-30.802 37.923 29.989
-20.413 25.255 26.579
-26.266 26.801 23.024
-30.763 31.040 20.320
-31.172 36.577 16.608
-28.194 41.532 12.889
-22.828 43.671 10.812
-16.678 42.872 7.262
-13.640 37.949 4.111
-13.810 32.423 -0.282
-17.713 28.078 -4.232
-23.454 27.594 -7.904
-27.783 30.442 -12.194
-30.364 36.022 -16.071
-28.617 42.051 -19.097
-23.776 45.838 -22.443
