13.353 10.259 45.368
19.040 9.807 41.659
25.561 7.310 40.756
28.204 1.549 38.810
27.299 -4.432 36.095
23.718 -8.076 31.864
19.031 -9.264 27.304
15.636 -6.194 21.764
11.779 -0.765 19.647
16.893 8.779 12.417
22.987 12.176 11.189
28.587 10.779 8.315
32.371 6.429 5.102
33.758 -0.040 3.320
30.548 -5.066 0.091
25.784 -7.070 -3.922
20.983 -5.666 -7.952
17.644 -1.160 -12.054
18.065 3.815 -15.707
21.525 8.856 -18.590
37.561 0.407 -16.978
35.432 5.790 -13.794
30.506 10.265 -11.740
24.174 11.591 -10.406
18.596 9.197 -7.867
15.823 4.117 -3.971
16.228 -1.299 -0.399
20.462 -5.687 2.957
25.377 -6.664 7.487
30.445 -4.006 11.011
31.978 0.251 15.429
29.879 4.351 20.142
25.801 9.547 21.911
19.742 10.835 23.732
14.059 8.048 26.733
9.751 3.322 28.490
10.037 -1.877 32.849
13.078 -7.124 35.882
18.036 -8.746 40.154
23.344 -6.850 43.814
26.772 -2.150 47.302
12.156 5.486 18.535
