37.125 39.258 59.446
42.358 41.980 57.150
48.035 40.776 53.501
51.317 35.878 49.658
52.418 30.337 47.595
50.083 24.710 45.122
45.600 20.655 42.562
40.791 20.228 38.430
34.603 22.242 35.590
32.594 28.219 32.853
34.194 33.988 30.380
38.128 37.200 25.787
44.006 38.098 22.137
47.495 34.123 17.923
48.208 29.193 13.882
46.719 23.438 10.735
40.643 20.252 7.913
35.599 37.888 8.338
30.357 33.753 10.588
30.108 27.971 13.834
31.904 21.497 14.761
36.752 18.900 18.623
42.536 20.085 21.817
48.251 22.776 23.893
50.435 27.344 28.352
49.678 33.695 31.445
44.942 37.385 34.502
38.992 37.605 37.421
35.268 34.867 42.227
32.698 29.495 45.788
35.344 25.310 50.155
40.676 23.269 54.557
47.274 23.000 56.853
51.670 27.086 59.740
7.079 33.698 -3.363
7.854 39.047 -0.175
7.302 45.473 0.626
8.125 21.015 57.952
7.388 27.113 56.702
7.936 33.185 58.643
7.127 33.898 -3.528
7.808 39.116 -0.477
7.226 45.428 0.485
7.487 26.907 56.833
8.002 33.095 58.531
7.184 34.006 -3.679
7.944 39.313 -0.576
7.300 45.665 0.466
8.217 20.982 58.246
7.427 26.988 56.945
8.019 33.107 58.643
7.213 33.671 -3.353
7.739 39.045 -0.446
7.189 45.397 0.564
7.510 26.858 56.851
8.015 33.027 58.453
7.947 39.064 0.184
7.299 45.446 0.778
7.289 27.235 56.923
7.879 33.341 58.803
8.338 -10.240 9.856
10.630 -4.567 7.021
12.715 -1.741 1.317
12.181 -1.786 -5.313
9.380 -4.017 -10.857
4.416 -6.631 -14.245
-1.980 -8.161 -15.145
-8.272 -7.818 -13.222
-13.416 -5.196 -10.049
-16.211 0.297 -7.471
-16.419 7.090 -6.695
-14.116 13.340 -8.313
-7.701 6.878 -23.090
-3.408 8.675 -18.269
-2.033 9.772 -11.824
-3.545 8.682 -5.309
-4.380 4.115 -0.823
-5.707 -2.075 0.858
-5.532 -8.646 0.168
-2.549 -14.030 -2.448
2.754 -16.827 -5.029
9.085 -16.854 -6.844
15.373 -14.495 -6.552
20.009 -10.717 -3.190
5.751 -0.632 11.777
7.627 4.408 7.573
7.210 8.356 3.400
9.569 6.040 -2.820
2.822 -4.574 12.675
6.879 -0.266 10.020
6.666 5.663 8.818
10.873 8.461 5.034
-113.184 23.983 -27.056
-109.971 17.984 -27.148
-103.902 14.488 -28.286
-97.405 14.461 -31.200
-91.756 17.984 -32.337
-87.995 22.700 -30.488
-84.925 25.258 -25.512
-84.683 29.210 -20.352
-86.613 27.891 -13.781
-87.957 24.302 -8.136
-86.986 18.777 -5.076
-83.888 12.906 -4.304
-79.764 8.515 -5.946
-73.935 7.448 -8.718
-67.872 8.580 -10.566
-62.295 11.561 -9.636
-58.297 16.601 -7.991
-69.772 10.306 7.706
-70.989 16.935 5.880
-70.227 21.882 2.058
-70.037 24.513 -4.145
-68.007 24.023 -10.942
-70.197 19.895 -15.769
-74.135 14.861 -18.168
-78.783 10.048 -18.386
-85.142 9.262 -18.001
-91.276 11.564 -17.084
-95.969 15.913 -14.190
-97.685 21.919 -14.218
-98.887 27.782 -17.875
-97.053 32.623 -22.376
-97.193 32.445 -29.062
-98.228 29.918 -34.711
-99.786 25.501 -39.740
-15.333 6.102 3.490
-9.849 2.723 5.412
-3.297 1.140 3.993
2.787 2.464 3.103
8.394 5.506 4.061
10.787 10.714 8.070
11.194 16.920 10.862
8.822 20.350 15.997
5.055 19.774 21.704
0.497 16.908 25.979
-0.866 12.120 29.811
1.158 7.146 33.779
16.265 2.356 23.617
10.526 0.041 21.892
4.068 -0.025 20.222
-1.284 3.867 20.526
-4.871 9.647 20.668
-5.249 15.713 18.479
-4.427 18.527 12.122
-2.029 20.228 6.806
1.291 20.445 0.947
2.933 15.704 -3.756
2.438 9.250 -5.789
-0.793 3.596 -6.656
3.119 31.234 33.551
-1.287 33.958 29.044
-7.364 32.678 29.074
-10.563 32.050 25.219
-15.791 28.830 22.365
-21.060 27.521 23.671
-26.859 29.084 21.006
-31.782 30.825 23.187
-36.752 29.944 -10.999
-33.685 33.668 -6.536
-27.599 32.719 -5.318
-25.077 32.584 -0.048
-20.109 29.249 3.381
-14.656 27.029 2.313
-9.862 27.860 6.483
-4.285 29.028 5.313
37.033 7.058 -5.544
32.478 11.416 -3.543
26.192 14.102 -3.772
20.237 12.591 -0.895
16.539 8.223 2.621
12.644 13.373 -0.303
9.734 18.413 3.285
6.703 20.743 8.916
4.399 21.755 15.186
7.197 22.422 21.596
12.455 22.346 25.922
18.538 24.744 26.541
23.908 28.183 24.477
27.597 31.741 20.306
27.808 36.628 15.570
9.883 38.111 16.826
12.832 36.258 11.066
16.969 32.140 8.331
21.348 26.908 8.855
24.718 22.239 12.638
23.740 17.608 17.423
19.895 13.636 21.180
14.226 10.220 21.011
8.633 8.783 18.346
29.872 -1.631 7.852
26.291 -4.384 3.370
22.692 -3.983 -2.172
22.669 -3.857 -2.214
21.001 -1.052 -7.673
19.276 -0.101 -6.939
20.982 4.500 -11.997
5.231 5.048 14.654
4.051 2.606 13.794
4.279 1.364 16.145
-6.008 -29.678 -49.106
-7.422 -27.280 -41.706
-10.614 -29.782 -35.747
-8.421 -32.717 -30.918
-3.369 -36.655 -28.120
2.953 -36.791 -27.270
9.220 -36.260 -28.711
15.264 -33.248 -31.496
17.228 -27.227 -32.662
17.495 -20.641 -31.575
16.719 -15.476 -27.309
13.572 -12.250 -21.974
12.556 -14.068 -15.420
13.600 -17.437 -10.030
18.343 -21.166 -6.007
24.369 -23.664 -5.552
30.287 -23.367 -5.317
36.729 -23.021 -8.033
41.297 -18.071 -10.127
28.350 -8.383 -1.526
32.055 -8.096 -3.433
30.867 -6.257 -9.433
32.851 -9.082 -15.901
33.518 -15.469 -18.885
30.602 -21.295 -19.249
26.718 -26.204 -18.207
21.496 -29.919 -15.364
14.760 -28.507 -14.040
9.250 -25.540 -15.264
5.006 -22.325 -19.384
3.799 -17.984 -24.878
5.806 -17.998 -31.444
8.438 -20.478 -36.887
9.116 -26.389 -40.664
8.399 -33.081 -41.040
6.098 -38.826 -40.083
1.366 -43.440 -38.298
-5.088 -44.324 -35.879
-7.539 -35.109 -9.532
-11.257 -28.744 -8.318
-14.456 -24.738 -3.440
-12.659 -21.544 2.265
-9.276 -20.736 8.174
-3.922 -17.215 9.389
1.751 -13.460 7.759
6.131 -10.509 4.344
7.040 -6.429 -0.831
4.492 -2.198 -4.862
-0.193 1.777 -8.058
-5.225 4.917 -7.529
-10.901 7.717 -4.647
-13.433 9.734 0.732
-12.470 11.443 7.020
-8.445 12.761 12.193
-2.453 14.736 14.283
-3.630 24.510 -1.094
1.183 19.296 -2.607
4.726 14.324 0.262
5.119 9.492 4.579
2.328 5.556 8.892
-3.611 2.597 10.763
-9.356 0.198 9.691
-12.755 -2.448 4.222
-13.229 -5.276 -1.974
-10.726 -8.245 -6.967
-5.741 -12.006 -9.494
0.561 -14.622 -9.949
4.557 -18.275 -6.876
5.535 -23.175 -2.270
3.964 -27.023 2.865
-0.458 -30.338 6.681
-6.442 -32.885 7.902
-3.369 -34.478 -9.425
-7.200 -28.456 -6.970
-9.405 -25.119 -1.157
-6.390 -21.668 3.875
-1.539 -20.633 8.630
3.467 -16.370 8.545
8.276 -12.185 5.488
11.046 -8.651 1.227
10.000 -4.405 -3.825
6.125 -0.464 -6.919
0.369 2.997 -8.470
-4.654 5.523 -6.622
-9.635 7.726 -2.066
-10.665 9.284 3.984
8.062 11.150 2.471
7.086 6.873 7.295
2.261 3.210 10.584
-3.383 0.268 11.066
-7.767 -2.786 6.689
-9.543 -5.562 0.711
-8.348 -8.077 -4.916
-3.986 -11.186 -8.913
2.235 -13.037 -11.282
7.164 -16.689 -9.448
10.013 -21.233 -5.531
10.467 -25.207 -0.349
7.496 -29.054 4.414
2.418 -32.333 7.160
17.818 -3.387 55.203
15.264 3.161 53.884
11.970 6.274 60.061
6.237 6.954 63.387
0.777 4.551 66.249
-0.789 1.371 71.100
-1.503 -4.901 74.681
3.151 -8.761 77.222
9.552 -9.251 80.328
14.448 -6.315 83.703
16.641 -1.583 87.801
15.661 3.703 92.395
11.771 8.414 95.535
5.569 9.317 97.856
0.407 7.155 101.073
-2.263 3.881 105.909
-3.664 -2.763 107.931
14.451 -2.737 107.328
11.032 -7.687 104.511
6.290 -9.278 100.238
-0.049 -8.203 97.171
-2.188 -3.345 93.211
-1.693 2.617 90.438
0.609 7.600 86.685
5.401 8.883 82.249
12.107 8.754 80.161
15.545 4.266 76.851
16.713 -2.069 74.398
14.169 -7.937 72.379
9.345 -10.277 68.433
3.291 -10.766 64.917
0.294 -6.997 60.620
0.011 -0.880 56.394
1.149 2.431 52.129
8.428 28.802 -3.575
2.568 27.095 -6.714
-3.468 28.923 -8.541
-5.788 33.986 -12.046
-6.672 39.586 -15.529
-2.789 43.258 -19.804
2.386 46.745 -22.131
7.651 45.500 -25.671
11.599 41.232 -29.042
12.944 35.198 -31.733
11.846 29.555 -34.276
8.248 26.266 -38.879
2.266 26.009 -41.137
-3.944 28.045 -42.872
-7.020 33.175 -46.039
-6.785 38.730 -49.750
-3.665 42.906 -53.208
1.171 46.957 -55.912
6.554 45.874 -59.443
11.517 42.600 -62.564
13.748 37.458 -66.109
-2.193 29.432 -62.412
3.006 27.011 -59.117
9.309 28.037 -57.183
12.345 32.678 -53.872
13.580 38.133 -50.248
10.264 42.333 -46.094
5.567 46.626 -43.924
0.232 45.785 -40.185
-4.335 42.147 -36.884
-6.063 36.565 -33.812
-5.864 30.438 -31.626
-2.679 26.936 -26.868
3.238 25.937 -24.590
9.736 27.316 -22.921
13.201 31.935 -19.544
13.489 37.381 -15.958
11.199 42.336 -12.610
6.859 46.862 -9.890
1.549 46.315 -5.976
-3.652 43.381 -3.041
-6.312 37.562 -1.300
45.622 109.551 -92.673
39.495 106.229 -93.565
36.711 101.043 -91.005
35.955 95.463 -87.169
37.970 91.766 -81.795
40.526 93.094 -75.735
44.782 96.793 -71.663
45.311 102.646 -68.752
43.947 108.234 -67.094
39.670 111.512 -63.730
33.463 113.579 -62.022
27.274 111.140 -60.333
23.745 107.132 -56.746
22.664 102.293 -52.223
24.818 96.239 -49.328
29.408 93.990 -45.543
36.354 93.834 -44.466
40.413 98.786 -42.079
41.348 105.211 -39.661
38.393 110.172 -35.653
34.728 111.329 -30.576
31.157 110.254 -25.421
31.051 108.121 -18.864
32.720 103.416 -14.883
36.389 97.901 -12.866
41.649 96.330 -12.101
47.527 93.313 -14.534
52.548 96.146 -17.737
55.134 102.178 -19.353
56.912 108.355 -17.295
57.246 112.947 -12.244
58.452 114.865 -6.014
61.549 113.606 -0.570
65.983 109.717 3.268
70.330 104.690 3.326
74.706 100.677 0.193
77.528 98.287 -5.239
79.479 99.013 -10.957
79.753 101.631 -17.476
82.890 106.992 -19.823
85.155 113.499 -19.023
90.467 116.520 -16.496
96.937 115.867 -14.161
102.184 111.614 -13.899
105.769 106.736 -14.516
108.174 101.088 -17.727
106.547 96.142 -22.442
102.728 95.129 -28.134
100.781 98.297 -33.632
100.755 103.565 -37.966
104.124 108.942 -40.781
110.203 110.805 -42.505
116.414 109.246 -44.695
121.536 105.043 -46.458
122.733 98.837 -49.084
119.954 92.809 -51.438
114.525 89.368 -53.395
109.281 89.236 -57.210
103.901 93.076 -59.432
102.438 98.767 -63.152
103.818 102.917 -68.389
105.300 102.826 -74.478
106.265 99.877 -80.662
106.737 94.511 -84.318
103.973 88.938 -86.163
99.804 83.976 -85.313
95.898 80.195 -81.081
89.946 81.173 -78.437
85.306 85.423 -75.901
81.111 90.582 -77.385
77.457 92.909 -82.404
75.775 93.957 -88.788
73.111 90.154 -93.587
70.725 84.412 -95.763
67.668 78.839 -95.090
64.183 74.204 -91.841
63.034 70.664 -86.169
60.519 71.824 -80.185
60.176 76.535 -75.273
55.742 81.688 -73.869
51.434 86.639 -75.873
45.280 87.281 -78.754
39.442 84.349 -79.987
35.197 79.620 -79.132
32.724 73.737 -77.031
32.293 70.013 -71.576
33.647 68.537 -65.545
38.578 69.001 -60.796
41.079 73.073 -56.127
41.254 79.753 -54.408
36.907 84.504 -52.565
31.299 86.062 -49.578
26.235 84.463 -45.572
25.499 81.464 -40.146
25.238 76.068 -35.903
27.298 71.000 -32.727
32.352 66.822 -30.562
38.535 66.796 -28.923
44.872 69.000 -30.602
48.099 74.543 -28.982
48.657 80.937 -27.320
47.420 84.910 -21.908
44.875 85.176 -15.652
43.945 83.047 -9.908
46.218 79.171 -4.591
49.861 74.141 -2.535
55.699 71.799 -2.001
61.373 68.943 -4.678
66.150 69.885 -9.824
69.320 75.334 -12.266
71.120 81.749 -11.998
71.591 87.622 -8.324
74.459 90.181 -3.395
79.062 89.666 1.716
83.677 85.858 4.648
88.207 80.881 4.331
91.242 75.269 1.634
92.829 72.424 -4.297
93.267 72.317 -10.621
92.747 74.894 -16.850
93.770 80.459 -20.668
98.119 85.396 -21.656
103.639 88.356 -21.023
109.727 90.033 -19.371
115.725 86.511 -18.815
118.593 80.862 -20.675
119.498 75.264 -23.051
117.327 70.347 -26.860
112.796 67.564 -31.180
109.285 67.572 -36.358
105.351 70.384 -41.356
106.545 74.837 -45.904
109.384 80.459 -48.443
115.648 80.568 -52.003
120.037 77.156 -55.590
123.033 72.277 -58.645
123.217 66.943 -61.536
119.398 62.458 -64.833
113.451 59.323 -65.963
107.414 60.799 -68.314
102.027 65.058 -69.011
100.141 70.716 -71.435
101.159 75.420 -76.003
103.544 76.943 -82.166
107.417 76.102 -87.529
108.517 59.126 -83.728
113.924 62.704 -83.938
116.436 68.424 -81.941
116.432 74.130 -78.030
113.268 78.723 -73.849
109.543 78.105 -68.326
104.548 74.910 -64.656
103.771 69.612 -60.849
105.706 64.579 -57.374
110.063 60.900 -54.033
115.716 60.250 -50.605
120.370 63.867 -47.747
123.140 69.029 -44.930
123.025 74.363 -41.194
120.259 80.559 -40.094
115.213 83.472 -38.021
108.348 83.722 -37.875
104.126 79.182 -34.704
102.806 73.446 -31.244
105.249 69.515 -26.030
108.306 69.206 -20.455
110.157 71.703 -14.693
109.913 75.637 -9.853
107.610 81.640 -7.123
104.216 86.417 -6.822
98.249 88.405 -6.643
92.957 90.424 -10.799
88.696 87.043 -14.620
85.615 81.084 -14.680
83.896 74.905 -11.811
82.797 71.455 -6.012
81.100 71.630 0.163
76.783 74.231 4.849
72.111 78.138 6.861
67.517 82.880 5.340
63.990 86.146 0.931
61.946 86.909 -5.277
60.561 84.858 -11.184
61.271 80.736 -16.676
58.236 74.927 -17.888
55.472 68.865 -15.769
49.862 66.591 -12.869
43.190 67.844 -12.308
38.095 72.347 -13.576
35.459 77.237 -16.192
34.357 82.350 -20.839
35.920 84.279 -26.845
40.749 84.144 -31.866
43.037 80.050 -36.165
43.660 74.002 -38.985
40.645 68.190 -40.985
35.502 66.448 -43.805
29.117 67.069 -46.175
24.817 69.539 -49.137
23.096 73.522 -54.159
23.674 78.682 -58.334
27.366 82.576 -61.915
33.130 85.482 -63.157
39.882 84.870 -61.630
44.292 79.866 -62.918
46.058 73.358 -64.502
45.258 68.706 -68.934
45.353 67.779 -75.617
44.558 69.550 -81.930
44.905 73.748 -86.952
48.324 78.718 -89.559
52.581 83.774 -89.246
56.117 88.319 -85.403
61.295 87.862 -81.601
65.343 84.366 -77.380
69.025 78.566 -76.990
73.486 75.266 -80.750
76.836 73.724 -86.442
80.193 76.254 -91.207
83.103 81.468 -94.471
86.102 86.894 -94.299
88.173 92.754 -92.010
88.780 97.177 -86.792
90.110 97.189 -80.424
89.672 93.699 -74.760
94.277 88.955 -71.495
98.909 84.124 -71.706
105.417 83.306 -73.241
111.098 86.049 -73.540
115.920 90.991 -74.167
117.171 97.175 -72.798
117.133 101.887 -67.803
113.905 104.844 -63.501
108.864 105.385 -58.736
105.265 101.525 -54.241
105.488 95.522 -50.663
109.584 91.642 -47.025
114.397 91.632 -42.416
117.683 95.396 -37.525
118.860 101.305 -34.013
116.496 106.997 -31.270
111.217 112.258 -29.699
104.650 112.692 -29.725
98.330 110.129 -31.008
94.906 105.081 -28.645
94.598 98.722 -26.344
94.735 96.309 -19.321
95.478 98.093 -12.759
95.599 101.543 -8.001
93.149 106.760 -4.391
89.055 111.671 -4.140
83.151 114.335 -4.861
78.073 115.905 -8.863
74.224 113.660 -14.237
71.363 107.735 -15.484
69.707 101.473 -14.269
68.335 96.214 -9.264
64.331 95.719 -3.985
59.395 97.938 -0.635
54.346 101.868 1.996
50.099 106.157 -0.983
47.872 110.827 -5.418
47.012 112.674 -11.721
47.501 111.223 -18.435
48.509 107.270 -23.389
48.448 100.930 -26.359
44.241 95.813 -26.756
38.449 93.081 -26.515
31.900 92.144 -25.158
27.081 94.641 -28.066
22.905 99.799 -30.138
23.275 105.052 -33.842
26.540 109.651 -37.911
31.798 111.085 -41.693
35.784 109.869 -46.553
40.366 105.965 -50.241
39.682 100.463 -53.672
36.508 94.546 -55.384
32.082 93.595 -60.139
27.617 95.598 -64.770
26.326 99.179 -69.315
27.182 104.399 -73.459
31.409 109.480 -75.728
37.756 112.257 -76.436
44.046 110.710 -77.231
48.537 105.695 -76.362
51.049 99.863 -78.124
50.541 94.363 -82.008
49.196 91.838 -88.191
45.808 91.550 -94.117
-44.047 48.961 13.575
-40.948 53.569 18.242
-42.100 57.809 22.323
-46.332 61.775 25.206
-52.651 63.496 27.764
-58.617 62.528 29.889
-63.013 59.621 32.290
-64.228 58.399 38.352
-61.174 57.452 44.632
-55.793 55.266 48.535
-50.019 58.138 50.063
-43.984 60.837 48.897
-40.687 66.654 47.228
-41.156 72.953 48.465
-58.499 72.324 49.403
-56.543 73.702 43.614
-52.084 72.531 38.726
-46.570 69.397 36.457
-44.112 63.357 36.078
-45.236 57.065 35.493
-47.199 51.653 34.029
-50.214 46.357 31.002
-55.437 44.647 26.200
-59.905 48.116 22.548
-61.512 53.873 19.158
-59.344 59.966 17.068
-55.537 64.894 16.058
-49.428 66.250 13.829
-44.550 -1.655 45.688
-45.455 -4.318 45.095
-57.203 -6.006 22.686
-56.266 -8.278 24.109
-44.517 49.245 13.587
-41.616 54.037 18.445
-42.854 58.302 22.398
-47.228 62.210 24.725
-53.763 64.186 26.799
-59.177 62.501 30.091
-63.823 58.876 32.137
-65.058 58.394 38.877
-61.695 57.515 45.007
-56.314 55.616 48.816
-50.590 58.623 50.385
-44.514 61.527 48.686
-41.253 67.162 46.419
-40.863 73.628 49.535
-59.313 72.265 49.468
-57.301 73.948 43.756
-53.345 73.067 38.775
-47.525 69.371 36.247
-44.771 63.735 36.122
-45.946 57.319 35.795
-47.665 51.957 34.532
-50.853 46.647 31.319
-55.881 44.866 26.474
-60.146 48.021 22.743
-62.784 53.558 19.361
-61.061 59.825 17.467
-56.659 64.897 16.385
-50.477 66.315 13.680
-44.996 -1.623 45.860
-45.846 -4.285 45.360
-57.407 -6.361 22.848
-56.311 -8.582 24.122
-44.712 49.918 13.229
-42.079 54.148 18.307
-42.856 58.434 22.320
-46.888 62.098 25.133
-53.027 63.631 28.448
-59.194 62.715 30.281
-63.477 59.962 32.567
-64.626 58.652 38.755
-61.643 57.685 45.015
-56.253 55.663 48.917
-50.571 58.629 50.463
-44.688 61.648 49.089
-41.451 67.582 47.270
-41.280 73.936 49.319
-58.961 72.826 49.512
-56.769 74.264 43.662
-52.680 73.050 38.822
-47.195 69.422 36.945
-44.769 63.970 36.566
-45.620 57.423 35.890
-47.767 52.116 34.376
-50.767 46.659 31.209
-55.947 44.935 26.471
-60.312 48.413 22.770
-62.000 54.000 19.418
-60.893 60.594 17.641
-56.551 65.289 16.517
-50.441 66.916 13.995
-44.891 -1.433 46.138
-45.702 -4.042 45.372
-57.594 -6.133 22.737
-56.575 -8.349 24.171
-44.864 49.496 13.033
-41.616 53.703 17.793
-42.387 58.040 22.080
-46.393 61.781 25.527
-52.255 63.804 28.190
-58.322 62.477 30.164
-62.916 59.453 32.274
-63.951 58.344 38.483
-60.830 57.131 44.750
-55.644 55.128 48.480
-50.060 57.810 50.239
-43.884 60.518 49.275
-40.335 65.883 47.396
-40.949 72.553 48.797
-58.374 71.732 48.938
-55.918 74.058 43.114
-51.051 72.724 38.874
-46.271 68.931 36.455
-43.635 62.846 36.263
-44.947 56.716 35.334
-46.902 51.626 34.102
-50.277 46.484 30.658
-55.164 44.886 25.853
-59.597 48.338 22.524
-61.884 53.842 19.387
-60.355 60.238 17.168
-56.098 65.143 16.531
-49.854 66.764 14.009
-44.906 -1.458 45.196
-45.578 -4.058 44.394
-59.361 53.847 1.279
-54.771 50.744 4.572
-49.344 50.064 7.973
-44.585 52.290 11.711
-43.809 56.290 17.445
-46.398 60.696 21.155
-51.549 64.342 24.386
-56.897 62.741 28.236
-62.240 59.281 30.421
-63.018 59.358 37.094
-60.164 57.644 43.409
-54.198 55.720 46.311
-48.204 58.398 47.846
-42.902 62.743 46.794
-42.076 69.500 47.467
-44.962 75.599 47.790
-60.477 69.754 52.359
-59.393 72.644 47.275
-56.795 73.131 41.663
-52.555 71.863 36.912
-46.639 68.657 35.111
-44.264 62.296 35.304
-45.542 56.674 34.003
-46.473 51.263 31.801
-49.972 46.345 28.633
-55.433 44.869 24.334
-59.715 48.561 20.547
-62.970 54.044 18.619
-61.067 60.662 16.616
-56.685 65.489 15.434
-50.486 67.311 13.373
-46.219 65.937 8.477
-44.499 61.589 3.003
-44.843 -1.901 43.929
-45.985 -4.434 43.436
33.728 58.722 60.852
39.071 54.900 59.148
40.040 49.841 55.510
36.782 43.676 53.964
32.017 39.725 51.179
26.265 39.915 47.214
21.645 43.354 43.741
21.246 47.854 38.413
24.116 52.522 34.604
29.346 54.038 30.767
34.932 53.249 27.516
38.309 48.951 23.749
39.735 43.229 20.825
38.069 38.245 17.228
33.967 33.872 14.160
27.464 33.431 11.943
21.134 35.841 11.851
18.907 42.268 9.930
19.122 48.818 8.628
22.309 51.666 2.954
27.110 51.927 -1.739
29.351 48.829 -7.403
30.099 42.944 -10.888
26.251 38.330 -13.877
11.598 49.546 -11.752
9.038 43.650 -9.002
12.743 38.700 -6.128
18.488 35.742 -4.604
25.364 34.930 -4.945
31.197 38.398 -3.983
33.877 43.361 -0.862
34.187 47.682 3.977
31.800 50.008 9.611
26.207 50.766 13.776
23.342 47.416 18.061
22.296 42.096 22.304
23.964 35.310 23.814
29.482 33.498 26.797
34.068 35.692 31.179
39.278 38.981 33.666
40.618 45.081 36.104
38.397 50.638 38.957
33.788 55.686 39.908
27.553 56.484 42.805
22.280 53.886 45.687
20.580 49.789 50.966
22.117 45.864 55.842
26.703 41.150 58.934
8.837 -10.209 24.060
9.136 -6.816 18.434
7.248 -2.151 14.358
13.135 -3.657 13.110
18.465 0.411 9.392
24.904 1.280 9.815
31.111 0.021 12.253
35.111 -4.524 14.782
23.009 -18.567 9.690
22.525 -17.200 16.205
24.500 -13.824 21.722
27.054 -8.525 25.030
27.594 -1.757 25.087
24.266 3.527 23.756
19.996 6.989 22.638
13.863 9.677 23.784
7.936 7.712 26.473
13.974 24.811 31.792
16.891 19.305 34.610
17.874 12.920 33.312
17.789 8.467 38.034
22.732 4.971 39.668
26.868 5.078 45.579
9.545 -8.477 -14.417
12.278 -12.091 -10.196
18.371 -14.111 -7.619
25.004 -13.004 -6.753
29.672 -8.783 -5.131
31.622 -3.739 -2.288
32.045 2.471 -0.045
28.180 6.996 3.160
22.810 7.252 7.439
16.713 4.562 9.415
14.425 0.116 12.982
14.380 -3.997 17.581
16.141 -8.788 22.148
21.011 -9.435 26.990
26.029 -6.033 30.321
29.999 -0.530 30.500
30.279 5.724 30.715
27.921 11.111 32.350
23.816 15.322 35.672
18.655 17.091 39.329
16.128 15.357 44.959
13.453 10.635 49.017
16.234 5.356 52.141
20.775 2.482 55.035
25.704 2.212 59.016
31.443 3.925 62.656
34.198 8.913 66.049
32.781 14.664 68.144
27.493 19.646 69.400
20.969 20.586 70.245
16.050 19.941 73.457
18.659 4.279 80.062
16.230 3.679 74.120
14.132 8.057 69.273
14.745 13.700 65.618
19.150 18.143 62.515
25.256 20.307 60.844
31.097 18.858 57.863
33.961 15.166 53.089
33.088 10.114 48.876
30.261 3.964 47.407
24.950 0.665 45.930
18.605 -0.098 43.980
12.864 1.988 40.600
10.315 7.073 36.833
11.136 7.169 30.284
15.937 9.414 26.041
22.643 9.579 23.414
27.925 6.073 21.111
31.922 0.593 20.982
32.517 -5.345 19.577
31.047 -9.317 14.513
25.107 -10.704 11.196
18.807 -9.390 8.802
15.090 -5.627 4.603
13.542 0.051 1.642
15.316 4.481 -2.682
19.070 5.839 -8.019
22.505 2.776 -13.014
27.128 -1.545 -15.872
28.940 -7.838 -16.190
25.979 -13.996 -16.196
-13.905 8.966 77.574
-9.228 13.262 74.568
-9.045 19.805 72.998
-11.487 25.435 70.429
-13.784 30.876 73.578
-16.044 34.270 78.930
-17.455 35.794 84.844
-15.538 35.416 90.876
-11.109 34.223 95.208
-5.056 32.857 97.696
0.919 33.051 96.783
-0.493 48.298 88.321
-2.312 44.016 84.031
0.730 39.437 80.123
1.814 32.976 81.334
0.659 26.982 84.379
-2.542 23.111 87.368
-8.618 20.908 89.277
-15.090 21.561 91.062
-20.655 22.825 88.210
-24.359 23.400 82.921
-25.637 23.869 76.457
-24.159 22.297 70.174
-20.992 19.041 65.568
36.753 7.762 -5.592
31.845 11.786 -3.811
25.160 13.575 -4.240
19.341 11.638 -1.879
16.396 8.094 2.704
12.677 13.408 -0.275
9.714 18.392 3.447
6.718 20.692 8.958
4.219 21.833 15.263
7.032 22.287 21.591
12.256 22.386 25.957
18.327 24.578 26.635
23.820 27.634 24.847
27.832 30.822 20.203
27.570 36.570 16.685
9.552 37.136 17.730
12.460 35.868 11.976
17.200 32.207 8.651
21.049 26.655 9.133
24.268 21.951 12.319
23.506 17.299 16.947
19.827 13.462 21.002
14.308 10.082 20.971
8.408 8.467 18.580
30.266 -2.021 8.111
26.614 -4.683 3.508
23.120 -4.485 -2.161
21.197 -1.675 -7.642
21.026 3.147 -12.555
5.056 5.076 14.616
3.859 2.784 13.622
4.065 1.253 16.331
18.618 139.161 27.562
13.011 139.500 23.924
9.813 136.968 18.776
9.463 132.994 13.361
11.649 127.624 9.781
14.279 121.519 11.331
18.519 117.661 15.219
18.714 114.745 21.111
16.236 112.892 26.730
11.176 110.292 29.954
4.996 109.065 31.424
0.052 106.133 28.447
-2.910 103.117 23.943
-3.397 98.823 18.908
-0.633 95.369 13.686
4.093 91.556 12.049
10.582 89.706 12.213
14.261 87.999 17.731
13.764 85.484 23.921
10.560 81.545 27.910
6.556 77.228 29.850
4.210 70.236 28.689
2.697 65.452 25.137
5.764 61.513 20.746
9.947 58.872 16.559
15.425 58.437 13.440
21.924 60.086 11.795
26.929 63.155 15.348
28.471 65.672 21.293
30.408 63.431 27.056
31.132 58.391 31.555
32.248 52.506 33.539
34.126 46.434 32.399
39.366 43.269 29.130
43.291 42.635 23.637
47.996 45.411 19.565
50.825 50.858 16.755
52.969 56.819 17.326
53.182 63.162 19.940
56.443 65.482 25.211
58.703 64.902 31.540
63.763 62.121 34.602
70.382 60.337 33.894
75.775 59.834 29.998
79.140 60.888 24.826
81.020 63.033 18.731
79.783 68.120 14.586
75.951 73.794 13.348
74.505 79.366 16.285
74.433 83.592 21.645
77.780 86.304 26.850
83.465 88.546 28.613
89.887 89.638 27.759
95.029 90.715 23.408
97.121 95.196 20.855
97.131 96.963 13.900
94.143 100.460 9.301
88.764 102.654 6.761
81.998 102.474 7.171
77.470 105.372 11.262
75.764 108.703 17.168
76.875 114.247 20.399
79.128 120.704 20.556
80.459 125.994 17.335
80.342 130.109 12.185
77.376 131.838 6.706
73.191 131.112 1.620
69.337 126.689 -1.938
63.530 123.872 -0.821
58.939 121.626 3.504
55.229 122.948 9.158
51.370 127.980 11.351
49.623 134.269 11.807
47.190 139.351 8.122
43.971 141.184 2.773
40.944 140.643 -3.020
37.367 137.452 -7.449
36.085 131.697 -11.266
33.523 125.944 -9.838
33.723 120.947 -5.155
29.422 119.674 -0.017
25.045 121.645 4.896
18.841 124.469 5.611
13.114 125.712 2.485
8.695 124.797 -2.013
6.103 122.593 -7.738
5.658 117.155 -11.344
7.350 111.073 -12.647
12.280 106.448 -12.132
14.623 101.886 -8.149
14.765 100.097 -1.484
10.528 98.402 3.434
4.903 95.625 4.922
0.470 91.080 3.818
-1.462 85.957 0.196
-1.855 82.194 -5.020
0.761 78.103 -9.405
5.624 76.432 -14.039
11.722 74.718 -14.021
18.085 76.319 -12.131
21.571 74.919 -6.774
21.957 73.093 -0.297
20.614 67.880 3.597
17.625 61.880 4.980
17.816 55.595 3.191
19.725 50.545 -0.931
22.858 48.365 -6.470
28.552 48.254 -9.565
34.533 50.389 -12.142
38.891 55.761 -11.570
42.754 57.816 -6.196
44.573 57.727 0.235
45.031 53.988 6.034
47.374 48.608 8.488
52.493 44.483 7.221
56.794 40.511 3.892
61.418 41.288 -0.931
64.911 44.384 -5.947
66.382 49.827 -9.038
66.144 56.574 -9.295
66.395 62.326 -6.560
67.065 66.562 -1.084
71.202 67.359 4.115
76.315 65.681 8.214
82.502 64.695 7.969
88.444 64.271 4.952
91.982 65.851 -0.528
92.862 69.122 -5.952
91.012 72.477 -11.720
86.410 76.629 -14.397
82.605 81.709 -14.446
78.452 86.672 -11.729
79.677 91.325 -7.366
82.684 94.038 -1.679
88.344 97.806 -1.772
93.262 100.862 -4.836
96.833 103.671 -9.449
96.549 107.029 -15.053
92.560 109.999 -19.526
86.486 110.642 -22.604
80.371 112.779 -21.161
75.225 113.877 -17.009
73.384 116.795 -11.435
74.355 121.467 -6.894
76.703 127.704 -5.842
80.748 132.846 -6.235
81.608 128.968 -23.634
86.942 128.455 -20.378
89.596 125.639 -15.011
89.529 123.795 -8.524
86.646 119.696 -4.085
82.851 113.977 -4.004
77.906 110.096 -6.835
77.300 105.902 -11.762
78.872 102.430 -17.039
83.312 99.322 -20.944
88.768 95.934 -21.680
93.579 93.175 -18.101
96.450 90.553 -12.867
96.202 86.967 -7.357
93.575 85.425 -1.098
88.199 83.452 1.729
81.155 83.437 1.631
77.392 80.146 -2.895
77.094 76.161 -8.556
79.516 71.455 -11.967
82.174 65.300 -12.651
83.449 59.576 -9.835
84.162 55.413 -4.715
81.442 52.945 0.602
76.890 52.166 4.853
70.833 52.580 7.482
65.262 56.566 8.894
61.167 59.550 4.636
59.364 60.542 -1.613
57.102 57.554 -6.842
55.767 51.933 -10.373
53.999 45.408 -10.494
49.943 40.640 -7.782
45.443 38.624 -3.577
40.707 40.256 0.615
37.055 44.689 4.173
35.445 51.064 5.596
33.865 56.908 3.578
34.751 62.395 -0.629
31.633 63.745 -6.228
28.962 61.680 -12.252
23.275 58.808 -14.354
16.787 58.140 -12.878
11.469 59.643 -8.950
8.648 62.979 -4.194
8.352 66.177 1.736
9.693 72.554 3.113
14.312 77.706 3.238
16.396 81.921 -1.042
16.988 84.904 -7.015
13.832 86.606 -12.725
8.254 89.094 -14.468
2.176 91.674 -13.842
-1.999 95.040 -11.557
-3.547 100.001 -7.564
-2.851 104.120 -2.408
0.885 107.661 1.345
6.641 108.981 4.090
13.355 107.524 3.598
17.782 108.678 -1.456
19.526 110.188 -7.947
19.049 114.565 -12.524
18.504 121.166 -14.017
18.173 127.225 -12.135
18.493 132.523 -7.882
21.752 135.117 -2.964
26.100 135.023 2.001
29.634 131.144 6.494
34.790 127.059 6.181
38.912 123.154 2.577
42.503 122.658 -3.241
46.716 126.249 -6.803
50.173 131.668 -8.086
53.251 136.722 -5.819
56.543 139.890 -0.882
59.616 139.912 4.903
62.533 137.483 10.019
62.363 132.449 14.874
64.072 126.263 15.134
63.776 120.280 11.744
67.882 117.209 7.112
72.437 117.309 1.899
78.826 118.914 0.795
84.775 120.094 3.265
88.821 119.642 8.554
91.139 118.472 14.606
89.994 114.470 19.866
87.543 109.100 22.567
81.880 104.976 23.058
79.496 99.718 19.775
79.064 96.587 13.492
82.984 93.150 9.643
88.070 89.077 8.896
91.828 84.740 10.805
93.313 80.721 15.032
92.146 77.246 20.378
90.215 75.721 26.604
84.226 75.382 30.939
77.805 75.028 30.674
71.714 76.930 28.143
68.331 74.332 23.189
67.916 71.779 16.867
68.328 65.423 14.807
69.579 58.834 15.872
69.132 53.700 19.479
67.368 49.992 24.876
62.904 49.853 29.975
57.291 51.506 32.633
51.653 54.862 33.987
48.002 60.427 31.977
44.766 61.286 26.049
43.058 59.881 19.809
41.384 55.352 15.359
38.004 49.658 14.720
33.002 46.466 16.668
27.771 44.597 20.347
23.220 47.207 24.669
20.826 51.594 28.893
20.157 58.094 30.979
21.206 64.690 29.484
21.950 69.505 25.487
21.918 72.470 19.375
17.743 72.646 14.002
12.492 71.175 10.705
6.116 71.117 10.565
0.151 71.696 13.024
-2.939 75.523 17.534
-3.334 80.484 22.089
-0.973 84.467 27.006
4.721 88.388 29.607
9.371 92.836 28.550
14.064 96.091 24.654
13.785 99.646 19.039
11.069 101.294 12.971
6.316 106.098 11.722
2.504 110.874 13.635
-1.041 114.659 17.548
-0.085 119.371 22.048
3.806 122.305 26.909
9.852 123.058 29.796
16.552 123.182 28.283
21.650 122.663 24.189
24.259 124.198 18.152
24.114 127.915 12.675
22.500 133.807 10.066
19.422 139.768 9.409
17.611 45.831 0.356
16.506 43.409 5.379
17.088 44.008 11.252
18.699 47.730 15.862
20.170 52.987 18.183
20.509 58.753 18.667
18.047 63.802 17.704
13.845 68.027 15.761
7.871 68.599 13.071
2.439 67.172 11.437
-2.615 63.175 12.323
-6.516 59.978 14.962
-8.941 58.019 20.033
-9.737 58.239 25.955
-9.318 60.848 31.191
-8.977 65.081 34.707
-9.485 71.335 34.612
-3.664 73.331 19.119
0.419 73.889 23.576
4.081 71.978 26.825
5.647 65.509 28.316
5.960 59.788 28.778
5.659 54.209 26.438
5.121 50.550 21.870
5.364 50.035 15.539
6.178 51.818 9.408
6.370 56.353 3.984
10.035 61.172 1.757
16.797 58.685 0.950
22.826 59.076 2.378
28.449 58.167 5.414
31.501 53.930 8.702
33.110 48.035 10.871
31.470 41.420 9.870
20.573 39.751 -20.095
26.943 39.374 -21.986
32.621 39.179 -22.451
37.965 38.867 -18.778
41.887 38.678 -14.379
43.100 37.112 -8.155
42.273 34.441 -3.154
40.425 30.164 0.225
38.929 24.621 0.878
38.370 18.763 -0.851
38.340 14.327 -5.807
40.743 12.362 -10.495
45.470 12.418 -14.926
50.729 12.645 -17.218
56.562 13.368 -16.683
61.780 13.506 -14.167
65.836 11.828 -9.719
67.462 10.359 -3.444
66.028 7.008 1.281
49.347 4.590 -4.435
50.527 8.081 0.581
54.090 12.524 3.798
57.959 17.724 2.762
54.304 22.332 -1.364
54.115 25.867 -6.530
53.217 28.011 -12.315
48.714 27.922 -16.884
42.438 26.371 -17.729
36.555 22.748 -18.379
31.331 21.025 -15.210
28.302 27.250 -13.025
26.168 30.769 -8.408
26.309 35.057 -3.326
29.155 40.335 -1.833
31.751 45.605 -3.250
34.256 50.072 -8.279
36.027 51.890 -14.035
34.456 53.259 -20.217
-34.107 16.033 -12.632
-29.344 18.267 -15.062
-24.038 20.459 -14.529
-18.710 21.907 -11.733
-15.913 21.896 -5.514
-14.622 20.445 -0.478
-15.320 16.075 4.457
-15.665 11.088 7.040
-15.588 5.216 7.187
-14.180 0.013 4.885
-10.249 -3.095 2.170
-5.515 -4.495 -1.386
-0.677 -3.631 -4.042
-3.714 14.319 -1.570
-5.242 12.209 -7.511
-7.869 7.934 -12.288
-12.837 3.880 -12.741
-19.175 6.022 -10.349
-24.416 5.445 -6.653
-28.512 6.036 -1.955
-30.070 10.545 2.353
-29.922 17.003 3.286
-27.348 23.489 4.248
-25.410 28.867 1.303
-30.983 31.312 -2.693
-33.234 33.101 -8.227
-41.418 28.417 -12.743
-46.102 26.375 -15.232
-51.385 24.319 -14.718
-56.471 22.917 -11.696
-59.589 22.799 -5.960
-60.959 24.251 -0.518
-60.143 28.507 4.166
-59.657 33.482 6.849
-59.578 39.387 6.817
-61.197 44.557 4.444
-65.076 47.686 2.070
-70.005 49.061 -1.307
-74.937 48.053 -4.285
-71.768 30.851 -1.108
-70.437 32.532 -7.759
-68.071 36.567 -12.099
-63.206 40.700 -13.198
-56.684 38.598 -10.717
-51.494 38.971 -7.133
-47.240 38.221 -2.849
-45.902 34.049 1.777
-45.593 27.616 2.977
-48.022 21.066 4.078
-50.132 15.932 1.074
-44.659 13.291 -3.023
-42.384 11.836 -8.812
-69.611 60.570 -56.261
-66.693 56.476 -58.449
-63.878 51.623 -57.170
-62.273 46.782 -53.826
-61.393 44.059 -47.567
-62.950 43.000 -42.262
-67.600 42.928 -37.985
-72.640 42.594 -35.220
-78.212 41.120 -35.387
-82.957 38.641 -37.808
-85.591 34.329 -40.236
-86.686 29.598 -43.939
-85.098 24.998 -46.923
-67.957 30.727 -45.094
-70.150 31.610 -51.239
-75.233 33.630 -55.039
-79.778 37.971 -55.330
-78.455 44.665 -52.858
-79.826 49.472 -49.115
-79.784 53.882 -44.920
-75.481 56.552 -41.187
-69.096 57.643 -39.917
-62.560 57.195 -38.823
-56.564 54.919 -41.158
-54.894 60.694 -45.238
-53.334 62.907 -51.105
16.635 -17.936 -56.092
14.048 -13.592 -58.101
10.953 -8.555 -57.563
9.070 -3.494 -54.120
7.978 -1.128 -48.100
9.050 0.069 -42.835
13.467 -0.112 -37.863
18.475 0.306 -35.342
24.374 1.349 -35.870
29.107 3.666 -37.746
31.364 8.095 -40.382
32.129 13.294 -43.546
30.254 18.051 -46.160
13.763 11.874 -42.204
15.018 11.374 -49.257
19.827 10.135 -54.349
24.590 5.325 -55.332
23.279 -1.304 -53.183
24.946 -6.611 -49.928
25.291 -10.996 -45.392
21.250 -13.596 -40.914
14.913 -14.748 -39.457
7.655 -13.032 -38.937
2.503 -12.008 -42.066
1.012 -17.526 -46.538
-0.291 -19.629 -52.328
6.353 47.867 -27.858
5.133 42.844 -25.491
3.449 37.199 -25.367
2.794 32.237 -29.025
2.814 29.723 -35.091
4.446 28.915 -40.414
8.546 30.600 -45.015
13.397 31.954 -47.611
19.289 33.011 -47.601
24.691 32.150 -45.396
28.419 28.679 -43.146
30.789 23.910 -39.955
30.638 18.728 -37.423
13.059 19.106 -40.136
14.034 20.888 -33.657
18.527 23.410 -28.710
21.403 29.017 -28.030
18.420 35.193 -29.955
17.780 40.586 -33.321
16.703 44.853 -37.683
11.441 46.032 -41.381
5.478 45.161 -42.811
-0.574 41.030 -43.969
-5.450 38.154 -41.557
-8.774 43.056 -37.089
-10.867 44.821 -31.207
-60.717 -5.174 -30.985
-59.022 0.122 -29.865
-56.823 5.890 -31.709
-56.651 10.582 -37.076
-56.718 12.191 -43.421
-62.102 12.261 -47.483
-67.232 12.027 -50.019
-73.299 11.411 -50.564
-78.813 11.141 -48.264
-82.422 14.078 -45.441
-84.868 18.367 -41.483
-84.306 23.373 -38.339
-66.638 22.619 -42.240
-67.500 20.571 -35.729
-71.638 17.272 -30.957
-74.974 11.914 -30.724
-71.820 6.320 -33.592
-72.058 1.147 -37.376
-71.512 -2.106 -43.081
-66.926 -2.486 -47.699
-60.496 -2.207 -48.973
-54.152 0.419 -48.723
61.144 5.105 10.326
55.285 2.654 8.212
48.625 1.823 9.905
44.347 0.914 14.303
43.079 6.949 12.525
39.653 12.077 16.834
39.954 18.552 17.632
42.435 24.613 16.047
45.176 28.836 12.037
39.795 16.638 -1.855
46.391 16.372 -0.755
51.740 18.161 2.994
55.025 21.063 8.002
54.552 22.165 14.470
53.190 19.052 19.837
52.129 14.334 23.499
53.113 8.248 25.741
53.421 1.552 25.308
52.671 -4.626 21.792
-11.288 0.105 5.069
-8.738 -5.667 4.618
-5.716 -11.173 1.627
-2.229 -12.670 -3.689
0.313 -11.716 -9.783
4.241 -7.212 -13.054
8.362 -2.215 -14.223
11.666 2.686 -11.596
13.139 6.974 -6.380
17.714 5.995 -1.331
20.790 4.540 4.629
24.708 -1.104 5.676
43.831 -30.619 24.510
36.451 -29.554 24.770
30.559 -32.528 28.081
27.668 -28.521 33.874
27.414 -26.118 39.419
29.265 -20.380 42.917
32.775 -14.094 43.526
34.171 -9.084 41.081
36.338 -5.773 36.099
34.625 -2.021 30.955
30.505 -1.434 24.530
23.966 0.152 23.462
20.642 -11.318 -7.797
18.830 -12.760 -1.487
16.105 -9.687 4.248
12.020 -5.151 6.583
9.016 0.703 6.133
5.313 4.988 2.771
2.678 7.948 -2.956
-1.254 6.450 -7.905
-5.075 2.522 -12.004
-7.052 -3.489 -13.807
-11.525 -7.524 -12.659
-14.596 -11.742 -8.368
16.198 -8.362 37.613
17.037 -11.099 31.825
20.189 -12.130 25.552
26.423 -12.192 22.638
33.103 -11.811 23.443
38.727 -12.893 26.326
42.147 -14.608 31.765
42.633 -17.955 38.683
42.569 -22.965 39.978
40.064 -27.799 43.137
37.493 -34.941 41.809
34.041 -38.505 37.346
7.698 0.603 92.704
13.177 -3.746 92.759
16.437 -9.421 91.426
16.286 -15.180 88.100
14.792 -18.559 82.282
12.509 -17.940 75.315
8.932 -14.076 70.690
8.300 -7.535 68.503
10.215 -0.332 67.879
14.207 1.728 64.514
20.871 2.311 62.481
26.042 0.585 60.555
29.211 -4.114 56.386
30.267 -10.656 53.415
27.661 -14.467 49.957
23.398 -16.626 45.542
16.426 -15.643 44.628
12.246 -11.674 42.284
11.864 -4.805 40.450
16.193 -0.951 35.843
19.106 1.194 31.208
21.141 -0.063 24.776
24.767 -3.564 19.977
21.614 -7.165 15.539
18.477 -13.500 14.440
13.121 -15.390 13.952
6.138 -16.667 12.996
1.128 -14.700 17.540
-1.312 -8.283 19.316
-3.264 -2.096 17.181
-3.262 2.360 12.576
-5.418 4.512 6.698
-7.618 3.874 1.048
-12.147 -0.788 -2.615
-15.650 -6.874 -3.432
-18.773 -12.005 0.260
-23.222 -13.249 4.759
-25.920 -12.823 10.050
-26.266 -10.167 16.550
-30.028 -4.291 18.720
-31.867 2.782 16.937
-36.939 5.315 16.166
-43.900 4.979 13.884
-49.338 1.076 12.715
-53.103 -4.618 14.868
-53.894 -11.269 16.339
-52.950 -15.303 21.320
-48.894 -17.082 27.090
-47.715 -13.395 32.468
-47.647 -8.050 36.801
-50.544 -3.165 40.021
-57.456 -1.488 42.858
-63.922 -1.693 42.168
-68.874 -6.238 43.190
-72.272 -9.662 46.625
-71.429 -15.028 51.635
-68.191 -19.375 54.894
-62.586 -22.180 56.817
-55.959 -22.328 55.821
-50.951 -18.194 58.776
-49.387 -12.570 62.256
-50.993 -8.440 67.154
-53.970 -8.404 73.491
-55.020 -12.107 78.400
-54.971 -17.080 83.181
-50.776 -21.767 85.986
-47.854 -27.782 83.473
-42.478 -30.111 81.253
-37.158 -29.399 78.020
-32.723 -24.971 74.998
-28.799 -18.764 76.544
-25.924 -16.339 81.932
-22.604 -17.139 86.473
-21.872 -20.605 93.001
-18.038 -25.187 95.056
-15.457 -31.702 94.122
-12.020 -36.030 91.832
-10.245 -39.403 85.960
-8.031 -37.972 80.172
-7.110 -33.348 74.990
-3.290 -28.181 73.482
1.495 -23.401 76.029
7.768 -22.680 78.740
13.055 -26.345 80.193
17.431 -30.045 80.017
19.449 -36.312 77.682
20.278 -39.900 71.550
18.560 -41.457 65.852
13.867 -40.959 61.041
11.504 -36.922 56.597
12.081 -30.282 54.802
16.439 -25.700 53.168
22.058 -24.302 49.699
26.125 -24.680 44.697
29.458 -28.953 40.376
29.052 -33.158 36.169
27.214 -38.774 32.751
21.665 -43.814 31.244
15.797 -42.918 29.146
9.409 -40.734 31.089
5.878 -36.478 29.330
5.681 -29.938 26.792
7.190 -25.228 22.792
9.218 -23.784 16.233
11.929 -26.184 9.889
9.602 -30.623 4.786
5.641 -35.693 2.270
-0.604 -38.602 1.583
-5.483 -41.393 5.009
-11.363 -41.148 9.639
-14.901 -35.988 11.692
-17.025 -29.389 11.167
-17.316 -22.893 8.268
-19.764 -20.390 2.362
-23.689 -21.903 -3.297
-28.712 -25.335 -6.207
-34.156 -29.775 -5.950
-37.462 -35.034 -2.038
-38.267 -39.231 2.808
-39.689 -39.523 9.799
-39.288 -35.889 15.290
-40.207 -30.476 20.184
-43.753 -24.284 20.358
-49.099 -21.012 17.692
-54.902 -21.331 19.016
-61.014 -25.087 17.465
-65.578 -30.120 19.849
-66.938 -35.111 23.249
-63.873 -41.217 26.279
-58.310 -43.719 29.163
-55.965 -44.309 34.830
-52.186 -41.549 40.284
-52.909 -35.437 43.298
-55.624 -30.825 46.442
-61.809 -31.080 50.719
-68.020 -34.126 53.927
-70.253 -39.038 56.823
-70.253 -46.243 59.214
-64.972 -49.117 62.761
-59.713 -51.550 65.228
-54.232 -50.536 67.712
-48.473 -46.309 66.125
-46.694 -40.072 69.690
-48.768 -35.489 74.422
-50.827 -34.805 80.911
-55.013 -35.555 86.065
-55.770 -53.086 82.961
-61.022 -49.255 82.404
-63.512 -44.631 78.237
-63.181 -37.288 77.563
-60.745 -33.408 72.784
-56.695 -32.927 67.307
-51.847 -36.110 63.135
-50.194 -41.623 59.986
-52.092 -46.873 55.878
-55.439 -49.490 50.859
-62.247 -51.688 49.247
-67.233 -47.282 46.665
-69.912 -42.941 43.305
-69.718 -36.788 40.048
-66.778 -30.313 38.650
-61.145 -26.787 36.979
-54.378 -28.673 38.843
-50.228 -32.235 33.994
-49.265 -38.466 30.312
-50.990 -42.026 25.232
-53.006 -41.652 18.487
-56.298 -39.197 12.739
-57.373 -33.820 8.539
-54.662 -28.039 6.029
-50.315 -24.120 5.338
-43.925 -21.374 4.967
-37.698 -19.968 9.201
-34.425 -24.362 13.160
-31.591 -30.533 14.089
-29.675 -35.962 11.462
-27.421 -39.514 5.969
-25.755 -40.231 -0.292
-20.769 -37.671 -5.378
-16.888 -32.723 -7.187
-12.407 -28.476 -6.780
-9.711 -24.867 -1.095
-7.407 -23.005 5.027
-4.994 -25.364 10.868
-6.975 -29.683 16.259
-3.349 -35.342 17.806
-0.270 -41.077 16.026
4.720 -43.266 14.223
11.812 -42.048 12.875
16.954 -36.563 13.346
19.448 -33.134 17.026
19.692 -27.465 21.416
17.954 -25.813 27.194
13.244 -25.473 31.875
10.911 -30.007 36.593
10.375 -36.150 39.281
13.876 -41.836 41.399
18.806 -43.700 43.922
24.806 -43.065 47.499
29.134 -40.163 50.129
30.062 -35.754 55.314
29.966 -30.835 58.755
25.750 -26.922 60.953
20.228 -24.902 63.361
13.520 -25.606 62.896
8.785 -29.742 63.016
6.927 -36.307 64.935
7.623 -41.115 69.514
7.181 -42.321 75.960
7.048 -41.007 81.812
7.004 -37.211 86.984
5.020 -30.966 89.469
0.086 -25.895 89.389
-3.941 -21.800 85.543
-8.645 -21.637 81.052
-12.971 -25.401 77.438
-16.582 -31.737 76.762
-20.632 -35.641 79.855
-24.606 -36.324 85.464
-27.737 -34.639 89.433
-31.846 -29.717 92.849
-33.284 -23.447 92.354
-35.305 -18.419 91.023
-37.325 -13.620 86.440
-37.892 -13.242 79.673
-38.171 -16.520 73.664
-41.602 -21.627 70.584
-46.572 -26.941 70.311
-52.883 -27.884 71.768
-58.898 -25.141 73.830
-62.655 -21.022 72.725
-65.425 -15.992 69.880
-62.514 -9.725 67.522
-61.921 -6.820 62.026
-55.622 -6.462 58.507
-52.857 -9.818 53.385
-52.344 -16.281 49.626
-56.137 -19.862 45.691
-60.112 -20.112 40.953
-65.010 -18.744 37.237
-66.696 -15.304 33.693
-64.809 -10.526 29.008
-62.359 -3.470 28.672
-57.088 1.580 28.351
-51.516 1.011 26.049
-45.387 -1.080 29.783
-41.481 -5.622 27.829
-40.434 -11.768 24.517
-42.319 -14.787 18.773
-41.894 -13.778 12.298
-41.900 -11.193 6.927
-39.158 -6.614 2.208
-36.093 -0.023 3.058
-29.604 2.596 2.851
-24.105 4.624 7.161
-21.513 2.445 13.591
-18.797 -3.636 15.485
-15.948 -9.962 13.472
-14.099 -13.683 9.594
-9.630 -15.570 4.526
-5.528 -13.470 -0.035
0.265 -9.388 -1.274
3.841 -3.455 0.732
6.236 0.134 5.746
8.257 2.015 11.643
6.721 0.938 18.508
5.292 -3.143 23.098
6.404 -9.216 26.324
9.045 -15.177 26.669
15.480 -18.002 26.677
21.927 -18.077 25.815
26.633 -14.432 27.349
29.980 -10.152 29.453
30.279 -6.082 34.833
27.568 -0.746 39.197
21.529 1.084 42.348
17.730 -0.271 47.201
12.500 -4.283 50.173
12.600 -9.875 54.295
15.992 -15.921 55.907
20.463 -16.871 60.147
24.926 -15.455 65.140
27.824 -10.528 69.015
26.876 -5.266 72.593
22.979 0.040 75.359
15.923 2.314 77.458
9.089 -0.313 77.402
3.955 -3.897 76.758
1.420 -9.909 78.251
1.970 -15.594 81.911
4.302 -18.378 87.480
7.300 -18.159 94.019
7.279 -0.107 91.923
13.554 -3.811 93.742
16.926 -8.644 90.716
17.171 -14.875 87.192
15.312 -18.005 82.491
13.590 -17.443 75.632
8.655 -13.562 71.683
7.236 -7.815 68.990
9.686 -1.292 67.495
15.090 1.267 64.441
20.753 2.422 62.829
26.534 0.279 60.795
28.893 -4.331 56.715
29.794 -10.482 53.479
27.904 -14.934 49.621
23.721 -16.724 45.184
16.497 -16.798 44.975
12.497 -11.659 42.285
12.344 -5.177 40.481
15.729 -0.772 35.652
20.117 0.899 31.669
21.749 -0.184 24.578
24.420 -4.318 19.854
20.654 -7.290 15.453
17.570 -13.456 13.658
12.346 -15.515 13.910
5.170 -17.316 13.665
0.818 -14.913 18.048
-1.887 -8.598 19.340
-3.472 -2.292 18.085
-3.902 2.138 13.079
-4.998 4.274 7.251
-6.945 2.598 0.961
-12.272 -0.574 -2.536
-15.431 -7.166 -3.635
-20.008 -10.881 -0.323
-22.904 -13.365 5.486
-25.905 -12.704 10.802
-26.622 -10.358 17.289
-30.192 -4.779 19.365
-32.174 2.168 17.734
-37.100 5.051 14.961
-44.012 3.890 14.157
-49.339 0.416 12.867
-52.755 -5.368 14.132
-54.635 -11.215 17.349
-52.629 -15.363 22.431
-49.317 -17.115 28.255
-47.915 -13.512 33.608
-47.822 -7.902 37.876
-50.875 -3.223 40.964
-57.712 -0.949 42.738
-64.203 -1.456 42.706
-68.880 -6.163 44.504
-70.820 -9.000 49.232
-71.060 -15.676 51.434
-67.893 -20.186 54.801
-62.545 -22.947 57.363
-55.772 -22.638 56.127
-51.003 -18.376 59.432
-49.340 -12.324 62.733
-50.628 -8.266 67.627
-53.209 -8.506 74.612
-53.575 -11.901 80.339
-53.816 -16.957 84.781
-51.243 -22.381 86.549
-47.340 -27.820 85.046
-41.789 -30.772 82.173
-36.837 -29.730 78.349
-32.465 -25.577 75.721
-28.446 -19.898 77.133
-25.142 -17.300 82.264
-22.902 -17.250 88.269
-20.595 -20.086 93.567
-16.832 -25.400 95.974
-14.311 -31.624 95.385
-10.555 -37.054 92.087
-9.829 -40.369 85.718
-6.741 -38.815 80.362
-7.123 -33.658 75.611
-2.467 -29.091 73.724
1.929 -23.971 76.116
7.975 -23.276 78.961
13.547 -26.565 80.467
17.962 -30.614 80.118
20.871 -36.371 77.624
20.512 -40.584 71.959
19.176 -41.958 65.731
14.649 -41.618 61.004
12.055 -37.514 56.169
12.270 -30.592 54.478
16.824 -26.193 52.668
21.493 -24.180 50.320
25.578 -24.499 45.261
28.623 -29.064 40.972
29.309 -33.890 36.410
26.995 -38.580 32.119
21.207 -43.421 31.329
15.637 -42.994 28.834
9.503 -41.216 31.154
5.437 -36.390 29.753
5.150 -29.920 27.030
6.802 -25.659 22.502
9.308 -23.989 16.584
9.417 -26.650 9.693
8.545 -30.768 4.336
4.938 -35.949 2.168
-1.185 -38.963 1.788
-6.737 -41.616 4.502
-11.581 -41.259 9.993
-15.189 -35.918 12.242
-17.057 -29.582 11.538
-18.175 -23.678 8.724
-20.896 -21.139 2.570
-24.712 -22.210 -1.717
-29.319 -25.488 -6.103
-33.335 -30.956 -5.280
-38.081 -35.512 -1.928
-39.129 -38.622 3.702
-39.709 -38.997 10.666
-39.662 -35.865 15.972
-40.442 -30.459 20.579
-44.665 -24.843 21.185
-50.010 -21.401 18.437
-55.705 -21.156 18.943
-61.742 -24.543 18.224
-65.215 -29.811 20.158
-66.537 -35.670 22.998
-64.101 -41.964 26.583
-59.054 -44.048 30.339
-56.315 -44.218 35.688
-52.076 -41.341 40.942
-53.383 -36.265 44.807
-56.179 -31.039 48.342
-62.533 -31.320 51.940
-67.830 -34.812 54.610
-69.863 -39.221 58.282
-70.029 -46.210 59.971
-64.964 -49.158 64.360
-58.864 -52.154 64.730
-53.530 -50.387 67.405
-48.108 -46.300 67.270
-46.419 -40.409 71.038
-48.458 -35.807 75.396
-50.377 -34.988 81.669
-55.431 -35.886 86.385
-54.882 -53.505 83.204
-60.362 -49.843 82.884
-62.885 -45.454 78.400
-62.396 -38.291 78.765
-60.129 -34.158 74.483
-56.734 -33.454 68.160
-51.562 -36.054 64.137
-49.620 -41.676 60.895
-51.649 -47.028 56.829
-55.534 -50.308 52.423
-61.893 -52.044 50.283
-66.643 -47.957 47.283
-69.768 -43.903 44.122
-69.932 -37.505 41.242
-66.894 -31.183 39.588
-61.327 -27.722 37.550
-54.293 -28.820 39.035
-50.457 -32.187 34.015
-49.522 -38.484 30.646
-52.350 -41.873 25.351
-55.684 -42.215 19.176
-56.144 -39.386 13.147
-56.855 -34.350 8.588
-54.579 -28.229 6.326
-50.393 -24.242 6.601
-44.196 -21.803 6.127
-38.357 -20.249 10.317
-34.513 -24.405 13.525
-31.397 -30.203 14.318
-29.742 -36.023 11.960
-29.152 -39.821 5.686
-26.003 -40.223 -0.024
-22.187 -37.383 -5.618
-18.610 -32.497 -7.370
-13.308 -28.308 -5.899
-10.568 -24.360 -0.852
-7.792 -23.418 5.223
-6.182 -25.318 11.194
-7.449 -29.477 16.535
-4.108 -35.716 17.721
-2.289 -41.400 15.010
4.168 -43.279 13.235
11.101 -42.306 12.485
16.268 -37.726 13.595
19.014 -33.016 16.858
18.482 -27.291 21.030
17.527 -25.875 26.631
12.456 -25.700 31.792
10.597 -30.317 36.735
9.954 -36.654 39.587
13.711 -42.496 41.110
18.942 -43.860 44.207
25.245 -43.220 45.776
29.285 -40.421 49.644
30.695 -36.327 54.488
30.105 -31.856 58.985
25.818 -27.040 61.342
20.638 -24.598 63.665
13.642 -26.034 62.939
9.206 -30.301 63.087
7.312 -36.644 65.395
7.847 -41.500 69.290
7.980 -42.841 76.148
7.827 -41.352 81.645
8.648 -36.953 87.171
5.294 -31.622 89.579
0.917 -26.374 89.287
-3.290 -22.138 85.594
-8.188 -22.354 81.849
-12.334 -25.969 77.604
-15.728 -32.068 77.240
-20.078 -35.772 80.670
-23.511 -36.631 86.065
-27.052 -35.070 90.990
-30.165 -29.671 94.260
-32.408 -23.755 94.037
-35.222 -18.820 92.053
-35.770 -14.173 86.930
-37.582 -13.641 80.468
-37.591 -16.968 74.483
-41.152 -22.095 71.681
-46.107 -27.322 71.582
-52.457 -28.240 73.002
-58.311 -25.741 74.188
-62.613 -21.003 73.735
-64.996 -15.042 71.995
-63.043 -9.079 68.027
-61.518 -6.723 63.189
-55.804 -6.101 58.886
-52.431 -9.753 54.388
-52.568 -15.895 50.315
-56.121 -19.685 46.446
-59.986 -20.582 42.332
-65.366 -18.969 39.033
-65.977 -15.172 34.475
-65.033 -9.939 30.257
-63.737 -3.486 28.677
-58.107 1.446 29.171
-51.608 0.933 27.757
-45.321 -1.089 30.417
-41.596 -6.252 28.450
-41.481 -12.839 25.991
-42.259 -14.874 20.073
-43.511 -13.706 13.300
-42.635 -10.957 7.430
-41.163 -5.134 3.740
-36.616 0.295 3.887
-30.311 2.466 4.025
-24.975 4.201 7.871
-21.857 2.184 13.873
-19.028 -3.797 15.685
-16.001 -10.200 14.119
-14.243 -13.902 9.870
-11.020 -15.018 3.790
-6.400 -12.893 0.300
-0.352 -9.591 -1.033
3.394 -3.874 0.869
6.415 -0.153 6.059
7.420 1.976 12.611
6.433 0.393 18.928
4.889 -3.592 23.677
5.705 -9.764 26.584
9.016 -15.944 26.829
14.937 -19.317 25.018
21.278 -18.629 24.867
26.163 -15.998 26.781
29.770 -11.105 29.878
30.250 -7.075 34.439
27.993 -2.145 39.333
21.722 0.370 41.620
17.499 -0.672 46.909
12.624 -4.598 50.239
13.052 -9.930 54.218
16.642 -16.391 55.110
20.743 -16.864 60.209
24.720 -15.419 64.646
27.525 -10.769 68.901
26.625 -5.550 72.997
22.415 -1.333 76.104
16.263 1.894 76.588
9.302 -0.302 77.272
4.080 -4.499 76.558
1.857 -10.824 78.207
2.838 -16.188 82.448
4.540 -18.620 87.740
7.788 -18.750 94.370
8.741 -17.326 21.511
6.896 -20.231 26.198
2.890 -23.319 28.790
-1.768 -26.755 28.102
-5.647 -29.568 24.474
-7.461 -31.965 19.862
-6.028 -34.431 14.840
-2.134 -36.522 10.913
2.843 -38.563 9.153
8.258 -40.773 10.706
11.872 -43.101 14.870
1.818 -36.246 27.355
6.179 -32.782 26.133
9.678 -29.416 22.788
10.039 -26.150 18.127
7.371 -23.482 13.196
2.868 -21.483 10.405
-2.439 -19.006 11.168
-7.291 -17.064 14.482
-9.627 -14.933 19.192
-8.381 -12.121 24.298
-4.667 -9.775 28.593
8.778 14.970 21.924
7.794 11.509 25.998
4.066 7.521 28.061
-0.666 4.101 27.778
-4.594 1.599 24.058
-6.370 -0.462 19.295
-4.956 -2.574 14.262
-1.123 -4.539 10.141
3.847 -6.465 8.704
9.013 -8.852 10.535
12.684 -11.133 14.483
2.670 -3.927 26.797
7.233 -0.705 25.643
10.553 2.630 22.240
10.882 5.869 17.481
8.131 8.529 12.608
8.127 8.542 12.633
3.810 10.874 10.781
3.673 10.443 9.173
-1.541 13.047 11.686
-6.581 14.617 15.062
-9.030 16.332 19.872
-8.243 18.807 25.377
-5.154 21.306 29.832
59.673 -0.360 -2.450
65.960 2.718 -2.637
68.917 7.898 -0.169
70.041 13.445 3.690
67.874 17.270 9.057
65.451 15.840 14.979
61.205 12.399 19.186
60.318 6.811 22.288
62.325 0.869 23.841
65.958 -2.226 26.791
71.969 -4.369 29.024
78.253 -2.304 30.431
81.630 1.847 34.066
82.947 7.265 37.482
80.828 12.549 41.476
76.247 14.956 44.925
69.383 15.361 46.077
65.285 10.349 48.785
64.488 3.985 51.092
67.625 -1.144 54.795
71.670 -2.209 59.753
74.898 -1.221 65.292
75.796 2.257 71.162
73.294 6.195 75.518
69.209 11.385 77.714
64.219 13.093 78.072
57.837 15.446 76.623
52.926 12.831 72.515
50.614 6.943 70.926
48.814 0.736 72.934
48.474 -4.013 77.876
47.912 -5.907 83.874
44.549 -4.607 89.537
39.784 -0.583 93.258
35.933 4.695 93.687
31.068 8.329 90.868
28.789 11.146 85.245
26.288 10.531 79.580
26.025 7.885 73.229
22.722 2.660 70.843
20.380 -3.829 71.523
15.169 -6.604 74.105
8.763 -6.037 76.481
3.334 -2.028 76.800
-0.274 2.911 75.156
-1.576 9.453 73.146
-0.456 13.338 68.462
3.577 14.292 62.262
5.191 11.178 56.867
4.988 5.971 52.593
1.567 0.727 49.747
-4.746 -0.959 48.138
-10.516 0.642 45.926
-15.664 4.843 44.067
-16.999 11.349 41.904
-14.164 17.525 39.972
-8.817 20.480 37.144
-3.457 20.623 33.407
1.967 16.741 31.188
3.337 11.222 27.445
2.089 6.856 22.344
0.702 7.201 16.123
-0.531 10.215 10.094
-0.741 15.408 6.308
1.937 21.163 4.493
6.152 26.090 5.429
10.023 29.877 9.607
15.886 28.793 12.376
20.606 24.486 14.724
24.310 18.855 13.366
28.070 16.512 8.261
29.843 16.174 1.813
32.637 19.811 -2.919
35.650 25.212 -4.765
38.550 30.996 -4.053
42.140 35.336 -0.947
43.611 39.005 4.706
46.288 37.454 10.574
45.794 32.682 15.605
50.338 27.626 16.844
54.597 22.551 14.839
60.679 21.778 12.031
66.561 24.632 10.793
70.809 29.325 11.712
73.687 35.032 13.977
73.851 38.972 19.333
72.546 40.298 25.472
67.250 39.866 30.083
64.937 35.723 34.697
64.704 29.002 36.482
69.081 24.117 38.176
74.513 22.453 41.140
79.171 23.492 45.640
80.598 27.140 50.751
81.485 32.684 54.543
78.738 36.802 58.409
73.953 41.267 60.564
67.797 41.379 61.946
61.362 39.706 60.172
57.883 34.399 61.886
57.727 27.463 63.100
59.209 24.028 68.607
61.877 22.483 74.855
61.656 24.319 80.977
59.974 28.655 86.023
56.359 33.843 88.556
50.857 36.758 88.357
45.160 39.650 85.964
40.531 38.744 80.893
36.934 33.532 78.627
35.077 27.060 78.821
34.077 21.466 82.595
31.359 19.238 87.539
27.110 20.268 92.563
22.257 23.403 95.354
17.760 28.337 95.108
14.536 33.698 92.261
13.151 36.408 86.112
12.639 36.742 80.117
12.591 33.892 74.400
12.361 28.514 70.006
8.391 22.943 69.388
3.009 19.404 70.974
-3.077 19.557 70.551
-9.316 22.508 70.976
-12.902 27.111 70.042
-13.867 33.347 67.726
-11.575 38.572 64.103
-7.083 41.160 60.172
-3.411 41.676 54.988
0.781 39.219 49.891
-0.353 35.029 45.074
-3.279 29.258 42.483
-8.804 29.411 38.739
-14.027 32.354 35.751
-16.819 37.275 32.812
-17.198 42.848 29.694
-13.403 47.215 26.289
-7.461 50.393 25.283
-1.482 48.891 22.974
3.979 44.813 22.127
5.774 39.079 19.507
4.751 34.427 14.861
2.453 33.316 8.683
-1.853 33.819 3.489
-3.058 50.293 7.273
-9.047 46.514 6.432
-10.684 41.356 9.890
-10.446 36.036 12.908
-7.286 31.477 16.841
-3.507 31.665 22.525
1.292 34.750 26.407
2.435 40.023 29.891
0.553 45.077 33.543
-3.708 48.717 36.958
-9.336 49.434 40.491
-14.094 45.741 43.452
-17.030 40.466 45.928
-16.976 34.978 49.002
-14.217 28.731 50.455
-9.080 25.807 52.334
-2.196 25.462 52.958
1.894 30.199 56.167
2.372 35.913 59.961
-0.298 39.253 65.047
-2.800 39.639 71.020
-4.297 36.893 77.166
-4.189 32.502 81.199
-1.889 26.548 83.752
2.650 22.242 84.163
8.221 19.893 83.777
13.954 18.549 80.121
17.919 22.349 76.101
20.211 28.552 75.859
22.017 34.231 78.963
23.303 37.823 84.578
24.878 37.827 90.823
29.170 35.136 95.473
33.552 30.989 97.567
38.676 26.465 96.351
41.906 23.071 91.925
43.675 21.757 85.497
45.285 23.689 79.638
44.696 27.916 74.148
47.996 33.578 72.900
50.923 39.414 75.060
56.334 41.505 78.064
62.969 40.066 78.744
68.209 36.115 77.514
70.797 31.635 73.659
70.668 25.561 70.315
69.498 24.292 64.120
64.885 24.406 58.828
62.838 28.718 54.453
62.374 34.878 51.782
65.776 40.427 49.870
71.316 41.933 47.168
77.368 42.003 44.966
81.282 39.112 41.371
83.350 34.793 36.972
82.425 29.714 32.754
78.721 26.222 28.934
72.769 23.231 27.815
65.959 24.039 29.351
61.791 29.124 27.946
60.128 35.686 26.416
61.179 40.343 22.036
61.127 41.331 15.320
61.342 39.517 9.114
61.346 35.369 3.912
57.723 30.656 1.244
53.382 25.629 1.560
49.945 20.976 5.407
44.796 21.513 9.415
40.691 25.208 13.286
36.992 31.041 13.802
33.243 34.886 10.120
29.490 35.942 4.677
25.989 33.517 -0.149
22.765 28.469 -3.347
19.325 23.580 -2.856
17.290 17.644 -1.307
17.005 13.125 3.849
15.668 12.962 10.160
16.159 16.199 15.913
11.566 20.890 19.225
7.010 25.881 18.953
0.514 26.649 17.445
-5.168 23.984 17.272
-9.935 18.972 16.273
-11.607 13.203 18.467
-11.595 8.193 23.227
-8.048 5.264 27.460
-2.727 4.495 31.955
1.021 8.336 36.479
0.499 14.257 40.043
-3.752 17.957 43.677
-8.525 18.362 48.170
-11.844 14.606 52.992
-13.130 8.940 56.473
-10.992 3.418 59.655
-6.002 -2.095 60.875
0.430 -2.775 61.354
6.733 -0.843 59.284
10.946 4.247 61.788
11.113 10.642 64.039
10.065 12.896 70.860
8.769 12.202 77.446
9.713 8.574 82.612
12.385 3.474 86.156
16.075 -2.098 86.443
21.818 -4.599 85.366
27.097 -6.267 81.634
30.808 -4.343 76.104
34.162 1.402 75.075
35.888 7.738 76.374
37.652 12.758 81.398
41.296 12.977 86.860
46.371 11.007 90.022
51.907 7.443 91.792
55.675 2.526 89.312
58.077 -1.812 84.753
58.603 -3.446 78.405
58.076 -2.000 71.670
57.500 2.066 67.123
57.186 8.346 64.132
61.214 13.751 64.298
66.672 16.616 65.188
73.461 17.110 65.114
78.414 14.184 62.924
82.196 9.135 60.054
82.368 4.329 56.490
79.593 0.095 51.540
73.866 -1.823 49.249
69.808 -0.766 44.226
65.300 3.043 40.519
65.943 8.482 37.056
69.058 14.504 35.454
73.181 15.254 30.395
78.238 13.415 26.111
79.991 9.479 21.739
79.224 4.055 17.627
74.690 -0.494 15.184
68.187 -2.757 13.924
61.361 -1.791 14.162
57.073 3.414 14.431
54.889 9.365 12.619
55.410 14.737 8.724
56.891 17.288 2.642
60.109 17.481 -3.393
60.598 0.276 -2.015
66.712 3.426 -2.547
69.429 7.760 0.334
70.880 13.748 3.993
68.790 17.394 9.209
66.337 16.326 15.381
62.175 12.736 19.714
61.416 6.699 22.130
63.330 1.203 24.393
67.331 -2.051 27.140
73.258 -4.273 29.124
79.308 -1.664 30.735
82.714 2.671 34.224
83.556 7.604 38.179
81.893 13.592 41.494
77.064 16.046 45.183
70.261 15.915 46.535
66.191 11.043 49.126
65.791 4.444 51.414
68.926 -0.016 55.428
73.452 -1.420 60.190
74.462 -0.141 66.771
77.302 3.675 71.629
74.604 7.615 75.496
69.900 11.747 77.860
64.973 14.124 78.610
58.521 16.221 77.213
53.695 13.459 73.212
51.495 7.688 71.635
49.344 1.449 73.574
49.370 -3.256 78.452
48.185 -4.845 84.559
44.606 -4.033 89.862
40.774 -0.010 94.108
36.904 5.555 94.224
32.178 9.042 91.217
28.907 11.644 85.937
26.925 11.182 80.016
26.443 8.291 73.814
23.111 3.146 71.406
20.843 -3.290 72.470
15.744 -6.096 74.804
9.360 -5.654 77.133
3.865 -1.506 77.716
0.066 3.216 76.172
-1.108 9.277 73.283
-0.331 13.458 68.365
3.980 14.328 62.690
5.384 11.210 57.197
5.351 5.828 52.991
1.983 0.328 50.055
-3.983 -1.359 48.376
-10.533 0.139 46.548
-14.786 4.047 44.161
-17.141 10.084 41.857
-14.723 15.806 38.101
-8.924 19.926 37.399
-3.381 20.212 33.689
2.162 16.595 31.229
4.097 10.926 27.619
2.719 6.815 22.314
0.941 6.986 16.265
-0.163 9.844 10.215
-0.282 15.247 6.297
2.256 21.002 4.624
6.291 25.838 5.574
10.263 29.697 9.869
16.165 28.754 12.569
21.073 24.565 14.742
25.021 18.902 13.481
28.692 16.498 8.357
30.557 16.248 2.117
33.338 19.784 -2.564
35.980 25.321 -4.546
38.887 31.038 -3.868
42.429 35.610 -0.866
43.967 39.041 4.764
46.525 37.739 10.787
46.303 33.161 15.733
50.992 28.100 17.111
55.339 23.169 15.253
61.515 22.290 12.290
67.426 25.244 11.111
71.511 29.993 11.831
74.037 35.841 14.233
74.482 39.882 19.609
72.928 41.084 25.795
67.641 40.673 30.287
65.597 36.538 34.886
65.222 29.962 36.675
69.933 25.121 38.436
75.175 23.546 41.716
79.896 24.534 46.122
82.035 28.787 50.935
81.541 33.796 55.165
79.448 38.847 58.425
74.114 42.908 60.290
67.963 42.631 62.186
61.472 40.669 60.524
58.098 35.275 62.209
58.163 28.629 63.608
59.909 24.821 68.981
62.131 23.913 75.441
62.300 25.352 81.661
60.605 29.936 86.705
56.599 34.812 88.404
50.803 37.669 88.548
45.576 40.525 86.082
40.673 39.870 81.223
37.226 34.322 78.718
35.360 27.828 79.182
34.641 22.251 82.803
31.492 20.066 88.189
27.356 21.271 93.010
22.284 24.128 95.740
18.280 29.331 95.718
14.329 33.551 92.563
12.802 36.860 86.658
12.591 36.974 80.340
13.094 34.476 74.218
12.448 28.600 70.403
8.491 23.038 69.191
2.693 19.764 70.526
-3.309 20.024 71.062
-9.184 22.591 72.215
-12.452 27.692 70.012
-13.357 33.633 68.130
-11.348 38.596 64.322
-6.964 41.072 60.332
-3.109 41.879 55.040
0.786 39.321 49.751
-0.315 35.086 44.996
-3.338 29.383 42.703
-10.032 28.982 39.562
-13.841 32.136 35.534
-17.137 36.988 32.071
-16.887 43.134 29.717
-13.376 47.532 26.587
-7.584 50.111 25.488
-1.448 48.973 23.234
3.904 44.926 22.043
6.150 39.152 19.442
4.891 34.417 14.863
2.254 32.844 8.864
-1.647 33.740 3.421
-2.995 49.972 7.238
-8.011 46.729 6.886
-10.310 40.947 8.985
-10.397 35.526 12.662
-7.054 30.977 16.800
-3.469 31.654 22.536
1.623 34.650 26.251
2.499 39.915 30.320
0.200 45.079 33.649
-4.258 48.533 36.919
-9.596 49.180 40.519
-14.407 45.605 43.457
-17.328 40.578 46.002
-17.011 35.032 49.734
-14.141 28.898 50.400
-9.121 25.904 52.767
-2.087 26.172 53.023
2.012 30.262 56.416
2.900 36.289 60.072
-0.004 39.459 65.032
-3.681 39.443 71.013
-5.039 37.377 76.421
-3.456 33.389 81.424
-1.583 26.953 83.492
2.351 23.097 84.033
8.250 20.670 84.098
14.058 19.301 80.488
17.756 22.873 76.503
20.581 28.880 76.148
22.484 34.645 79.053
23.458 38.276 84.640
24.875 38.587 91.222
29.130 36.187 95.764
33.570 31.485 97.743
38.429 27.476 96.703
42.016 24.147 92.412
43.755 22.745 86.149
45.500 24.417 79.934
45.039 28.732 74.622
48.137 34.320 73.352
51.262 40.119 75.334
56.798 42.213 78.319
63.241 40.826 79.523
68.697 37.187 78.074
71.111 32.451 74.862
71.647 26.995 70.797
70.048 25.505 64.712
65.595 25.402 59.244
63.276 29.760 54.859
62.870 35.738 52.011
66.273 41.427 50.135
71.705 42.966 47.760
77.376 42.736 44.863
82.462 39.877 42.067
83.768 36.105 37.186
82.394 30.740 33.054
79.263 26.797 29.713
73.622 24.098 27.952
66.625 24.704 29.402
62.349 29.748 28.106
60.751 36.315 26.525
61.374 40.825 21.999
61.414 41.779 15.437
62.084 40.064 9.053
61.975 35.669 3.941
58.448 30.879 1.524
54.147 25.883 1.809
50.456 21.325 5.540
45.352 21.636 9.547
41.248 25.405 13.519
37.481 31.202 13.936
33.543 35.034 10.077
30.001 35.847 4.713
26.383 33.481 0.003
23.550 28.653 -3.298
19.920 23.423 -2.848
18.221 17.209 -1.138
17.976 13.023 3.955
16.530 12.784 10.207
16.591 16.051 16.001
12.028 20.925 19.094
7.261 25.731 19.205
0.766 26.576 17.627
-4.988 23.740 17.415
-9.393 18.463 16.225
-10.802 12.491 18.189
-10.693 7.618 23.301
-7.283 4.477 27.200
-2.290 4.425 31.995
0.966 8.104 36.249
0.914 13.986 39.974
-3.555 17.783 43.512
-8.421 17.840 48.233
-12.065 14.249 52.752
-13.243 8.597 56.701
-10.771 3.076 59.798
-5.555 -2.288 61.239
0.896 -2.950 61.392
7.120 -0.881 60.022
11.429 4.477 62.288
11.510 10.866 64.553
10.411 13.008 71.156
9.040 12.553 77.863
10.184 9.046 83.065
12.890 3.652 86.546
16.779 -1.474 86.800
22.428 -4.376 85.745
27.505 -5.844 82.233
31.393 -3.536 77.124
34.262 2.309 75.504
36.659 8.355 77.055
37.999 13.101 81.844
41.695 13.572 87.251
47.015 11.853 90.507
52.088 7.911 92.786
56.251 3.416 90.034
58.746 -0.676 85.334
59.582 -2.586 79.105
59.190 -1.306 72.385
57.554 2.979 67.708
57.948 8.935 64.931
62.338 15.030 64.677
67.635 17.200 65.825
74.423 17.869 65.697
79.113 15.048 63.529
83.131 10.110 61.066
83.084 4.396 57.742
79.969 0.460 53.543
74.717 -1.082 49.924
70.725 -0.329 44.788
66.276 3.444 40.919
66.870 9.072 37.268
69.784 14.972 35.613
74.616 15.881 30.865
79.546 13.239 26.730
80.322 9.698 21.960
79.978 3.882 18.094
75.653 -0.241 15.710
69.189 -2.604 14.543
62.700 -1.132 14.553
57.925 3.744 14.453
55.641 9.726 13.079
56.355 15.123 8.907
57.967 17.735 2.736
61.327 17.883 -3.263
-21.511 7.129 -11.009
-15.185 7.548 -9.130
-9.057 5.070 -8.317
-4.225 0.866 -9.290
-1.957 -4.549 -12.897
-2.951 -8.066 -18.551
-5.296 -8.634 -24.967
-7.226 -4.785 -30.586
-8.303 0.626 -34.424
-4.834 5.853 -36.370
-0.515 11.289 -35.230
5.999 11.994 -33.632
11.877 8.783 -32.983
15.925 3.354 -34.076
17.109 -2.490 -36.849
16.328 -6.859 -41.924
14.353 -7.518 -48.650
14.228 -5.260 -54.187
12.809 0.135 -58.171
30.409 0.604 -50.444
26.145 4.966 -48.626
21.381 9.605 -49.680
14.752 9.527 -50.100
9.750 6.275 -51.864
5.985 0.896 -51.050
5.611 -4.210 -46.311
7.614 -6.996 -40.612
8.915 -5.898 -34.144
10.533 -1.537 -29.258
9.021 4.522 -26.170
4.134 7.865 -23.763
-2.280 9.866 -23.263
-9.014 8.990 -25.156
-13.385 3.937 -26.308
-14.629 -2.720 -25.140
-14.355 -7.669 -21.259
-14.009 -10.350 -15.323
-12.702 -10.270 -8.702
36.668 7.978 -5.316
31.731 12.558 -4.410
24.972 14.081 -3.951
19.014 11.806 -1.995
15.864 7.990 2.273
12.316 13.214 -0.476
9.486 18.211 3.270
6.742 20.586 8.966
4.383 21.710 15.359
7.139 22.237 21.664
12.334 22.557 25.940
18.391 24.486 26.626
23.789 27.901 24.615
27.715 31.355 20.339
27.268 36.813 16.388
9.245 36.991 17.329
12.121 35.168 11.755
17.029 32.152 8.483
21.357 26.902 9.047
24.604 22.008 12.510
23.690 17.356 17.043
20.008 13.499 21.044
14.431 10.220 21.049
8.419 8.621 18.458
29.930 -1.434 7.634
26.364 -4.361 3.156
22.904 -4.236 -2.453
21.066 -1.430 -7.998
20.518 3.572 -12.883
5.087 5.314 14.771
3.944 2.730 13.754
4.128 1.248 16.043
28.641 2.500 18.691
23.493 7.309 19.131
16.555 7.658 19.719
10.179 5.290 19.089
6.785 1.588 23.068
5.339 8.165 22.431
0.338 11.519 25.180
-4.367 12.529 29.424
-7.858 12.404 35.131
-6.265 13.177 41.926
-2.189 13.662 47.133
3.968 15.353 49.182
9.349 18.784 48.717
14.439 22.466 45.671
14.322 28.428 42.838
-3.705 29.653 44.647
-0.828 29.102 38.708
3.284 26.125 34.874
9.546 22.962 34.346
12.317 17.436 36.555
11.225 11.511 39.299
8.172 6.841 42.447
3.537 2.490 41.929
-1.694 -0.614 38.656
22.322 -5.873 29.663
19.723 -9.595 25.021
17.085 -9.820 19.220
15.234 -7.049 13.240
14.322 -1.582 9.282
-3.842 -3.880 34.388
-4.768 -7.073 33.688
-4.432 -8.357 35.915
28.425 8.977 19.461
23.611 13.928 19.286
16.711 14.208 19.334
10.285 11.789 19.101
7.119 8.080 23.327
5.142 14.836 22.009
0.243 18.279 25.098
-4.420 19.618 29.521
-8.123 19.091 35.209
-6.378 19.703 41.913
-2.220 20.153 47.151
3.884 21.718 49.368
9.284 25.297 48.912
14.202 28.908 45.526
14.269 35.110 42.913
-3.691 36.575 45.004
-0.910 36.023 38.936
3.311 32.891 34.970
9.414 29.825 34.383
12.255 24.120 36.539
11.277 18.012 39.009
8.035 13.303 42.453
3.353 9.097 41.891
-1.742 6.333 38.662
22.212 0.318 29.967
19.820 -2.986 24.989
17.135 -3.332 19.197
15.270 -0.543 13.166
14.512 4.924 9.145
-4.115 2.629 34.517
-4.751 -0.511 33.708
-4.537 -1.805 36.009
3.803 0.226 -25.788
9.892 -2.932 -25.028
15.686 -1.145 -22.320
19.051 3.688 -18.554
19.627 9.122 -15.543
17.128 14.010 -11.405
13.027 15.411 -6.494
10.833 13.436 -0.751
7.225 9.137 3.289
8.722 3.194 5.765
13.672 -1.462 7.362
19.413 -3.776 7.527
25.725 -3.705 8.422
31.293 -0.426 10.483
33.546 3.285 15.271
34.202 8.154 20.054
30.842 9.449 25.728
28.231 6.244 30.635
25.636 0.923 33.994
24.175 -5.702 34.968
40.725 -8.469 26.660
35.667 -12.162 23.352
29.218 -12.744 22.753
23.577 -9.395 22.826
19.342 -4.582 23.152
17.306 1.597 22.982
17.778 7.774 21.156
19.984 12.104 16.304
24.559 13.828 11.483
28.339 11.820 6.270
26.723 7.791 0.949
24.733 1.987 -1.951
19.651 -2.294 -3.370
13.273 -3.518 -4.040
7.401 -1.396 -6.325
3.099 3.898 -7.877
2.480 9.969 -10.413
5.904 13.857 -14.976
10.498 15.685 -19.504
15.115 14.146 -24.335
3.368 -24.403 5.976
8.068 -28.779 8.257
14.299 -30.928 8.933
20.014 -29.362 11.454
23.572 -26.800 15.233
26.262 -22.518 20.116
24.629 -17.456 22.668
21.481 -14.481 27.493
15.885 -13.255 31.155
9.519 -15.070 32.878
7.297 -20.244 36.678
22.524 -28.457 38.350
17.313 -31.278 34.789
11.996 -30.435 31.050
8.304 -27.281 26.718
7.540 -22.722 22.220
8.162 -17.471 19.086
11.248 -12.180 16.189
15.896 -11.656 11.615
20.643 -13.736 7.471
21.825 -18.637 3.199
20.730 -24.711 0.720
95.372 -24.309 -6.001
90.813 -28.768 -8.298
84.553 -30.838 -9.262
78.790 -29.428 -11.534
75.213 -26.925 -15.380
72.532 -22.415 -20.174
74.239 -17.296 -22.585
77.288 -14.359 -27.823
82.829 -13.216 -31.216
89.233 -15.196 -33.036
91.437 -20.369 -36.851
76.193 -28.590 -38.554
81.462 -31.340 -34.861
86.663 -30.428 -31.344
90.428 -27.357 -26.792
91.260 -22.824 -22.370
90.658 -17.520 -19.145
87.549 -12.287 -16.175
83.014 -11.857 -11.512
78.115 -13.884 -7.406
76.959 -18.693 -3.161
77.975 -24.773 -0.676
41.084 -33.158 42.550
45.820 -28.878 40.196
52.036 -26.760 39.402
57.817 -28.296 37.067
61.456 -30.775 33.286
64.143 -35.306 28.430
62.619 -40.409 25.995
59.464 -43.457 20.863
54.036 -44.508 17.372
47.724 -42.526 15.504
45.671 -37.262 11.665
60.868 -28.998 10.323
55.646 -26.315 13.965
50.255 -27.279 17.580
46.432 -30.491 21.754
45.598 -35.044 26.255
46.038 -40.236 29.409
49.097 -45.687 32.337
53.781 -46.077 36.892
58.513 -43.957 41.215
59.551 -38.990 45.350
58.463 -32.852 47.828
18.579 22.457 42.766
23.162 26.840 40.402
29.427 28.988 39.428
35.254 27.444 37.137
38.870 24.892 33.454
41.585 20.378 28.619
39.980 15.244 26.208
36.874 12.292 21.203
31.563 11.251 17.458
25.229 13.263 15.543
23.147 18.540 11.774
38.437 26.752 10.437
33.139 29.375 14.150
27.635 28.555 17.648
23.926 25.368 21.996
23.027 20.785 26.404
23.414 15.501 29.656
26.365 10.206 32.621
31.171 9.748 37.227
35.844 11.895 41.506
36.963 16.782 45.607
35.949 22.891 48.132
31.690 86.582 56.392
33.202 83.305 50.506
36.701 78.558 48.297
39.061 72.694 49.593
38.288 67.580 54.123
37.987 64.069 59.927
35.197 62.341 66.547
28.560 61.849 67.624
22.363 62.049 66.737
17.447 60.886 63.429
14.138 57.510 58.526
14.125 54.619 52.170
17.736 49.665 49.638
21.080 43.879 51.323
23.432 39.527 55.016
23.150 35.557 60.022
20.403 32.503 64.908
15.239 29.648 67.435
7.750 29.896 67.869
9.745 31.540 50.240
6.232 35.645 53.906
5.556 39.525 59.166
7.351 41.810 65.216
12.780 43.482 68.153
19.268 45.208 67.919
25.720 45.857 65.669
29.280 47.702 59.884
29.401 50.904 53.975
27.815 56.264 50.488
24.331 62.084 48.974
22.335 67.191 52.484
22.139 71.181 57.883
23.742 73.376 63.947
29.324 74.335 67.486
36.081 74.335 66.659
42.028 73.436 64.624
45.924 75.747 59.304
46.624 79.230 53.035
2.348 56.586 -28.348
3.539 50.854 -25.125
7.292 48.862 -20.259
10.321 50.465 -14.810
9.659 54.667 -9.171
8.091 60.445 -5.903
5.189 66.588 -4.397
-1.470 67.421 -3.531
-7.901 65.926 -3.915
-12.570 62.195 -2.565
-15.282 57.635 1.449
-14.500 51.456 4.515
-10.812 49.460 9.608
-7.438 51.377 15.332
-4.462 55.152 19.305
-5.248 60.216 23.294
-8.028 65.284 26.084
-13.067 67.759 29.021
-20.513 67.987 29.368
-18.169 50.449 27.997
-22.016 53.742 23.747
-22.615 58.820 19.426
-21.563 65.159 17.159
-16.091 67.856 15.021
-9.537 67.914 13.404
-3.328 65.551 12.478
0.218 60.039 10.933
0.720 54.187 7.726
-0.835 50.550 2.622
-4.590 48.580 -2.919
-6.962 51.447 -8.246
-7.480 56.448 -12.648
-6.125 62.542 -15.202
-1.344 66.618 -16.617
5.666 67.062 -16.894
11.942 65.103 -16.228
16.339 60.369 -18.239
17.736 54.248 -21.117
2.487 56.346 -28.551
4.014 50.650 -25.161
7.591 48.656 -20.283
10.450 50.305 -14.803
9.383 54.647 -9.130
8.307 60.238 -5.793
4.929 66.083 -4.324
-1.126 67.001 -3.328
-7.713 65.317 -3.659
-12.101 61.721 -2.409
-14.989 57.180 1.799
-14.320 50.951 4.496
-10.746 49.276 9.804
-7.276 51.047 15.201
-4.212 54.905 19.234
-4.770 59.915 23.134
-7.913 65.032 25.919
-13.114 67.411 29.040
-20.597 67.737 29.120
-18.014 50.201 28.107
-21.865 53.404 23.792
-22.525 58.401 19.337
-21.184 64.765 17.136
-15.853 67.513 15.579
-9.618 67.348 13.183
-3.119 65.110 12.626
0.371 59.609 10.743
0.880 53.871 7.715
-0.584 50.138 2.297
-4.551 47.788 -2.671
-6.802 51.208 -8.200
-7.408 56.190 -12.440
-5.809 61.680 -15.121
-1.188 66.466 -16.404
5.840 66.852 -16.269
11.898 64.840 -16.113
16.330 60.246 -18.103
17.684 54.194 -21.293
3.429 31.863 51.098
7.715 27.414 47.288
11.403 26.339 42.067
14.877 28.694 36.946
18.635 33.133 34.269
20.362 39.951 33.483
23.639 44.253 37.371
27.197 45.649 42.723
30.687 43.307 47.719
34.709 38.153 50.152
38.371 32.447 48.707
41.475 28.044 44.665
45.084 27.083 39.384
48.754 29.020 34.024
52.662 34.045 32.106
55.580 40.021 33.091
58.504 44.490 36.983
61.240 45.310 42.212
63.209 44.342 49.132
70.453 31.381 34.824
66.225 28.276 38.572
61.981 27.876 43.435
58.066 29.721 49.075
54.913 34.904 51.622
50.960 39.778 50.033
48.581 45.083 46.584
46.068 45.731 40.236
43.629 44.224 34.455
40.641 39.786 30.927
36.818 34.146 31.718
34.624 28.855 35.060
32.544 26.601 41.147
30.133 28.240 47.158
26.004 32.583 50.100
23.563 38.974 50.949
19.441 43.553 47.925
16.577 46.084 42.168
12.255 44.055 37.707
19.371 -13.849 -17.835
15.068 -10.155 -14.676
9.321 -7.178 -14.780
3.559 -5.694 -17.900
-1.453 -8.295 -21.220
-4.371 -13.764 -23.597
-5.613 -19.938 -23.095
-5.437 -25.369 -19.262
-4.986 -29.174 -14.099
-5.544 -29.238 -7.551
-7.333 -26.839 -1.947
-18.737 -17.168 -12.553
-14.043 -13.821 -8.732
-8.932 -13.684 -4.986
-2.735 -15.504 -5.949
1.047 -20.904 -7.520
3.881 -24.541 -12.027
6.945 -23.746 -17.889
5.954 -22.399 -24.022
5.230 -17.797 -28.458
5.617 -11.379 -29.864
7.870 -5.537 -28.186
24.485 4.803 7.456
22.419 -1.347 9.300
19.125 -3.571 14.527
15.624 -4.195 20.006
11.364 -0.432 23.745
9.266 5.253 26.940
6.540 11.142 26.319
2.991 14.906 22.038
-0.020 16.011 16.221
-2.621 14.923 10.434
-1.149 -2.655 11.234
3.960 0.081 7.867
6.570 6.027 6.957
8.814 12.194 8.030
12.207 15.646 12.517
15.841 15.928 18.077
19.016 13.290 22.943
21.677 9.099 27.673
25.913 3.821 26.393
28.538 -1.673 23.818
15.599 6.249 12.825
13.558 -0.169 12.821
10.841 -4.169 17.337
7.455 -5.511 21.910
3.574 -4.238 27.728
1.858 -0.155 32.916
-1.702 5.389 33.460
-4.956 10.607 30.276
-7.414 13.887 24.796
-9.435 -3.789 16.458
-5.372 0.389 13.051
-2.714 6.556 13.795
-0.725 12.189 16.780
2.846 14.608 21.847
7.458 13.230 26.845
11.166 10.040 30.548
14.934 4.598 32.701
18.558 -0.628 29.880
24.197 -9.298 -30.291
22.341 -6.903 -35.835
20.954 -6.526 -42.126
21.069 -8.417 -48.805
19.932 -13.487 -53.294
15.497 -18.910 -53.809
10.443 -22.731 -51.181
5.591 -25.363 -46.756
0.146 -23.221 -42.876
-4.451 -18.520 -40.051
-6.457 -11.764 -40.625
-8.167 -7.493 -46.040
-9.410 -7.652 -52.998
-13.135 -10.147 -57.961
-16.846 -15.171 -59.350
-22.304 -19.444 -58.892
-28.221 -21.892 -56.222
-33.973 -19.766 -52.953
-38.224 -14.759 -51.417
-28.772 -3.532 -62.989
-26.901 -3.097 -56.970
-25.521 -4.809 -50.903
-25.668 -8.775 -45.207
-24.590 -15.045 -42.621
-20.213 -20.385 -43.913
-15.193 -23.188 -47.653
-10.360 -24.280 -52.703
-4.885 -21.044 -55.678
-0.243 -15.726 -56.826
1.834 -9.554 -54.080
3.579 -7.301 -47.567
4.805 -9.737 -41.043
8.501 -13.754 -37.175
12.151 -18.992 -37.512
17.572 -22.933 -39.348
23.467 -24.437 -42.680
29.247 -21.418 -45.085
33.552 -16.229 -44.910
4.359 -11.693 -0.629
0.422 -6.668 2.039
-5.445 -5.261 5.602
-8.409 -7.508 10.962
-9.126 -10.424 16.408
-6.520 -12.135 22.542
-1.931 -15.175 26.535
3.579 -12.977 29.353
8.810 -8.593 29.843
11.501 -2.675 28.196
11.665 3.601 26.455
9.073 9.631 28.284
-6.840 3.172 33.633
-6.060 5.132 27.540
-3.136 5.290 21.426
2.468 3.223 18.884
8.435 0.109 18.607
11.089 -5.820 17.611
10.470 -12.363 16.692
7.261 -17.414 15.578
2.170 -21.864 14.818
-3.861 -21.927 11.885
-9.440 -19.603 9.167
-11.992 -16.334 4.092
-4.372 45.065 -0.619
-0.440 40.042 2.043
5.433 38.634 5.609
8.386 40.889 10.982
9.105 43.803 16.417
6.495 45.517 22.551
1.903 48.555 26.542
-3.608 46.356 29.360
-8.839 41.967 29.847
-11.521 36.045 28.202
-11.684 29.771 26.456
-9.090 23.744 28.284
6.810 30.220 33.631
6.042 28.252 27.540
3.122 28.100 21.434
-2.491 30.154 18.880
-8.450 33.272 18.592
-11.107 39.200 17.607
-10.486 45.738 16.680
-7.276 50.790 15.567
-2.187 55.238 14.798
3.842 55.302 11.866
9.424 52.974 9.151
11.975 49.703 4.086
5.856 -10.837 0.885
4.512 -11.850 -5.595
1.409 -10.889 -11.681
2.796 -6.119 -16.787
5.618 -0.582 -18.766
9.455 4.737 -18.672
15.599 6.683 -18.713
22.135 6.500 -17.652
26.999 2.466 -19.335
13.777 -8.674 -28.891
15.321 -10.265 -22.718
19.229 -11.224 -17.796
22.747 -8.366 -12.718
21.636 -3.648 -8.249
18.192 1.541 -5.673
12.220 4.092 -5.162
6.056 5.639 -6.653
-0.235 4.813 -9.591
-4.885 -0.092 -8.917
-4.582 21.589 17.260
-9.084 16.897 18.513
-9.507 10.508 17.774
-4.227 7.828 21.778
0.594 4.652 23.441
7.210 3.518 24.522
12.888 7.285 24.633
15.841 13.237 25.107
15.666 19.877 26.250
12.199 25.223 27.690
6.716 28.617 30.262
2.349 27.810 35.515
0.250 24.783 41.489
1.896 23.280 47.284
5.343 20.096 52.464
11.745 21.231 54.996
17.003 24.817 54.773
21.228 29.469 51.910
21.206 36.355 51.396
18.381 42.276 51.181
14.412 47.064 53.745
12.840 49.794 59.028
11.030 49.499 65.907
29.382 42.031 67.489
24.333 37.828 68.633
18.221 36.157 69.583
12.381 35.815 67.202
7.283 36.305 63.133
4.455 39.836 57.641
6.906 40.504 51.336
11.637 38.972 46.535
14.656 34.153 43.423
17.830 28.396 42.118
19.516 21.924 44.209
15.647 16.386 43.911
10.142 13.651 41.914
4.213 13.191 39.077
-0.452 15.281 34.865
-1.677 18.778 29.182
0.477 22.906 24.195
4.866 22.597 19.168
8.184 19.341 15.262
8.387 14.062 10.764
5.972 10.674 6.711
1.018 10.201 3.622
-5.241 11.860 2.105
-25.140 101.156 61.515
-18.411 98.832 62.003
-13.992 94.749 57.490
-13.751 91.979 51.270
-14.163 92.968 44.586
-14.430 97.020 39.334
-12.281 101.889 35.861
-9.764 108.354 35.051
-4.343 111.473 36.873
2.264 112.433 39.176
7.864 108.584 40.126
11.586 103.459 39.746
13.654 97.055 38.187
13.892 93.238 32.812
13.115 93.011 26.248
10.643 94.697 19.953
13.424 98.082 15.193
16.011 103.971 11.981
18.923 109.504 12.714
25.131 111.889 13.577
31.377 110.168 15.857
35.320 105.979 19.811
37.723 99.837 19.723
39.386 100.429 0.648
31.716 100.472 1.818
28.151 95.307 5.128
28.013 92.268 11.378
28.521 93.167 18.081
28.725 97.315 23.339
26.227 102.171 27.002
23.217 108.303 28.149
17.838 111.036 26.566
11.838 112.425 23.272
6.632 108.862 21.337
2.939 103.129 23.316
2.313 96.189 24.203
0.779 93.066 29.819
1.577 92.643 36.609
3.827 94.492 42.857
0.931 97.939 47.502
-1.709 103.831 50.623
-4.775 109.243 50.155
-11.243 111.080 49.459
-16.994 110.440 46.064
-20.781 105.883 42.617
-23.375 99.772 43.163
1.803 46.433 10.189
0.476 49.424 15.545
3.455 51.793 21.444
8.868 52.898 25.169
14.783 55.844 25.019
19.946 59.335 22.606
22.220 63.490 17.920
21.187 68.478 14.471
18.406 73.389 10.903
12.626 77.204 10.812
8.528 80.602 14.654
5.442 81.780 20.743
6.537 81.928 26.849
10.091 81.160 32.282
15.973 82.410 35.148
22.103 84.904 35.770
25.709 90.193 34.330
27.624 95.249 29.559
24.663 100.668 28.008
19.141 103.897 26.219
14.795 108.189 28.692
12.035 110.662 34.705
12.463 112.292 40.992
16.507 114.022 45.866
21.577 116.205 49.151
26.344 118.759 31.125
31.473 116.584 34.499
33.073 111.736 38.655
30.349 107.286 43.221
25.125 103.995 45.713
18.875 101.637 45.656
14.164 99.015 41.954
9.558 98.536 36.740
9.768 97.979 30.423
13.395 97.058 24.773
17.691 93.579 21.216
23.100 89.411 19.931
23.840 82.983 21.916
23.208 77.961 27.013
18.778 74.632 30.452
12.437 72.254 30.098
7.495 70.029 26.642
3.386 69.207 21.165
3.220 67.462 15.274
5.815 64.140 9.983
10.897 61.496 6.350
15.304 57.113 7.470
19.659 52.671 10.206
19.554 48.944 15.599
17.031 46.830 21.814
26.612 34.752 46.656
30.743 30.050 49.390
37.125 29.041 51.644
43.281 31.087 53.862
46.164 35.737 57.689
46.669 41.311 61.375
43.313 44.901 65.850
39.293 45.030 70.764
34.314 43.413 75.199
31.213 38.793 78.241
32.271 32.929 81.454
36.018 27.289 82.747
42.284 25.580 83.248
49.024 26.133 82.213
53.763 29.525 85.016
56.315 34.270 89.045
55.794 39.137 93.283
52.614 43.091 98.014
49.510 41.968 103.492
44.906 38.680 107.044
44.016 33.971 111.349
47.591 28.578 114.627
53.103 25.779 116.349
59.549 26.193 117.859
65.451 28.193 118.978
53.863 42.859 123.305
58.500 44.705 119.616
63.157 43.522 114.798
65.056 38.486 110.719
64.086 32.587 107.924
60.565 27.499 106.007
54.974 25.222 103.204
48.124 24.434 102.498
43.474 28.017 100.310
40.569 32.959 97.383
40.561 39.719 95.672
43.156 43.141 91.074
46.200 43.208 85.125
50.525 40.222 80.654
51.447 34.915 76.812
48.176 29.693 74.010
42.944 27.154 71.305
36.364 26.053 69.505
31.398 29.231 67.416
28.233 34.786 65.181
27.772 41.266 63.328
31.249 45.035 59.330
36.293 47.681 55.643
40.329 45.692 51.348
44.965 40.961 49.143
111.121 124.008 63.999
116.625 124.415 60.422
120.445 121.879 55.861
123.688 117.250 52.200
122.412 112.214 48.075
119.356 106.728 45.498
114.006 104.709 42.568
108.971 107.217 38.993
105.402 111.332 35.679
116.826 124.767 38.063
111.109 125.040 41.439
106.867 121.365 45.105
104.251 115.906 47.622
104.758 110.036 50.543
108.606 107.182 54.921
113.894 106.343 58.529
120.673 106.685 59.742
123.945 110.917 63.427
43.328 138.247 93.584
37.177 139.194 91.246
33.003 143.216 88.228
29.359 148.919 87.284
30.752 154.896 84.693
33.992 160.642 83.472
39.043 162.970 80.216
43.330 161.425 75.320
45.933 158.127 70.407
33.185 145.892 69.843
39.040 143.936 72.163
44.311 146.175 75.857
47.858 150.248 79.467
48.634 154.866 83.991
45.952 156.373 89.748
41.644 156.356 94.540
35.155 156.117 97.037
32.170 151.191 100.069
53.708 36.164 -1.873
53.042 42.011 -5.447
47.085 44.733 -7.767
40.631 45.102 -9.525
34.615 42.290 -8.528
30.521 37.882 -5.241
28.367 36.413 0.608
28.741 35.444 7.292
31.143 37.339 13.493
32.305 43.515 16.311
31.754 50.363 16.136
28.381 55.827 14.626
23.247 59.386 11.922
16.485 58.932 11.682
11.105 55.419 12.759
7.372 50.236 15.334
6.760 47.105 21.439
7.871 46.991 27.866
8.344 50.158 33.656
8.863 55.237 38.112
6.735 61.713 39.069
0.637 61.586 22.500
5.019 65.327 23.944
10.615 66.634 27.235
15.783 62.738 28.823
18.629 56.777 30.472
18.878 50.489 28.625
16.326 44.936 25.365
16.509 43.002 18.902
15.424 43.252 12.288
15.823 46.123 6.256
20.439 49.997 3.047
26.669 52.975 3.250
33.093 52.813 5.106
38.586 50.148 7.857
41.859 44.230 8.413
41.137 37.716 8.285
38.510 32.116 5.402
36.745 30.059 -0.786
36.209 31.070 -7.419
38.571 34.155 -12.839
43.834 36.270 -16.500
34.624 15.159 33.813
30.008 18.100 29.368
23.958 20.964 28.979
18.322 23.809 31.413
17.306 28.263 36.161
17.141 30.336 42.746
21.514 32.708 47.026
27.598 35.791 47.773
34.319 36.955 46.606
37.767 39.700 41.664
37.943 42.152 35.402
35.122 47.828 32.667
29.822 51.833 32.008
24.403 54.875 34.896
41.039 60.629 46.305
37.282 57.411 50.382
31.149 54.340 50.896
25.238 52.321 48.897
21.021 50.681 43.893
20.875 47.885 37.773
24.158 44.963 32.506
29.542 41.366 30.218
33.581 36.021 31.760
36.844 32.455 36.419
35.472 28.295 41.587
31.532 24.710 45.536
26.208 21.102 47.025
20.288 18.267 45.892
-3.750 -37.683 7.158
-5.134 -34.601 1.344
-8.086 -29.877 -2.165
-10.357 -23.841 -1.636
-14.106 -18.458 1.184
-16.563 -15.991 7.092
-13.406 -13.827 12.721
-8.901 -14.258 18.173
-2.210 -15.589 19.781
4.209 -14.408 17.546
8.205 -10.840 14.170
9.302 -4.982 10.585
-8.289 -0.893 7.735
-4.853 -3.647 2.608
-0.752 -8.474 0.429
3.140 -13.982 1.972
3.407 -18.832 6.613
2.227 -22.747 12.385
-3.035 -23.272 17.001
-9.769 -24.391 17.354
-16.253 -23.967 15.499
-21.018 -24.405 10.578
-22.380 -28.271 5.238
-20.248 -32.336 0.063
-12.465 -20.921 0.053
-8.510 -18.251 -4.818
-5.324 -12.796 -7.386
-3.101 -6.359 -6.998
-2.130 -0.428 -3.521
-1.331 2.841 2.359
2.616 2.595 7.667
7.298 1.736 11.333
13.502 0.266 13.285
19.870 -0.624 11.820
25.084 0.016 7.576
28.417 0.685 1.491
28.076 4.691 -3.921
13.003 12.541 2.684
12.686 8.645 -2.994
14.785 3.228 -6.365
15.071 -3.318 -5.867
13.035 -8.450 -3.069
9.751 -12.353 0.371
5.766 -15.135 5.433
1.004 -13.613 10.140
-4.320 -9.869 11.738
-9.368 -5.675 10.034
-13.103 -2.455 5.280
-15.330 -1.862 -1.066
-16.911 -4.783 -6.968
