-20.869 13.373 -8.254
-24.028 7.818 -6.839
-23.508 3.974 -11.193
-25.785 -2.014 -7.288
-20.701 -5.446 -8.403
-19.733 -10.153 -5.659
-16.660 -16.645 -7.206
-15.934 -22.106 -7.641
-15.541 -22.699 -14.003
-18.586 -27.231 -14.258
-31.479 5.258 -19.726
-26.328 8.457 -21.341
-21.489 6.921 -18.140
-16.455 9.021 -22.777
-13.266 12.464 -26.605
-9.124 14.180 -29.593
-5.657 11.607 -35.239
-1.252 8.785 -38.429
153.871 228.776 203.540
152.198 233.002 198.445
153.594 236.284 192.689
157.187 236.063 186.609
160.677 231.511 182.409
160.733 225.107 180.289
157.244 219.382 179.572
151.025 215.954 180.233
144.408 216.571 180.250
138.557 219.256 178.460
135.066 224.074 175.023
135.068 228.044 169.761
137.044 230.416 163.450
139.795 228.984 157.821
142.547 224.757 153.136
142.617 219.073 150.390
140.118 213.127 150.178
135.732 208.779 151.115
128.972 208.200 151.530
123.122 212.643 151.798
119.525 215.711 147.508
117.074 219.096 143.066
117.518 219.290 136.260
119.700 217.272 130.066
121.149 212.170 126.398
123.188 205.544 125.301
123.121 199.797 126.566
121.567 194.820 130.270
116.974 193.152 135.108
110.362 194.878 136.889
104.300 195.115 134.114
100.171 194.511 128.878
98.430 191.897 122.749
98.904 186.417 119.103
100.370 179.844 117.140
102.877 174.406 119.416
104.877 170.134 123.349
105.725 169.199 129.751
102.746 170.768 135.724
96.313 171.815 138.404
89.687 170.793 137.632
84.600 166.667 136.385
82.513 160.424 136.126
83.663 153.798 136.734
87.232 148.646 138.340
92.298 145.287 141.040
96.479 145.902 145.734
99.862 148.705 150.111
100.831 154.142 154.772
96.953 156.841 159.095
91.486 157.363 163.422
87.831 153.365 167.233
86.398 147.649 170.793
89.226 142.549 174.077
94.833 139.485 176.314
100.515 138.563 177.835
106.207 140.566 177.954
110.127 145.209 177.942
111.315 151.266 179.193
109.036 156.687 182.628
105.847 158.840 187.959
104.817 158.311 194.409
106.876 155.684 200.265
110.474 153.220 204.582
116.535 150.827 207.130
122.968 150.547 206.364
128.618 152.165 203.665
131.937 154.839 199.303
132.105 158.944 194.063
129.009 164.977 192.583
126.343 170.384 195.355
126.848 174.751 200.140
130.009 177.941 205.009
135.732 179.363 208.050
142.296 179.893 208.364
147.975 180.201 205.262
151.773 179.858 199.953
152.359 178.263 193.569
149.229 178.896 187.737
145.428 182.966 183.994
141.812 188.864 183.201
142.916 194.937 183.788
145.785 200.907 184.957
151.423 204.030 183.914
157.365 204.817 181.473
162.272 202.715 177.236
164.320 199.991 172.347
163.263 196.764 166.493
158.551 193.718 163.252
153.718 193.127 160.133
148.155 197.381 158.105
145.405 203.246 157.258
146.484 209.191 153.948
149.918 212.692 149.280
153.561 212.779 143.620
157.098 209.089 138.961
157.861 203.354 135.595
156.960 196.956 133.870
152.406 192.438 134.537
146.521 190.329 134.455
140.069 192.038 136.017
135.554 195.016 132.525
132.923 197.630 126.945
132.716 197.211 120.243
134.107 193.567 115.127
135.644 188.206 111.731
137.554 181.860 110.990
138.455 175.754 112.956
137.548 171.480 117.534
136.100 169.004 123.484
130.509 169.338 127.021
124.376 171.475 128.405
118.720 170.404 125.268
114.243 168.353 120.323
112.806 163.380 116.353
113.337 156.773 114.304
115.292 150.708 115.210
118.297 146.090 118.490
121.387 143.680 123.127
123.587 145.507 129.680
120.113 146.590 135.140
115.314 147.437 138.912
108.174 147.028 140.227
103.744 142.478 140.544
102.107 136.185 141.752
102.897 129.294 143.015
107.005 124.832 145.065
112.423 123.546 148.091
118.414 124.793 150.267
122.675 128.922 153.155
123.140 135.272 155.687
120.131 138.644 160.691
115.843 138.778 166.256
112.244 135.455 171.575
113.612 130.649 175.905
118.161 126.768 178.844
123.769 124.869 180.896
130.454 125.984 180.756
136.096 128.177 179.481
139.088 133.560 177.832
138.753 140.436 177.793
135.876 144.692 182.118
133.362 146.949 188.172
134.807 146.014 194.755
138.823 143.976 199.510
144.976 143.166 201.563
151.813 143.102 200.995
157.378 144.760 197.103
159.994 147.614 191.675
159.644 152.856 187.669
157.387 159.226 186.806
154.631 164.926 188.972
154.239 169.041 193.842
156.622 172.009 199.420
160.149 171.903 204.732
165.776 170.564 208.183
171.751 167.839 206.516
176.606 166.205 201.896
179.781 168.234 196.533
181.414 173.570 192.356
182.011 179.802 191.205
183.775 185.258 193.938
186.057 189.174 198.477
189.024 190.113 204.204
193.361 187.907 208.954
198.411 183.659 210.550
203.501 179.753 208.366
208.008 178.808 204.077
211.215 180.117 198.425
212.370 185.080 193.981
213.823 191.089 193.106
216.739 190.255 211.091
212.024 194.347 210.361
207.535 196.769 206.201
204.107 196.414 200.577
202.209 192.611 195.392
201.173 186.784 192.542
199.569 180.906 193.475
197.905 175.701 197.026
194.978 173.519 202.561
190.585 174.443 207.175
185.330 178.246 209.530
180.659 182.996 208.683
176.214 184.606 204.366
172.508 184.092 198.886
170.862 180.517 193.484
170.535 174.523 190.659
171.417 167.415 191.312
170.913 162.507 194.624
168.477 158.841 200.150
163.444 158.067 204.064
156.907 158.412 205.437
150.635 159.624 202.688
147.033 160.073 197.799
145.173 158.276 191.700
147.131 154.238 186.508
150.805 149.237 184.154
152.510 143.064 185.248
151.588 137.087 188.077
147.430 133.448 193.021
141.161 132.233 194.836
134.711 132.704 194.398
129.334 134.961 191.523
125.922 138.368 187.734
125.279 141.073 181.794
128.171 140.970 175.085
131.390 137.051 170.938
131.205 131.304 168.157
128.464 125.591 167.341
123.061 121.525 167.396
116.527 121.306 166.728
110.590 123.960 164.757
107.496 129.442 161.906
107.279 134.788 158.824
110.612 139.154 155.417
115.767 140.086 151.123
120.232 137.214 146.685
120.259 132.483 142.099
117.932 129.274 136.996
114.016 129.921 131.893
109.350 133.399 128.568
105.629 138.540 127.374
104.369 145.197 127.422
106.896 151.340 128.937
111.291 155.071 131.007
117.583 156.662 132.538
124.101 156.264 129.557
128.025 154.544 124.665
128.562 155.257 118.239
127.041 158.323 112.557
124.905 163.905 110.227
122.836 170.339 110.614
121.856 175.707 113.773
122.576 179.545 118.661
125.007 180.412 124.071
130.326 179.632 128.128
136.811 178.871 128.574
142.801 179.108 125.468
146.717 182.450 121.500
148.045 187.912 118.100
147.904 194.225 118.099
146.780 200.318 119.033
143.400 204.597 124.016
142.539 206.656 129.100
141.382 205.147 135.650
140.429 200.103 140.497
144.947 195.700 142.972
151.161 193.106 143.780
157.033 195.264 145.134
161.257 199.137 147.464
163.062 204.501 150.834
162.494 208.847 154.964
158.993 211.509 160.040
154.094 210.541 164.270
149.177 207.439 166.885
146.719 201.095 168.309
147.965 194.722 169.183
151.886 189.330 170.486
156.247 188.199 174.847
160.034 188.823 179.873
161.458 191.820 185.674
158.825 193.740 190.987
153.610 196.094 194.981
147.576 194.993 196.461
141.861 192.342 196.448
138.139 187.836 193.904
137.010 182.182 190.833
139.526 175.761 190.444
143.942 170.708 192.633
145.759 167.857 198.395
143.609 166.077 204.216
139.268 165.960 209.310
133.021 166.641 211.563
126.257 167.507 209.975
121.251 167.433 205.486
119.087 166.016 199.842
119.547 162.959 193.985
122.766 158.523 190.477
123.101 151.953 190.627
122.111 145.834 193.170
117.739 142.834 195.613
111.494 141.344 196.105
104.950 142.603 196.070
99.419 145.620 193.621
96.505 149.014 188.952
96.716 153.619 184.033
99.134 156.736 178.639
102.737 154.753 173.215
106.617 149.917 169.762
105.025 145.246 167.020
101.597 141.151 164.439
95.713 138.437 161.862
89.332 139.705 160.164
84.936 143.947 157.696
83.701 149.513 154.886
84.970 155.608 153.818
89.220 160.781 152.258
94.838 161.504 148.844
98.932 160.011 144.323
101.747 156.003 139.094
99.299 154.481 133.370
95.307 155.037 128.225
91.496 159.176 124.483
88.718 165.101 123.600
88.511 171.481 125.041
90.354 176.700 128.388
94.283 180.090 132.560
100.672 180.784 135.344
107.329 179.714 133.679
111.575 179.572 128.320
113.192 181.595 121.921
112.695 187.161 118.824
110.385 193.380 117.473
109.007 199.205 120.170
107.556 202.898 124.957
108.197 205.401 130.285
110.417 204.755 136.704
115.502 202.373 140.890
122.229 202.020 140.175
128.326 203.073 137.211
131.311 208.299 134.634
132.186 214.708 134.420
131.135 220.866 136.909
128.253 225.363 141.208
125.687 225.525 147.932
125.326 223.316 153.985
127.090 218.770 159.125
130.602 213.035 161.297
136.434 211.282 161.527
142.161 212.102 162.742
147.610 215.850 163.482
150.088 222.235 163.955
149.297 229.224 165.587
146.256 232.946 169.893
143.545 233.863 176.076
141.734 231.215 182.418
142.999 226.983 187.209
146.161 221.831 190.651
152.150 218.713 192.040
158.786 219.615 192.001
165.110 222.594 191.450
168.645 228.675 192.331
112.145 93.382 139.530
116.668 89.786 139.631
120.430 84.596 141.594
120.238 77.992 142.712
118.239 72.138 140.242
114.665 67.634 136.281
111.263 66.582 130.360
109.960 68.648 124.423
109.232 73.727 119.782
114.229 78.165 117.766
120.774 79.640 117.313
127.145 76.453 117.108
130.780 71.555 116.885
132.406 66.730 111.292
132.360 62.953 106.651
129.614 61.539 100.753
126.091 63.286 95.382
124.451 67.162 91.441
120.157 72.363 89.666
120.245 78.930 91.550
124.587 83.301 93.849
130.780 85.947 93.052
136.976 85.510 90.601
141.246 84.876 85.507
141.938 83.951 79.060
139.724 86.827 72.320
134.758 88.263 68.423
129.487 92.155 67.652
124.341 95.559 70.023
122.015 99.938 73.883
121.657 103.495 79.864
124.952 108.922 81.837
130.892 112.515 82.172
133.515 117.066 78.696
133.062 121.677 73.864
129.038 124.828 69.451
123.487 126.885 67.546
116.711 127.017 66.728
110.859 126.237 69.871
108.296 125.192 76.220
109.033 126.683 82.554
112.031 130.141 87.680
115.128 135.772 89.945
114.555 142.274 89.441
111.897 148.045 87.087
106.508 151.665 85.358
99.816 151.468 84.300
93.945 147.865 85.030
90.905 143.743 88.673
89.742 140.022 94.368
93.132 137.671 100.463
96.598 139.593 105.966
98.229 144.057 110.807
95.096 147.359 115.319
89.615 150.022 118.620
83.300 149.961 119.837
77.817 146.512 120.950
74.257 140.981 120.607
73.223 134.804 117.690
76.200 129.012 118.578
81.644 125.437 120.280
86.547 124.316 124.984
86.923 123.502 131.639
85.014 124.877 137.816
80.105 123.070 141.950
74.791 119.753 143.163
70.330 114.993 142.181
68.230 109.296 139.824
67.310 105.045 134.498
71.431 100.812 131.553
77.810 100.769 128.786
83.529 97.929 131.390
87.775 96.575 136.703
88.071 92.624 142.098
85.671 87.064 145.034
82.294 81.633 144.708
78.792 76.415 142.356
77.497 73.073 136.906
78.653 71.515 130.764
80.178 74.503 124.597
85.667 75.958 121.002
92.265 77.605 121.552
97.964 74.666 123.694
101.414 69.181 124.495
102.740 63.025 122.696
101.864 58.805 117.742
99.041 55.270 113.127
96.308 54.787 107.359
92.299 56.672 102.055
92.067 61.566 98.058
92.024 68.467 97.073
97.194 72.144 95.782
103.812 73.920 96.936
109.539 71.613 93.911
113.816 67.195 90.706
114.666 64.408 84.951
112.920 62.998 78.548
108.483 63.561 73.468
106.232 67.905 69.337
101.086 72.375 68.386
98.725 78.617 70.654
102.257 84.279 72.294
107.784 87.790 73.584
114.518 88.599 71.888
118.214 89.737 67.119
118.891 91.739 60.843
116.379 93.774 55.101
111.085 96.180 51.649
105.003 98.838 50.677
99.689 101.017 54.081
96.805 103.318 59.458
97.076 106.892 64.534
100.028 110.374 69.717
104.202 115.663 70.260
106.956 121.025 67.660
106.718 126.358 64.338
103.169 130.269 60.224
97.761 132.680 57.912
91.284 133.025 58.259
85.097 130.067 59.908
81.852 126.623 64.688
79.739 125.486 70.707
80.456 124.782 77.621
81.632 141.183 70.718
88.076 140.742 73.005
92.320 136.226 74.922
93.515 130.182 78.119
91.312 124.047 75.803
87.833 120.294 70.960
86.738 119.657 64.507
88.321 119.773 58.320
93.140 119.898 54.114
99.173 120.105 51.378
105.527 118.763 52.619
110.287 115.505 55.680
113.032 111.129 59.005
113.358 107.809 65.184
108.699 105.522 69.318
103.741 101.203 68.713
99.988 96.830 65.205
99.045 92.499 60.015
101.916 88.337 55.527
107.043 84.319 54.270
112.102 80.830 56.347
115.774 77.966 60.980
117.989 78.177 67.178
116.649 79.528 73.638
112.682 79.629 78.678
106.466 80.957 81.563
101.292 76.762 82.199
97.330 71.445 79.943
97.468 64.875 79.290
99.866 59.949 82.043
103.406 56.940 87.005
106.593 57.368 92.569
110.329 60.504 97.642
108.483 64.104 102.779
105.704 70.318 104.745
99.766 72.389 105.906
93.191 72.016 106.041
87.614 68.191 107.271
85.811 63.809 111.425
85.771 59.693 116.632
87.729 57.871 122.049
89.739 59.480 128.130
92.391 63.525 132.584
93.443 69.263 135.104
94.792 75.692 134.291
94.180 80.662 129.552
88.220 83.427 127.142
81.531 83.400 125.568
75.663 82.663 128.146
71.926 84.937 133.403
71.113 87.513 139.409
72.680 90.873 144.905
75.363 96.476 146.834
79.433 101.687 146.065
84.739 104.611 142.699
85.125 107.393 136.850
82.977 108.408 130.626
77.357 109.462 126.599
72.078 113.378 126.558
68.245 118.067 129.182
67.835 123.673 132.355
70.369 129.169 134.652
74.794 133.765 134.691
80.737 136.827 133.974
87.086 136.300 131.080
89.513 135.493 125.136
88.917 131.279 119.900
85.570 132.635 113.523
80.428 135.156 109.937
78.060 141.048 107.876
79.781 147.029 106.541
83.068 152.974 107.328
88.870 155.515 105.807
95.105 154.930 103.035
101.106 151.348 102.618
104.002 145.295 101.332
102.595 139.039 98.561
98.780 136.431 93.340
96.405 137.267 87.103
97.269 139.941 81.148
102.188 142.081 76.748
108.507 143.361 74.866
115.054 141.947 75.393
121.243 139.166 78.641
122.989 133.105 81.622
120.919 127.821 85.438
118.303 121.923 83.408
113.403 119.165 79.510
114.108 116.519 72.782
117.596 115.264 67.014
123.149 114.102 64.221
129.504 112.243 64.279
134.779 109.997 67.557
137.385 105.963 71.839
138.119 103.296 78.019
134.399 102.041 83.699
129.271 97.571 84.185
124.380 93.811 81.997
122.105 88.907 76.796
124.706 83.733 73.961
128.540 78.522 74.797
133.172 74.108 76.654
137.080 73.104 82.080
139.078 73.774 88.266
138.073 76.209 94.502
134.083 79.310 99.040
128.384 79.971 101.815
121.425 79.855 101.675
116.735 74.393 101.834
115.628 68.629 103.177
115.976 62.460 105.270
118.205 59.459 110.647
122.332 58.937 116.012
125.300 61.607 121.007
126.605 67.188 125.065
126.833 74.042 125.230
123.088 79.175 126.899
117.518 83.390 126.668
111.204 82.527 128.313
105.531 78.582 129.156
103.246 76.516 134.779
104.012 75.525 141.432
105.840 76.109 146.990
81.363 70.973 157.734
78.443 76.966 160.749
82.403 81.519 164.065
86.252 87.433 162.067
87.204 91.465 155.950
85.083 94.356 151.628
81.404 95.473 145.198
75.144 94.662 142.687
67.787 92.676 143.643
63.089 94.690 146.609
59.103 97.957 150.713
58.212 104.542 154.321
58.697 109.961 153.507
61.402 116.054 151.824
65.037 119.522 147.107
67.089 120.565 141.102
68.157 118.626 134.395
64.980 114.752 129.558
58.195 112.134 127.351
51.838 114.102 126.635
46.951 119.115 126.396
45.107 125.184 125.430
46.466 131.379 122.108
49.792 135.820 118.051
54.396 136.341 113.180
59.351 133.166 108.708
60.271 128.258 105.461
58.529 122.696 102.370
53.424 118.557 100.054
47.232 118.547 96.795
42.946 121.347 92.617
42.521 124.894 86.594
45.956 126.489 80.750
51.482 127.842 76.912
57.573 126.057 75.274
63.347 122.215 75.886
66.693 116.781 78.046
66.021 110.527 81.411
62.411 104.648 80.626
58.251 100.554 77.101
56.424 97.995 71.199
58.164 96.469 65.009
63.417 95.135 60.704
69.714 95.987 58.114
76.354 96.304 59.720
81.147 94.858 63.438
83.749 92.463 68.666
83.432 88.603 74.532
80.633 83.074 77.523
78.496 76.652 76.679
77.930 71.205 72.818
82.221 67.073 69.555
88.170 64.519 67.519
93.697 63.781 67.499
100.403 65.790 68.156
104.796 67.908 72.512
106.676 70.721 78.107
104.660 73.520 84.539
101.120 71.530 89.635
97.115 67.565 93.697
95.966 61.138 95.704
98.910 55.725 97.576
104.930 53.131 99.846
111.041 53.252 102.270
115.785 56.454 105.822
118.249 62.016 108.439
118.069 68.581 110.579
113.555 73.710 112.707
107.546 74.899 115.756
102.400 73.445 119.749
100.405 70.245 125.288
102.083 67.510 131.228
106.313 67.098 136.090
110.915 69.863 139.978
114.926 75.061 141.800
116.770 81.361 141.724
116.424 87.492 140.036
111.979 92.377 136.759
105.673 93.610 135.065
98.992 93.929 137.948
94.622 92.409 142.889
93.087 94.125 149.204
94.376 97.680 154.741
96.808 103.203 158.491
98.807 109.221 158.616
101.036 115.030 155.420
101.979 118.636 150.139
100.448 118.027 143.605
94.674 118.610 138.721
87.795 117.291 137.401
81.754 119.275 138.791
76.989 123.668 142.199
75.820 130.105 143.133
77.177 136.494 142.800
79.794 141.780 140.175
82.986 144.883 135.151
86.866 145.035 129.867
88.350 142.884 123.846
87.942 138.311 118.818
83.751 134.345 115.923
77.626 132.513 113.647
71.224 134.127 111.985
67.665 139.122 109.394
67.036 146.316 107.520
68.660 150.444 102.246
73.818 151.939 97.527
78.040 150.820 93.309
83.365 147.051 90.502
85.742 140.328 90.074
83.211 134.096 88.621
78.906 129.913 86.093
73.311 128.462 82.200
71.118 128.895 76.287
70.949 130.464 69.810
73.728 131.778 64.031
80.506 132.578 61.092
86.271 130.991 60.721
92.295 128.156 63.494
94.859 123.892 67.834
95.031 118.258 71.850
91.649 112.087 72.744
88.208 107.091 69.430
88.048 103.598 63.417
92.985 100.529 59.004
98.713 99.698 55.211
105.249 100.606 55.146
111.220 101.167 57.943
114.883 101.782 63.872
115.091 100.154 70.388
113.321 96.918 76.126
110.950 90.727 78.042
109.589 84.119 76.626
112.310 78.734 73.572
117.626 75.388 71.434
124.788 75.121 72.388
131.007 77.401 76.153
133.484 79.219 80.946
134.873 83.164 86.758
131.853 84.618 92.514
127.246 82.818 97.405
122.724 78.207 99.668
121.783 72.228 101.327
123.030 66.026 102.692
128.002 62.402 105.087
139.840 74.778 101.305
140.477 69.171 96.568
135.883 64.596 92.864
129.711 64.426 90.745
124.165 67.573 89.970
119.317 72.071 90.062
117.004 78.070 90.631
119.914 84.432 90.524
123.697 89.854 86.563
126.595 90.737 80.786
129.143 89.637 73.880
126.537 89.094 67.472
122.002 85.141 63.197
115.059 85.286 61.628
108.767 86.285 62.788
103.432 88.309 65.869
101.259 92.485 70.657
102.336 98.597 73.587
105.804 104.615 72.563
107.722 109.358 67.853
105.535 113.004 62.133
101.645 113.440 56.664
94.872 113.807 54.122
88.184 113.981 55.367
83.335 114.741 59.265
80.159 115.143 65.004
81.353 116.707 71.913
85.012 121.147 75.337
89.360 126.712 76.062
89.942 133.109 73.529
86.767 139.315 71.581
81.319 143.119 71.268
75.406 144.968 74.438
70.496 144.049 78.893
67.982 141.720 84.097
67.546 137.253 89.391
71.193 133.185 93.910
77.376 132.877 96.831
82.795 136.638 99.314
85.501 142.742 101.237
84.375 147.452 105.210
81.206 151.233 110.124
76.930 151.692 115.023
73.304 148.692 119.393
70.863 143.697 123.275
71.363 136.996 125.321
75.160 131.778 124.783
80.626 128.827 124.418
87.712 129.705 125.895
92.164 133.087 129.278
94.483 134.413 135.787
93.594 135.101 142.228
91.017 133.715 148.223
88.100 130.045 152.009
84.788 124.336 153.880
84.375 117.600 153.398
83.841 112.496 150.418
85.887 110.063 143.798
92.384 108.767 140.929
99.273 109.862 140.653
105.360 109.234 143.617
109.020 105.773 148.043
109.806 100.908 152.658
108.331 94.636 154.832
105.131 88.684 154.159
103.032 84.036 150.330
99.208 81.962 144.798
99.077 82.901 138.314
101.979 84.783 132.118
107.989 86.169 128.978
114.044 83.528 128.180
118.463 78.283 128.376
119.854 71.551 128.512
117.852 65.494 127.341
113.791 60.676 124.911
108.448 58.282 121.616
103.614 59.475 117.658
100.423 63.552 113.760
101.178 68.864 109.353
106.009 71.414 105.150
111.655 71.198 101.048
115.145 67.682 96.247
114.703 62.931 91.553
111.845 58.121 87.566
107.000 54.985 84.853
100.138 55.377 83.941
94.545 58.293 83.105
91.222 63.953 84.818
91.698 70.802 84.218
95.382 76.436 82.044
97.703 79.055 76.314
97.325 80.278 69.783
94.406 80.026 63.923
89.211 78.547 60.019
83.195 76.947 58.907
77.227 78.221 60.299
71.898 79.522 64.067
69.199 82.609 69.192
70.002 86.669 74.867
72.976 92.467 76.542
76.272 98.520 75.073
76.405 103.244 69.972
73.313 106.221 63.816
67.832 108.463 61.673
61.052 110.722 62.114
55.244 111.405 65.279
51.331 110.706 70.017
50.328 108.859 76.554
53.036 109.006 82.716
57.852 111.950 86.918
61.407 117.788 88.136
62.487 124.475 87.358
59.476 131.461 87.502
54.968 134.707 89.862
48.840 136.354 94.155
45.088 134.721 98.349
42.468 130.222 102.921
43.238 125.330 107.091
47.250 120.096 109.406
53.922 118.705 110.752
59.916 121.469 113.312
62.765 126.329 117.314
62.506 131.159 122.242
59.266 132.213 128.643
54.821 130.898 133.172
52.116 126.283 137.293
50.584 120.083 138.709
51.659 113.570 138.985
55.314 108.238 136.599
62.002 106.299 135.053
68.412 107.911 137.243
72.667 109.937 142.009
74.066 110.646 148.933
72.934 109.496 155.208
71.716 103.491 159.291
67.630 97.114 160.583
67.200 91.564 158.674
67.859 87.189 153.018
70.785 84.631 149.202
76.630 83.137 145.334
83.475 83.481 144.799
89.775 83.609 147.220
93.046 80.956 151.091
93.197 79.647 158.010
159.280 65.508 117.072
163.163 67.959 121.929
159.461 71.193 127.287
156.340 74.880 127.807
149.267 76.730 128.701
143.616 76.127 127.556
138.802 70.445 128.305
136.037 64.561 128.359
136.281 58.567 132.901
136.341 57.349 140.214
135.537 58.816 146.176
133.153 62.008 152.437
129.347 65.599 154.684
124.837 71.019 153.237
120.097 73.123 149.746
116.659 71.731 143.430
113.087 68.682 140.081
111.098 61.888 138.616
109.036 55.773 142.524
104.926 53.625 145.426
100.639 53.486 151.255
96.226 55.005 153.703
92.685 60.179 155.978
87.646 63.801 154.355
86.524 69.112 149.378
85.402 71.048 144.150
84.840 69.179 137.112
84.743 64.176 132.703
82.984 57.820 131.179
79.494 52.570 131.337
73.071 50.175 132.618
66.890 51.635 131.010
61.993 55.174 127.533
59.262 61.355 124.746
59.982 65.422 120.084
63.697 69.119 115.738
69.608 69.488 112.596
73.879 66.749 109.079
75.884 60.838 105.516
73.713 55.809 102.501
70.564 54.219 96.748
67.074 55.099 91.178
64.147 59.099 86.320
63.728 66.299 84.342
68.059 72.439 82.938
74.166 73.956 83.705
81.567 73.199 84.310
87.571 68.876 82.423
89.341 65.493 78.473
89.775 62.165 73.372
90.560 62.157 68.103
87.670 64.566 62.126
88.553 69.153 58.188
91.854 74.117 56.630
95.066 79.875 56.883
95.347 86.068 60.559
100.515 88.627 64.866
103.568 85.827 70.994
107.583 82.374 73.152
112.035 77.202 73.163
117.755 75.544 69.919
122.554 75.624 65.615
127.358 80.130 62.774
130.862 85.040 63.786
132.790 90.714 64.953
132.404 95.921 70.189
130.066 97.318 76.280
129.362 95.434 82.396
129.574 91.031 87.253
132.822 86.327 90.020
138.007 83.142 91.598
144.738 83.224 92.448
150.267 85.944 93.380
153.311 92.567 94.698
152.614 98.731 99.109
148.475 101.185 105.153
142.183 99.422 108.745
136.187 96.611 112.368
136.086 91.463 117.197
140.014 86.362 119.724
145.134 85.401 124.319
148.898 88.083 129.446
148.059 90.077 134.918
146.199 93.574 139.874
143.297 99.693 141.672
138.231 103.257 141.075
132.400 104.392 138.639
127.329 100.025 136.962
123.591 95.913 137.400
121.873 89.514 137.705
122.148 85.026 142.444
119.506 83.259 148.445
116.488 85.138 153.978
113.914 88.341 158.575
110.040 94.111 160.727
105.355 96.951 159.264
100.985 99.541 155.816
98.708 100.692 149.531
97.602 98.589 143.542
94.611 93.169 140.647
92.530 87.376 140.374
88.931 81.588 143.013
83.394 80.475 146.794
77.962 83.303 149.675
71.938 87.979 148.266
70.214 93.337 143.178
69.576 96.333 136.929
72.775 94.873 131.057
71.974 91.902 125.371
71.340 86.865 121.344
67.426 80.472 121.641
61.815 79.242 119.777
55.906 78.663 118.256
52.769 80.083 114.002
48.812 83.546 110.450
48.643 90.734 109.845
51.225 94.736 106.355
56.749 98.101 104.079
63.301 98.699 102.829
68.745 95.751 100.610
71.512 90.361 98.077
71.096 85.878 93.460
66.963 84.306 87.505
66.073 86.800 81.972
63.929 92.057 77.868
65.367 97.955 73.421
68.480 103.891 73.202
73.587 107.911 74.763
79.700 108.016 75.454
83.461 103.455 78.662
89.308 100.402 78.225
91.957 98.350 72.099
94.806 96.998 65.548
95.991 100.903 60.993
97.252 106.193 57.811
97.975 113.489 59.160
101.649 117.392 62.102
105.701 119.603 67.724
109.399 117.274 73.564
113.290 112.077 76.622
117.857 106.038 76.426
122.970 102.765 72.207
127.373 102.538 69.081
132.002 105.644 65.333
135.229 111.572 62.962
138.220 117.733 62.987
137.941 123.692 65.018
137.860 126.922 71.323
137.331 127.290 77.453
137.455 124.923 83.336
140.318 118.601 85.941
146.674 115.642 87.839
153.581 116.461 88.155
159.309 119.570 87.503
163.553 125.237 87.564
164.661 130.913 90.047
162.837 135.969 93.159
157.697 137.897 97.953
152.977 135.907 102.592
151.759 130.260 107.300
153.633 125.791 110.898
157.361 121.708 114.129
163.193 121.640 117.716
167.051 125.176 121.765
167.666 130.333 126.659
163.593 134.752 130.222
158.104 138.231 133.630
151.862 139.647 134.058
145.253 138.207 132.018
141.205 133.650 130.729
139.340 127.501 133.700
142.421 122.307 138.129
140.203 120.431 144.988
139.529 124.494 151.194
136.419 128.285 155.272
131.456 132.708 156.982
127.085 137.742 153.828
121.690 137.213 150.423
117.895 135.364 145.898
115.635 130.997 142.386
112.954 124.881 140.839
111.125 118.973 144.920
107.092 117.165 149.098
101.221 118.023 152.246
96.342 119.928 155.737
90.787 124.823 156.020
87.516 128.529 152.925
85.343 132.025 148.420
85.467 134.186 142.148
87.759 132.734 136.166
90.407 128.602 132.025
89.260 121.602 130.385
85.332 116.976 129.829
78.967 115.411 127.223
72.642 116.271 124.925
67.846 121.657 123.099
66.117 125.676 118.579
67.496 130.089 114.318
72.443 133.316 111.566
77.726 133.031 108.362
82.297 129.483 105.896
83.884 122.728 103.064
82.099 119.560 98.195
78.729 117.083 93.343
74.223 118.640 88.445
72.516 122.546 83.813
73.013 129.537 80.862
76.492 134.612 78.180
81.414 138.472 77.586
88.295 139.380 79.932
93.209 136.330 81.764
98.178 131.199 79.196
98.980 125.959 75.169
99.984 124.595 68.938
100.562 126.574 61.851
102.483 130.921 57.753
104.469 137.746 55.774
107.105 144.305 57.724
111.292 147.357 61.131
114.059 147.230 67.087
117.934 144.953 72.551
121.299 139.996 74.628
127.340 137.665 73.682
133.037 137.303 70.611
138.158 139.888 67.428
141.150 144.961 63.907
143.340 151.577 66.066
143.899 156.198 69.782
142.943 160.042 74.674
138.877 160.662 80.372
137.246 158.337 85.798
138.752 153.456 90.876
144.324 148.767 92.091
150.164 145.547 93.713
156.512 148.178 96.025
160.321 151.824 98.085
162.447 158.342 101.159
160.701 162.792 104.779
156.452 167.267 108.717
151.642 168.066 112.585
146.171 165.480 115.118
142.721 160.463 116.774
143.970 154.546 120.354
148.229 150.642 124.543
150.717 150.653 129.916
153.138 152.683 135.578
151.422 156.727 141.019
148.261 161.705 144.221
142.766 166.791 143.042
136.604 166.799 141.611
131.564 164.904 137.558
127.780 159.787 136.025
125.815 153.622 137.176
124.311 148.958 141.158
123.130 147.452 148.363
118.259 149.992 153.633
113.727 153.703 156.427
109.806 159.745 156.817
104.648 162.599 153.466
102.590 164.472 147.087
101.500 163.170 140.985
99.364 157.295 137.619
96.554 152.401 137.074
93.372 146.627 140.555
88.023 144.908 145.715
82.892 145.794 146.427
76.612 148.529 144.745
72.555 153.727 142.549
71.994 158.159 137.365
74.136 159.599 131.268
75.829 157.741 125.488
75.576 152.949 120.269
75.150 147.379 121.210
73.474 142.088 118.754
59.266 148.258 120.149
58.947 146.530 127.004
60.214 141.806 129.248
67.203 140.997 130.434
74.047 141.473 129.060
78.388 146.889 125.954
79.979 154.401 126.700
82.755 159.381 131.304
83.574 162.799 137.487
82.347 160.566 144.130
85.142 159.569 148.679
88.014 152.994 150.826
93.179 149.809 150.230
98.687 148.744 149.961
103.410 147.619 144.628
107.465 151.272 140.558
108.898 158.320 139.382
110.916 162.267 142.266
114.440 167.057 146.404
118.057 166.682 150.986
122.217 164.503 153.749
127.034 161.670 155.270
131.249 155.863 154.428
134.676 152.578 150.539
135.603 149.172 145.034
135.709 149.851 138.374
135.102 154.570 133.063
136.413 161.467 130.765
140.457 166.572 131.198
147.013 169.568 132.378
153.019 168.454 132.466
157.833 164.689 128.666
160.010 159.290 124.392
158.337 154.087 119.610
154.265 151.447 115.632
150.313 151.708 111.508
146.037 154.140 108.779
143.672 159.940 105.323
147.131 164.306 100.907
151.067 165.379 96.582
155.577 163.789 91.864
156.579 160.028 85.721
156.971 153.995 84.772
153.960 148.713 82.253
149.049 145.212 82.492
142.703 144.026 83.769
136.950 146.041 83.741
132.029 150.510 81.978
129.984 155.060 77.924
129.540 156.768 71.564
130.496 155.355 65.109
130.141 150.981 59.876
127.489 145.194 57.660
125.411 139.357 57.665
122.646 134.836 59.277
119.642 131.382 63.549
116.025 132.126 70.115
112.705 136.758 73.241
107.841 142.387 72.821
103.218 145.142 69.667
97.538 144.511 66.315
93.532 140.493 62.078
89.135 134.474 62.546
87.357 128.467 64.925
86.789 124.514 70.057
89.288 121.862 75.817
90.818 123.687 82.258
90.356 128.569 87.270
87.437 134.278 89.989
81.362 136.708 91.350
74.728 136.699 91.468
69.484 133.001 93.618
66.823 128.655 95.632
66.562 122.187 99.599
69.479 118.185 102.860
73.344 116.050 107.171
79.950 117.304 110.102
82.947 122.622 112.894
82.834 128.163 117.293
78.876 132.952 119.837
74.464 132.161 125.629
71.386 129.889 131.744
70.988 125.298 135.494
74.190 121.845 141.058
79.746 118.182 140.830
85.193 117.221 141.834
91.230 118.133 138.634
95.835 123.057 137.892
96.819 129.847 137.821
97.041 134.745 142.699
98.392 136.860 148.386
100.029 135.921 155.079
103.878 133.214 158.775
108.091 127.420 159.950
112.280 124.030 159.459
116.101 120.468 156.257
120.012 118.635 150.361
121.677 121.075 143.893
124.352 126.470 140.401
127.154 132.983 140.315
130.281 138.051 143.605
136.591 139.801 147.439
140.960 138.008 149.662
146.476 134.805 149.891
151.593 130.062 147.327
154.285 125.795 142.979
151.759 122.978 137.315
148.245 123.418 130.589
147.585 127.252 125.958
148.803 133.445 121.803
152.492 138.897 121.174
158.704 140.610 119.437
165.037 139.312 117.558
168.489 136.800 113.715
170.649 131.157 109.794
168.539 125.157 108.161
164.346 121.706 103.749
157.055 120.922 102.366
151.736 123.877 100.593
148.759 128.886 97.962
148.515 133.381 92.914
151.705 135.872 86.791
154.764 132.460 80.882
155.823 127.591 77.161
154.300 121.536 74.124
150.834 114.996 74.582
145.679 111.895 75.953
139.380 111.688 79.425
133.214 115.398 81.122
129.065 119.048 78.162
126.890 122.716 72.457
126.513 121.700 65.246
125.303 118.095 60.676
123.212 112.892 57.349
122.030 106.705 59.159
117.156 101.857 62.137
113.554 100.381 67.831
110.531 103.368 73.902
106.593 107.043 76.513
101.498 112.257 75.851
97.506 116.159 72.792
92.556 116.651 68.731
89.904 113.236 63.082
84.229 108.434 62.386
83.220 101.454 62.148
81.277 96.537 64.981
81.785 92.968 70.152
81.395 91.514 75.933
81.311 95.416 81.928
78.264 101.016 86.191
72.399 104.047 86.951
65.411 104.234 86.487
59.988 100.699 85.354
56.444 95.230 87.223
55.614 88.459 89.551
57.918 84.242 93.827
61.510 82.414 98.739
65.274 83.452 102.830
67.948 88.666 107.477
65.880 94.548 111.007
61.860 96.700 114.758
56.034 97.509 118.812
52.700 94.152 124.083
51.447 88.733 127.344
54.935 83.367 130.425
60.798 80.543 132.001
67.336 79.557 132.926
74.353 81.588 131.459
77.582 85.817 131.470
79.200 92.834 133.057
78.205 97.293 138.451
79.545 97.457 146.100
80.539 94.695 151.230
83.070 91.044 154.396
88.968 88.253 156.863
92.689 83.163 155.228
97.874 82.878 151.858
101.128 84.046 146.482
103.964 88.092 142.764
106.450 94.106 141.731
108.495 100.489 144.273
110.781 103.214 150.411
116.447 102.260 154.498
120.794 99.074 155.542
125.853 96.278 155.273
130.561 91.478 152.707
133.250 88.288 148.768
134.673 85.410 142.612
131.049 85.832 136.869
129.219 91.072 132.174
130.191 98.309 130.694
135.741 102.735 129.636
141.422 104.173 128.658
147.415 104.021 126.714
152.283 100.137 123.150
153.489 94.502 120.664
152.545 89.999 115.210
149.065 86.307 111.817
142.472 85.851 109.228
137.569 90.323 106.028
135.454 96.348 103.089
137.170 100.390 98.544
141.273 102.436 93.551
146.088 101.186 88.363
147.088 96.756 82.440
147.351 90.478 80.441
144.200 84.287 79.375
138.960 81.449 77.836
132.462 80.350 81.089
126.571 82.531 80.687
121.898 87.535 79.289
120.464 93.063 75.688
119.289 95.043 68.826
118.068 92.807 62.512
117.239 87.703 57.516
115.175 80.975 55.743
112.376 75.659 57.744
108.875 71.808 60.864
106.073 71.566 66.880
101.669 74.031 72.044
97.999 79.475 73.740
92.725 83.129 72.236
86.831 83.446 69.024
81.234 80.705 66.234
80.576 75.687 64.946
77.687 70.691 66.243
76.697 63.763 68.980
77.553 60.231 74.474
78.903 59.037 80.034
82.208 60.864 85.550
80.362 65.994 90.739
76.821 70.897 92.649
70.070 72.676 94.869
64.237 72.003 96.292
59.064 66.512 95.804
57.261 61.532 100.989
59.081 56.621 104.317
61.520 54.142 108.455
67.584 51.609 111.760
72.894 54.096 114.570
76.134 59.837 116.681
75.547 65.146 120.526
71.616 69.382 124.578
68.316 69.993 129.835
65.928 66.529 136.179
66.220 59.516 138.534
70.930 56.863 143.564
76.207 53.077 144.169
82.689 51.989 141.832
87.968 54.059 138.765
91.220 59.164 136.219
93.633 65.883 137.426
95.177 70.936 142.086
98.199 71.880 147.488
101.195 70.230 153.947
104.009 65.303 157.121
109.193 60.062 155.760
113.761 57.302 153.160
117.260 55.313 148.071
118.007 56.240 141.848
120.121 61.638 137.243
122.818 67.966 137.190
126.399 72.428 140.119
132.344 75.100 143.822
137.380 73.123 145.913
142.632 67.901 146.197
146.913 64.076 142.546
148.412 61.401 137.273
147.341 59.230 130.206
144.167 61.427 123.893
143.662 66.201 119.852
145.499 73.164 117.807
150.717 78.833 118.506
157.456 78.933 117.948
161.002 77.779 112.754
206.643 121.582 62.503
207.304 128.087 59.943
207.540 134.372 60.253
208.327 138.422 66.169
205.137 139.605 71.167
205.439 138.984 78.408
207.088 134.164 83.030
210.865 131.223 86.985
217.411 127.755 87.561
222.796 127.556 86.768
229.268 129.642 85.570
234.268 134.255 84.582
235.061 140.482 87.542
232.737 145.170 92.154
229.843 146.277 97.810
229.887 146.368 103.508
226.653 140.076 104.385
224.165 134.577 106.873
228.551 128.680 108.842
233.500 125.995 110.568
239.832 127.048 113.995
241.400 130.056 118.803
241.629 130.975 124.935
240.929 133.541 131.019
236.438 133.169 136.275
230.553 132.262 135.505
224.593 128.110 133.073
223.494 121.438 131.057
225.222 114.160 132.110
227.931 109.030 133.955
231.944 106.387 139.509
230.930 106.134 146.653
228.052 107.041 152.775
222.677 106.468 156.327
215.829 106.581 157.117
209.951 107.405 154.032
206.114 106.372 149.019
206.422 102.448 142.772
208.440 96.721 139.513
208.966 90.338 140.748
208.707 85.114 144.909
205.877 80.726 149.167
199.771 78.056 151.633
192.701 78.031 151.676
186.014 80.965 149.499
183.128 85.653 146.110
181.349 89.135 140.455
184.272 90.650 134.138
186.774 86.358 129.418
188.001 79.897 125.796
185.017 74.327 123.600
179.324 71.367 121.605
172.856 70.135 120.038
166.629 72.541 120.299
162.509 77.326 120.040
160.515 82.352 118.828
160.398 88.539 115.666
165.049 91.658 113.358
169.139 93.511 108.321
173.873 91.210 103.490
172.566 87.220 98.143
169.488 88.113 92.544
164.023 89.405 87.840
156.554 90.780 86.946
154.433 97.224 84.324
154.815 104.185 84.752
157.930 110.108 86.974
163.799 113.101 89.175
169.764 110.103 87.081
172.641 107.532 82.689
174.396 109.007 77.243
176.318 113.275 74.861
178.002 118.631 72.032
177.983 124.634 69.978
173.941 130.640 68.716
173.279 135.477 73.415
174.204 137.227 79.680
177.327 136.633 84.806
182.747 133.241 87.607
189.799 134.266 86.364
195.043 134.730 80.986
198.502 139.613 79.035
200.193 146.683 78.818
202.605 151.899 78.893
201.561 157.388 83.288
198.675 160.844 87.361
197.856 159.494 94.422
198.059 155.583 98.417
200.170 151.910 102.625
205.242 146.955 103.521
211.575 145.651 103.346
218.641 148.314 104.688
222.439 153.459 107.231
223.456 159.005 110.901
222.198 161.414 116.529
220.366 163.620 122.805
215.972 161.582 127.090
210.777 157.400 128.703
208.937 150.427 127.983
212.979 145.073 128.408
217.492 141.247 130.728
223.062 140.530 135.354
225.174 140.907 141.384
224.084 143.094 148.086
219.960 141.595 152.961
214.532 142.846 156.154
209.188 141.842 158.132
202.922 140.402 155.725
198.554 136.243 152.482
197.886 130.258 149.089
200.741 123.847 147.881
203.237 119.862 151.696
206.316 116.075 156.525
204.672 112.889 161.631
200.597 111.140 167.509
193.869 112.179 171.201
186.912 115.187 169.913
182.152 116.280 165.711
181.477 116.104 158.938
177.693 114.040 154.550
179.514 109.418 149.756
180.971 102.012 149.199
179.241 95.778 151.096
174.110 91.500 152.918
167.089 89.694 151.880
160.604 90.649 151.128
154.193 94.769 149.848
154.222 101.597 148.057
154.289 106.066 141.838
157.645 106.344 135.545
161.340 103.617 131.492
161.973 98.445 126.651
157.920 94.299 122.459
151.435 92.431 120.287
144.666 94.006 119.269
139.769 98.721 118.429
138.569 105.315 118.619
140.246 111.894 117.916
143.154 116.865 114.127
147.990 117.012 109.700
150.361 116.370 103.581
148.954 114.525 97.457
143.960 114.632 91.534
137.999 113.734 90.343
131.264 113.857 90.614
125.805 116.093 94.000
122.563 120.558 98.764
124.102 126.472 102.066
128.428 131.813 101.556
130.138 136.956 96.217
128.720 140.188 89.514
123.668 142.123 84.147
118.435 142.680 82.375
111.789 142.551 82.837
105.948 143.447 86.585
102.979 144.067 93.183
103.898 145.890 100.070
108.646 150.032 103.614
112.205 156.657 104.047
111.807 163.582 102.046
108.698 169.499 101.151
104.027 173.112 99.406
98.689 175.031 102.071
93.889 174.272 107.000
91.071 172.146 111.825
89.742 168.007 116.913
93.056 163.481 121.023
99.368 162.169 124.400
105.098 165.339 126.520
109.070 170.961 128.945
108.468 176.329 134.497
104.981 180.521 137.684
99.073 182.091 141.289
96.988 179.497 146.419
93.612 174.838 150.207
93.082 168.614 151.709
95.599 162.040 153.025
101.474 158.632 152.365
107.899 158.591 153.204
114.275 160.717 156.346
116.091 163.887 162.510
115.518 164.622 169.522
112.184 165.679 176.355
109.514 159.849 180.212
107.124 154.829 181.422
105.649 148.845 181.310
105.542 143.391 178.777
107.128 139.169 173.751
112.112 139.075 168.484
119.678 139.386 168.838
125.075 137.506 171.780
128.948 134.431 176.373
130.364 129.948 181.726
128.874 123.736 183.326
126.983 117.812 182.509
123.366 113.013 179.340
120.436 110.912 174.134
119.298 111.575 167.412
121.997 114.231 161.468
128.432 114.058 157.157
134.455 111.968 156.544
137.846 105.552 155.878
139.163 99.342 156.936
138.215 93.550 155.231
134.435 88.447 152.147
128.106 86.003 150.209
122.897 87.276 145.792
119.896 91.769 141.654
120.306 97.419 137.707
125.429 99.712 133.460
132.245 99.636 130.223
134.834 96.325 125.234
135.623 91.048 120.636
132.858 86.098 117.127
127.470 82.711 114.283
120.361 82.262 113.122
114.901 86.429 112.855
110.892 92.501 112.882
111.823 99.527 112.983
115.367 105.075 110.380
118.971 107.742 105.517
119.464 107.071 98.530
116.968 106.167 92.930
111.305 105.351 89.012
104.604 106.229 87.093
97.279 107.927 88.800
93.106 108.062 93.453
89.557 111.009 98.569
91.276 115.882 103.014
94.446 121.518 104.658
97.551 127.680 102.767
98.183 132.935 98.416
95.539 137.014 93.816
90.471 139.859 90.015
83.878 140.912 88.753
77.830 142.048 91.367
73.071 140.436 96.671
72.996 139.493 104.100
74.303 140.558 110.987
79.393 142.904 115.463
84.321 148.158 116.493
86.096 154.789 114.410
83.197 160.807 115.421
78.018 166.145 117.384
73.420 167.240 119.889
68.877 166.354 126.041
65.123 162.661 129.312
65.612 156.631 132.312
69.322 151.641 136.780
75.599 149.737 138.889
81.878 151.975 140.787
85.381 156.659 144.800
84.800 161.071 150.373
80.660 163.380 156.109
78.038 161.163 161.793
74.799 157.273 166.091
72.492 151.071 167.219
72.010 144.935 165.275
75.814 139.650 162.666
82.338 135.683 162.716
88.963 136.678 164.406
93.797 138.059 168.833
94.731 139.999 175.326
93.649 138.480 181.829
93.569 132.614 185.822
89.557 127.470 188.183
86.659 121.920 186.992
86.276 117.003 181.738
89.948 113.034 177.826
95.404 113.413 173.309
102.406 111.170 172.383
108.520 111.719 174.966
104.917 115.467 190.576
106.917 118.753 185.637
106.101 122.421 180.072
102.443 120.809 174.564
97.183 121.031 171.246
89.953 119.798 170.164
84.123 120.962 173.372
79.316 125.433 177.232
77.858 132.166 180.474
78.625 139.119 179.545
83.246 144.585 179.175
88.456 147.878 175.859
90.984 146.835 169.316
90.568 144.376 163.673
86.930 142.569 157.599
80.573 141.018 155.088
74.535 142.073 154.219
69.111 146.046 153.722
68.349 152.667 149.804
69.718 159.012 149.492
73.679 163.131 145.789
78.694 164.649 141.329
82.758 163.120 136.505
85.030 156.941 133.152
82.059 151.288 130.861
76.637 147.849 128.827
71.712 147.023 123.401
67.135 148.965 119.336
66.146 154.034 114.708
69.015 155.354 108.533
75.164 155.005 104.555
80.760 152.851 102.855
86.797 149.858 103.560
90.062 145.496 106.313
88.735 138.840 108.876
86.817 132.187 108.855
83.074 127.252 105.173
81.808 124.119 99.934
81.701 123.474 92.949
86.415 122.853 88.207
91.915 122.054 87.039
98.957 120.807 86.695
104.651 120.353 90.758
107.068 119.103 96.825
105.662 115.890 102.963
102.760 110.119 105.845
100.831 103.823 105.239
101.099 97.213 103.455
104.541 91.949 99.957
109.463 90.559 96.609
117.008 89.441 97.373
122.522 90.733 98.439
127.102 92.625 101.332
128.303 96.318 107.679
127.493 98.341 114.864
121.918 97.471 118.587
117.454 92.882 121.894
117.112 87.486 125.436
119.707 81.208 126.860
124.739 78.484 130.126
130.507 78.374 134.111
135.513 81.452 136.438
138.711 86.576 139.254
138.868 92.779 140.828
135.509 98.723 141.409
128.590 100.743 142.454
124.001 99.534 148.056
122.334 96.040 153.846
122.615 93.275 160.403
127.327 91.813 165.317
133.080 94.276 168.757
136.914 99.550 170.858
139.111 106.416 169.811
137.694 112.038 168.998
134.263 117.266 166.139
128.007 119.853 164.637
121.963 122.092 166.160
117.523 120.219 170.522
114.076 123.161 176.222
114.264 124.776 183.537
116.491 129.752 186.567
120.060 135.221 187.654
123.566 140.201 184.961
124.365 144.393 179.647
122.762 145.006 172.560
117.282 145.423 167.932
110.142 144.552 166.891
104.212 145.327 168.774
100.320 150.309 169.794
97.259 157.272 169.822
98.584 163.408 169.653
101.207 169.193 165.279
106.063 172.067 161.882
110.579 171.549 157.271
113.018 169.195 152.225
112.492 165.425 146.926
107.449 161.436 143.788
101.188 158.658 143.061
95.319 161.240 141.196
91.465 166.261 138.928
90.731 172.622 135.867
92.509 177.318 130.292
97.479 179.536 125.109
102.688 177.667 122.115
107.752 173.762 119.629
109.887 167.663 118.077
107.533 161.454 116.292
102.572 157.376 114.317
96.715 155.502 110.929
95.687 155.328 104.276
95.320 156.968 97.579
100.053 157.472 91.530
105.300 158.465 89.644
112.020 156.925 88.494
117.337 154.776 92.134
119.326 150.458 96.786
118.218 144.414 99.731
114.307 139.364 101.405
112.076 132.935 98.566
111.709 128.397 93.418
116.295 125.267 88.099
122.115 124.364 85.635
128.248 126.405 85.746
134.034 127.700 88.163
137.698 127.724 93.547
139.586 126.250 100.433
137.567 122.373 106.075
133.382 117.386 107.490
131.246 111.072 105.860
132.681 104.782 104.220
136.137 102.194 98.448
140.900 99.572 98.713
143.337 95.934 102.980
149.542 95.760 106.190
153.842 98.975 108.111
157.964 103.241 111.786
156.050 108.575 115.637
153.449 109.217 122.761
150.289 108.237 127.863
146.785 104.091 132.043
143.810 97.825 132.358
146.931 91.392 135.130
151.303 88.304 136.231
157.651 85.902 136.477
163.919 87.419 136.800
168.102 92.428 137.023
168.804 98.892 139.416
167.759 104.097 144.069
165.225 104.352 150.237
164.761 102.886 155.972
168.714 102.032 161.704
172.709 97.060 165.150
180.046 97.815 165.285
185.101 97.710 163.917
190.084 99.777 159.451
189.166 103.571 153.858
189.174 110.490 151.906
188.323 116.421 155.233
189.066 119.834 160.628
191.040 124.154 164.906
196.758 126.648 168.394
203.572 127.597 169.237
209.499 126.415 165.837
212.814 123.806 161.057
215.927 125.770 155.479
215.077 126.344 148.636
210.451 128.570 143.758
205.870 133.191 142.815
205.826 140.676 143.815
207.682 146.145 146.008
212.179 150.774 146.738
218.867 151.749 144.416
223.911 152.331 140.824
228.185 151.531 135.182
227.916 147.223 129.349
221.736 145.874 127.876
215.903 143.347 124.242
213.222 145.934 119.167
208.353 151.583 119.175
206.491 157.402 116.295
207.154 161.225 111.179
211.658 162.681 105.734
214.918 161.549 101.213
217.302 157.750 95.936
216.314 151.940 93.172
212.753 145.787 91.074
207.016 141.998 92.595
201.571 144.528 96.685
196.963 148.962 94.929
190.452 147.854 92.690
188.694 151.864 87.312
189.951 152.666 80.443
188.087 148.438 74.868
189.409 142.272 72.343
191.990 135.178 73.646
190.625 129.395 72.678
189.768 126.151 79.058
184.395 127.396 83.243
179.281 126.581 84.733
172.028 125.880 85.407
166.768 124.935 81.551
163.774 121.520 78.594
160.475 116.497 74.636
162.143 110.163 72.025
162.811 104.359 75.179
169.314 101.593 77.266
170.239 97.492 81.958
171.632 100.598 88.866
166.918 102.294 94.285
161.116 101.130 98.214
155.625 96.729 100.601
155.458 89.971 98.659
156.108 84.792 100.941
160.049 78.480 100.704
164.351 75.193 101.836
171.370 73.918 102.872
176.490 77.504 106.455
178.276 81.012 111.229
177.578 86.181 116.189
173.751 87.524 121.985
170.703 85.014 127.653
169.150 80.125 132.336
173.385 77.052 136.755
177.655 70.870 138.290
183.425 68.778 137.312
189.351 70.193 136.192
194.051 73.529 135.808
197.295 79.501 134.921
196.923 86.130 136.636
193.867 90.556 141.341
191.214 91.814 147.904
194.097 92.786 152.945
199.439 89.100 156.542
206.204 88.624 158.789
212.074 88.102 157.912
217.365 89.456 153.898
216.972 90.375 147.736
217.848 94.528 142.363
215.657 100.172 141.010
214.153 106.577 142.298
214.779 113.299 145.232
220.229 117.980 146.909
226.572 116.389 150.124
232.291 117.794 149.807
237.914 117.412 145.745
238.980 114.476 140.199
238.629 112.495 134.068
236.247 112.988 127.309
231.233 116.680 124.045
228.469 123.246 123.719
225.439 129.746 126.435
228.327 136.161 123.844
234.947 137.393 124.634
241.542 138.295 121.693
244.815 136.476 115.892
244.610 136.200 108.904
241.622 130.196 105.120
237.875 129.374 100.136
230.593 130.086 100.734
223.615 131.486 102.125
221.514 137.464 98.894
221.543 142.067 94.207
223.151 143.503 87.577
226.030 141.667 81.173
226.644 135.704 76.693
224.254 129.977 75.230
220.957 123.727 74.282
214.772 120.049 76.072
209.665 119.726 77.924
203.393 123.407 78.716
199.090 127.171 75.357
196.758 131.971 71.391
198.184 133.259 64.264
