-20.869 13.373 -8.254
-24.028 7.818 -6.839
-23.508 3.974 -11.193
-25.785 -2.014 -7.288
-20.701 -5.446 -8.403
-19.733 -10.153 -5.659
-16.660 -16.645 -7.206
-15.934 -22.106 -7.641
-15.541 -22.699 -14.003
-18.586 -27.231 -14.258
-31.479 5.258 -19.726
-26.328 8.457 -21.341
-21.489 6.921 -18.140
-16.455 9.021 -22.777
-13.266 12.464 -26.605
-9.124 14.180 -29.593
-5.657 11.607 -35.239
-1.252 8.785 -38.429
153.871 228.776 203.540
152.198 233.002 198.445
153.594 236.284 192.689
157.187 236.063 186.609
160.677 231.511 182.409
160.733 225.107 180.289
157.244 219.382 179.572
151.025 215.954 180.233
144.408 216.571 180.250
138.557 219.256 178.460
135.066 224.074 175.023
135.068 228.044 169.761
137.044 230.416 163.450
139.795 228.984 157.821
142.547 224.757 153.136
142.617 219.073 150.390
140.118 213.127 150.178
135.732 208.779 151.115
128.972 208.200 151.530
123.122 212.643 151.798
119.525 215.711 147.508
117.074 219.096 143.066
117.518 219.290 136.260
119.700 217.272 130.066
121.149 212.170 126.398
123.188 205.544 125.301
123.121 199.797 126.566
121.567 194.820 130.270
116.974 193.152 135.108
110.362 194.878 136.889
104.300 195.115 134.114
100.171 194.511 128.878
98.430 191.897 122.749
98.904 186.417 119.103
100.370 179.844 117.140
102.877 174.406 119.416
104.877 170.134 123.349
105.725 169.199 129.751
102.746 170.768 135.724
96.313 171.815 138.404
89.687 170.793 137.632
84.600 166.667 136.385
82.513 160.424 136.126
83.663 153.798 136.734
87.232 148.646 138.340
92.298 145.287 141.040
96.479 145.902 145.734
99.862 148.705 150.111
100.831 154.142 154.772
96.953 156.841 159.095
91.486 157.363 163.422
87.831 153.365 167.233
86.398 147.649 170.793
89.226 142.549 174.077
94.833 139.485 176.314
100.515 138.563 177.835
106.207 140.566 177.954
110.127 145.209 177.942
111.315 151.266 179.193
109.036 156.687 182.628
105.847 158.840 187.959
104.817 158.311 194.409
106.876 155.684 200.265
110.474 153.220 204.582
116.535 150.827 207.130
122.968 150.547 206.364
128.618 152.165 203.665
131.937 154.839 199.303
132.105 158.944 194.063
129.009 164.977 192.583
126.343 170.384 195.355
126.848 174.751 200.140
130.009 177.941 205.009
135.732 179.363 208.050
142.296 179.893 208.364
147.975 180.201 205.262
151.773 179.858 199.953
152.359 178.263 193.569
149.229 178.896 187.737
145.428 182.966 183.994
141.812 188.864 183.201
142.916 194.937 183.788
145.785 200.907 184.957
151.423 204.030 183.914
157.365 204.817 181.473
162.272 202.715 177.236
164.320 199.991 172.347
163.263 196.764 166.493
158.551 193.718 163.252
153.718 193.127 160.133
148.155 197.381 158.105
145.405 203.246 157.258
146.484 209.191 153.948
149.918 212.692 149.280
153.561 212.779 143.620
157.098 209.089 138.961
157.861 203.354 135.595
156.960 196.956 133.870
152.406 192.438 134.537
146.521 190.329 134.455
140.069 192.038 136.017
135.554 195.016 132.525
132.923 197.630 126.945
132.716 197.211 120.243
134.107 193.567 115.127
135.644 188.206 111.731
137.554 181.860 110.990
138.455 175.754 112.956
137.548 171.480 117.534
136.100 169.004 123.484
130.509 169.338 127.021
124.376 171.475 128.405
118.720 170.404 125.268
114.243 168.353 120.323
112.806 163.380 116.353
113.337 156.773 114.304
115.292 150.708 115.210
118.297 146.090 118.490
121.387 143.680 123.127
123.587 145.507 129.680
120.113 146.590 135.140
115.314 147.437 138.912
108.174 147.028 140.227
103.744 142.478 140.544
102.107 136.185 141.752
102.897 129.294 143.015
107.005 124.832 145.065
112.423 123.546 148.091
118.414 124.793 150.267
122.675 128.922 153.155
123.140 135.272 155.687
120.131 138.644 160.691
115.843 138.778 166.256
112.244 135.455 171.575
113.612 130.649 175.905
118.161 126.768 178.844
123.769 124.869 180.896
130.454 125.984 180.756
136.096 128.177 179.481
139.088 133.560 177.832
138.753 140.436 177.793
135.876 144.692 182.118
133.362 146.949 188.172
134.807 146.014 194.755
138.823 143.976 199.510
144.976 143.166 201.563
151.813 143.102 200.995
157.378 144.760 197.103
159.994 147.614 191.675
159.644 152.856 187.669
157.387 159.226 186.806
154.631 164.926 188.972
154.239 169.041 193.842
156.622 172.009 199.420
160.149 171.903 204.732
165.776 170.564 208.183
171.751 167.839 206.516
176.606 166.205 201.896
179.781 168.234 196.533
181.414 173.570 192.356
182.011 179.802 191.205
183.775 185.258 193.938
186.057 189.174 198.477
189.024 190.113 204.204
193.361 187.907 208.954
198.411 183.659 210.550
203.501 179.753 208.366
208.008 178.808 204.077
211.215 180.117 198.425
212.370 185.080 193.981
213.823 191.089 193.106
216.739 190.255 211.091
212.024 194.347 210.361
207.535 196.769 206.201
204.107 196.414 200.577
202.209 192.611 195.392
201.173 186.784 192.542
199.569 180.906 193.475
197.905 175.701 197.026
194.978 173.519 202.561
190.585 174.443 207.175
185.330 178.246 209.530
180.659 182.996 208.683
176.214 184.606 204.366
172.508 184.092 198.886
170.862 180.517 193.484
170.535 174.523 190.659
171.417 167.415 191.312
170.913 162.507 194.624
168.477 158.841 200.150
163.444 158.067 204.064
156.907 158.412 205.437
150.635 159.624 202.688
147.033 160.073 197.799
145.173 158.276 191.700
147.131 154.238 186.508
150.805 149.237 184.154
152.510 143.064 185.248
151.588 137.087 188.077
147.430 133.448 193.021
141.161 132.233 194.836
134.711 132.704 194.398
129.334 134.961 191.523
125.922 138.368 187.734
125.279 141.073 181.794
128.171 140.970 175.085
131.390 137.051 170.938
131.205 131.304 168.157
128.464 125.591 167.341
123.061 121.525 167.396
116.527 121.306 166.728
110.590 123.960 164.757
107.496 129.442 161.906
107.279 134.788 158.824
110.612 139.154 155.417
115.767 140.086 151.123
120.232 137.214 146.685
120.259 132.483 142.099
117.932 129.274 136.996
114.016 129.921 131.893
109.350 133.399 128.568
105.629 138.540 127.374
104.369 145.197 127.422
106.896 151.340 128.937
111.291 155.071 131.007
117.583 156.662 132.538
124.101 156.264 129.557
128.025 154.544 124.665
128.562 155.257 118.239
127.041 158.323 112.557
124.905 163.905 110.227
122.836 170.339 110.614
121.856 175.707 113.773
122.576 179.545 118.661
125.007 180.412 124.071
130.326 179.632 128.128
136.811 178.871 128.574
142.801 179.108 125.468
146.717 182.450 121.500
148.045 187.912 118.100
147.904 194.225 118.099
146.780 200.318 119.033
143.400 204.597 124.016
142.539 206.656 129.100
141.382 205.147 135.650
140.429 200.103 140.497
144.947 195.700 142.972
151.161 193.106 143.780
157.033 195.264 145.134
161.257 199.137 147.464
163.062 204.501 150.834
162.494 208.847 154.964
158.993 211.509 160.040
154.094 210.541 164.270
149.177 207.439 166.885
146.719 201.095 168.309
147.965 194.722 169.183
151.886 189.330 170.486
156.247 188.199 174.847
160.034 188.823 179.873
161.458 191.820 185.674
158.825 193.740 190.987
153.610 196.094 194.981
147.576 194.993 196.461
141.861 192.342 196.448
138.139 187.836 193.904
137.010 182.182 190.833
139.526 175.761 190.444
143.942 170.708 192.633
145.759 167.857 198.395
143.609 166.077 204.216
139.268 165.960 209.310
133.021 166.641 211.563
126.257 167.507 209.975
121.251 167.433 205.486
119.087 166.016 199.842
119.547 162.959 193.985
122.766 158.523 190.477
123.101 151.953 190.627
122.111 145.834 193.170
117.739 142.834 195.613
111.494 141.344 196.105
104.950 142.603 196.070
99.419 145.620 193.621
96.505 149.014 188.952
96.716 153.619 184.033
99.134 156.736 178.639
102.737 154.753 173.215
106.617 149.917 169.762
105.025 145.246 167.020
101.597 141.151 164.439
95.713 138.437 161.862
89.332 139.705 160.164
84.936 143.947 157.696
83.701 149.513 154.886
84.970 155.608 153.818
89.220 160.781 152.258
94.838 161.504 148.844
98.932 160.011 144.323
101.747 156.003 139.094
99.299 154.481 133.370
95.307 155.037 128.225
91.496 159.176 124.483
88.718 165.101 123.600
88.511 171.481 125.041
90.354 176.700 128.388
94.283 180.090 132.560
100.672 180.784 135.344
107.329 179.714 133.679
111.575 179.572 128.320
113.192 181.595 121.921
112.695 187.161 118.824
110.385 193.380 117.473
109.007 199.205 120.170
107.556 202.898 124.957
108.197 205.401 130.285
110.417 204.755 136.704
115.502 202.373 140.890
122.229 202.020 140.175
128.326 203.073 137.211
131.311 208.299 134.634
132.186 214.708 134.420
131.135 220.866 136.909
128.253 225.363 141.208
125.687 225.525 147.932
125.326 223.316 153.985
127.090 218.770 159.125
130.602 213.035 161.297
136.434 211.282 161.527
142.161 212.102 162.742
147.610 215.850 163.482
150.088 222.235 163.955
149.297 229.224 165.587
146.256 232.946 169.893
143.545 233.863 176.076
141.734 231.215 182.418
142.999 226.983 187.209
146.161 221.831 190.651
152.150 218.713 192.040
158.786 219.615 192.001
165.110 222.594 191.450
168.645 228.675 192.331
112.145 93.382 139.530
116.668 89.786 139.631
120.430 84.596 141.594
120.238 77.992 142.712
118.239 72.138 140.242
114.665 67.634 136.281
111.263 66.582 130.360
109.960 68.648 124.423
109.232 73.727 119.782
114.229 78.165 117.766
120.774 79.640 117.313
127.145 76.453 117.108
130.780 71.555 116.885
132.406 66.730 111.292
132.360 62.953 106.651
129.614 61.539 100.753
126.091 63.286 95.382
124.451 67.162 91.441
120.157 72.363 89.666
120.245 78.930 91.550
124.587 83.301 93.849
130.780 85.947 93.052
136.976 85.510 90.601
141.246 84.876 85.507
141.938 83.951 79.060
139.724 86.827 72.320
134.758 88.263 68.423
129.487 92.155 67.652
124.341 95.559 70.023
122.015 99.938 73.883
121.657 103.495 79.864
124.952 108.922 81.837
130.892 112.515 82.172
133.515 117.066 78.696
133.062 121.677 73.864
129.038 124.828 69.451
123.487 126.885 67.546
116.711 127.017 66.728
110.859 126.237 69.871
108.296 125.192 76.220
109.033 126.683 82.554
112.031 130.141 87.680
115.128 135.772 89.945
114.555 142.274 89.441
111.897 148.045 87.087
106.508 151.665 85.358
99.816 151.468 84.300
93.945 147.865 85.030
90.905 143.743 88.673
89.742 140.022 94.368
93.132 137.671 100.463
96.598 139.593 105.966
98.229 144.057 110.807
95.096 147.359 115.319
89.615 150.022 118.620
83.300 149.961 119.837
77.817 146.512 120.950
74.257 140.981 120.607
73.223 134.804 117.690
76.200 129.012 118.578
81.644 125.437 120.280
86.547 124.316 124.984
86.923 123.502 131.639
85.014 124.877 137.816
80.105 123.070 141.950
74.791 119.753 143.163
70.330 114.993 142.181
68.230 109.296 139.824
67.310 105.045 134.498
71.431 100.812 131.553
77.810 100.769 128.786
83.529 97.929 131.390
87.775 96.575 136.703
88.071 92.624 142.098
85.671 87.064 145.034
82.294 81.633 144.708
78.792 76.415 142.356
77.497 73.073 136.906
78.653 71.515 130.764
80.178 74.503 124.597
85.667 75.958 121.002
92.265 77.605 121.552
97.964 74.666 123.694
101.414 69.181 124.495
102.740 63.025 122.696
101.864 58.805 117.742
99.041 55.270 113.127
96.308 54.787 107.359
92.299 56.672 102.055
92.067 61.566 98.058
92.024 68.467 97.073
97.194 72.144 95.782
103.812 73.920 96.936
109.539 71.613 93.911
113.816 67.195 90.706
114.666 64.408 84.951
112.920 62.998 78.548
108.483 63.561 73.468
106.232 67.905 69.337
101.086 72.375 68.386
98.725 78.617 70.654
102.257 84.279 72.294
107.784 87.790 73.584
114.518 88.599 71.888
118.214 89.737 67.119
118.891 91.739 60.843
116.379 93.774 55.101
111.085 96.180 51.649
105.003 98.838 50.677
99.689 101.017 54.081
96.805 103.318 59.458
97.076 106.892 64.534
100.028 110.374 69.717
104.202 115.663 70.260
106.956 121.025 67.660
106.718 126.358 64.338
103.169 130.269 60.224
97.761 132.680 57.912
91.284 133.025 58.259
85.097 130.067 59.908
81.852 126.623 64.688
79.739 125.486 70.707
80.456 124.782 77.621
81.632 141.183 70.718
88.076 140.742 73.005
92.320 136.226 74.922
93.515 130.182 78.119
91.312 124.047 75.803
87.833 120.294 70.960
86.738 119.657 64.507
88.321 119.773 58.320
93.140 119.898 54.114
99.173 120.105 51.378
105.527 118.763 52.619
110.287 115.505 55.680
113.032 111.129 59.005
113.358 107.809 65.184
108.699 105.522 69.318
103.741 101.203 68.713
99.988 96.830 65.205
99.045 92.499 60.015
101.916 88.337 55.527
107.043 84.319 54.270
112.102 80.830 56.347
115.774 77.966 60.980
117.989 78.177 67.178
116.649 79.528 73.638
112.682 79.629 78.678
106.466 80.957 81.563
101.292 76.762 82.199
97.330 71.445 79.943
97.468 64.875 79.290
99.866 59.949 82.043
103.406 56.940 87.005
106.593 57.368 92.569
110.329 60.504 97.642
108.483 64.104 102.779
105.704 70.318 104.745
99.766 72.389 105.906
93.191 72.016 106.041
87.614 68.191 107.271
85.811 63.809 111.425
85.771 59.693 116.632
87.729 57.871 122.049
89.739 59.480 128.130
92.391 63.525 132.584
93.443 69.263 135.104
94.792 75.692 134.291
94.180 80.662 129.552
88.220 83.427 127.142
81.531 83.400 125.568
75.663 82.663 128.146
71.926 84.937 133.403
71.113 87.513 139.409
72.680 90.873 144.905
75.363 96.476 146.834
79.433 101.687 146.065
84.739 104.611 142.699
85.125 107.393 136.850
82.977 108.408 130.626
77.357 109.462 126.599
72.078 113.378 126.558
68.245 118.067 129.182
67.835 123.673 132.355
70.369 129.169 134.652
74.794 133.765 134.691
80.737 136.827 133.974
87.086 136.300 131.080
89.513 135.493 125.136
88.917 131.279 119.900
85.570 132.635 113.523
80.428 135.156 109.937
78.060 141.048 107.876
79.781 147.029 106.541
83.068 152.974 107.328
88.870 155.515 105.807
95.105 154.930 103.035
101.106 151.348 102.618
104.002 145.295 101.332
102.595 139.039 98.561
98.780 136.431 93.340
96.405 137.267 87.103
97.269 139.941 81.148
102.188 142.081 76.748
108.507 143.361 74.866
115.054 141.947 75.393
121.243 139.166 78.641
122.989 133.105 81.622
120.919 127.821 85.438
118.303 121.923 83.408
113.403 119.165 79.510
114.108 116.519 72.782
117.596 115.264 67.014
123.149 114.102 64.221
129.504 112.243 64.279
134.779 109.997 67.557
137.385 105.963 71.839
138.119 103.296 78.019
134.399 102.041 83.699
129.271 97.571 84.185
124.380 93.811 81.997
122.105 88.907 76.796
124.706 83.733 73.961
128.540 78.522 74.797
133.172 74.108 76.654
137.080 73.104 82.080
139.078 73.774 88.266
138.073 76.209 94.502
134.083 79.310 99.040
128.384 79.971 101.815
121.425 79.855 101.675
116.735 74.393 101.834
115.628 68.629 103.177
115.976 62.460 105.270
118.205 59.459 110.647
122.332 58.937 116.012
125.300 61.607 121.007
126.605 67.188 125.065
126.833 74.042 125.230
123.088 79.175 126.899
117.518 83.390 126.668
111.204 82.527 128.313
105.531 78.582 129.156
103.246 76.516 134.779
104.012 75.525 141.432
105.840 76.109 146.990
81.363 70.973 157.734
78.443 76.966 160.749
82.403 81.519 164.065
86.252 87.433 162.067
87.204 91.465 155.950
85.083 94.356 151.628
81.404 95.473 145.198
75.144 94.662 142.687
67.787 92.676 143.643
63.089 94.690 146.609
59.103 97.957 150.713
58.212 104.542 154.321
58.697 109.961 153.507
61.402 116.054 151.824
65.037 119.522 147.107
67.089 120.565 141.102
68.157 118.626 134.395
64.980 114.752 129.558
58.195 112.134 127.351
51.838 114.102 126.635
46.951 119.115 126.396
45.107 125.184 125.430
46.466 131.379 122.108
49.792 135.820 118.051
54.396 136.341 113.180
59.351 133.166 108.708
60.271 128.258 105.461
58.529 122.696 102.370
53.424 118.557 100.054
47.232 118.547 96.795
42.946 121.347 92.617
42.521 124.894 86.594
45.956 126.489 80.750
51.482 127.842 76.912
57.573 126.057 75.274
63.347 122.215 75.886
66.693 116.781 78.046
66.021 110.527 81.411
62.411 104.648 80.626
58.251 100.554 77.101
56.424 97.995 71.199
58.164 96.469 65.009
63.417 95.135 60.704
69.714 95.987 58.114
76.354 96.304 59.720
81.147 94.858 63.438
83.749 92.463 68.666
83.432 88.603 74.532
80.633 83.074 77.523
78.496 76.652 76.679
77.930 71.205 72.818
82.221 67.073 69.555
88.170 64.519 67.519
93.697 63.781 67.499
100.403 65.790 68.156
104.796 67.908 72.512
106.676 70.721 78.107
104.660 73.520 84.539
101.120 71.530 89.635
97.115 67.565 93.697
95.966 61.138 95.704
98.910 55.725 97.576
104.930 53.131 99.846
111.041 53.252 102.270
115.785 56.454 105.822
118.249 62.016 108.439
118.069 68.581 110.579
113.555 73.710 112.707
107.546 74.899 115.756
102.400 73.445 119.749
100.405 70.245 125.288
102.083 67.510 131.228
106.313 67.098 136.090
110.915 69.863 139.978
114.926 75.061 141.800
116.770 81.361 141.724
116.424 87.492 140.036
111.979 92.377 136.759
105.673 93.610 135.065
98.992 93.929 137.948
94.622 92.409 142.889
93.087 94.125 149.204
94.376 97.680 154.741
96.808 103.203 158.491
98.807 109.221 158.616
101.036 115.030 155.420
101.979 118.636 150.139
100.448 118.027 143.605
94.674 118.610 138.721
87.795 117.291 137.401
81.754 119.275 138.791
76.989 123.668 142.199
75.820 130.105 143.133
77.177 136.494 142.800
79.794 141.780 140.175
82.986 144.883 135.151
86.866 145.035 129.867
88.350 142.884 123.846
87.942 138.311 118.818
83.751 134.345 115.923
77.626 132.513 113.647
71.224 134.127 111.985
67.665 139.122 109.394
67.036 146.316 107.520
68.660 150.444 102.246
73.818 151.939 97.527
78.040 150.820 93.309
83.365 147.051 90.502
85.742 140.328 90.074
83.211 134.096 88.621
78.906 129.913 86.093
73.311 128.462 82.200
71.118 128.895 76.287
70.949 130.464 69.810
73.728 131.778 64.031
80.506 132.578 61.092
86.271 130.991 60.721
92.295 128.156 63.494
94.859 123.892 67.834
95.031 118.258 71.850
91.649 112.087 72.744
88.208 107.091 69.430
88.048 103.598 63.417
92.985 100.529 59.004
98.713 99.698 55.211
105.249 100.606 55.146
111.220 101.167 57.943
114.883 101.782 63.872
115.091 100.154 70.388
113.321 96.918 76.126
110.950 90.727 78.042
109.589 84.119 76.626
112.310 78.734 73.572
117.626 75.388 71.434
124.788 75.121 72.388
131.007 77.401 76.153
133.484 79.219 80.946
134.873 83.164 86.758
131.853 84.618 92.514
127.246 82.818 97.405
122.724 78.207 99.668
121.783 72.228 101.327
123.030 66.026 102.692
128.002 62.402 105.087
139.840 74.778 101.305
140.477 69.171 96.568
135.883 64.596 92.864
129.711 64.426 90.745
124.165 67.573 89.970
119.317 72.071 90.062
117.004 78.070 90.631
119.914 84.432 90.524
123.697 89.854 86.563
126.595 90.737 80.786
129.143 89.637 73.880
126.537 89.094 67.472
122.002 85.141 63.197
115.059 85.286 61.628
108.767 86.285 62.788
103.432 88.309 65.869
101.259 92.485 70.657
102.336 98.597 73.587
105.804 104.615 72.563
107.722 109.358 67.853
105.535 113.004 62.133
101.645 113.440 56.664
94.872 113.807 54.122
88.184 113.981 55.367
83.335 114.741 59.265
80.159 115.143 65.004
81.353 116.707 71.913
85.012 121.147 75.337
89.360 126.712 76.062
89.942 133.109 73.529
86.767 139.315 71.581
81.319 143.119 71.268
75.406 144.968 74.438
70.496 144.049 78.893
67.982 141.720 84.097
67.546 137.253 89.391
71.193 133.185 93.910
77.376 132.877 96.831
82.795 136.638 99.314
85.501 142.742 101.237
84.375 147.452 105.210
81.206 151.233 110.124
76.930 151.692 115.023
73.304 148.692 119.393
70.863 143.697 123.275
71.363 136.996 125.321
75.160 131.778 124.783
80.626 128.827 124.418
87.712 129.705 125.895
92.164 133.087 129.278
94.483 134.413 135.787
93.594 135.101 142.228
91.017 133.715 148.223
88.100 130.045 152.009
84.788 124.336 153.880
84.375 117.600 153.398
83.841 112.496 150.418
85.887 110.063 143.798
92.384 108.767 140.929
99.273 109.862 140.653
105.360 109.234 143.617
109.020 105.773 148.043
109.806 100.908 152.658
108.331 94.636 154.832
105.131 88.684 154.159
103.032 84.036 150.330
99.208 81.962 144.798
99.077 82.901 138.314
101.979 84.783 132.118
107.989 86.169 128.978
114.044 83.528 128.180
118.463 78.283 128.376
119.854 71.551 128.512
117.852 65.494 127.341
113.791 60.676 124.911
108.448 58.282 121.616
103.614 59.475 117.658
100.423 63.552 113.760
101.178 68.864 109.353
106.009 71.414 105.150
111.655 71.198 101.048
115.145 67.682 96.247
114.703 62.931 91.553
111.845 58.121 87.566
107.000 54.985 84.853
100.138 55.377 83.941
94.545 58.293 83.105
91.222 63.953 84.818
91.698 70.802 84.218
95.382 76.436 82.044
97.703 79.055 76.314
97.325 80.278 69.783
94.406 80.026 63.923
89.211 78.547 60.019
83.195 76.947 58.907
77.227 78.221 60.299
71.898 79.522 64.067
69.199 82.609 69.192
70.002 86.669 74.867
72.976 92.467 76.542
76.272 98.520 75.073
76.405 103.244 69.972
73.313 106.221 63.816
67.832 108.463 61.673
61.052 110.722 62.114
55.244 111.405 65.279
51.331 110.706 70.017
50.328 108.859 76.554
53.036 109.006 82.716
57.852 111.950 86.918
61.407 117.788 88.136
62.487 124.475 87.358
59.476 131.461 87.502
54.968 134.707 89.862
48.840 136.354 94.155
45.088 134.721 98.349
42.468 130.222 102.921
43.238 125.330 107.091
47.250 120.096 109.406
53.922 118.705 110.752
59.916 121.469 113.312
62.765 126.329 117.314
62.506 131.159 122.242
59.266 132.213 128.643
54.821 130.898 133.172
52.116 126.283 137.293
50.584 120.083 138.709
51.659 113.570 138.985
55.314 108.238 136.599
62.002 106.299 135.053
68.412 107.911 137.243
72.667 109.937 142.009
74.066 110.646 148.933
72.934 109.496 155.208
71.716 103.491 159.291
67.630 97.114 160.583
67.200 91.564 158.674
67.859 87.189 153.018
70.785 84.631 149.202
76.630 83.137 145.334
83.475 83.481 144.799
89.775 83.609 147.220
93.046 80.956 151.091
93.197 79.647 158.010
