40.922 18.827 39.931
46.680 20.604 36.411
49.810 21.682 31.328
49.295 20.503 24.358
48.342 13.957 27.871
45.997 15.849 22.260
43.478 16.369 17.714
43.171 11.147 20.504
38.702 9.982 23.732
33.220 11.499 23.423
30.215 16.881 21.614
28.658 22.877 23.545
29.156 28.707 23.532
23.997 29.488 24.846
19.790 25.846 19.523
17.220 19.495 17.701
16.660 12.753 20.387
20.247 12.972 25.263
23.383 8.269 21.871
23.498 9.577 28.638
24.282 5.651 34.152
26.076 11.309 35.552
24.356 16.989 31.790
28.372 22.416 32.554
31.421 27.573 33.601
35.872 30.804 33.779
43.486 31.007 35.272
48.314 30.622 28.892
45.949 28.852 22.442
41.423 25.082 19.797
35.828 24.610 18.681
-6.968 -4.537 2.414
-5.484 -4.593 -4.253
242.704 231.883 299.954
245.965 231.113 305.394
251.420 231.214 309.229
258.400 231.558 310.470
263.517 234.657 308.410
265.927 240.723 304.982
264.860 246.736 302.334
260.986 252.257 302.507
255.890 256.502 304.439
252.775 258.812 309.955
252.320 260.002 316.461
255.790 261.674 321.973
261.675 262.883 324.851
267.985 265.019 324.566
273.295 267.561 321.082
276.458 270.567 316.243
276.919 273.777 310.210
273.063 277.112 305.185
267.782 281.389 304.561
264.238 286.803 306.867
265.131 291.821 311.561
269.155 295.677 314.489
274.718 299.375 315.195
280.606 301.361 312.195
283.891 301.606 306.743
285.157 301.477 300.233
283.342 300.472 293.921
277.772 300.614 289.445
271.165 303.238 288.771
268.131 309.060 289.371
267.912 315.528 288.473
270.740 320.738 285.007
274.785 322.400 280.344
279.648 321.766 275.708
283.296 318.194 271.102
283.573 312.900 267.053
281.307 306.977 264.546
276.283 301.928 264.556
269.745 302.413 263.126
264.012 305.613 260.757
262.023 308.796 255.555
262.808 311.343 249.164
265.909 310.788 243.453
270.123 307.502 239.140
273.620 302.146 237.196
275.021 295.508 238.006
273.977 289.627 239.433
269.949 284.932 242.257
263.790 282.532 243.514
258.229 281.394 240.478
253.789 281.673 234.698
253.534 279.454 229.797
255.189 276.932 223.869
258.579 272.901 220.463
263.126 267.729 220.105
267.315 263.230 222.947
269.099 259.338 227.839
269.897 257.991 234.807
265.284 258.104 240.145
258.751 256.870 242.288
253.469 253.210 241.414
250.750 247.295 239.503
251.652 241.293 236.815
255.148 235.428 236.433
259.977 231.629 239.049
265.685 230.672 242.765
269.528 232.338 247.793
270.944 235.083 253.653
268.614 238.122 258.930
264.049 239.702 263.757
259.530 236.028 267.048
257.101 230.171 269.108
258.801 224.183 271.297
262.960 219.700 273.226
269.386 218.184 275.041
275.004 219.252 277.396
279.771 224.133 279.807
281.481 229.757 282.069
279.944 235.479 283.899
275.663 239.323 288.950
271.040 238.775 293.847
269.897 236.361 300.080
272.731 233.544 305.329
278.123 231.697 308.983
284.816 232.305 310.250
290.742 235.870 309.278
293.798 241.444 306.385
294.369 247.006 304.299
292.072 253.109 302.779
287.089 257.494 303.268
283.960 260.714 308.163
283.666 263.296 313.987
287.387 266.602 318.422
293.192 268.530 320.493
299.604 269.809 320.101
305.221 271.444 316.187
307.729 273.947 310.878
308.354 275.227 304.373
306.106 276.863 298.569
300.485 279.014 295.147
294.830 283.131 295.617
292.886 289.176 298.145
294.736 295.356 299.846
298.696 300.734 300.076
304.207 304.219 298.008
308.649 305.497 293.503
312.275 303.254 287.696
312.283 300.421 282.354
309.463 297.678 277.195
303.924 296.692 273.664
298.148 298.974 271.805
293.642 304.021 270.640
294.037 310.008 268.353
296.463 314.671 264.404
300.522 316.407 259.125
304.166 314.197 253.962
306.365 309.455 249.654
307.425 302.983 247.587
305.441 296.266 247.826
300.716 291.512 249.363
293.919 291.076 248.360
288.754 291.616 244.726
285.521 294.874 239.197
286.666 295.047 232.877
290.236 292.918 227.455
294.122 288.430 224.548
298.239 282.477 225.009
299.353 276.560 226.541
298.382 271.258 230.842
294.557 267.482 235.101
288.036 265.419 234.685
281.659 265.341 231.582
279.476 262.611 226.227
280.049 258.341 221.066
283.091 253.272 217.989
288.019 248.530 218.290
292.137 244.622 221.704
294.290 241.773 227.719
292.895 240.647 233.870
289.668 240.194 240.031
283.676 238.612 241.855
277.631 235.535 241.591
273.438 230.703 239.046
273.220 224.550 235.714
290.670 222.679 235.324
287.491 225.705 229.189
283.097 229.432 225.702
277.895 234.224 225.551
275.543 239.494 228.798
276.124 244.826 231.792
280.162 248.778 236.339
286.615 250.331 237.407
293.172 251.603 235.333
296.599 253.673 229.905
298.040 256.002 223.897
295.795 260.335 219.472
291.912 265.840 216.799
288.578 270.297 218.069
284.822 274.583 221.062
282.902 277.046 226.733
283.503 278.099 233.527
288.746 277.115 238.396
295.616 278.041 238.817
301.163 281.754 236.773
303.114 287.844 234.325
302.538 294.484 232.205
300.069 300.026 233.810
296.278 304.684 237.116
293.217 306.286 242.798
290.757 304.981 248.777
291.528 301.576 254.423
296.127 297.290 257.565
303.167 296.832 258.168
309.068 300.503 258.742
312.160 305.875 261.271
312.192 310.392 266.093
309.692 313.228 271.720
305.437 313.735 276.745
299.630 312.040 280.301
296.469 308.026 283.225
294.960 301.500 283.730
297.498 294.803 282.833
303.175 291.389 284.266
309.339 290.342 287.331
312.319 291.599 293.052
312.898 293.249 299.656
309.336 292.662 305.128
304.214 290.934 308.847
298.229 288.070 310.433
293.707 283.734 309.251
291.278 280.066 304.612
292.582 274.851 300.757
296.964 269.596 299.778
301.648 265.402 302.187
303.714 261.537 307.080
302.974 258.256 312.851
299.534 255.827 317.910
294.254 252.604 320.341
287.821 250.829 320.011
282.764 249.733 316.465
278.975 249.017 311.532
278.374 250.248 304.412
282.817 248.515 299.302
287.815 244.299 297.246
290.074 238.004 297.069
289.118 231.343 297.408
284.827 226.099 297.797
278.956 222.930 297.784
273.132 222.713 294.691
268.598 224.516 291.562
264.967 228.803 287.922
266.341 234.424 283.764
271.120 236.606 279.195
276.049 235.012 274.564
277.186 230.378 269.915
276.449 224.705 265.896
271.708 221.796 262.241
265.486 220.752 259.280
259.649 222.762 257.139
255.830 227.109 255.430
253.500 233.111 254.148
255.187 239.554 254.569
260.391 244.158 253.412
266.361 244.646 249.482
270.228 242.744 244.151
269.877 242.085 237.569
266.504 242.280 231.675
261.517 244.554 227.732
255.780 248.417 226.575
252.837 254.049 228.232
252.353 259.450 231.729
254.092 263.308 236.005
259.971 266.091 238.998
266.722 267.398 237.813
270.861 270.268 233.372
272.719 274.236 227.794
272.044 278.924 224.103
267.441 284.586 224.077
263.263 288.801 225.156
260.355 293.477 228.955
258.677 295.636 234.467
257.758 295.850 240.897
259.802 293.537 247.248
266.143 292.385 249.887
273.127 292.924 249.533
277.601 297.795 248.523
279.566 304.414 247.538
278.467 310.780 248.480
275.583 316.446 251.034
272.445 318.652 256.199
268.588 318.374 262.106
266.573 315.494 267.224
266.426 310.132 271.094
270.708 305.302 273.782
277.241 304.315 275.956
283.587 306.536 278.023
286.423 310.780 281.965
285.821 315.068 286.940
283.590 316.985 293.262
279.857 316.137 298.186
274.948 313.227 300.821
270.459 308.555 301.556
268.199 302.640 299.525
270.548 296.829 296.221
276.128 292.698 297.089
281.281 290.347 301.160
284.177 288.988 307.399
282.634 287.943 313.872
278.179 286.581 318.738
273.076 284.021 320.995
266.625 281.261 321.116
262.152 278.591 317.285
260.099 275.318 311.905
262.900 271.532 306.767
268.066 266.784 306.774
272.182 262.162 309.930
272.108 257.328 314.454
269.145 253.029 318.231
263.992 249.532 320.909
257.676 247.596 320.049
251.817 247.060 316.457
248.833 248.311 310.178
250.136 248.479 303.772
253.158 245.946 298.317
257.641 241.066 295.301
260.374 235.913 295.011
261.316 229.197 296.616
258.638 223.551 300.033
131.863 210.254 225.963
131.181 216.779 224.668
134.949 221.308 220.988
142.022 224.035 220.161
148.774 221.169 218.722
152.476 216.835 215.563
153.112 211.687 211.480
150.262 206.869 206.932
145.628 205.290 202.031
140.919 207.309 197.156
138.779 212.034 192.913
139.249 218.476 190.578
142.810 223.880 188.970
148.845 226.499 187.193
155.635 225.871 185.866
159.387 221.934 182.310
160.851 216.019 178.730
158.474 211.331 174.704
153.668 209.925 170.076
147.272 211.237 167.129
145.433 214.531 162.355
144.951 219.460 158.377
148.938 223.024 154.094
154.610 225.248 151.539
160.623 224.066 149.591
165.860 219.698 148.805
168.323 213.907 148.863
167.875 207.582 148.237
163.472 202.599 147.305
158.060 200.058 144.859
154.832 200.007 138.712
154.737 201.794 132.201
158.226 202.726 126.692
163.740 201.550 122.859
169.386 197.973 121.659
173.326 192.886 124.057
174.496 187.959 127.602
172.393 183.304 131.351
166.992 179.897 133.230
160.476 178.008 131.647
156.817 175.816 126.505
156.332 172.122 121.008
158.719 167.156 117.585
162.861 161.998 117.469
167.952 158.246 119.506
171.286 155.447 124.602
172.408 154.087 131.091
170.021 155.074 137.082
165.563 156.483 141.928
159.015 155.587 142.216
153.148 152.781 141.411
150.733 146.698 140.842
151.132 139.794 140.952
154.615 134.723 143.424
158.945 132.162 147.944
163.405 132.713 152.924
165.112 136.114 158.221
164.664 140.591 162.362
160.930 145.137 165.500
154.848 147.049 167.320
148.667 145.204 169.241
145.114 141.062 172.618
144.674 136.438 177.073
146.372 132.896 182.001
150.634 131.097 186.826
155.844 132.270 190.830
160.365 136.364 193.441
162.830 142.457 193.608
163.120 148.934 191.618
158.528 153.826 190.480
152.059 156.473 190.821
147.075 157.239 194.589
144.695 158.225 200.682
146.080 159.031 207.143
149.862 160.251 212.193
154.889 163.683 214.338
160.807 167.134 213.378
164.586 170.275 209.776
165.708 173.565 204.323
163.275 177.085 199.216
158.039 180.973 196.611
153.971 185.649 198.638
151.617 189.871 203.771
154.015 194.755 207.223
158.783 198.461 209.983
164.987 200.607 210.404
171.223 201.474 208.049
175.434 201.876 203.723
176.763 200.683 197.544
174.927 199.720 191.647
170.067 202.559 186.497
165.561 206.963 185.150
164.684 213.622 184.587
167.671 219.636 184.619
172.954 223.886 184.463
179.545 224.328 182.347
185.216 221.244 180.103
187.494 216.032 176.675
187.584 212.169 172.261
184.299 208.472 167.844
178.883 207.409 163.985
175.817 210.377 159.143
175.175 214.439 154.003
178.729 216.954 149.322
184.217 217.810 146.103
190.188 216.216 144.233
195.339 212.051 143.905
198.762 206.283 144.584
198.081 200.056 146.166
195.723 194.725 147.888
190.036 191.094 147.010
184.387 189.705 143.991
181.974 189.716 137.507
183.024 189.424 131.054
186.568 187.219 125.872
191.996 184.050 123.472
196.575 179.419 124.188
199.769 175.114 128.215
200.120 171.136 132.945
197.245 168.365 137.834
192.176 166.083 140.840
185.785 163.186 140.190
180.610 160.725 136.159
180.372 155.856 131.899
182.634 150.095 129.520
186.499 144.888 129.698
190.699 140.959 133.431
194.198 139.615 139.279
195.403 140.409 145.260
194.053 143.510 150.966
189.915 146.902 154.932
183.104 146.381 156.710
177.506 142.825 157.283
174.489 136.632 158.167
176.110 130.871 160.815
179.924 126.656 164.275
184.146 126.009 169.418
188.948 127.991 174.157
190.622 133.278 177.908
189.505 139.394 180.346
185.384 144.599 182.029
179.104 145.088 183.723
173.202 143.152 186.710
171.549 139.272 191.496
172.505 136.079 197.043
175.749 135.665 202.748
180.496 137.527 207.224
184.722 142.139 209.288
187.682 148.486 209.028
186.974 154.949 206.910
183.149 160.282 205.157
176.687 162.802 205.891
170.868 163.193 208.451
167.347 163.085 214.016
166.116 160.523 220.226
168.845 159.472 226.598
174.303 160.698 230.556
179.823 164.270 232.288
183.569 170.381 231.883
183.060 177.232 230.763
178.829 182.841 229.763
173.910 186.254 233.540
166.942 186.751 235.390
164.750 186.974 241.729
164.899 186.333 248.240
168.366 188.057 253.879
173.439 188.778 258.315
175.363 198.503 243.459
180.399 194.272 243.272
181.205 187.828 244.748
180.903 181.156 246.534
176.796 174.916 247.622
170.351 173.079 246.042
165.360 173.057 241.297
165.494 172.524 234.348
166.027 174.205 228.010
170.021 177.504 222.981
175.782 175.800 219.876
182.340 172.702 219.521
184.629 166.396 220.338
183.907 160.026 222.030
180.712 153.991 222.625
175.882 150.052 220.072
170.419 148.870 215.924
168.249 149.967 209.730
169.501 151.655 203.512
173.816 153.393 198.528
180.078 153.091 196.184
186.519 150.440 196.008
190.067 145.000 197.641
191.200 138.439 197.781
188.178 132.428 195.233
183.576 128.794 192.009
178.693 127.767 188.085
175.922 129.810 182.162
173.583 133.401 178.296
174.296 139.203 174.510
179.526 143.172 172.481
186.184 143.471 171.252
191.526 140.081 168.454
193.288 135.201 163.851
191.801 130.536 158.996
187.946 129.275 153.830
183.720 130.377 148.493
179.877 135.061 146.310
178.035 140.736 144.709
179.132 147.027 146.002
184.191 151.513 147.637
191.022 152.449 147.109
196.476 151.452 143.281
199.500 151.181 137.111
198.755 153.100 130.873
195.766 156.915 126.502
191.063 160.729 123.746
186.245 165.171 124.223
183.386 170.246 127.271
182.652 173.124 133.418
185.897 174.794 139.368
192.204 176.508 141.281
198.288 179.461 140.189
201.027 184.334 136.745
201.337 189.826 132.843
197.815 195.123 130.654
192.646 199.031 131.192
186.895 201.780 133.053
182.849 202.116 138.130
180.231 200.043 143.973
183.015 198.865 149.948
187.850 199.317 154.515
193.181 202.735 156.786
195.387 208.734 158.228
194.910 215.239 158.342
191.717 220.945 158.990
186.985 225.156 160.338
180.176 225.401 162.705
174.752 223.205 164.892
172.082 218.200 167.525
171.590 211.511 169.765
175.742 207.918 173.639
181.140 207.113 178.053
184.161 209.537 183.295
183.937 213.270 188.767
180.443 215.786 193.828
174.801 216.212 197.483
168.477 215.347 199.272
163.654 211.303 198.138
159.936 206.224 195.230
161.089 200.138 193.431
165.514 194.994 192.878
170.977 191.608 195.405
172.346 189.184 201.496
171.444 188.505 208.056
167.157 187.463 213.117
161.431 185.491 215.263
155.371 182.714 214.472
150.596 179.948 211.066
148.391 176.399 206.321
149.978 173.817 200.697
154.527 170.440 197.169
160.124 166.544 197.651
164.568 162.583 201.058
164.128 157.123 204.836
160.771 152.049 207.237
155.686 147.776 207.450
149.950 145.168 204.521
146.135 145.236 199.199
145.087 146.741 192.534
147.623 148.610 186.846
152.767 148.909 183.123
159.313 148.106 182.133
163.410 142.884 181.484
164.699 136.405 180.618
162.717 131.018 177.594
158.253 127.689 173.557
153.581 127.232 169.408
150.343 130.044 164.321
147.416 134.202 160.546
147.803 139.871 157.871
150.105 146.158 156.864
156.648 148.444 156.065
163.532 148.303 155.710
167.407 145.367 151.217
168.704 141.635 145.629
166.879 139.519 139.540
163.790 140.222 133.562
159.490 143.470 129.558
157.281 149.042 128.326
154.602 154.498 129.398
155.687 160.132 133.196
160.173 163.847 136.015
166.621 166.201 135.332
172.973 166.177 132.258
175.010 168.240 126.516
174.746 171.072 120.416
171.160 175.066 115.976
166.126 179.410 114.600
161.958 183.106 116.996
158.366 186.068 121.349
156.863 187.210 128.087
160.019 187.115 134.228
165.585 189.573 137.127
171.319 193.272 137.020
173.987 199.232 135.243
172.438 205.690 133.462
168.068 210.713 132.665
162.497 213.678 133.701
156.525 214.199 136.597
152.424 212.928 141.671
151.525 208.974 147.333
154.565 206.397 153.066
159.692 207.965 157.452
164.294 212.125 160.320
164.532 218.341 162.241
162.284 223.653 163.858
157.118 227.541 165.996
150.894 228.889 167.926
145.196 225.248 170.405
142.270 219.749 172.875
143.160 213.557 175.804
147.018 209.334 179.076
152.246 207.977 183.388
156.098 210.025 188.203
157.323 214.016 193.487
155.863 219.669 197.335
150.941 223.869 199.661
144.268 224.354 201.635
138.728 220.916 202.575
134.754 214.722 204.556
135.908 209.774 208.094
139.005 205.290 212.849
142.975 205.070 217.919
147.104 207.401 223.440
148.474 212.928 227.265
147.486 217.946 231.024
217.035 167.400 180.056
216.091 172.978 175.899
213.825 174.887 169.622
210.172 173.521 164.103
206.000 168.880 160.680
201.186 164.126 161.384
196.024 161.421 165.010
192.088 161.394 170.141
188.966 165.463 174.930
187.241 171.556 176.855
184.655 177.287 175.080
182.876 181.702 169.938
180.806 182.035 163.452
177.156 179.405 159.075
172.766 175.373 155.951
167.552 171.100 156.883
162.403 168.572 160.748
158.570 169.320 166.435
155.232 173.671 169.681
153.078 180.059 171.348
152.151 186.219 169.083
151.104 190.185 163.807
149.448 191.048 157.360
144.618 189.194 153.251
139.991 187.162 151.922
134.998 182.068 150.245
129.634 180.563 153.716
125.704 181.739 159.423
124.427 185.955 164.732
123.478 192.459 166.498
123.501 199.266 164.586
122.693 203.558 160.167
117.123 193.816 148.555
124.007 196.172 147.577
128.675 198.914 151.352
132.600 198.988 156.848
134.848 196.096 162.639
134.943 190.857 167.009
134.414 183.955 167.888
135.001 178.188 164.377
138.225 174.488 160.644
143.442 174.103 157.645
147.802 176.432 153.632
153.395 179.591 153.433
158.039 183.707 155.201
160.781 187.422 160.268
162.737 186.042 166.662
163.461 181.871 172.159
166.194 176.238 173.691
169.426 170.583 172.632
172.217 166.325 168.066
176.064 165.156 162.400
180.991 167.724 159.069
185.946 172.328 158.135
189.913 177.645 160.417
192.582 180.187 166.302
195.003 178.523 172.391
196.787 173.634 177.136
199.237 167.570 178.190
201.391 161.444 175.895
204.815 158.493 170.657
208.749 158.964 164.879
213.668 163.031 162.248
44.413 22.889 19.049
49.426 18.342 20.054
50.811 15.538 15.022
51.398 9.912 14.020
47.910 8.782 20.468
44.198 3.044 18.882
44.177 2.750 12.189
40.361 3.673 9.048
36.333 0.966 13.326
35.366 4.647 20.028
30.982 5.943 16.039
30.194 9.551 10.496
30.475 16.198 8.355
24.939 20.694 8.075
18.651 19.766 4.792
15.612 15.589 10.581
11.596 19.777 13.107
9.261 19.352 19.397
10.811 12.822 22.462
15.919 15.637 19.667
18.913 13.481 14.887
20.200 12.579 20.904
25.452 11.204 16.561
25.917 18.316 16.659
30.172 21.633 20.288
34.250 23.487 14.208
40.405 23.574 12.150
40.470 22.466 5.538
37.603 17.217 6.596
39.485 10.497 6.312
35.153 6.510 8.397
2.863 -0.016 -92.867
9.219 3.635 -93.071
12.752 9.053 -90.783
13.797 15.598 -87.117
11.917 18.648 -81.709
9.516 17.548 -75.288
6.443 13.997 -70.556
5.688 8.287 -67.541
7.959 2.579 -65.976
12.866 -0.827 -63.737
19.083 -2.041 -61.391
25.238 0.554 -60.919
28.712 5.166 -57.977
30.188 9.503 -53.704
28.263 15.132 -49.983
23.443 17.698 -46.706
16.699 17.807 -44.736
13.014 12.887 -42.050
12.974 6.265 -39.290
16.262 2.193 -35.327
20.997 1.197 -30.783
23.950 3.251 -25.295
24.411 7.199 -19.837
22.136 12.188 -15.873
16.623 16.888 -13.700
10.506 18.135 -14.181
3.822 16.305 -16.780
0.435 10.851 -18.036
-0.634 4.043 -15.970
-0.091 -0.315 -11.170
-0.376 -2.155 -4.876
-2.814 -0.398 1.192
-6.340 3.633 5.319
-11.784 8.816 5.759
-15.648 13.063 2.933
-19.465 14.918 -2.209
-22.549 13.302 -8.140
-23.853 9.922 -13.029
-26.418 3.859 -14.967
-28.927 -1.851 -13.289
-32.902 -5.439 -9.508
-39.551 -4.575 -6.249
-44.417 -0.800 -4.888
-48.439 4.630 -7.306
-49.976 10.402 -9.605
-50.448 14.121 -16.007
-47.697 14.702 -21.311
-46.136 11.651 -27.856
-46.483 6.092 -31.536
-49.936 0.436 -33.315
-55.378 -2.643 -34.117
-61.791 -1.613 -35.824
-66.847 1.315 -37.177
-69.351 4.596 -41.419
-70.411 11.401 -43.086
-68.181 16.174 -48.314
-63.118 20.156 -49.242
-56.555 19.328 -50.747
-51.749 15.030 -53.516
-50.213 9.509 -57.080
-51.719 5.391 -62.242
-54.297 4.943 -68.148
-55.725 7.916 -73.952
-56.769 12.984 -78.056
-54.121 18.484 -80.626
-50.335 23.804 -80.044
-46.182 28.042 -76.501
-40.098 27.099 -73.971
-35.235 23.263 -72.107
-31.332 17.996 -73.497
-28.096 14.905 -78.473
-26.201 14.795 -84.797
-24.354 17.990 -89.995
-21.537 23.403 -92.701
-18.992 29.244 -92.740
-16.158 34.526 -90.190
-14.743 38.329 -84.507
-11.662 37.347 -78.873
-10.407 33.100 -73.852
-5.695 28.134 -72.733
-1.388 23.428 -74.923
4.504 23.056 -78.109
10.078 26.141 -79.701
14.094 31.150 -79.895
16.384 37.493 -78.260
16.826 41.534 -73.193
16.162 42.898 -66.786
11.680 42.201 -61.560
10.019 37.929 -56.771
10.572 31.393 -54.634
14.979 26.967 -53.012
20.732 25.430 -50.577
25.159 26.753 -46.326
27.993 30.974 -41.840
28.731 36.242 -38.336
26.296 40.751 -34.351
21.590 44.658 -31.853
15.213 44.838 -30.442
8.761 42.592 -30.516
5.758 37.177 -29.054
5.978 30.391 -27.072
8.010 26.970 -21.842
11.488 25.766 -16.383
12.127 28.053 -10.016
10.548 32.902 -4.998
6.443 37.198 -2.286
0.931 40.409 -1.550
-5.091 43.723 -4.132
-10.155 41.897 -8.592
-13.297 36.522 -10.911
-15.513 30.092 -9.855
-16.051 24.616 -6.353
-17.623 22.266 -0.314
-22.036 22.969 4.905
-26.937 25.777 8.117
-31.204 31.389 8.115
-34.275 36.459 5.121
-36.740 39.193 -0.738
-37.715 39.215 -7.370
-36.703 35.589 -13.250
-38.751 29.888 -16.399
-42.825 24.584 -16.679
-48.374 21.523 -15.296
-54.904 22.700 -14.097
-60.226 27.808 -13.021
-61.759 34.254 -14.108
-61.270 39.217 -18.576
-58.239 41.939 -24.248
-55.905 41.797 -30.779
-52.298 38.908 -35.837
-53.708 34.002 -40.536
-57.434 28.518 -41.601
-63.088 27.616 -44.628
-68.389 30.554 -47.828
-71.448 34.971 -50.967
-71.964 40.462 -54.973
-68.446 45.428 -57.577
-62.875 48.672 -59.397
-55.740 47.265 -61.639
-51.609 43.037 -63.094
-49.594 37.203 -66.581
-50.756 32.806 -70.981
-53.547 31.055 -76.623
-57.558 31.663 -82.050
-60.769 35.783 -86.245
-52.604 50.386 -77.538
-59.857 49.227 -78.569
-64.868 45.586 -77.416
-67.361 39.199 -75.210
-66.458 33.788 -72.023
-62.564 29.020 -68.254
-58.603 29.665 -62.207
-53.924 32.390 -58.915
-52.692 38.074 -55.023
-53.956 43.614 -52.384
-58.169 47.354 -48.200
-63.888 48.445 -45.344
-68.006 45.194 -41.141
-69.876 40.956 -37.146
-70.139 34.797 -33.838
-67.080 29.708 -31.731
-61.656 25.353 -30.815
-54.743 25.511 -32.143
-50.235 30.320 -29.646
-48.960 36.191 -26.598
-50.255 40.002 -21.290
-52.759 40.391 -15.048
-54.805 37.563 -9.231
-53.860 33.456 -4.354
-49.575 28.113 -2.551
-44.187 23.479 -2.402
-37.693 21.354 -5.386
-33.343 23.619 -9.970
-29.912 29.927 -11.182
-28.162 36.097 -9.040
-26.988 40.205 -3.680
-24.485 40.738 2.401
-20.199 38.963 7.172
-15.252 34.269 8.531
-11.077 29.270 7.073
-8.186 25.158 2.467
-6.259 24.656 -4.248
-5.087 26.805 -9.832
-5.973 30.955 -15.185
-3.340 36.726 -17.049
-0.294 42.312 -15.620
5.246 45.243 -13.000
11.497 44.020 -12.554
17.375 39.940 -14.064
19.895 35.760 -18.083
19.755 29.744 -21.148
18.338 27.839 -26.458
13.335 27.202 -31.970
10.416 31.224 -36.266
9.432 37.281 -39.193
11.587 42.878 -41.889
16.892 44.950 -45.262
22.133 44.526 -48.295
26.777 42.168 -51.771
28.312 38.241 -56.536
27.477 33.130 -60.647
23.450 28.984 -63.653
17.738 25.871 -64.081
11.220 26.289 -61.969
6.526 31.055 -62.901
4.096 37.210 -64.816
3.600 41.444 -69.622
3.972 42.763 -76.077
4.195 40.592 -82.280
3.150 36.150 -86.945
0.038 30.963 -89.047
-3.867 25.546 -88.193
-6.794 21.026 -83.862
-11.508 21.555 -79.506
-15.478 25.001 -75.344
-19.552 30.482 -74.642
-24.114 33.911 -78.091
-27.772 34.839 -83.425
-31.510 31.886 -87.889
-34.481 26.569 -90.427
-37.420 21.036 -89.841
-39.385 15.182 -87.216
-39.109 11.044 -82.092
-39.824 11.149 -75.590
-39.554 14.552 -69.749
-43.376 19.329 -66.631
-48.145 24.250 -66.602
-54.742 25.016 -67.642
-60.390 22.276 -67.659
-64.894 17.125 -67.449
-66.165 11.242 -65.075
-65.131 6.182 -60.661
-61.402 2.952 -55.798
-56.502 3.263 -51.605
-52.581 7.359 -47.705
-52.675 13.409 -44.421
-56.598 17.511 -41.070
-60.992 17.902 -36.797
-62.900 16.133 -31.532
-65.253 10.966 -27.040
-63.976 6.598 -23.589
-60.714 1.301 -21.471
-55.279 -2.286 -21.117
-48.772 -2.721 -21.745
-43.201 -0.318 -24.910
-39.781 5.327 -23.000
-38.339 11.580 -20.198
-39.287 14.211 -14.266
-39.247 13.778 -7.734
-38.056 10.548 -1.758
-34.596 6.701 1.759
-31.173 0.182 1.873
-24.712 -2.412 0.447
-20.289 -4.317 -4.563
-17.994 -1.729 -10.189
-15.254 3.907 -12.500
-13.046 10.131 -11.593
-11.760 15.493 -7.750
-7.442 16.402 -2.298
-1.754 16.038 0.668
3.750 11.835 1.521
7.683 7.161 -0.517
10.549 2.447 -5.422
10.011 0.315 -11.384
8.518 1.283 -18.157
5.979 5.440 -22.955
6.737 11.438 -25.772
10.575 16.772 -26.478
16.418 19.970 -26.608
22.842 18.848 -28.022
28.095 13.674 -30.138
28.954 7.412 -31.983
26.980 2.842 -36.938
22.322 1.057 -42.071
18.146 1.636 -46.273
12.724 5.434 -49.708
12.663 10.620 -53.191
14.519 16.513 -55.766
19.484 17.919 -60.599
23.122 15.893 -65.416
24.826 11.284 -70.223
23.447 6.159 -74.073
19.615 1.133 -76.689
13.412 -1.535 -76.704
7.170 -0.294 -76.510
1.673 4.212 -76.111
-0.468 10.206 -77.382
-0.575 15.537 -81.160
0.699 18.506 -87.205
4.037 18.969 -93.092
-38.582 32.476 -10.843
-40.884 34.846 -5.580
-42.910 31.476 -0.074
-45.744 26.024 2.530
-48.079 20.028 2.426
-48.956 13.830 0.210
-47.854 8.755 -4.123
-43.457 5.493 -7.880
-37.418 3.640 -9.257
-30.348 3.963 -9.422
-25.499 5.553 -5.173
-22.750 8.336 0.778
-24.186 6.519 7.416
-26.674 2.245 11.700
-28.120 -4.566 12.475
-27.279 -10.854 11.024
-22.979 -15.484 9.282
-18.368 -18.372 5.351
-11.063 -0.623 10.760
-9.378 -2.706 5.106
-11.161 -5.866 -0.654
-16.497 -8.567 -3.602
-22.794 -9.945 -3.994
-29.292 -9.508 -2.050
-34.243 -7.554 2.349
-36.387 -2.479 6.149
-37.098 3.862 7.208
-35.281 10.680 7.006
-33.144 15.087 2.657
-30.164 17.329 -3.383
-32.418 16.454 -9.870
-37.185 15.427 -14.051
-44.111 15.321 -14.717
-50.050 16.951 -13.037
-54.023 21.636 -10.797
-56.427 25.909 -6.235
117.743 202.701 159.288
115.518 198.197 158.313
111.401 194.319 153.609
110.649 189.295 148.001
113.920 184.901 144.951
119.556 180.809 143.872
123.956 178.340 147.069
126.893 175.829 153.261
125.308 174.665 159.671
120.886 173.543 164.555
115.118 171.089 166.360
110.619 166.506 165.825
107.749 160.968 162.184
109.282 155.599 158.826
113.389 151.135 155.665
119.716 148.210 155.185
125.959 148.103 156.299
130.939 148.707 160.067
132.486 150.639 166.612
129.305 151.316 173.218
127.307 147.061 177.537
125.692 140.701 179.793
126.026 134.219 179.181
129.608 128.837 177.762
135.981 125.317 175.764
141.809 126.449 174.884
147.679 129.778 176.331
150.369 134.918 178.518
149.820 139.780 183.511
147.777 140.953 190.143
146.958 138.284 195.881
148.958 133.976 200.505
153.436 130.266 203.189
160.402 129.537 203.465
166.734 129.916 201.506
171.620 133.319 198.632
174.159 138.877 195.269
172.927 144.868 194.042
169.217 150.495 194.614
166.309 154.395 199.415
165.764 156.098 205.802
169.818 157.563 210.767
175.060 158.100 214.570
181.129 160.052 214.121
186.628 162.413 210.893
189.452 164.717 205.200
189.309 168.751 200.509
185.150 171.174 195.136
180.413 175.053 194.601
175.574 179.111 196.760
173.773 183.716 201.402
175.898 188.731 204.565
179.877 193.483 205.473
184.048 197.754 204.569
188.559 200.978 200.516
191.652 201.827 194.595
191.473 201.040 188.041
188.233 200.031 182.843
182.867 197.023 179.760
176.281 197.122 181.007
170.540 200.098 183.556
167.552 205.662 185.030
166.581 211.991 183.224
166.700 216.479 179.257
167.984 219.638 173.264
169.399 219.110 167.313
169.964 215.526 161.454
169.053 210.000 158.307
166.198 203.471 158.324
160.823 200.646 160.232
154.728 200.043 162.954
148.813 202.694 161.882
144.761 206.921 158.278
143.308 209.366 152.716
143.119 209.010 146.062
145.196 206.662 140.415
147.016 201.736 136.610
149.159 195.016 135.662
149.573 189.400 138.945
147.439 185.610 142.862
142.125 182.916 146.131
135.556 183.053 147.246
129.552 182.160 144.404
126.339 180.195 139.136
125.979 177.026 133.178
128.826 172.597 128.407
134.834 168.881 127.244
139.194 165.056 129.939
142.196 161.683 134.083
142.519 159.452 140.437
139.035 158.961 146.413
134.475 155.160 148.493
130.204 150.370 148.558
129.436 144.364 146.675
131.447 139.256 143.330
135.611 135.315 141.875
142.079 132.888 140.385
148.589 133.306 140.581
153.487 134.934 144.106
156.659 139.028 148.124
156.250 140.501 154.620
152.920 140.514 160.695
151.112 136.092 165.072
151.654 129.995 167.670
153.940 123.789 167.899
159.241 119.630 167.242
165.645 118.909 166.064
171.825 121.070 165.837
176.365 125.622 165.713
177.397 132.361 166.415
176.470 137.361 170.508
175.268 139.353 176.782
173.518 138.129 183.606
177.014 135.331 188.175
182.126 132.786 190.804
188.886 132.270 191.335
194.892 133.920 188.954
198.999 137.651 184.633
199.903 142.582 181.019
197.581 148.005 177.845
192.607 152.504 177.496
189.867 157.181 181.900
189.717 160.604 187.309
192.946 163.670 192.702
198.836 165.746 194.169
204.730 168.248 192.575
208.831 170.756 187.870
210.903 172.638 181.151
208.716 174.846 175.912
203.563 176.281 171.538
197.109 178.845 170.439
193.275 183.207 173.841
192.325 188.464 177.983
194.967 194.066 179.885
199.196 199.118 178.505
203.118 202.257 174.092
204.061 204.544 168.871
203.702 203.224 161.933
200.555 199.035 156.361
193.495 197.928 153.698
187.023 197.993 154.321
182.176 201.546 156.358
178.552 206.386 158.158
177.249 212.427 158.218
179.136 219.196 157.332
183.036 223.219 153.016
177.377 210.148 142.176
185.011 209.378 141.319
190.069 212.374 144.535
193.014 214.451 149.435
192.921 216.036 156.805
191.105 215.485 163.584
188.299 211.196 167.528
186.116 205.207 168.380
185.695 198.747 166.751
188.862 193.546 163.712
194.343 191.346 160.067
201.125 190.653 160.707
206.689 190.924 164.271
210.022 191.333 170.050
209.974 190.846 176.935
206.628 190.876 182.257
202.542 186.111 186.235
197.808 182.561 186.722
193.696 178.119 184.596
192.936 173.705 179.854
196.745 170.020 175.055
201.394 165.325 174.761
205.730 161.274 178.150
207.860 158.080 184.152
206.559 155.271 189.631
201.606 152.303 194.591
195.766 151.050 194.957
189.678 149.804 193.281
185.493 149.446 188.309
185.146 148.289 181.681
187.922 144.594 176.612
191.245 139.041 174.702
191.814 132.664 175.968
189.547 127.015 177.814
184.021 123.481 180.538
177.898 123.057 181.955
171.163 124.663 182.100
166.237 128.468 179.725
164.567 133.520 176.044
166.223 137.317 170.903
168.108 136.414 164.361
169.612 132.479 158.862
166.719 128.093 155.452
161.964 123.584 153.921
155.478 122.046 154.210
149.318 123.920 155.155
144.204 127.772 157.558
142.010 133.670 157.261
143.743 140.483 157.844
146.560 144.712 154.195
149.230 147.108 148.667
150.107 146.873 141.893
146.812 146.185 136.378
141.340 145.215 132.838
135.167 147.781 131.297
129.421 150.175 132.422
125.316 153.889 135.349
124.739 158.790 139.891
126.817 163.606 142.859
132.292 166.257 146.300
138.623 167.991 144.300
142.927 169.616 139.188
143.734 172.797 133.404
141.798 177.354 129.389
138.276 182.799 128.220
134.620 187.926 129.962
131.906 192.664 135.039
133.024 194.956 140.357
134.958 194.597 146.991
139.908 192.795 150.744
146.479 191.672 151.085
152.906 191.951 148.487
156.554 196.639 145.680
157.965 202.631 143.678
157.365 209.136 144.989
155.844 213.968 149.032
154.170 216.377 154.991
153.271 216.124 161.786
154.403 213.082 167.527
156.447 208.153 170.362
160.865 203.037 170.371
167.379 201.664 169.031
173.771 203.508 166.724
178.402 207.455 167.972
181.391 212.103 172.254
182.095 214.475 177.965
179.401 215.650 184.459
176.162 212.498 189.716
173.404 206.348 192.163
173.137 200.254 192.120
175.169 194.319 190.683
179.614 190.746 186.864
186.077 188.912 187.250
191.686 188.572 190.361
194.315 188.231 195.995
193.972 185.319 202.248
191.035 184.083 207.937
186.299 180.990 210.840
180.725 177.979 211.953
175.535 174.892 209.659
172.245 172.455 204.567
173.524 168.324 199.529
177.934 165.157 194.982
181.704 160.123 195.918
184.504 154.966 198.988
184.819 150.972 204.302
181.664 147.425 208.812
175.238 144.594 211.307
169.448 143.873 211.022
163.244 144.779 208.768
159.814 147.078 203.107
160.029 146.525 196.831
161.322 143.148 191.084
164.885 137.981 187.822
163.940 131.782 187.581
160.641 126.371 188.588
155.107 122.806 190.806
148.499 122.978 192.512
142.830 126.235 192.390
138.867 131.418 190.932
138.137 137.653 188.368
140.881 142.237 184.070
142.036 142.171 177.379
141.795 139.999 171.487
139.335 135.689 166.542
133.346 133.458 164.922
126.798 133.489 166.768
121.027 137.008 169.010
117.612 142.056 169.406
117.570 148.551 171.387
120.598 154.149 171.748
125.017 158.774 168.844
127.024 159.622 162.271
126.884 159.233 155.750
122.053 159.646 150.985
116.547 162.518 149.539
111.842 165.784 148.666
108.504 170.976 151.537
107.634 175.683 156.757
110.812 179.773 161.738
116.475 182.622 163.196
122.979 184.188 161.349
126.552 186.613 156.888
128.130 189.412 150.969
126.277 192.727 145.757
120.703 195.399 141.960
6.181 -0.026 92.438
12.263 -2.765 92.941
16.241 -8.185 90.348
16.954 -14.696 86.667
14.827 -17.783 81.757
12.264 -16.638 75.289
8.452 -13.109 71.041
7.436 -7.548 68.076
9.005 -1.726 66.296
13.543 2.119 63.504
19.599 4.022 61.868
25.593 2.202 59.915
28.631 -2.085 56.144
29.759 -5.908 50.954
28.117 -12.078 47.713
23.200 -15.559 45.149
16.493 -15.818 44.437
12.508 -11.257 42.048
11.334 -4.135 40.092
13.771 0.335 35.559
18.032 1.303 30.200
21.603 -0.421 25.152
21.263 -4.157 19.441
18.695 -8.492 15.326
13.087 -13.242 13.870
7.185 -15.113 14.282
1.200 -13.917 17.716
-2.490 -8.920 19.000
-3.823 -1.631 17.655
-3.785 2.754 12.770
-4.486 4.642 6.728
-8.011 3.221 1.344
-12.158 -0.069 -2.629
-16.943 -5.647 -3.055
-20.780 -9.926 -0.048
-23.785 -12.270 5.685
-26.218 -10.692 11.543
-26.707 -7.891 17.175
-29.629 -2.896 19.910
-32.064 3.879 18.343
-37.152 6.673 16.239
-44.233 6.348 13.433
-49.369 2.882 13.124
-52.520 -2.786 14.193
-53.811 -8.937 16.915
-53.280 -13.652 22.296
-49.127 -14.465 27.340
-47.387 -11.440 33.563
-47.566 -6.404 37.654
-50.491 -0.254 40.609
-56.604 2.038 41.827
-62.221 1.158 44.165
-67.592 -2.492 45.565
-69.678 -5.764 49.343
-69.826 -12.244 51.348
-66.846 -17.426 55.210
-61.839 -21.109 55.891
-55.246 -20.345 56.995
-50.612 -16.448 59.685
-49.060 -10.553 62.974
-50.290 -6.609 68.298
-51.979 -6.885 74.463
-53.003 -9.739 80.548
-53.171 -15.109 84.334
-50.357 -20.717 86.124
-46.309 -25.692 85.117
-42.292 -29.409 80.930
-36.699 -28.216 78.126
-32.006 -24.132 75.709
-27.907 -19.003 77.251
-24.553 -16.068 82.217
-22.238 -16.006 88.197
-19.840 -19.246 93.283
-17.194 -24.837 95.450
-14.453 -30.774 94.493
-11.264 -35.294 91.401
-9.832 -38.840 86.007
-7.301 -37.642 80.086
-6.842 -33.219 74.844
-2.798 -27.904 73.609
1.633 -23.096 75.533
7.591 -22.261 78.409
13.319 -25.046 79.751
17.754 -29.885 78.790
20.119 -35.816 76.859
20.382 -39.562 71.372
19.218 -40.959 65.224
14.093 -40.504 60.702
11.866 -36.338 55.974
11.664 -29.602 54.106
15.930 -25.004 52.270
21.399 -23.206 49.487
25.464 -24.437 44.748
27.622 -28.285 39.857
28.147 -33.196 35.931
25.167 -37.532 32.065
20.336 -41.951 29.998
14.179 -42.411 29.031
7.806 -40.139 30.364
4.634 -34.987 28.875
4.588 -27.781 27.145
5.853 -24.682 21.767
8.748 -23.026 16.118
8.689 -25.128 9.741
6.353 -29.139 4.876
3.242 -34.136 2.311
-2.276 -36.821 1.969
-8.270 -40.318 4.789
-12.832 -39.253 9.822
-16.125 -34.074 12.351
-18.274 -27.708 12.121
-18.890 -22.007 8.563
-22.080 -19.863 3.416
-26.240 -20.814 -1.824
-31.126 -23.500 -4.948
-35.512 -28.693 -3.896
-38.262 -34.069 -1.403
-40.090 -36.761 4.701
-40.116 -36.963 11.228
-39.213 -34.080 17.107
-40.773 -28.528 20.805
-44.633 -23.234 21.861
-50.680 -20.748 20.766
-57.382 -21.807 20.230
-62.473 -27.504 19.966
-63.633 -33.841 21.357
-63.648 -38.671 25.766
-59.044 -41.989 30.357
-55.983 -41.787 36.041
-51.830 -39.164 40.792
-53.220 -34.719 45.858
-56.476 -29.470 48.364
-61.949 -29.395 52.075
-66.582 -32.405 55.332
-69.736 -37.375 57.867
-69.638 -43.192 61.060
-65.626 -47.335 64.327
-60.303 -50.398 65.930
-53.166 -49.055 67.742
-48.634 -44.372 68.675
-46.441 -38.858 71.230
-47.775 -34.200 75.936
-50.104 -32.683 82.010
-54.192 -33.506 87.193
-55.288 -50.216 83.433
-60.669 -46.540 83.726
-63.060 -41.255 80.646
-63.095 -35.258 77.901
-59.625 -30.706 74.014
-55.661 -31.258 68.116
-51.006 -34.613 64.885
-50.142 -40.433 60.565
-51.763 -45.118 57.552
-56.572 -48.734 53.806
-61.719 -49.699 50.417
-66.813 -45.784 47.726
-69.325 -40.974 44.873
-69.937 -35.838 41.021
-66.997 -29.242 40.188
-61.682 -25.716 38.186
-55.020 -25.675 38.168
-50.695 -30.335 34.965
-49.829 -35.760 31.433
-51.711 -39.466 26.270
-55.056 -39.808 20.597
-56.996 -36.638 15.056
-56.680 -32.272 10.103
-52.929 -26.924 7.768
-47.633 -21.669 7.397
-40.758 -19.685 10.061
-36.145 -22.018 14.001
-32.617 -28.453 14.887
-30.891 -34.272 12.026
-30.237 -38.340 6.634
-28.422 -38.143 0.255
-24.328 -36.275 -4.498
-20.037 -31.261 -6.346
-15.118 -27.319 -5.817
-12.279 -23.339 -0.976
-9.768 -21.880 5.333
-8.206 -24.362 11.223
-8.478 -28.580 16.586
-4.980 -34.074 17.874
-2.181 -40.009 15.767
3.027 -42.073 12.667
9.137 -41.140 11.672
14.958 -36.875 13.040
17.331 -32.271 16.499
17.570 -26.450 20.335
16.613 -25.219 25.766
11.795 -25.096 31.646
10.006 -29.451 36.067
9.094 -35.494 38.887
12.191 -41.110 40.846
17.721 -42.729 43.526
23.532 -42.398 45.930
28.338 -39.809 49.014
29.551 -36.165 53.876
28.984 -31.026 57.959
25.456 -26.506 60.996
19.788 -24.172 62.955
13.085 -24.542 61.263
8.722 -29.534 62.861
6.876 -36.075 64.313
7.394 -40.736 68.588
7.695 -41.807 75.383
7.987 -39.982 81.536
8.105 -35.605 86.624
4.576 -30.950 89.000
0.335 -25.786 88.845
-3.178 -21.282 84.839
-8.208 -21.706 80.926
-12.272 -25.333 77.074
-16.394 -30.945 76.852
-20.007 -35.114 80.490
-23.491 -35.811 86.082
-26.978 -33.085 90.818
-29.909 -28.073 93.800
-32.656 -22.372 94.053
-34.950 -16.757 91.734
-35.514 -12.689 86.529
-36.822 -12.468 80.228
-36.762 -15.776 74.302
-40.991 -20.444 71.411
-45.584 -25.433 71.608
-51.890 -26.611 73.333
-57.475 -23.719 73.516
-62.262 -18.976 74.325
-63.466 -12.676 72.624
-63.543 -7.952 68.080
-60.318 -4.845 63.286
-55.719 -4.456 58.684
-52.047 -8.045 54.224
-52.191 -13.961 50.669
-56.297 -17.942 47.299
-60.973 -18.404 43.798
-63.655 -16.367 38.726
-66.718 -10.696 34.701
-66.464 -5.831 31.994
-62.607 -0.783 29.880
-57.168 2.959 29.178
-50.911 3.144 29.526
-44.732 0.203 30.829
-41.725 -4.458 28.637
-40.925 -11.237 25.610
-41.165 -12.877 19.191
-42.339 -11.605 12.657
-42.595 -7.736 7.468
-39.655 -3.903 3.818
-35.847 2.117 3.661
-30.011 4.268 4.587
-24.929 6.375 8.677
-21.710 3.676 14.055
-18.878 -2.023 15.961
-16.442 -8.008 14.342
-15.265 -13.053 9.929
-11.653 -13.861 4.403
-6.370 -13.113 0.875
-0.979 -9.383 -0.232
3.068 -4.239 1.237
5.430 0.867 6.145
5.528 2.579 12.257
5.035 1.448 19.006
2.812 -2.966 23.935
4.591 -9.115 26.343
8.601 -14.402 26.578
14.547 -17.457 25.831
20.966 -15.800 26.925
26.138 -10.374 28.132
27.239 -4.544 30.852
24.835 -0.597 36.139
20.690 1.469 40.787
17.072 0.244 45.764
12.356 -3.830 49.905
13.248 -9.199 53.136
16.432 -15.030 54.795
21.123 -15.922 59.171
25.007 -13.557 63.780
26.803 -9.917 68.670
26.085 -4.956 72.905
21.057 0.310 75.150
14.768 2.662 75.036
8.769 0.855 75.620
4.397 -4.213 75.746
2.088 -9.969 77.573
2.585 -15.297 81.659
4.212 -17.759 87.676
7.596 -18.039 93.667
-81.162 -72.303 34.190
-77.862 -72.076 39.534
-73.272 -70.189 42.957
-66.219 -68.039 43.061
-62.406 -64.339 40.662
-61.621 -58.808 36.799
-65.179 -52.999 34.186
-70.736 -49.097 34.456
-76.420 -47.033 36.919
-77.914 -43.627 42.796
-78.771 -41.962 48.431
-75.892 -37.768 53.327
-69.854 -35.374 55.227
-63.806 -32.602 53.085
-60.670 -29.224 49.436
-59.289 -25.839 44.207
-60.783 -23.213 38.144
-66.470 -21.670 34.057
-73.326 -20.551 35.588
-76.233 -15.184 37.511
-76.636 -10.166 40.725
-72.885 -4.254 42.710
-68.793 0.192 42.469
-64.812 3.396 38.090
-61.352 4.631 32.160
-61.306 4.171 25.985
-63.874 1.872 20.488
-69.941 0.401 17.493
-76.821 1.975 17.874
-81.274 6.513 18.403
-83.115 12.570 17.373
-81.884 17.798 13.285
-78.866 19.490 7.816
-74.181 19.338 2.525
-71.904 16.288 -2.665
-70.282 11.270 -6.032
-71.649 5.137 -7.514
-75.075 -0.657 -6.358
-81.019 -2.166 -6.454
-87.642 -1.303 -7.760
-91.252 0.436 -12.329
-92.517 3.517 -18.582
-89.510 2.514 -24.431
-86.509 -0.751 -29.102
-81.626 -3.790 -31.954
-79.156 -9.498 -32.041
-77.091 -14.918 -27.905
-79.972 -19.765 -24.601
-85.343 -23.256 -22.903
-91.310 -25.488 -25.155
-94.655 -27.659 -30.187
-94.829 -30.751 -35.427
-94.239 -34.473 -39.928
-90.774 -38.007 -43.955
-84.633 -41.148 -45.391
-79.136 -43.618 -42.693
-75.670 -46.013 -37.998
-74.414 -45.428 -31.635
-78.061 -46.258 -25.765
-83.627 -48.922 -22.852
-87.597 -54.208 -22.584
-87.804 -60.868 -22.067
-85.944 -66.708 -23.857
-81.674 -71.180 -25.647
-75.801 -73.707 -23.150
-69.782 -73.125 -20.981
-65.161 -69.643 -18.294
-64.100 -65.442 -13.509
-67.097 -62.761 -7.879
-71.728 -62.604 -2.860
-72.976 -67.151 1.368
-72.675 -72.312 4.152
-69.325 -77.439 6.489
-63.125 -80.307 7.256
-57.233 -80.231 8.505
-51.253 -76.630 9.025
-48.550 -71.390 11.205
-48.481 -65.304 11.649
-51.234 -59.718 13.612
-55.294 -57.023 19.321
-59.018 -58.436 24.905
-58.365 -60.909 31.090
-54.163 -61.524 35.969
-48.155 -61.237 39.313
-41.608 -59.357 38.840
-36.835 -55.179 35.945
-35.579 -49.131 33.034
-37.526 -43.582 29.454
-42.310 -39.254 28.802
-48.544 -37.221 30.331
-51.399 -34.615 35.555
-51.559 -30.845 40.905
-48.212 -25.750 43.278
-44.690 -20.458 43.426
-38.213 -17.930 42.002
-33.383 -16.306 39.323
-32.262 -13.895 33.624
-33.279 -13.123 27.397
-36.635 -14.599 21.942
-42.699 -12.901 19.599
-48.801 -10.185 20.563
-51.584 -4.322 22.868
-51.100 1.791 24.385
-49.235 7.784 24.190
-45.189 11.890 20.742
-41.467 13.680 16.184
-39.062 12.487 9.739
-39.417 9.512 4.161
-41.807 4.399 0.085
-47.545 1.937 -1.721
-54.208 2.863 -3.176
-59.971 6.401 -3.261
-62.415 11.673 -5.858
-62.036 15.738 -11.070
-59.499 17.567 -17.245
-55.153 16.692 -21.993
-51.514 12.438 -24.990
-49.681 6.771 -27.474
-50.002 0.060 -26.489
-53.364 -5.121 -23.153
-59.294 -8.203 -24.225
-65.172 -9.119 -26.617
-69.573 -7.957 -31.976
-69.385 -7.752 -37.920
-65.983 -9.623 -43.485
-61.803 -13.532 -46.743
-57.395 -18.212 -47.322
-53.269 -22.981 -45.421
-51.501 -27.559 -40.933
-54.189 -30.648 -35.230
-60.209 -33.627 -34.505
-66.225 -36.170 -36.842
-68.188 -40.057 -41.539
-68.003 -44.640 -46.183
-64.327 -48.972 -49.593
-58.015 -52.318 -50.664
-52.442 -54.315 -47.187
-48.819 -54.286 -41.725
-48.132 -55.150 -35.484
-51.263 -57.507 -30.233
-55.125 -60.923 -26.962
-60.608 -64.271 -26.096
-63.235 -70.612 -27.633
-63.305 -75.990 -31.307
-46.716 -73.177 -32.251
-50.844 -73.782 -38.264
-56.433 -71.496 -40.884
-62.341 -68.060 -40.897
-65.379 -62.967 -37.864
-65.309 -57.789 -34.719
-62.254 -52.182 -32.153
-56.442 -48.758 -31.606
-50.892 -47.158 -34.907
-49.309 -44.779 -41.309
-49.652 -42.243 -46.492
-53.241 -39.869 -50.945
-59.596 -37.224 -52.455
-64.164 -33.968 -51.288
-67.508 -29.759 -47.108
-68.917 -26.578 -41.652
-67.344 -24.249 -35.913
-61.652 -23.116 -32.375
-54.925 -21.412 -33.249
-51.298 -16.262 -35.134
-51.134 -10.655 -38.376
-54.664 -5.145 -40.705
-58.404 -0.239 -40.915
-62.247 3.307 -37.201
-65.544 4.632 -31.346
-66.282 4.211 -24.532
-63.870 1.054 -19.238
-57.685 -0.883 -16.526
-50.954 0.938 -16.739
-46.525 5.839 -17.623
-44.971 12.057 -16.364
-45.836 16.888 -11.951
-48.079 19.419 -6.279
-52.250 19.705 -1.019
-54.939 16.571 3.757
-56.469 11.486 7.078
-54.969 5.368 8.733
-51.431 -0.252 7.787
-44.977 -2.045 8.317
-39.124 -0.800 10.506
-35.498 1.044 15.314
-34.784 3.411 21.293
-36.673 3.721 27.077
-40.908 0.461 31.627
-46.056 -3.100 33.134
-48.687 -9.168 33.459
-50.484 -14.207 30.096
-47.687 -19.427 26.763
-42.841 -23.066 24.974
-36.734 -25.548 26.685
-33.379 -28.113 31.004
-32.161 -30.129 37.004
-33.346 -32.512 42.677
-38.146 -36.387 45.586
-41.998 -40.737 46.967
-48.681 -41.479 45.039
-51.718 -45.361 40.521
-53.212 -45.431 33.791
-49.684 -46.293 28.359
-44.072 -48.770 25.061
-39.999 -53.622 25.059
-39.366 -59.771 25.028
-41.923 -65.839 27.239
-46.290 -70.442 28.204
-51.784 -72.956 26.921
-57.923 -72.300 24.948
-62.708 -68.634 21.777
-63.729 -64.482 16.917
-61.053 -62.206 11.080
-56.686 -62.465 5.861
-55.198 -67.010 1.031
-55.116 -72.547 -2.138
-58.424 -78.393 -3.961
-64.645 -80.757 -5.218
-70.835 -80.660 -5.802
-76.803 -77.233 -5.530
-79.450 -71.582 -7.506
-79.245 -65.606 -9.186
-76.286 -60.027 -11.100
-72.580 -57.768 -16.452
-68.776 -58.743 -22.242
-69.731 -61.302 -28.244
-74.287 -62.448 -33.220
-80.147 -62.745 -36.258
-86.498 -60.847 -36.006
-90.762 -55.988 -33.563
-91.703 -50.240 -30.385
-89.874 -44.578 -27.361
-85.941 -39.155 -27.028
-79.552 -37.026 -28.532
-76.379 -34.520 -33.880
-76.323 -31.514 -39.127
-80.384 -27.009 -42.467
-84.606 -22.202 -42.231
-89.744 -18.953 -40.841
-93.888 -16.816 -36.816
-95.467 -14.176 -31.406
-94.555 -13.817 -24.978
-90.745 -15.244 -19.440
-84.676 -13.553 -17.603
-78.114 -11.912 -19.210
-75.344 -5.979 -21.250
-75.433 0.032 -23.410
-78.208 6.082 -22.615
-81.040 10.671 -19.458
-84.951 12.807 -13.916
-87.107 12.233 -7.879
-87.447 9.839 -2.551
-85.481 4.021 0.646
-79.614 1.446 2.843
-72.950 2.279 3.977
-67.307 6.144 3.865
-65.754 11.320 7.672
-65.597 16.080 12.134
-68.571 18.375 17.913
-71.586 17.583 23.499
-75.346 13.413 27.225
-77.268 7.274 28.950
-77.262 0.473 27.932
-73.911 -4.802 24.649
-68.021 -8.160 25.462
-62.093 -9.030 28.679
-58.022 -8.062 34.249
-59.150 -8.101 40.820
-61.564 -8.898 45.843
-66.509 -12.484 49.379
-71.736 -16.343 49.175
-75.238 -20.735 46.944
-76.523 -25.106 42.520
-73.898 -29.241 37.428
-68.474 -33.023 36.979
-62.340 -35.568 39.466
-60.204 -39.774 43.511
-61.187 -43.552 48.634
-64.888 -48.904 51.765
-71.196 -50.778 51.931
-76.487 -52.586 48.704
-79.508 -53.642 43.567
-79.233 -55.040 36.935
-77.123 -57.259 31.884
-71.570 -60.877 28.913
-66.379 -64.139 28.463
-63.527 -70.275 30.740
-64.155 -75.449 34.477
-3.068 -18.463 134.437
-7.322 -14.790 137.427
-11.155 -10.169 138.074
-13.395 -3.406 136.396
-15.279 0.041 132.050
-16.702 0.673 125.418
-18.490 -3.056 119.385
-21.016 -8.812 116.886
-24.323 -14.387 117.480
-30.780 -15.536 119.734
-35.716 -16.211 122.868
-41.985 -13.145 123.660
-44.952 -7.088 123.302
-45.497 -1.081 119.781
-45.342 1.984 114.836
-44.302 3.360 108.753
-42.196 1.676 102.645
-40.532 -3.758 98.389
-42.173 -10.608 98.076
-47.250 -13.459 95.508
-53.102 -14.064 94.389
-58.923 -10.471 91.895
-62.173 -6.279 88.837
-61.584 -2.425 83.321
-58.107 0.780 78.160
-53.366 0.634 74.116
-47.908 -1.887 71.759
-44.509 -7.838 71.130
-45.714 -14.737 70.789
-49.612 -19.209 68.308
-53.543 -21.037 63.566
-54.386 -20.176 56.966
-51.465 -17.841 51.648
-47.292 -13.740 47.507
-41.481 -11.413 45.524
-35.540 -9.447 46.448
-30.093 -10.703 49.803
-27.006 -14.283 54.780
-26.230 -20.370 55.558
-26.178 -26.850 53.598
-23.702 -30.374 49.447
-20.721 -31.569 43.103
-16.223 -28.378 39.400
-10.947 -25.008 38.066
-7.048 -19.938 38.258
-2.780 -17.751 42.163
-1.534 -16.034 48.989
-0.410 -18.821 54.755
0.726 -23.959 58.779
3.832 -29.994 59.300
8.900 -33.764 57.706
14.861 -34.295 55.914
20.628 -33.653 54.534
25.682 -29.944 53.286
28.842 -23.792 54.353
28.765 -18.438 58.210
27.439 -14.942 63.230
22.770 -13.046 67.332
19.112 -16.070 72.403
18.864 -21.470 76.609
22.602 -25.604 80.323
27.135 -25.996 85.147
32.437 -24.236 88.078
36.867 -19.846 89.779
36.971 -13.762 93.034
34.820 -7.698 93.779
30.265 -3.272 93.096
23.905 -2.190 93.771
18.093 -5.060 96.294
14.287 -9.391 99.942
14.152 -10.077 106.251
15.789 -9.378 111.972
18.026 -5.853 117.014
19.696 0.346 119.409
18.775 6.199 120.350
15.897 12.273 118.352
10.709 14.992 116.058
6.122 15.108 111.944
0.855 12.013 109.569
-4.830 7.676 111.932
-8.064 3.981 116.691
-11.055 4.622 122.735
-13.927 8.912 126.796
-16.094 15.055 129.082
-16.736 21.592 127.119
-17.240 25.908 121.631
-19.187 26.662 115.124
-20.952 24.379 108.870
-24.246 19.662 105.837
-27.228 13.586 105.671
-32.903 10.856 107.532
-39.433 10.778 108.908
-44.826 14.422 107.714
-48.647 18.237 104.411
-49.431 24.334 100.908
-47.706 28.510 96.603
-45.714 30.751 90.935
-41.876 29.457 85.919
-37.103 25.633 83.336
-36.856 19.287 81.051
-39.528 13.132 80.390
-45.265 10.124 78.035
-50.694 10.712 74.769
-54.656 12.943 70.447
-54.838 16.853 65.037
-52.981 20.329 60.292
-47.810 22.605 56.130
-41.770 22.186 54.159
-35.217 19.959 54.984
-31.968 14.403 55.560
-31.320 7.745 53.951
-33.561 1.921 51.470
-35.681 -0.476 45.959
-35.518 -0.008 39.360
-33.067 2.384 33.407
-29.173 6.507 30.339
-23.876 9.946 31.332
-18.120 11.421 33.812
-14.017 11.018 39.219
-12.551 7.494 45.201
-9.748 1.424 46.398
-7.352 -4.447 45.191
-4.263 -8.848 40.653
0.019 -8.652 36.507
5.236 -5.033 33.962
9.951 -0.456 34.113
13.658 4.175 36.440
15.733 8.240 41.168
15.434 9.551 47.622
13.822 6.766 53.789
15.598 0.830 56.508
19.050 -5.236 57.002
25.130 -7.394 56.660
31.687 -7.209 56.644
37.064 -3.307 57.084
40.222 3.052 58.336
39.537 8.723 62.082
35.989 12.505 66.064
32.495 13.310 71.245
30.558 10.223 76.660
30.676 6.363 81.305
32.547 0.825 84.029
38.408 -1.694 86.877
44.790 -1.593 87.653
43.242 15.103 84.136
47.280 10.497 80.106
47.285 4.548 77.310
44.899 -1.617 75.851
39.171 -4.814 74.906
33.286 -4.367 73.522
27.593 -0.868 71.639
24.811 4.997 69.947
25.853 10.386 66.179
28.522 11.489 59.774
29.929 10.957 54.278
30.983 7.529 49.296
30.055 1.425 45.930
27.069 -3.227 44.184
21.261 -6.785 44.675
15.335 -7.930 46.949
9.997 -5.875 49.709
7.092 0.040 51.257
6.786 6.655 49.200
4.177 10.028 44.237
2.329 9.850 38.032
-0.114 6.108 32.781
-3.570 2.174 29.476
-8.597 -1.771 29.843
-13.599 -4.979 33.189
-18.278 -5.306 38.228
-19.977 -2.361 43.937
-20.497 4.012 46.875
-21.478 10.746 45.273
-24.035 15.202 41.101
-29.295 16.959 37.749
-35.849 15.989 37.787
-41.428 13.488 40.307
-45.158 9.348 43.944
-46.536 6.908 49.600
-45.460 5.387 55.577
-42.026 6.814 60.941
-37.147 10.492 63.741
-36.289 17.010 64.870
-38.707 22.810 65.668
-43.389 26.380 68.025
-49.404 26.878 70.482
-53.847 24.802 74.054
-54.810 20.605 79.535
-53.205 15.803 83.401
-49.133 13.697 88.143
-43.142 12.055 89.245
-37.160 14.949 90.351
-33.573 19.900 91.682
-33.577 25.979 94.691
-34.803 29.197 99.454
-36.917 30.381 105.347
-38.220 29.279 111.339
-36.996 24.788 116.371
-34.701 20.734 120.296
-33.379 13.943 119.195
-27.692 10.540 118.069
-23.331 9.201 112.981
-18.924 12.947 109.998
-14.883 18.630 109.861
-11.634 22.728 113.421
-7.207 23.408 117.592
-4.020 21.038 123.247
-1.030 16.814 127.050
1.379 11.293 128.033
2.212 5.212 126.130
2.103 0.443 121.347
2.652 -0.681 115.039
4.741 2.096 109.166
8.120 6.945 105.766
14.669 8.561 105.438
20.875 8.236 106.759
26.373 4.754 109.098
28.864 -1.448 109.905
29.378 -7.572 109.675
27.065 -13.798 107.840
24.602 -17.087 102.784
21.411 -17.302 97.403
18.752 -14.306 92.127
21.147 -10.470 86.946
25.935 -6.702 83.609
31.767 -7.692 80.908
35.732 -12.273 77.826
37.833 -18.021 75.559
36.422 -24.442 74.731
31.245 -28.906 74.022
24.881 -29.997 72.787
18.724 -28.256 70.998
14.615 -24.547 67.277
14.339 -18.357 64.367
16.507 -15.636 58.630
18.360 -15.898 52.938
17.624 -20.074 47.540
14.025 -24.252 44.363
10.533 -29.278 43.368
5.902 -32.997 45.026
0.098 -34.416 46.676
-5.007 -33.290 50.548
-7.914 -29.087 55.198
-9.900 -22.856 55.037
-9.718 -16.412 52.620
-12.840 -13.893 47.130
-15.970 -14.319 41.575
-20.909 -17.249 38.207
-26.470 -19.911 37.393
-31.986 -23.734 39.876
-35.537 -25.959 44.810
-37.148 -26.216 50.475
-35.065 -24.343 56.785
-34.686 -18.446 60.101
-36.156 -11.794 60.199
-38.904 -6.261 57.222
-45.145 -4.508 56.424
-51.608 -3.869 56.748
-57.394 -6.501 59.583
-60.989 -9.599 63.961
-60.957 -13.829 69.152
-57.931 -16.171 74.511
-52.355 -16.010 78.463
-46.553 -12.223 79.650
-45.009 -6.115 82.378
-46.721 -0.013 84.867
-51.140 4.304 87.981
-54.900 3.318 93.356
-57.283 1.056 97.927
-57.036 -3.753 103.043
-54.460 -8.988 105.783
-49.970 -12.671 107.418
-43.830 -14.229 107.254
-37.362 -11.679 106.301
-34.419 -6.159 108.318
-34.501 0.115 111.554
-34.513 2.402 117.316
-35.481 1.272 123.513
-33.698 -2.171 129.563
-31.907 -8.240 131.315
-28.108 -13.423 130.655
-23.988 -16.851 127.839
-18.559 -17.191 123.783
-13.503 -15.217 121.375
-8.712 -9.718 121.334
-5.663 -4.597 122.921
-2.521 -1.407 128.458
-1.376 -1.484 134.717
102.340 -50.780 -13.621
96.219 -53.256 -12.611
91.752 -55.362 -7.826
88.743 -54.329 -1.000
88.463 -50.233 4.118
87.568 -43.346 5.064
87.814 -36.834 3.157
88.051 -32.347 -1.562
86.288 -30.521 -8.149
81.846 -29.693 -12.440
76.135 -31.548 -15.214
69.954 -31.635 -13.729
64.650 -29.524 -9.980
60.883 -27.220 -5.365
60.005 -23.177 0.466
63.598 -20.444 5.280
68.984 -16.272 6.731
72.840 -12.195 2.936
73.413 -8.324 -3.124
70.068 -4.967 -7.316
64.393 -1.454 -8.692
58.622 1.301 -6.953
55.869 5.461 -2.436
55.480 9.366 2.835
59.272 11.479 8.127
64.585 13.656 11.123
71.417 14.570 10.215
76.317 14.836 5.795
77.848 18.208 -0.578
76.431 23.322 -4.443
74.308 29.448 -5.646
74.791 35.481 -3.233
77.197 40.047 0.579
79.615 41.376 7.613
83.783 39.235 11.824
88.321 35.233 13.859
94.044 31.120 12.814
97.466 27.696 9.076
100.954 26.936 3.648
103.361 30.917 -1.585
106.613 36.158 -3.343
111.765 40.884 -1.267
115.744 42.634 3.367
119.596 40.880 8.416
119.591 38.964 15.005
122.570 32.646 17.658
121.580 26.201 17.245
122.935 20.374 12.997
125.033 18.004 7.704
129.943 18.026 2.744
136.002 18.655 1.519
142.176 18.771 3.269
147.193 18.831 6.682
150.596 16.610 10.225
149.998 15.532 17.042
149.346 8.639 20.260
144.279 5.654 22.904
139.004 1.650 20.900
136.461 -2.060 15.909
137.527 -4.690 9.861
141.459 -8.647 5.862
145.622 -13.389 5.866
148.650 -18.529 8.547
150.236 -22.408 13.372
148.125 -26.041 18.000
143.435 -28.091 21.895
137.571 -26.846 25.481
131.265 -25.947 23.508
126.640 -25.754 19.149
124.741 -27.207 13.137
123.475 -32.626 9.160
123.571 -38.831 7.622
122.882 -44.847 10.144
121.557 -49.074 14.904
118.460 -51.050 19.953
114.563 -50.050 25.223
109.738 -46.429 28.377
105.922 -41.305 27.268
102.551 -37.454 23.599
99.072 -36.871 17.948
96.374 -39.558 12.411
92.476 -44.490 10.189
87.661 -48.211 11.838
82.489 -49.735 15.524
79.100 -50.399 21.617
76.911 -46.866 26.583
75.297 -41.038 29.106
77.247 -34.847 29.521
77.842 -28.787 26.609
77.216 -25.888 20.559
72.929 -24.824 15.920
67.160 -24.353 13.167
60.993 -23.018 13.870
56.463 -19.829 18.071
54.357 -18.378 24.577
54.761 -14.614 29.368
57.829 -10.851 33.952
62.850 -7.228 35.380
69.367 -5.513 34.192
72.314 -1.543 29.927
72.129 0.103 23.140
68.885 5.695 19.962
64.872 10.461 19.097
61.132 15.358 21.366
59.635 19.813 26.242
61.463 22.848 31.581
65.639 25.118 35.239
71.639 23.898 39.023
78.180 21.801 38.267
82.857 22.105 33.610
85.633 24.771 27.942
85.119 28.893 22.942
85.193 35.334 21.642
87.965 41.272 23.374
90.931 45.809 27.082
93.682 46.157 33.638
95.432 43.109 39.287
100.152 38.118 41.793
103.469 32.675 40.525
105.214 27.838 36.377
109.164 26.516 30.999
114.200 28.178 26.858
119.078 31.918 24.856
124.795 34.313 27.332
127.606 36.748 33.980
128.299 35.059 40.506
129.528 30.316 44.684
128.386 23.485 46.298
128.384 17.211 44.712
127.836 12.107 40.769
131.496 9.350 35.238
136.381 9.543 31.106
143.196 9.398 30.769
148.109 6.690 34.490
151.006 3.591 38.689
152.040 -0.594 44.506
149.662 -5.041 47.679
144.993 -9.025 50.119
139.145 -13.214 47.130
135.163 -13.725 42.212
135.372 -16.927 36.640
139.436 -19.748 31.977
143.584 -24.470 30.310
148.973 -29.022 30.791
153.383 -31.639 35.336
140.375 -28.275 48.594
147.119 -24.834 48.305
152.614 -24.368 45.298
154.712 -18.331 41.143
154.449 -15.600 35.222
149.733 -13.921 30.219
143.829 -9.542 30.102
138.434 -7.288 32.536
134.947 -5.010 38.298
134.306 -2.360 43.904
136.338 0.582 49.315
140.664 5.547 50.799
143.437 11.157 48.701
144.181 16.275 45.351
144.097 21.087 40.347
141.288 22.304 34.675
136.432 21.535 29.688
130.416 18.290 28.839
124.628 18.004 32.634
120.920 19.384 37.999
119.645 24.063 42.671
119.895 30.436 44.512
119.153 36.911 42.409
117.807 41.908 38.375
114.933 43.154 32.103
109.739 42.459 27.556
105.926 37.610 23.819
103.099 32.049 25.088
99.547 28.369 29.983
95.801 28.619 35.830
92.372 32.528 40.191
87.996 37.452 40.963
82.584 39.935 38.746
77.996 40.790 34.164
74.274 39.021 29.000
74.759 34.816 23.785
75.276 27.750 22.046
75.956 21.517 22.537
78.315 16.373 26.515
76.286 13.347 31.803
72.196 12.832 36.964
65.875 12.631 38.790
60.528 10.424 36.457
55.683 7.579 31.569
55.466 3.887 26.370
57.308 1.987 20.233
60.940 -2.758 18.291
67.829 -5.572 18.498
71.319 -9.317 22.341
72.559 -12.549 28.036
70.270 -16.470 32.821
66.183 -21.757 33.723
63.028 -26.675 31.721
59.652 -30.350 28.077
60.479 -34.349 23.099
63.607 -37.006 18.086
68.336 -37.500 14.145
74.406 -34.636 12.591
80.172 -32.463 14.294
84.363 -32.341 19.722
86.250 -34.626 25.984
87.156 -39.895 29.447
89.404 -46.006 29.590
91.548 -50.993 26.434
94.543 -53.966 21.851
99.323 -54.074 17.741
103.472 -51.306 13.209
105.237 -45.464 10.549
107.416 -39.653 12.009
109.628 -35.582 16.575
111.959 -34.487 22.931
117.072 -36.185 26.803
122.447 -39.399 27.663
128.058 -42.181 24.974
132.310 -42.975 20.450
135.494 -40.937 15.479
137.038 -36.991 10.049
135.832 -31.161 7.339
133.939 -25.446 8.322
131.799 -20.467 12.028
133.113 -16.946 17.780
136.682 -16.360 23.344
142.817 -15.210 25.011
148.503 -12.961 23.532
152.853 -9.781 19.330
154.469 -6.878 13.911
153.207 -2.001 9.228
148.247 1.002 6.018
141.977 2.759 5.666
136.427 5.233 8.895
134.415 7.368 15.074
135.801 11.443 19.835
138.541 16.356 21.940
138.518 22.153 21.297
139.511 28.249 16.833
138.590 30.991 11.783
136.260 31.964 5.796
131.270 31.271 1.488
125.384 29.156 0.266
120.532 24.249 1.199
116.205 23.661 5.694
114.197 24.775 12.774
111.465 30.237 15.723
109.179 36.438 16.300
106.400 42.114 13.655
103.427 45.404 9.192
100.045 45.066 3.499
95.372 42.006 -0.527
93.776 36.481 -4.407
92.293 30.263 -2.623
89.961 26.111 1.968
86.382 25.286 7.513
83.154 27.637 12.779
77.019 30.752 13.977
70.951 31.338 13.103
65.784 30.861 8.386
64.205 29.793 1.759
65.411 25.371 -3.940
67.344 19.599 -6.165
70.962 13.850 -5.174
74.235 9.539 -0.907
73.051 5.632 4.461
69.097 2.774 9.188
63.257 -0.024 10.893
58.188 -3.628 7.740
54.933 -4.707 1.722
55.479 -6.762 -4.737
60.426 -8.936 -8.888
66.153 -12.653 -10.256
71.307 -15.313 -9.474
76.436 -18.209 -4.660
76.459 -21.963 0.256
73.793 -26.018 5.276
71.504 -32.381 4.461
70.324 -37.728 1.184
71.957 -41.861 -3.743
75.702 -44.690 -8.043
81.782 -44.306 -12.637
86.225 -39.226 -14.583
91.638 -37.034 -11.973
95.881 -36.083 -6.569
97.852 -38.551 -0.317
99.117 -43.854 3.628
100.909 -49.945 5.093
101.363 -56.830 4.381
-8.360 -47.458 28.649
-5.862 -51.966 23.257
-8.940 -53.682 17.598
-14.652 -54.741 13.746
-21.493 -53.779 13.323
-25.218 -49.170 10.289
-26.559 -42.751 8.420
-25.032 -36.177 7.484
-20.503 -32.596 4.215
-14.190 -30.946 1.637
-8.700 -33.474 -2.024
-7.085 -38.418 -6.591
-9.576 -42.066 -11.640
-14.309 -43.411 -15.770
-18.967 -41.426 -19.935
-24.318 -37.762 -21.937
-25.272 -31.297 -23.523
-24.554 -24.557 -23.641
52.447 12.480 23.019
51.523 17.447 17.414
48.846 18.430 11.398
43.695 18.439 6.517
37.024 18.207 6.448
30.866 16.394 8.737
26.248 16.704 13.777
24.423 19.329 19.534
25.427 22.492 25.882
27.415 28.828 27.118
28.847 35.138 24.860
28.115 39.810 20.304
25.454 42.337 14.713
20.653 42.536 9.591
13.225 42.013 9.016
11.762 40.245 25.415
10.600 33.892 22.648
12.034 30.618 16.973
15.603 29.951 10.759
22.042 30.266 8.743
28.545 32.297 9.202
34.362 32.063 12.815
37.805 29.200 17.674
38.551 25.944 24.037
36.849 19.626 25.723
35.132 13.349 23.887
34.855 8.610 19.356
36.277 5.974 13.364
40.440 6.083 7.355
46.400 5.810 6.159
