40.922 18.827 39.931
46.680 20.604 36.411
49.810 21.682 31.328
49.295 20.503 24.358
48.342 13.957 27.871
45.997 15.849 22.260
43.478 16.369 17.714
43.171 11.147 20.504
38.702 9.982 23.732
33.220 11.499 23.423
30.215 16.881 21.614
28.658 22.877 23.545
29.156 28.707 23.532
23.997 29.488 24.846
19.790 25.846 19.523
17.220 19.495 17.701
16.660 12.753 20.387
20.247 12.972 25.263
23.383 8.269 21.871
23.498 9.577 28.638
24.282 5.651 34.152
26.076 11.309 35.552
24.356 16.989 31.790
28.372 22.416 32.554
31.421 27.573 33.601
35.872 30.804 33.779
43.486 31.007 35.272
48.314 30.622 28.892
45.949 28.852 22.442
41.423 25.082 19.797
35.828 24.610 18.681
-6.968 -4.537 2.414
-5.484 -4.593 -4.253
242.704 231.883 299.954
245.965 231.113 305.394
251.420 231.214 309.229
258.400 231.558 310.470
263.517 234.657 308.410
265.927 240.723 304.982
264.860 246.736 302.334
260.986 252.257 302.507
255.890 256.502 304.439
252.775 258.812 309.955
252.320 260.002 316.461
255.790 261.674 321.973
261.675 262.883 324.851
267.985 265.019 324.566
273.295 267.561 321.082
276.458 270.567 316.243
276.919 273.777 310.210
273.063 277.112 305.185
267.782 281.389 304.561
264.238 286.803 306.867
265.131 291.821 311.561
269.155 295.677 314.489
274.718 299.375 315.195
280.606 301.361 312.195
283.891 301.606 306.743
285.157 301.477 300.233
283.342 300.472 293.921
277.772 300.614 289.445
271.165 303.238 288.771
268.131 309.060 289.371
267.912 315.528 288.473
270.740 320.738 285.007
274.785 322.400 280.344
279.648 321.766 275.708
283.296 318.194 271.102
283.573 312.900 267.053
281.307 306.977 264.546
276.283 301.928 264.556
269.745 302.413 263.126
264.012 305.613 260.757
262.023 308.796 255.555
262.808 311.343 249.164
265.909 310.788 243.453
270.123 307.502 239.140
273.620 302.146 237.196
275.021 295.508 238.006
273.977 289.627 239.433
269.949 284.932 242.257
263.790 282.532 243.514
258.229 281.394 240.478
253.789 281.673 234.698
253.534 279.454 229.797
255.189 276.932 223.869
258.579 272.901 220.463
263.126 267.729 220.105
267.315 263.230 222.947
269.099 259.338 227.839
269.897 257.991 234.807
265.284 258.104 240.145
258.751 256.870 242.288
253.469 253.210 241.414
250.750 247.295 239.503
251.652 241.293 236.815
255.148 235.428 236.433
259.977 231.629 239.049
265.685 230.672 242.765
269.528 232.338 247.793
270.944 235.083 253.653
268.614 238.122 258.930
264.049 239.702 263.757
259.530 236.028 267.048
257.101 230.171 269.108
258.801 224.183 271.297
262.960 219.700 273.226
269.386 218.184 275.041
275.004 219.252 277.396
279.771 224.133 279.807
281.481 229.757 282.069
279.944 235.479 283.899
275.663 239.323 288.950
271.040 238.775 293.847
269.897 236.361 300.080
272.731 233.544 305.329
278.123 231.697 308.983
284.816 232.305 310.250
290.742 235.870 309.278
293.798 241.444 306.385
294.369 247.006 304.299
292.072 253.109 302.779
287.089 257.494 303.268
283.960 260.714 308.163
283.666 263.296 313.987
287.387 266.602 318.422
293.192 268.530 320.493
299.604 269.809 320.101
305.221 271.444 316.187
307.729 273.947 310.878
308.354 275.227 304.373
306.106 276.863 298.569
300.485 279.014 295.147
294.830 283.131 295.617
292.886 289.176 298.145
294.736 295.356 299.846
298.696 300.734 300.076
304.207 304.219 298.008
308.649 305.497 293.503
312.275 303.254 287.696
312.283 300.421 282.354
309.463 297.678 277.195
303.924 296.692 273.664
298.148 298.974 271.805
293.642 304.021 270.640
294.037 310.008 268.353
296.463 314.671 264.404
300.522 316.407 259.125
304.166 314.197 253.962
306.365 309.455 249.654
307.425 302.983 247.587
305.441 296.266 247.826
300.716 291.512 249.363
293.919 291.076 248.360
288.754 291.616 244.726
285.521 294.874 239.197
286.666 295.047 232.877
290.236 292.918 227.455
294.122 288.430 224.548
298.239 282.477 225.009
299.353 276.560 226.541
298.382 271.258 230.842
294.557 267.482 235.101
288.036 265.419 234.685
281.659 265.341 231.582
279.476 262.611 226.227
280.049 258.341 221.066
283.091 253.272 217.989
288.019 248.530 218.290
292.137 244.622 221.704
294.290 241.773 227.719
292.895 240.647 233.870
289.668 240.194 240.031
283.676 238.612 241.855
277.631 235.535 241.591
273.438 230.703 239.046
273.220 224.550 235.714
290.670 222.679 235.324
287.491 225.705 229.189
283.097 229.432 225.702
277.895 234.224 225.551
275.543 239.494 228.798
276.124 244.826 231.792
280.162 248.778 236.339
286.615 250.331 237.407
293.172 251.603 235.333
296.599 253.673 229.905
298.040 256.002 223.897
295.795 260.335 219.472
291.912 265.840 216.799
288.578 270.297 218.069
284.822 274.583 221.062
282.902 277.046 226.733
283.503 278.099 233.527
288.746 277.115 238.396
295.616 278.041 238.817
301.163 281.754 236.773
303.114 287.844 234.325
302.538 294.484 232.205
300.069 300.026 233.810
296.278 304.684 237.116
293.217 306.286 242.798
290.757 304.981 248.777
291.528 301.576 254.423
296.127 297.290 257.565
303.167 296.832 258.168
309.068 300.503 258.742
312.160 305.875 261.271
312.192 310.392 266.093
309.692 313.228 271.720
305.437 313.735 276.745
299.630 312.040 280.301
296.469 308.026 283.225
294.960 301.500 283.730
297.498 294.803 282.833
303.175 291.389 284.266
309.339 290.342 287.331
312.319 291.599 293.052
312.898 293.249 299.656
309.336 292.662 305.128
304.214 290.934 308.847
298.229 288.070 310.433
293.707 283.734 309.251
291.278 280.066 304.612
292.582 274.851 300.757
296.964 269.596 299.778
301.648 265.402 302.187
303.714 261.537 307.080
302.974 258.256 312.851
299.534 255.827 317.910
294.254 252.604 320.341
287.821 250.829 320.011
282.764 249.733 316.465
278.975 249.017 311.532
278.374 250.248 304.412
282.817 248.515 299.302
287.815 244.299 297.246
290.074 238.004 297.069
289.118 231.343 297.408
284.827 226.099 297.797
278.956 222.930 297.784
273.132 222.713 294.691
268.598 224.516 291.562
264.967 228.803 287.922
266.341 234.424 283.764
271.120 236.606 279.195
276.049 235.012 274.564
277.186 230.378 269.915
276.449 224.705 265.896
271.708 221.796 262.241
265.486 220.752 259.280
259.649 222.762 257.139
255.830 227.109 255.430
253.500 233.111 254.148
255.187 239.554 254.569
260.391 244.158 253.412
266.361 244.646 249.482
270.228 242.744 244.151
269.877 242.085 237.569
266.504 242.280 231.675
261.517 244.554 227.732
255.780 248.417 226.575
252.837 254.049 228.232
252.353 259.450 231.729
254.092 263.308 236.005
259.971 266.091 238.998
266.722 267.398 237.813
270.861 270.268 233.372
272.719 274.236 227.794
272.044 278.924 224.103
267.441 284.586 224.077
263.263 288.801 225.156
260.355 293.477 228.955
258.677 295.636 234.467
257.758 295.850 240.897
259.802 293.537 247.248
266.143 292.385 249.887
273.127 292.924 249.533
277.601 297.795 248.523
279.566 304.414 247.538
278.467 310.780 248.480
275.583 316.446 251.034
272.445 318.652 256.199
268.588 318.374 262.106
266.573 315.494 267.224
266.426 310.132 271.094
270.708 305.302 273.782
277.241 304.315 275.956
283.587 306.536 278.023
286.423 310.780 281.965
285.821 315.068 286.940
283.590 316.985 293.262
279.857 316.137 298.186
274.948 313.227 300.821
270.459 308.555 301.556
268.199 302.640 299.525
270.548 296.829 296.221
276.128 292.698 297.089
281.281 290.347 301.160
284.177 288.988 307.399
282.634 287.943 313.872
278.179 286.581 318.738
273.076 284.021 320.995
266.625 281.261 321.116
262.152 278.591 317.285
260.099 275.318 311.905
262.900 271.532 306.767
268.066 266.784 306.774
272.182 262.162 309.930
272.108 257.328 314.454
269.145 253.029 318.231
263.992 249.532 320.909
257.676 247.596 320.049
251.817 247.060 316.457
248.833 248.311 310.178
250.136 248.479 303.772
253.158 245.946 298.317
257.641 241.066 295.301
260.374 235.913 295.011
261.316 229.197 296.616
258.638 223.551 300.033
131.863 210.254 225.963
131.181 216.779 224.668
134.949 221.308 220.988
142.022 224.035 220.161
148.774 221.169 218.722
152.476 216.835 215.563
153.112 211.687 211.480
150.262 206.869 206.932
145.628 205.290 202.031
140.919 207.309 197.156
138.779 212.034 192.913
139.249 218.476 190.578
142.810 223.880 188.970
148.845 226.499 187.193
155.635 225.871 185.866
159.387 221.934 182.310
160.851 216.019 178.730
158.474 211.331 174.704
153.668 209.925 170.076
147.272 211.237 167.129
145.433 214.531 162.355
144.951 219.460 158.377
148.938 223.024 154.094
154.610 225.248 151.539
160.623 224.066 149.591
165.860 219.698 148.805
168.323 213.907 148.863
167.875 207.582 148.237
163.472 202.599 147.305
158.060 200.058 144.859
154.832 200.007 138.712
154.737 201.794 132.201
158.226 202.726 126.692
163.740 201.550 122.859
169.386 197.973 121.659
173.326 192.886 124.057
174.496 187.959 127.602
172.393 183.304 131.351
166.992 179.897 133.230
160.476 178.008 131.647
156.817 175.816 126.505
156.332 172.122 121.008
158.719 167.156 117.585
162.861 161.998 117.469
167.952 158.246 119.506
171.286 155.447 124.602
172.408 154.087 131.091
170.021 155.074 137.082
165.563 156.483 141.928
159.015 155.587 142.216
153.148 152.781 141.411
150.733 146.698 140.842
151.132 139.794 140.952
154.615 134.723 143.424
158.945 132.162 147.944
163.405 132.713 152.924
165.112 136.114 158.221
164.664 140.591 162.362
160.930 145.137 165.500
154.848 147.049 167.320
148.667 145.204 169.241
145.114 141.062 172.618
144.674 136.438 177.073
146.372 132.896 182.001
150.634 131.097 186.826
155.844 132.270 190.830
160.365 136.364 193.441
162.830 142.457 193.608
163.120 148.934 191.618
158.528 153.826 190.480
152.059 156.473 190.821
147.075 157.239 194.589
144.695 158.225 200.682
146.080 159.031 207.143
149.862 160.251 212.193
154.889 163.683 214.338
160.807 167.134 213.378
164.586 170.275 209.776
165.708 173.565 204.323
163.275 177.085 199.216
158.039 180.973 196.611
153.971 185.649 198.638
151.617 189.871 203.771
154.015 194.755 207.223
158.783 198.461 209.983
164.987 200.607 210.404
171.223 201.474 208.049
175.434 201.876 203.723
176.763 200.683 197.544
174.927 199.720 191.647
170.067 202.559 186.497
165.561 206.963 185.150
164.684 213.622 184.587
167.671 219.636 184.619
172.954 223.886 184.463
179.545 224.328 182.347
185.216 221.244 180.103
187.494 216.032 176.675
187.584 212.169 172.261
184.299 208.472 167.844
178.883 207.409 163.985
175.817 210.377 159.143
175.175 214.439 154.003
178.729 216.954 149.322
184.217 217.810 146.103
190.188 216.216 144.233
195.339 212.051 143.905
198.762 206.283 144.584
198.081 200.056 146.166
195.723 194.725 147.888
190.036 191.094 147.010
184.387 189.705 143.991
181.974 189.716 137.507
183.024 189.424 131.054
186.568 187.219 125.872
191.996 184.050 123.472
196.575 179.419 124.188
199.769 175.114 128.215
200.120 171.136 132.945
197.245 168.365 137.834
192.176 166.083 140.840
185.785 163.186 140.190
180.610 160.725 136.159
180.372 155.856 131.899
182.634 150.095 129.520
186.499 144.888 129.698
190.699 140.959 133.431
194.198 139.615 139.279
195.403 140.409 145.260
194.053 143.510 150.966
189.915 146.902 154.932
183.104 146.381 156.710
177.506 142.825 157.283
174.489 136.632 158.167
176.110 130.871 160.815
179.924 126.656 164.275
184.146 126.009 169.418
188.948 127.991 174.157
190.622 133.278 177.908
189.505 139.394 180.346
185.384 144.599 182.029
179.104 145.088 183.723
173.202 143.152 186.710
171.549 139.272 191.496
172.505 136.079 197.043
175.749 135.665 202.748
180.496 137.527 207.224
184.722 142.139 209.288
187.682 148.486 209.028
186.974 154.949 206.910
183.149 160.282 205.157
176.687 162.802 205.891
170.868 163.193 208.451
167.347 163.085 214.016
166.116 160.523 220.226
168.845 159.472 226.598
174.303 160.698 230.556
179.823 164.270 232.288
183.569 170.381 231.883
183.060 177.232 230.763
178.829 182.841 229.763
173.910 186.254 233.540
166.942 186.751 235.390
164.750 186.974 241.729
164.899 186.333 248.240
168.366 188.057 253.879
173.439 188.778 258.315
175.363 198.503 243.459
180.399 194.272 243.272
181.205 187.828 244.748
180.903 181.156 246.534
176.796 174.916 247.622
170.351 173.079 246.042
165.360 173.057 241.297
165.494 172.524 234.348
166.027 174.205 228.010
170.021 177.504 222.981
175.782 175.800 219.876
182.340 172.702 219.521
184.629 166.396 220.338
183.907 160.026 222.030
180.712 153.991 222.625
175.882 150.052 220.072
170.419 148.870 215.924
168.249 149.967 209.730
169.501 151.655 203.512
173.816 153.393 198.528
180.078 153.091 196.184
186.519 150.440 196.008
190.067 145.000 197.641
191.200 138.439 197.781
188.178 132.428 195.233
183.576 128.794 192.009
178.693 127.767 188.085
175.922 129.810 182.162
173.583 133.401 178.296
174.296 139.203 174.510
179.526 143.172 172.481
186.184 143.471 171.252
191.526 140.081 168.454
193.288 135.201 163.851
191.801 130.536 158.996
187.946 129.275 153.830
183.720 130.377 148.493
179.877 135.061 146.310
178.035 140.736 144.709
179.132 147.027 146.002
184.191 151.513 147.637
191.022 152.449 147.109
196.476 151.452 143.281
199.500 151.181 137.111
198.755 153.100 130.873
195.766 156.915 126.502
191.063 160.729 123.746
186.245 165.171 124.223
183.386 170.246 127.271
182.652 173.124 133.418
185.897 174.794 139.368
192.204 176.508 141.281
198.288 179.461 140.189
201.027 184.334 136.745
201.337 189.826 132.843
197.815 195.123 130.654
192.646 199.031 131.192
186.895 201.780 133.053
182.849 202.116 138.130
180.231 200.043 143.973
183.015 198.865 149.948
187.850 199.317 154.515
193.181 202.735 156.786
195.387 208.734 158.228
194.910 215.239 158.342
191.717 220.945 158.990
186.985 225.156 160.338
180.176 225.401 162.705
174.752 223.205 164.892
172.082 218.200 167.525
171.590 211.511 169.765
175.742 207.918 173.639
181.140 207.113 178.053
184.161 209.537 183.295
183.937 213.270 188.767
180.443 215.786 193.828
174.801 216.212 197.483
168.477 215.347 199.272
163.654 211.303 198.138
159.936 206.224 195.230
161.089 200.138 193.431
165.514 194.994 192.878
170.977 191.608 195.405
172.346 189.184 201.496
171.444 188.505 208.056
167.157 187.463 213.117
161.431 185.491 215.263
155.371 182.714 214.472
150.596 179.948 211.066
148.391 176.399 206.321
149.978 173.817 200.697
154.527 170.440 197.169
160.124 166.544 197.651
164.568 162.583 201.058
164.128 157.123 204.836
160.771 152.049 207.237
155.686 147.776 207.450
149.950 145.168 204.521
146.135 145.236 199.199
145.087 146.741 192.534
147.623 148.610 186.846
152.767 148.909 183.123
159.313 148.106 182.133
163.410 142.884 181.484
164.699 136.405 180.618
162.717 131.018 177.594
158.253 127.689 173.557
153.581 127.232 169.408
150.343 130.044 164.321
147.416 134.202 160.546
147.803 139.871 157.871
150.105 146.158 156.864
156.648 148.444 156.065
163.532 148.303 155.710
167.407 145.367 151.217
168.704 141.635 145.629
166.879 139.519 139.540
163.790 140.222 133.562
159.490 143.470 129.558
157.281 149.042 128.326
154.602 154.498 129.398
155.687 160.132 133.196
160.173 163.847 136.015
166.621 166.201 135.332
172.973 166.177 132.258
175.010 168.240 126.516
174.746 171.072 120.416
171.160 175.066 115.976
166.126 179.410 114.600
161.958 183.106 116.996
158.366 186.068 121.349
156.863 187.210 128.087
160.019 187.115 134.228
165.585 189.573 137.127
171.319 193.272 137.020
173.987 199.232 135.243
172.438 205.690 133.462
168.068 210.713 132.665
162.497 213.678 133.701
156.525 214.199 136.597
152.424 212.928 141.671
151.525 208.974 147.333
154.565 206.397 153.066
159.692 207.965 157.452
164.294 212.125 160.320
164.532 218.341 162.241
162.284 223.653 163.858
157.118 227.541 165.996
150.894 228.889 167.926
145.196 225.248 170.405
142.270 219.749 172.875
143.160 213.557 175.804
147.018 209.334 179.076
152.246 207.977 183.388
156.098 210.025 188.203
157.323 214.016 193.487
155.863 219.669 197.335
150.941 223.869 199.661
144.268 224.354 201.635
138.728 220.916 202.575
134.754 214.722 204.556
135.908 209.774 208.094
139.005 205.290 212.849
142.975 205.070 217.919
147.104 207.401 223.440
148.474 212.928 227.265
147.486 217.946 231.024
217.035 167.400 180.056
216.091 172.978 175.899
213.825 174.887 169.622
210.172 173.521 164.103
206.000 168.880 160.680
201.186 164.126 161.384
196.024 161.421 165.010
192.088 161.394 170.141
188.966 165.463 174.930
187.241 171.556 176.855
184.655 177.287 175.080
182.876 181.702 169.938
180.806 182.035 163.452
177.156 179.405 159.075
172.766 175.373 155.951
167.552 171.100 156.883
162.403 168.572 160.748
158.570 169.320 166.435
155.232 173.671 169.681
153.078 180.059 171.348
152.151 186.219 169.083
151.104 190.185 163.807
149.448 191.048 157.360
144.618 189.194 153.251
139.991 187.162 151.922
134.998 182.068 150.245
129.634 180.563 153.716
125.704 181.739 159.423
124.427 185.955 164.732
123.478 192.459 166.498
123.501 199.266 164.586
122.693 203.558 160.167
117.123 193.816 148.555
124.007 196.172 147.577
128.675 198.914 151.352
132.600 198.988 156.848
134.848 196.096 162.639
134.943 190.857 167.009
134.414 183.955 167.888
135.001 178.188 164.377
138.225 174.488 160.644
143.442 174.103 157.645
147.802 176.432 153.632
153.395 179.591 153.433
158.039 183.707 155.201
160.781 187.422 160.268
162.737 186.042 166.662
163.461 181.871 172.159
166.194 176.238 173.691
169.426 170.583 172.632
172.217 166.325 168.066
176.064 165.156 162.400
180.991 167.724 159.069
185.946 172.328 158.135
189.913 177.645 160.417
192.582 180.187 166.302
195.003 178.523 172.391
196.787 173.634 177.136
199.237 167.570 178.190
201.391 161.444 175.895
204.815 158.493 170.657
208.749 158.964 164.879
213.668 163.031 162.248
44.413 22.889 19.049
49.426 18.342 20.054
50.811 15.538 15.022
51.398 9.912 14.020
47.910 8.782 20.468
44.198 3.044 18.882
44.177 2.750 12.189
40.361 3.673 9.048
36.333 0.966 13.326
35.366 4.647 20.028
30.982 5.943 16.039
30.194 9.551 10.496
30.475 16.198 8.355
24.939 20.694 8.075
18.651 19.766 4.792
15.612 15.589 10.581
11.596 19.777 13.107
9.261 19.352 19.397
10.811 12.822 22.462
15.919 15.637 19.667
18.913 13.481 14.887
20.200 12.579 20.904
25.452 11.204 16.561
25.917 18.316 16.659
30.172 21.633 20.288
34.250 23.487 14.208
40.405 23.574 12.150
40.470 22.466 5.538
37.603 17.217 6.596
39.485 10.497 6.312
35.153 6.510 8.397
2.863 -0.016 -92.867
9.219 3.635 -93.071
12.752 9.053 -90.783
13.797 15.598 -87.117
11.917 18.648 -81.709
9.516 17.548 -75.288
6.443 13.997 -70.556
5.688 8.287 -67.541
7.959 2.579 -65.976
12.866 -0.827 -63.737
19.083 -2.041 -61.391
25.238 0.554 -60.919
28.712 5.166 -57.977
30.188 9.503 -53.704
28.263 15.132 -49.983
23.443 17.698 -46.706
16.699 17.807 -44.736
13.014 12.887 -42.050
12.974 6.265 -39.290
16.262 2.193 -35.327
20.997 1.197 -30.783
23.950 3.251 -25.295
24.411 7.199 -19.837
22.136 12.188 -15.873
16.623 16.888 -13.700
10.506 18.135 -14.181
3.822 16.305 -16.780
0.435 10.851 -18.036
-0.634 4.043 -15.970
-0.091 -0.315 -11.170
-0.376 -2.155 -4.876
-2.814 -0.398 1.192
-6.340 3.633 5.319
-11.784 8.816 5.759
-15.648 13.063 2.933
-19.465 14.918 -2.209
-22.549 13.302 -8.140
-23.853 9.922 -13.029
-26.418 3.859 -14.967
-28.927 -1.851 -13.289
-32.902 -5.439 -9.508
-39.551 -4.575 -6.249
-44.417 -0.800 -4.888
-48.439 4.630 -7.306
-49.976 10.402 -9.605
-50.448 14.121 -16.007
-47.697 14.702 -21.311
-46.136 11.651 -27.856
-46.483 6.092 -31.536
-49.936 0.436 -33.315
-55.378 -2.643 -34.117
-61.791 -1.613 -35.824
-66.847 1.315 -37.177
-69.351 4.596 -41.419
-70.411 11.401 -43.086
-68.181 16.174 -48.314
-63.118 20.156 -49.242
-56.555 19.328 -50.747
-51.749 15.030 -53.516
-50.213 9.509 -57.080
-51.719 5.391 -62.242
-54.297 4.943 -68.148
-55.725 7.916 -73.952
-56.769 12.984 -78.056
-54.121 18.484 -80.626
-50.335 23.804 -80.044
-46.182 28.042 -76.501
-40.098 27.099 -73.971
-35.235 23.263 -72.107
-31.332 17.996 -73.497
-28.096 14.905 -78.473
-26.201 14.795 -84.797
-24.354 17.990 -89.995
-21.537 23.403 -92.701
-18.992 29.244 -92.740
-16.158 34.526 -90.190
-14.743 38.329 -84.507
-11.662 37.347 -78.873
-10.407 33.100 -73.852
-5.695 28.134 -72.733
-1.388 23.428 -74.923
4.504 23.056 -78.109
10.078 26.141 -79.701
14.094 31.150 -79.895
16.384 37.493 -78.260
16.826 41.534 -73.193
16.162 42.898 -66.786
11.680 42.201 -61.560
10.019 37.929 -56.771
10.572 31.393 -54.634
14.979 26.967 -53.012
20.732 25.430 -50.577
25.159 26.753 -46.326
27.993 30.974 -41.840
28.731 36.242 -38.336
26.296 40.751 -34.351
21.590 44.658 -31.853
15.213 44.838 -30.442
8.761 42.592 -30.516
5.758 37.177 -29.054
5.978 30.391 -27.072
8.010 26.970 -21.842
11.488 25.766 -16.383
12.127 28.053 -10.016
10.548 32.902 -4.998
6.443 37.198 -2.286
0.931 40.409 -1.550
-5.091 43.723 -4.132
-10.155 41.897 -8.592
-13.297 36.522 -10.911
-15.513 30.092 -9.855
-16.051 24.616 -6.353
-17.623 22.266 -0.314
-22.036 22.969 4.905
-26.937 25.777 8.117
-31.204 31.389 8.115
-34.275 36.459 5.121
-36.740 39.193 -0.738
-37.715 39.215 -7.370
-36.703 35.589 -13.250
-38.751 29.888 -16.399
-42.825 24.584 -16.679
-48.374 21.523 -15.296
-54.904 22.700 -14.097
-60.226 27.808 -13.021
-61.759 34.254 -14.108
-61.270 39.217 -18.576
-58.239 41.939 -24.248
-55.905 41.797 -30.779
-52.298 38.908 -35.837
-53.708 34.002 -40.536
-57.434 28.518 -41.601
-63.088 27.616 -44.628
-68.389 30.554 -47.828
-71.448 34.971 -50.967
-71.964 40.462 -54.973
-68.446 45.428 -57.577
-62.875 48.672 -59.397
-55.740 47.265 -61.639
-51.609 43.037 -63.094
-49.594 37.203 -66.581
-50.756 32.806 -70.981
-53.547 31.055 -76.623
-57.558 31.663 -82.050
-60.769 35.783 -86.245
-52.604 50.386 -77.538
-59.857 49.227 -78.569
-64.868 45.586 -77.416
-67.361 39.199 -75.210
-66.458 33.788 -72.023
-62.564 29.020 -68.254
-58.603 29.665 -62.207
-53.924 32.390 -58.915
-52.692 38.074 -55.023
-53.956 43.614 -52.384
-58.169 47.354 -48.200
-63.888 48.445 -45.344
-68.006 45.194 -41.141
-69.876 40.956 -37.146
-70.139 34.797 -33.838
-67.080 29.708 -31.731
-61.656 25.353 -30.815
-54.743 25.511 -32.143
-50.235 30.320 -29.646
-48.960 36.191 -26.598
-50.255 40.002 -21.290
-52.759 40.391 -15.048
-54.805 37.563 -9.231
-53.860 33.456 -4.354
-49.575 28.113 -2.551
-44.187 23.479 -2.402
-37.693 21.354 -5.386
-33.343 23.619 -9.970
-29.912 29.927 -11.182
-28.162 36.097 -9.040
-26.988 40.205 -3.680
-24.485 40.738 2.401
-20.199 38.963 7.172
-15.252 34.269 8.531
-11.077 29.270 7.073
-8.186 25.158 2.467
-6.259 24.656 -4.248
-5.087 26.805 -9.832
-5.973 30.955 -15.185
-3.340 36.726 -17.049
-0.294 42.312 -15.620
5.246 45.243 -13.000
11.497 44.020 -12.554
17.375 39.940 -14.064
19.895 35.760 -18.083
19.755 29.744 -21.148
18.338 27.839 -26.458
13.335 27.202 -31.970
10.416 31.224 -36.266
9.432 37.281 -39.193
11.587 42.878 -41.889
16.892 44.950 -45.262
22.133 44.526 -48.295
26.777 42.168 -51.771
28.312 38.241 -56.536
27.477 33.130 -60.647
23.450 28.984 -63.653
17.738 25.871 -64.081
11.220 26.289 -61.969
6.526 31.055 -62.901
4.096 37.210 -64.816
3.600 41.444 -69.622
3.972 42.763 -76.077
4.195 40.592 -82.280
3.150 36.150 -86.945
0.038 30.963 -89.047
-3.867 25.546 -88.193
-6.794 21.026 -83.862
-11.508 21.555 -79.506
-15.478 25.001 -75.344
-19.552 30.482 -74.642
-24.114 33.911 -78.091
-27.772 34.839 -83.425
-31.510 31.886 -87.889
-34.481 26.569 -90.427
-37.420 21.036 -89.841
-39.385 15.182 -87.216
-39.109 11.044 -82.092
-39.824 11.149 -75.590
-39.554 14.552 -69.749
-43.376 19.329 -66.631
-48.145 24.250 -66.602
-54.742 25.016 -67.642
-60.390 22.276 -67.659
-64.894 17.125 -67.449
-66.165 11.242 -65.075
-65.131 6.182 -60.661
-61.402 2.952 -55.798
-56.502 3.263 -51.605
-52.581 7.359 -47.705
-52.675 13.409 -44.421
-56.598 17.511 -41.070
-60.992 17.902 -36.797
-62.900 16.133 -31.532
-65.253 10.966 -27.040
-63.976 6.598 -23.589
-60.714 1.301 -21.471
-55.279 -2.286 -21.117
-48.772 -2.721 -21.745
-43.201 -0.318 -24.910
-39.781 5.327 -23.000
-38.339 11.580 -20.198
-39.287 14.211 -14.266
-39.247 13.778 -7.734
-38.056 10.548 -1.758
-34.596 6.701 1.759
-31.173 0.182 1.873
-24.712 -2.412 0.447
-20.289 -4.317 -4.563
-17.994 -1.729 -10.189
-15.254 3.907 -12.500
-13.046 10.131 -11.593
-11.760 15.493 -7.750
-7.442 16.402 -2.298
-1.754 16.038 0.668
3.750 11.835 1.521
7.683 7.161 -0.517
10.549 2.447 -5.422
10.011 0.315 -11.384
8.518 1.283 -18.157
5.979 5.440 -22.955
6.737 11.438 -25.772
10.575 16.772 -26.478
16.418 19.970 -26.608
22.842 18.848 -28.022
28.095 13.674 -30.138
28.954 7.412 -31.983
26.980 2.842 -36.938
22.322 1.057 -42.071
18.146 1.636 -46.273
12.724 5.434 -49.708
12.663 10.620 -53.191
14.519 16.513 -55.766
19.484 17.919 -60.599
23.122 15.893 -65.416
24.826 11.284 -70.223
23.447 6.159 -74.073
19.615 1.133 -76.689
13.412 -1.535 -76.704
7.170 -0.294 -76.510
1.673 4.212 -76.111
-0.468 10.206 -77.382
-0.575 15.537 -81.160
0.699 18.506 -87.205
4.037 18.969 -93.092
