40.922 18.827 39.931
46.680 20.604 36.411
49.810 21.682 31.328
49.295 20.503 24.358
48.342 13.957 27.871
45.997 15.849 22.260
43.478 16.369 17.714
43.171 11.147 20.504
38.702 9.982 23.732
33.220 11.499 23.423
30.215 16.881 21.614
28.658 22.877 23.545
29.156 28.707 23.532
23.997 29.488 24.846
19.790 25.846 19.523
17.220 19.495 17.701
16.660 12.753 20.387
20.247 12.972 25.263
23.383 8.269 21.871
23.498 9.577 28.638
24.282 5.651 34.152
26.076 11.309 35.552
24.356 16.989 31.790
28.372 22.416 32.554
31.421 27.573 33.601
35.872 30.804 33.779
43.486 31.007 35.272
48.314 30.622 28.892
45.949 28.852 22.442
41.423 25.082 19.797
35.828 24.610 18.681
-6.968 -4.537 2.414
-5.484 -4.593 -4.253
