40.922 18.827 39.931
46.680 20.604 36.411
49.810 21.682 31.328
49.295 20.503 24.358
48.342 13.957 27.871
45.997 15.849 22.260
43.478 16.369 17.714
43.171 11.147 20.504
38.702 9.982 23.732
33.220 11.499 23.423
30.215 16.881 21.614
28.658 22.877 23.545
29.156 28.707 23.532
23.997 29.488 24.846
19.790 25.846 19.523
17.220 19.495 17.701
16.660 12.753 20.387
20.247 12.972 25.263
23.383 8.269 21.871
23.498 9.577 28.638
24.282 5.651 34.152
26.076 11.309 35.552
24.356 16.989 31.790
28.372 22.416 32.554
31.421 27.573 33.601
35.872 30.804 33.779
43.486 31.007 35.272
48.314 30.622 28.892
45.949 28.852 22.442
41.423 25.082 19.797
35.828 24.610 18.681
-6.968 -4.537 2.414
-5.484 -4.593 -4.253
242.704 231.883 299.954
245.965 231.113 305.394
251.420 231.214 309.229
258.400 231.558 310.470
263.517 234.657 308.410
265.927 240.723 304.982
264.860 246.736 302.334
260.986 252.257 302.507
255.890 256.502 304.439
252.775 258.812 309.955
252.320 260.002 316.461
255.790 261.674 321.973
261.675 262.883 324.851
267.985 265.019 324.566
273.295 267.561 321.082
276.458 270.567 316.243
276.919 273.777 310.210
273.063 277.112 305.185
267.782 281.389 304.561
264.238 286.803 306.867
265.131 291.821 311.561
269.155 295.677 314.489
274.718 299.375 315.195
280.606 301.361 312.195
283.891 301.606 306.743
285.157 301.477 300.233
283.342 300.472 293.921
277.772 300.614 289.445
271.165 303.238 288.771
268.131 309.060 289.371
267.912 315.528 288.473
270.740 320.738 285.007
274.785 322.400 280.344
279.648 321.766 275.708
283.296 318.194 271.102
283.573 312.900 267.053
281.307 306.977 264.546
276.283 301.928 264.556
269.745 302.413 263.126
264.012 305.613 260.757
262.023 308.796 255.555
262.808 311.343 249.164
265.909 310.788 243.453
270.123 307.502 239.140
273.620 302.146 237.196
275.021 295.508 238.006
273.977 289.627 239.433
269.949 284.932 242.257
263.790 282.532 243.514
258.229 281.394 240.478
253.789 281.673 234.698
253.534 279.454 229.797
255.189 276.932 223.869
258.579 272.901 220.463
263.126 267.729 220.105
267.315 263.230 222.947
269.099 259.338 227.839
269.897 257.991 234.807
265.284 258.104 240.145
258.751 256.870 242.288
253.469 253.210 241.414
250.750 247.295 239.503
251.652 241.293 236.815
255.148 235.428 236.433
259.977 231.629 239.049
265.685 230.672 242.765
269.528 232.338 247.793
270.944 235.083 253.653
268.614 238.122 258.930
264.049 239.702 263.757
259.530 236.028 267.048
257.101 230.171 269.108
258.801 224.183 271.297
262.960 219.700 273.226
269.386 218.184 275.041
275.004 219.252 277.396
279.771 224.133 279.807
281.481 229.757 282.069
279.944 235.479 283.899
275.663 239.323 288.950
271.040 238.775 293.847
269.897 236.361 300.080
272.731 233.544 305.329
278.123 231.697 308.983
284.816 232.305 310.250
290.742 235.870 309.278
293.798 241.444 306.385
294.369 247.006 304.299
292.072 253.109 302.779
287.089 257.494 303.268
283.960 260.714 308.163
283.666 263.296 313.987
287.387 266.602 318.422
293.192 268.530 320.493
299.604 269.809 320.101
305.221 271.444 316.187
307.729 273.947 310.878
308.354 275.227 304.373
306.106 276.863 298.569
300.485 279.014 295.147
294.830 283.131 295.617
292.886 289.176 298.145
294.736 295.356 299.846
298.696 300.734 300.076
304.207 304.219 298.008
308.649 305.497 293.503
312.275 303.254 287.696
312.283 300.421 282.354
309.463 297.678 277.195
303.924 296.692 273.664
298.148 298.974 271.805
293.642 304.021 270.640
294.037 310.008 268.353
296.463 314.671 264.404
300.522 316.407 259.125
304.166 314.197 253.962
306.365 309.455 249.654
307.425 302.983 247.587
305.441 296.266 247.826
300.716 291.512 249.363
293.919 291.076 248.360
288.754 291.616 244.726
285.521 294.874 239.197
286.666 295.047 232.877
290.236 292.918 227.455
294.122 288.430 224.548
298.239 282.477 225.009
299.353 276.560 226.541
298.382 271.258 230.842
294.557 267.482 235.101
288.036 265.419 234.685
281.659 265.341 231.582
279.476 262.611 226.227
280.049 258.341 221.066
283.091 253.272 217.989
288.019 248.530 218.290
292.137 244.622 221.704
294.290 241.773 227.719
292.895 240.647 233.870
289.668 240.194 240.031
283.676 238.612 241.855
277.631 235.535 241.591
273.438 230.703 239.046
273.220 224.550 235.714
290.670 222.679 235.324
287.491 225.705 229.189
283.097 229.432 225.702
277.895 234.224 225.551
275.543 239.494 228.798
276.124 244.826 231.792
280.162 248.778 236.339
286.615 250.331 237.407
293.172 251.603 235.333
296.599 253.673 229.905
298.040 256.002 223.897
295.795 260.335 219.472
291.912 265.840 216.799
288.578 270.297 218.069
284.822 274.583 221.062
282.902 277.046 226.733
283.503 278.099 233.527
288.746 277.115 238.396
295.616 278.041 238.817
301.163 281.754 236.773
303.114 287.844 234.325
302.538 294.484 232.205
300.069 300.026 233.810
296.278 304.684 237.116
293.217 306.286 242.798
290.757 304.981 248.777
291.528 301.576 254.423
296.127 297.290 257.565
303.167 296.832 258.168
309.068 300.503 258.742
312.160 305.875 261.271
312.192 310.392 266.093
309.692 313.228 271.720
305.437 313.735 276.745
299.630 312.040 280.301
296.469 308.026 283.225
294.960 301.500 283.730
297.498 294.803 282.833
303.175 291.389 284.266
309.339 290.342 287.331
312.319 291.599 293.052
312.898 293.249 299.656
309.336 292.662 305.128
304.214 290.934 308.847
298.229 288.070 310.433
293.707 283.734 309.251
291.278 280.066 304.612
292.582 274.851 300.757
296.964 269.596 299.778
301.648 265.402 302.187
303.714 261.537 307.080
302.974 258.256 312.851
299.534 255.827 317.910
294.254 252.604 320.341
287.821 250.829 320.011
282.764 249.733 316.465
278.975 249.017 311.532
278.374 250.248 304.412
282.817 248.515 299.302
287.815 244.299 297.246
290.074 238.004 297.069
289.118 231.343 297.408
284.827 226.099 297.797
278.956 222.930 297.784
273.132 222.713 294.691
268.598 224.516 291.562
264.967 228.803 287.922
266.341 234.424 283.764
271.120 236.606 279.195
276.049 235.012 274.564
277.186 230.378 269.915
276.449 224.705 265.896
271.708 221.796 262.241
265.486 220.752 259.280
259.649 222.762 257.139
255.830 227.109 255.430
253.500 233.111 254.148
255.187 239.554 254.569
260.391 244.158 253.412
266.361 244.646 249.482
270.228 242.744 244.151
269.877 242.085 237.569
266.504 242.280 231.675
261.517 244.554 227.732
255.780 248.417 226.575
252.837 254.049 228.232
252.353 259.450 231.729
254.092 263.308 236.005
259.971 266.091 238.998
266.722 267.398 237.813
270.861 270.268 233.372
272.719 274.236 227.794
272.044 278.924 224.103
267.441 284.586 224.077
263.263 288.801 225.156
260.355 293.477 228.955
258.677 295.636 234.467
257.758 295.850 240.897
259.802 293.537 247.248
266.143 292.385 249.887
273.127 292.924 249.533
277.601 297.795 248.523
279.566 304.414 247.538
278.467 310.780 248.480
275.583 316.446 251.034
272.445 318.652 256.199
268.588 318.374 262.106
266.573 315.494 267.224
266.426 310.132 271.094
270.708 305.302 273.782
277.241 304.315 275.956
283.587 306.536 278.023
286.423 310.780 281.965
285.821 315.068 286.940
283.590 316.985 293.262
279.857 316.137 298.186
274.948 313.227 300.821
270.459 308.555 301.556
268.199 302.640 299.525
270.548 296.829 296.221
276.128 292.698 297.089
281.281 290.347 301.160
284.177 288.988 307.399
282.634 287.943 313.872
278.179 286.581 318.738
273.076 284.021 320.995
266.625 281.261 321.116
262.152 278.591 317.285
260.099 275.318 311.905
262.900 271.532 306.767
268.066 266.784 306.774
272.182 262.162 309.930
272.108 257.328 314.454
269.145 253.029 318.231
263.992 249.532 320.909
257.676 247.596 320.049
251.817 247.060 316.457
248.833 248.311 310.178
250.136 248.479 303.772
253.158 245.946 298.317
257.641 241.066 295.301
260.374 235.913 295.011
261.316 229.197 296.616
258.638 223.551 300.033
