-13.971 -3.421 -12.453
-12.413 -1.662 -6.694
-11.421 -3.282 -0.492
-6.675 -6.624 2.875
-1.645 -10.565 3.408
4.316 -11.611 0.855
8.593 -11.624 -4.065
10.490 -7.698 -9.362
11.428 -1.137 -10.629
12.528 4.857 -9.320
14.749 9.418 -5.796
15.540 11.957 0.476
17.574 9.658 6.618
28.072 0.096 -5.348
25.259 -4.099 -0.991
20.526 -4.413 3.937
15.318 -2.714 6.609
9.724 0.321 6.673
5.447 4.156 3.809
2.193 5.166 -1.805
1.301 3.567 -8.846
2.419 -1.497 -12.820
0.143 -7.371 -13.810
-1.977 -13.527 -12.546
-4.500 -17.836 -8.127
-10.238 -18.670 -4.685
-15.163 -15.416 -0.878
33.718 32.955 6.383
32.502 29.271 9.236
31.070 24.475 12.814
26.648 20.358 15.403
20.757 17.547 17.151
15.211 15.388 14.130
10.694 15.157 9.135
10.580 12.678 3.170
12.443 11.213 -3.307
17.642 9.498 -7.055
22.466 5.359 -7.896
23.259 0.897 9.741
28.208 4.551 7.349
29.624 10.054 3.770
27.887 14.950 0.331
23.669 19.837 -2.383
18.292 23.583 -1.642
13.439 25.633 2.334
12.217 27.853 8.286
13.361 29.049 15.090
17.947 29.662 19.858
