-8.720 -18.659 -25.941
-2.883 -15.213 -25.601
0.540 -14.056 -30.803
3.268 -10.828 -35.046
6.824 -6.068 -37.497
10.305 -0.184 -37.101
15.543 2.317 -33.888
18.455 3.997 -27.564
21.404 0.064 -22.926
24.801 -5.906 -21.929
27.086 -11.287 -23.477
30.736 -15.017 -27.416
33.483 -16.325 -33.594
39.079 -14.356 -36.881
42.796 -9.305 -40.225
47.894 -6.357 -38.363
44.457 -7.829 -20.922
40.739 -2.082 -23.134
39.082 1.105 -28.725
35.183 1.138 -34.417
32.045 -1.730 -39.794
27.667 -6.589 -40.654
22.729 -10.897 -38.011
20.496 -15.232 -32.604
16.268 -14.237 -26.479
14.374 -10.121 -21.779
10.842 -4.787 -20.193
7.941 1.710 -20.769
3.806 4.581 -25.430
-0.933 2.637 -30.542
-3.267 0.332 -35.549
-9.270 -2.764 -36.873
-29.724 -30.058 -1.625
-23.888 -32.462 -3.766
-20.110 -36.388 0.155
-17.425 -41.274 2.036
-13.750 -46.805 1.461
-10.237 -51.393 -1.633
-4.708 -51.955 -5.404
-2.366 -50.300 -11.962
0.649 -44.339 -13.898
4.008 -38.944 -11.678
6.513 -35.240 -7.476
9.966 -33.901 -1.901
12.528 -36.267 3.969
17.658 -39.815 6.098
22.334 -44.943 6.540
27.553 -46.686 3.300
23.924 -37.483 -11.344
20.027 -43.472 -11.989
17.752 -48.943 -8.699
13.641 -51.617 -4.070
10.732 -51.431 2.353
7.009 -47.057 5.773
2.065 -42.167 4.934
-0.441 -36.201 2.100
-4.515 -34.088 -3.528
-6.478 -35.232 -9.718
-10.064 -39.016 -13.923
-13.115 -44.898 -16.383
-17.076 -49.606 -13.593
-21.485 -50.523 -8.445
-24.010 -51.141 -2.846
-29.832 -49.503 0.296
