-8.720 -18.659 -25.941
-2.883 -15.213 -25.601
0.540 -14.056 -30.803
3.268 -10.828 -35.046
6.824 -6.068 -37.497
10.305 -0.184 -37.101
15.543 2.317 -33.888
18.455 3.997 -27.564
21.404 0.064 -22.926
24.801 -5.906 -21.929
27.086 -11.287 -23.477
30.736 -15.017 -27.416
33.483 -16.325 -33.594
39.079 -14.356 -36.881
42.796 -9.305 -40.225
47.894 -6.357 -38.363
44.457 -7.829 -20.922
40.739 -2.082 -23.134
39.082 1.105 -28.725
35.183 1.138 -34.417
32.045 -1.730 -39.794
27.667 -6.589 -40.654
22.729 -10.897 -38.011
20.496 -15.232 -32.604
16.268 -14.237 -26.479
14.374 -10.121 -21.779
10.842 -4.787 -20.193
7.941 1.710 -20.769
3.806 4.581 -25.430
-0.933 2.637 -30.542
-3.267 0.332 -35.549
-9.270 -2.764 -36.873
-29.724 -30.058 -1.625
-23.888 -32.462 -3.766
-20.110 -36.388 0.155
-17.425 -41.274 2.036
-13.750 -46.805 1.461
-10.237 -51.393 -1.633
-4.708 -51.955 -5.404
-2.366 -50.300 -11.962
0.649 -44.339 -13.898
4.008 -38.944 -11.678
6.513 -35.240 -7.476
9.966 -33.901 -1.901
12.528 -36.267 3.969
17.658 -39.815 6.098
22.334 -44.943 6.540
27.553 -46.686 3.300
23.924 -37.483 -11.344
20.027 -43.472 -11.989
17.752 -48.943 -8.699
13.641 -51.617 -4.070
10.732 -51.431 2.353
7.009 -47.057 5.773
2.065 -42.167 4.934
-0.441 -36.201 2.100
-4.515 -34.088 -3.528
-6.478 -35.232 -9.718
-10.064 -39.016 -13.923
-13.115 -44.898 -16.383
-17.076 -49.606 -13.593
-21.485 -50.523 -8.445
-24.010 -51.141 -2.846
-29.832 -49.503 0.296
-11.192 -5.992 33.678
-12.779 -2.566 28.105
-13.055 -3.042 21.341
-12.292 -5.512 15.892
-12.809 -10.462 11.615
-14.098 -16.497 9.705
-18.857 -20.995 9.731
-23.318 -25.113 13.334
-29.138 -23.387 16.155
-34.309 -18.958 16.179
-37.289 -13.810 14.700
-38.970 -8.941 10.382
-39.426 -6.854 4.146
-42.057 -8.353 -1.566
-42.606 -12.814 -7.069
-45.441 -18.869 -8.123
-50.833 -21.028 9.314
-46.040 -24.594 6.283
-41.093 -25.404 1.996
-35.564 -23.002 -0.703
-31.688 -17.754 -3.237
-28.906 -12.329 -0.865
-27.602 -8.423 4.910
-28.324 -6.376 11.438
-28.319 -8.168 17.942
-27.060 -12.683 22.530
-22.717 -17.109 25.174
-18.025 -22.202 24.451
-11.778 -22.137 22.433
-6.018 -18.816 20.683
-1.755 -14.800 19.704
1.667 -10.110 22.194
4.212 -2.259 -18.548
7.131 -7.362 -15.050
12.639 -10.797 -12.408
18.458 -9.092 -10.062
22.062 -4.145 -7.000
23.722 1.852 -5.143
22.026 6.676 -0.778
17.037 11.281 1.440
11.469 10.156 5.036
8.249 6.153 9.382
7.375 1.316 12.945
9.142 -3.087 17.306
13.645 -6.354 21.056
17.455 -5.318 26.340
22.697 -1.735 29.563
11.978 11.754 23.858
18.187 11.662 22.155
23.026 8.339 18.736
26.477 2.534 16.791
24.652 -2.990 13.402
20.033 -6.311 9.717
14.042 -7.457 6.529
8.528 -4.799 3.352
5.839 0.317 0.301
6.252 5.169 -4.527
10.031 9.512 -8.389
14.882 8.822 -12.971
18.975 5.583 -17.016
21.502 0.301 -19.808
21.346 -6.639 -21.177
7.379 9.027 76.382
13.966 10.043 74.373
18.455 7.274 70.147
20.809 2.409 66.284
19.664 -2.817 62.513
15.754 -5.838 58.246
11.476 -5.240 53.256
5.278 -2.684 50.798
3.731 3.502 48.664
5.925 9.557 46.448
9.917 13.844 44.975
15.294 16.121 42.106
21.133 15.228 38.973
23.554 13.040 33.244
24.114 7.546 28.696
5.899 8.670 29.960
8.981 3.054 30.999
13.965 -0.316 34.189
20.547 -0.510 36.740
23.285 2.387 42.102
22.723 6.443 47.522
19.836 10.724 51.968
14.212 12.747 55.298
8.175 11.458 57.256
3.762 7.267 60.337
1.646 0.764 61.760
4.062 -4.194 65.491
8.717 -7.170 69.399
14.118 -7.766 73.030
18.943 -4.705 76.935
-15.503 -9.888 37.903
-12.478 -11.365 32.335
-10.484 -10.601 25.667
-8.427 -6.579 20.800
-3.688 -2.636 20.370
-4.161 -8.640 17.167
-0.666 -12.520 12.478
5.231 -13.916 10.332
11.923 -14.103 9.016
17.334 -15.004 13.101
20.451 -15.802 19.163
19.244 -18.759 25.146
15.024 -21.088 30.089
10.419 -25.692 31.608
8.856 -31.873 29.600
16.158 -30.914 13.391
9.922 -29.719 14.101
4.219 -27.804 17.336
2.718 -23.077 22.312
4.322 -18.960 27.229
8.349 -13.825 28.667
12.706 -9.053 27.026
13.802 -4.429 22.894
13.004 -1.287 16.918
8.406 -0.497 12.608
-3.593 2.747 37.820
-7.206 6.381 33.969
-11.650 7.120 29.098
-15.901 4.373 24.683
-20.164 -0.815 23.544
11.705 -0.126 -5.504
7.157 4.181 -3.545
0.765 6.655 -3.871
-5.179 4.946 -1.238
-8.762 0.791 2.575
-12.515 6.077 -0.132
-15.527 10.928 3.386
-18.562 13.237 8.878
-20.906 14.424 15.146
-18.336 15.028 21.524
-12.955 15.102 25.854
-6.914 17.204 26.230
-1.376 20.410 24.066
2.349 23.568 19.569
2.329 29.229 15.824
-16.067 30.451 17.114
-12.819 28.504 11.470
-8.725 24.778 8.219
-4.443 19.398 8.961
-1.055 14.905 12.349
-1.760 10.394 17.202
-5.299 6.284 21.074
-10.852 2.786 21.202
-16.579 0.824 19.011
-20.019 -1.202 15.233
4.692 -9.112 7.941
1.230 -11.872 3.430
-2.304 -11.360 -2.127
-4.489 -8.146 -7.542
-4.409 -3.375 -12.145
-21.149 -6.463 15.732
40.680 9.562 -4.677
34.554 11.376 -2.979
27.560 10.619 -2.592
22.322 6.587 -1.910
20.320 3.144 2.735
17.698 9.198 0.573
13.078 13.208 3.707
8.510 14.230 8.326
5.611 14.171 14.345
7.979 14.850 20.852
12.880 15.543 25.526
18.894 18.722 26.029
24.795 20.960 23.298
27.513 25.727 19.719
26.420 31.808 17.129
8.724 31.312 19.853
11.147 30.255 13.602
15.477 27.709 9.471
20.748 23.152 9.275
25.091 19.019 12.271
25.403 13.975 16.702
22.724 9.045 20.319
18.345 4.502 20.014
12.939 1.295 17.853
37.290 -2.637 7.371
34.663 -6.422 2.906
31.178 -7.080 -2.680
27.979 -4.460 -7.904
27.774 0.610 -12.455
9.671 -2.923 11.790
9.249 -5.753 11.319
9.677 -6.880 13.853
36.962 -0.158 -5.594
32.506 4.148 -3.538
26.009 6.912 -3.948
20.568 5.209 -1.113
16.754 0.587 2.443
12.657 5.793 0.091
9.763 10.743 3.573
6.569 13.218 9.065
4.335 14.290 15.388
6.997 14.850 21.768
12.461 15.030 26.044
18.472 16.997 26.171
24.258 19.564 23.644
28.077 22.757 19.100
27.764 28.634 16.260
9.565 29.608 17.355
12.446 28.174 11.455
16.619 24.574 8.467
20.800 19.057 8.927
24.221 14.479 12.436
23.368 10.006 17.414
19.795 6.257 21.176
14.110 2.729 21.314
8.068 1.258 18.803
30.120 -8.866 8.047
26.680 -11.411 3.426
23.323 -11.115 -2.092
21.324 -8.222 -7.576
20.796 -2.921 -12.178
4.915 -2.160 15.115
3.896 -4.618 14.118
3.965 -6.163 16.348
36.111 3.815 13.764
38.861 4.769 10.370
35.580 1.997 5.632
35.488 -3.766 1.962
37.172 -10.274 3.020
39.303 -15.530 6.841
40.826 -17.355 13.957
38.319 -16.688 21.171
33.310 -16.258 25.494
26.824 -17.416 28.157
20.786 -16.404 24.617
18.168 -23.257 21.906
26.349 -26.930 30.601
28.574 -28.887 24.734
31.865 -28.647 19.992
33.184 -26.723 14.262
29.893 -23.335 8.971
27.598 -19.146 6.776
25.133 -12.209 6.256
24.740 -7.310 11.282
27.290 -3.774 15.902
32.822 -2.078 19.336
11.994 186.094 59.428
4.776 187.856 58.903
1.315 184.296 53.994
1.180 181.169 47.794
3.393 176.156 43.801
7.413 170.884 42.686
11.687 166.268 45.690
13.325 162.674 50.782
11.816 159.658 56.087
7.460 156.579 60.245
1.274 154.124 62.020
-4.723 153.628 59.273
-8.433 150.540 56.151
-11.157 149.440 49.445
-9.187 145.371 43.660
-4.203 142.479 39.760
0.541 137.798 39.850
4.180 133.622 43.254
4.478 128.951 48.973
1.778 125.837 54.241
-4.126 123.935 57.610
-10.048 121.441 56.165
-14.621 118.338 52.199
-15.762 114.136 47.749
-13.980 110.123 42.233
-9.193 106.683 39.348
-2.734 103.732 38.509
2.154 101.925 41.308
6.934 100.808 46.168
6.920 100.016 53.130
2.840 98.410 58.634
-0.890 93.287 61.036
-2.301 86.652 60.365
-2.518 80.964 56.701
1.554 76.081 55.217
7.026 73.149 52.549
14.018 73.651 53.479
19.433 76.072 56.902
22.044 79.127 62.579
20.306 81.906 68.730
16.362 80.801 74.262
14.195 76.311 78.627
14.782 70.251 81.931
18.378 65.250 83.173
25.088 64.242 85.138
32.151 64.533 85.313
37.879 68.202 83.827
40.843 74.173 84.716
40.012 80.759 84.528
36.649 86.233 86.663
32.251 88.086 91.438
30.144 87.075 97.997
32.810 86.478 103.730
37.639 85.767 108.662
43.722 87.766 110.230
49.391 90.439 109.281
54.375 94.116 105.680
55.160 99.466 102.389
52.341 103.964 97.763
47.677 108.463 97.575
42.794 112.112 100.396
40.178 114.910 106.553
41.962 118.399 110.631
45.798 122.011 114.792
51.017 125.302 116.147
56.021 129.416 114.122
59.656 131.969 110.086
60.585 135.455 103.627
58.718 134.758 97.196
53.942 133.481 92.771
47.310 134.405 91.794
41.483 137.047 94.808
38.981 142.654 96.573
38.568 148.959 97.763
40.091 154.911 95.388
41.614 159.023 90.615
44.828 161.019 85.028
45.493 159.415 78.373
46.136 154.683 73.827
43.055 149.566 70.988
37.404 146.072 70.922
30.754 145.780 70.988
24.748 149.201 70.162
21.515 154.398 67.498
21.244 158.783 62.516
23.328 161.069 56.913
25.852 160.222 50.660
29.072 156.731 45.776
31.022 150.848 42.995
30.678 144.329 43.320
28.071 139.102 46.861
21.620 136.169 47.679
15.122 136.734 46.883
10.030 137.393 42.394
8.016 136.631 36.455
8.767 136.340 29.660
12.864 133.723 24.531
17.909 129.781 22.829
22.645 124.916 24.907
24.690 120.214 29.334
23.111 115.615 33.587
18.608 113.924 38.524
13.247 110.143 38.517
8.643 106.335 35.697
8.079 100.879 31.708
10.533 96.665 28.578
15.284 93.093 24.818
21.458 90.767 24.680
28.054 89.709 26.745
32.589 89.811 31.816
34.574 93.003 37.745
32.381 91.817 43.922
27.991 90.177 48.357
25.036 84.360 51.045
25.512 77.683 50.556
27.157 71.970 49.059
32.678 67.062 48.411
39.424 66.064 48.438
45.155 67.537 50.876
49.558 72.781 51.077
51.250 77.366 55.853
48.625 81.417 60.613
46.677 80.897 67.205
43.839 77.333 72.589
46.130 72.501 76.643
50.957 69.943 79.990
57.670 67.687 80.769
63.640 69.480 80.693
68.733 74.525 79.406
70.055 80.908 77.446
68.812 87.036 76.052
63.448 91.459 76.332
60.220 95.057 81.258
58.922 96.526 87.577
61.367 96.811 94.093
66.317 98.576 96.891
72.903 100.984 97.204
78.687 104.791 94.838
81.371 109.101 89.919
80.023 112.095 83.319
75.987 115.895 80.472
69.708 118.837 79.471
65.823 122.618 83.690
65.523 127.020 88.795
68.288 131.651 92.365
72.407 136.591 93.630
77.046 141.032 90.793
79.893 143.450 84.944
79.452 144.130 78.954
76.821 143.546 72.592
70.758 142.722 69.336
63.925 143.059 69.287
58.277 145.795 71.486
54.805 150.820 74.625
54.329 156.713 76.786
56.872 163.296 77.531
60.385 168.406 74.319
63.049 171.333 68.836
63.309 171.364 61.699
59.706 171.421 56.523
54.202 171.142 51.313
47.128 172.779 51.604
42.977 176.506 55.145
40.168 180.357 59.919
40.952 185.237 64.830
44.994 190.204 67.681
54.764 190.277 52.408
58.646 188.654 57.584
58.067 186.354 63.598
56.149 182.615 68.400
51.745 178.550 70.472
46.488 174.729 70.814
43.601 169.232 67.313
45.048 163.811 63.826
48.979 159.909 60.471
55.199 157.909 58.609
61.178 157.474 59.348
66.993 158.531 62.505
69.853 158.781 67.662
71.092 160.439 73.389
70.082 159.126 78.334
66.520 156.474 84.039
63.515 151.580 85.298
60.263 145.947 83.557
60.681 140.100 79.651
63.971 136.265 75.615
70.342 134.313 73.774
76.338 133.262 74.858
81.908 132.280 78.566
84.464 130.839 84.771
83.688 128.304 90.945
80.024 124.706 94.966
74.271 122.039 97.209
68.499 118.388 95.769
65.280 114.473 91.610
64.295 111.613 85.527
68.123 108.260 80.833
73.177 103.847 79.276
76.984 99.159 82.364
77.809 93.747 86.445
75.926 89.393 90.943
69.777 86.258 94.341
63.596 84.645 92.916
57.526 84.591 89.437
54.567 86.304 83.650
56.340 87.320 76.746
59.755 85.150 71.291
63.630 80.083 69.271
64.037 73.616 68.007
60.792 67.864 66.837
55.058 64.674 66.478
48.579 63.198 66.683
42.006 65.357 66.667
37.316 70.164 65.127
36.330 75.985 62.606
39.137 81.820 59.684
42.693 82.780 53.720
44.800 80.514 47.440
42.888 78.409 42.299
38.522 75.096 37.745
31.820 74.704 36.871
25.573 75.805 37.242
19.937 80.002 40.037
18.396 85.653 40.716
19.735 91.490 43.938
23.558 96.922 42.422
27.990 100.651 38.488
29.687 101.769 32.041
27.486 103.388 26.616
23.244 105.151 22.239
17.012 106.639 20.195
12.107 110.615 20.397
7.004 113.552 23.997
5.535 116.936 29.540
7.574 120.087 34.495
12.362 120.304 39.647
18.711 122.847 39.425
24.263 125.736 36.261
26.028 130.299 31.942
25.348 136.512 29.627
21.712 142.253 29.798
17.879 146.306 32.072
15.060 149.781 37.698
14.176 150.434 44.050
14.651 147.304 49.899
18.488 143.877 54.397
25.135 142.158 55.508
31.881 143.308 54.724
35.988 148.323 55.017
37.956 154.867 55.909
36.973 160.235 59.649
34.333 163.671 64.394
31.230 164.439 70.417
29.916 161.629 76.096
28.760 156.106 80.075
31.130 150.961 81.943
35.006 145.182 80.496
41.723 143.687 80.166
48.082 145.629 80.386
52.993 149.045 83.860
54.810 150.400 89.866
53.902 152.117 96.381
50.246 150.704 102.229
45.667 146.398 105.008
42.574 140.339 105.194
41.545 134.129 102.751
44.273 128.655 99.971
49.036 126.614 95.743
55.273 124.395 96.800
59.625 121.736 100.830
61.604 118.775 106.205
59.765 114.852 111.678
55.435 110.966 114.458
49.409 109.183 116.952
44.401 105.267 114.695
40.048 103.662 110.422
37.374 103.793 103.992
39.791 101.429 98.296
45.057 99.383 94.296
49.021 94.047 93.902
50.570 87.935 95.726
49.727 82.055 98.918
45.816 77.556 101.528
39.912 74.659 101.015
33.326 73.882 99.274
27.524 76.958 97.037
25.724 80.675 91.556
27.398 83.009 85.335
29.724 81.288 79.073
33.794 76.896 75.066
32.643 71.803 72.335
29.169 66.098 70.404
23.193 63.270 70.263
16.370 63.261 70.552
10.545 66.836 69.461
7.671 72.561 69.718
7.451 79.377 69.554
11.667 84.632 68.111
14.090 87.117 62.063
15.804 86.560 55.508
13.600 84.946 49.240
6.960 83.665 45.767
1.163 84.718 44.529
-4.741 88.445 45.226
-8.773 92.238 50.088
-9.109 97.646 53.348
-6.504 102.946 56.517
-0.761 107.034 56.698
2.778 109.617 51.662
3.701 110.998 44.713
0.124 113.242 39.473
-4.414 117.984 37.601
-9.243 122.260 38.162
-14.343 125.441 41.857
-15.235 129.003 47.912
-12.697 131.300 53.583
-7.530 133.447 57.633
-0.942 135.062 58.156
4.208 138.440 55.342
7.147 142.033 50.479
6.534 146.584 46.217
4.032 151.650 42.478
-2.063 155.434 42.372
-6.228 159.411 46.075
-6.694 162.817 50.956
-4.846 165.526 57.374
0.061 167.245 61.845
6.263 169.665 62.399
12.076 171.645 60.786
15.787 175.310 56.496
17.491 174.751 49.416
15.370 179.406 44.530
9.466 -53.915 -32.577
13.793 -49.721 -33.663
15.499 -44.373 -33.911
13.439 -39.431 -35.108
13.213 -33.138 -32.462
10.765 -26.940 -31.022
11.041 -31.960 -26.632
8.350 -36.044 -31.242
3.287 -37.138 -33.801
0.190 -38.657 -38.360
3.833 -33.083 -37.560
7.227 -36.935 -39.031
3.078 -36.931 -43.104
1.733 -36.849 -48.348
6.679 -35.364 -52.883
11.556 -35.092 -56.281
16.776 -33.024 -57.434
20.258 -28.731 -57.108
19.320 -23.078 -56.953
13.785 -23.373 -55.778
9.927 -24.505 -51.873
7.113 -27.552 -47.771
2.858 -26.066 -42.763
5.990 -20.506 -43.937
11.267 -19.684 -44.375
15.379 -20.760 -40.656
20.393 -24.599 -38.659
18.505 -30.545 -40.498
21.598 -34.808 -42.702
21.204 -39.927 -44.926
18.096 -44.446 -45.632
13.428 -47.948 -44.870
9.673 -51.006 -41.911
6.193 -52.362 -37.151
1.853 -52.036 -32.249
-0.981 -48.602 -28.666
-1.064 -44.143 -25.523
2.647 -41.630 -22.260
7.691 -41.693 -19.759
12.722 -44.360 -18.425
110.382 116.549 40.151
115.508 112.511 38.428
120.669 112.158 34.155
125.239 115.362 30.441
128.992 120.653 30.486
130.215 127.419 31.807
129.364 131.671 36.814
127.326 133.887 42.798
128.054 133.067 49.314
128.635 129.427 55.293
133.424 125.153 58.098
142.262 123.781 42.566
139.070 118.331 45.257
133.548 116.189 47.939
126.804 117.231 48.695
121.547 121.660 49.700
118.726 126.318 45.685
117.465 130.280 40.685
116.959 131.283 33.937
117.317 128.803 27.614
116.937 123.639 23.694
114.175 117.921 22.468
112.770 97.481 35.686
119.418 99.154 35.440
125.312 97.079 37.983
128.943 92.067 40.314
130.213 85.852 39.233
128.516 79.095 38.034
124.610 75.986 33.590
120.383 75.257 28.511
119.771 76.341 21.943
120.161 80.088 15.940
125.697 82.571 12.343
138.198 79.527 24.521
135.887 85.720 22.828
131.154 89.880 21.376
124.656 91.511 22.660
118.093 89.398 23.324
115.094 85.773 28.152
113.839 82.271 33.386
114.805 80.865 40.036
117.774 82.591 45.961
120.498 87.330 49.687
120.693 93.404 51.723
226.521 167.013 -12.923
232.873 167.114 -14.354
234.548 167.595 -7.760
233.558 162.489 -3.679
236.502 162.491 2.485
239.277 166.669 6.718
241.286 172.490 9.167
242.874 178.828 9.942
240.356 185.051 8.815
236.965 189.906 5.741
230.759 192.365 5.062
222.139 177.959 11.660
223.008 178.652 4.825
226.147 181.920 -0.294
231.533 184.544 -3.140
238.039 184.369 -4.109
243.435 180.723 -4.476
246.610 175.445 -3.915
249.090 168.756 -4.649
250.667 166.700 -5.947
252.789 168.195 -6.948
11.169 197.677 9.718
14.362 203.064 11.263
15.521 204.547 4.678
10.642 206.202 0.470
12.236 208.765 -5.723
17.085 208.760 -9.358
23.081 207.937 -12.120
29.554 206.361 -12.811
33.428 201.073 -11.908
36.004 195.548 -9.142
35.181 189.006 -8.301
18.315 188.623 -14.969
19.424 188.926 -8.134
23.714 190.114 -2.908
28.784 193.472 -0.062
31.773 199.208 0.906
31.407 205.763 1.377
28.302 210.989 0.909
29.155 210.900 -1.032
23.971 216.516 1.280
22.878 218.899 2.687
25.277 219.957 3.708
60.648 112.635 8.939
63.518 118.228 11.675
60.930 118.363 6.105
58.451 120.756 0.276
61.936 123.050 -5.341
66.588 124.004 -9.915
72.653 122.890 -12.647
78.843 121.403 -13.296
83.016 116.142 -12.581
85.645 110.560 -9.711
85.010 104.307 -8.929
67.948 103.544 -15.839
68.573 104.201 -8.477
73.075 105.291 -3.436
77.849 108.746 -0.299
81.392 114.191 0.645
81.016 120.635 1.226
78.091 126.577 0.599
73.712 131.369 1.409
72.767 133.649 2.772
74.979 134.972 3.861
29.431 -1.998 9.704
26.351 -4.468 4.681
23.208 -3.688 -1.110
21.696 0.123 -6.322
22.983 5.522 -10.224
11.387 34.869 16.723
14.358 33.299 11.451
19.086 29.530 8.454
22.920 24.247 10.171
25.071 19.629 14.696
23.371 15.990 19.955
18.799 12.468 23.142
13.258 9.739 23.203
7.695 8.065 20.117
36.306 9.339 1.803
32.375 13.219 0.427
25.466 14.080 1.105
19.146 11.797 0.055
16.156 6.399 1.535
12.691 12.259 1.503
9.868 17.308 4.962
6.700 19.960 10.355
4.080 21.167 16.407
6.728 22.066 22.760
11.977 23.187 26.712
18.504 24.296 27.540
24.502 26.342 25.298
28.986 28.844 21.060
29.424 34.225 16.933
4.279 4.557 16.374
3.043 2.066 15.363
3.186 0.569 17.835
40.396 6.279 -6.478
39.994 4.849 -8.855
41.311 2.353 -9.034
29.455 -2.054 9.760
26.367 -4.484 4.701
23.273 -3.685 -1.051
21.633 0.104 -6.245
22.787 5.521 -10.140
11.269 35.088 16.467
14.123 33.367 11.333
19.055 29.736 8.208
22.581 24.260 10.074
24.650 19.717 14.623
23.277 16.165 20.128
18.649 12.569 23.157
13.163 9.805 23.134
7.648 8.026 20.334
7.602 8.064 20.302
4.169 5.884 16.663
36.247 9.486 1.682
32.209 13.152 0.654
25.314 14.133 0.998
19.107 11.783 -0.028
16.181 6.494 1.620
12.766 12.369 1.572
9.870 17.414 5.038
6.653 20.048 10.411
3.992 21.332 16.478
6.603 22.197 22.796
11.808 23.279 26.811
18.248 24.670 27.451
24.336 26.524 24.917
28.791 28.970 20.699
29.177 34.429 16.753
3.039 1.897 15.348
2.817 0.284 17.591
4.141 4.884 16.484
3.040 2.383 15.381
3.352 0.979 17.874
40.092 5.807 -6.017
39.950 4.937 -8.670
41.416 2.493 -9.111
29.435 -2.044 9.719
26.392 -4.384 4.691
23.279 -3.695 -1.082
21.522 0.210 -6.165
22.674 5.658 -10.056
11.424 35.028 16.387
14.232 33.273 11.333
19.074 29.670 8.183
22.581 24.211 10.037
24.734 19.553 14.514
23.142 15.997 19.899
18.830 12.420 23.027
13.361 9.709 23.124
7.687 8.001 20.347
7.655 8.009 20.318
4.267 5.712 16.728
36.335 9.175 1.287
32.017 12.996 1.185
25.209 14.184 0.767
19.016 11.670 -0.111
16.144 6.494 1.592
12.716 12.367 1.593
9.937 17.378 5.168
6.654 19.990 10.427
3.977 21.284 16.501
6.733 22.216 22.834
12.020 23.233 26.873
18.449 24.392 27.249
24.435 26.395 24.984
28.891 28.846 20.693
29.201 34.282 16.699
3.047 2.100 15.410
3.119 0.489 17.746
4.219 4.716 16.520
3.017 2.386 15.340
3.098 0.637 17.556
39.944 5.871 -6.076
39.863 4.924 -8.697
41.361 2.475 -9.148
29.516 -1.995 9.689
26.571 -4.372 4.698
23.297 -3.552 -1.027
21.801 0.242 -6.215
22.930 5.622 -10.038
11.192 35.154 16.416
14.159 33.458 11.211
19.166 29.804 8.207
22.597 24.316 10.074
24.667 19.751 14.512
23.181 16.221 20.182
18.643 12.592 23.129
13.311 9.848 23.115
7.650 8.084 20.332
4.162 5.915 16.651
36.728 8.976 1.190
32.498 13.031 0.662
25.227 14.051 0.770
19.159 11.810 -0.015
16.116 6.557 1.505
12.758 12.455 1.650
9.776 17.477 5.207
6.584 20.121 10.452
3.972 21.426 16.512
6.579 22.290 22.869
11.816 23.391 26.848
18.331 24.804 27.294
24.401 26.657 24.929
28.804 28.953 20.604
29.235 34.497 16.704
2.987 0.722 17.711
2.881 2.166 15.265
24.447 6.122 46.899
24.228 5.066 44.301
25.546 2.578 43.854
49.906 -3.592 37.634
46.221 0.257 33.665
41.767 0.633 28.729
37.771 -2.321 24.374
33.875 -7.501 22.604
69.801 -38.796 14.790
63.435 -37.972 15.371
58.347 -34.619 18.375
56.651 -30.219 23.169
58.277 -25.616 28.062
62.247 -20.321 28.806
66.511 -15.473 27.110
67.429 -11.034 22.668
66.317 -8.087 16.782
61.698 -6.009 12.440
36.792 -15.026 38.237
40.424 -17.439 33.632
42.583 -17.442 26.766
44.314 -13.683 21.438
44.381 -13.569 21.503
47.492 -9.096 19.622
48.272 -9.278 20.130
48.880 -15.280 17.514
48.988 -15.892 17.706
52.550 -19.666 13.360
58.378 -20.827 10.616
65.064 -21.212 9.262
70.682 -21.994 13.338
73.941 -22.329 19.220
73.277 -25.026 25.341
69.919 -28.571 30.254
64.949 -32.129 32.551
62.434 -38.062 31.246
16.493 -0.950 67.306
19.689 -3.413 72.302
22.933 -2.886 77.979
24.209 1.294 83.216
23.290 6.839 87.025
36.631 36.178 61.572
33.235 33.821 66.608
27.828 30.079 68.435
23.812 24.887 66.434
21.684 20.503 61.894
23.078 16.518 56.764
27.578 12.957 53.640
33.266 9.992 54.090
38.760 8.489 56.821
42.322 6.611 60.498
9.737 10.594 75.451
13.994 14.649 76.506
20.906 15.034 76.168
27.106 12.560 77.057
30.099 7.355 75.264
33.378 13.373 75.169
36.410 18.487 71.690
39.594 20.799 66.197
42.185 21.802 59.987
39.769 22.295 53.627
34.694 23.517 49.608
28.634 26.112 49.102
22.724 28.383 51.450
18.622 31.013 55.920
18.411 35.735 60.520
43.586 2.844 62.074
43.511 1.170 59.711
29.774 -2.489 9.574
26.587 -4.685 4.571
23.464 -3.799 -1.194
22.538 0.381 -6.513
23.119 6.404 -9.213
10.840 35.090 16.546
13.832 33.352 11.397
18.909 29.824 8.356
22.813 24.686 10.142
24.898 20.101 14.412
23.420 16.263 19.792
18.981 12.407 22.842
13.382 9.601 22.777
7.803 8.001 19.835
38.124 5.648 -0.166
34.524 11.588 0.633
27.860 13.535 0.493
21.074 11.850 -0.290
16.575 7.208 1.311
12.529 12.758 1.116
9.746 17.562 4.768
6.666 20.069 10.136
4.156 21.310 16.246
6.904 22.067 22.587
11.951 22.919 26.849
18.294 24.497 27.528
24.220 26.772 25.170
28.568 29.238 20.808
28.855 34.729 16.931
4.413 4.898 16.101
3.298 2.290 15.008
3.388 0.755 17.475
29.675 -2.122 9.706
26.503 -4.396 4.672
23.453 -3.552 -1.156
22.229 0.691 -6.266
22.833 6.767 -9.181
10.998 35.212 16.395
13.965 33.531 11.287
18.896 30.001 8.244
22.711 24.742 10.026
24.654 20.112 14.390
23.285 16.267 19.724
18.910 12.671 22.986
13.337 9.865 22.847
7.860 8.217 19.881
7.844 8.253 19.847
4.334 6.204 16.358
37.697 6.307 -0.330
34.055 12.157 0.716
27.413 13.814 1.038
20.745 11.951 -0.167
16.378 7.369 1.309
12.443 12.963 1.183
9.718 17.832 4.771
6.601 20.185 10.245
4.152 21.533 16.234
6.758 22.318 22.656
11.873 23.342 26.859
18.178 25.095 27.438
24.197 26.904 25.051
28.612 29.205 20.622
28.864 34.880 16.861
4.352 4.922 16.177
3.205 2.461 15.057
3.255 1.012 17.514
3.353 0.792 17.578
3.071 2.121 15.115
29.721 -2.222 9.419
26.482 -4.555 4.475
23.374 -3.644 -1.321
22.490 0.609 -6.707
23.562 6.209 -9.663
10.388 35.250 16.564
13.546 33.561 11.475
18.553 30.032 8.480
22.420 24.837 10.173
24.901 20.237 14.282
23.491 16.619 19.631
19.139 12.667 22.743
13.598 9.800 22.739
8.093 8.034 19.884
7.699 8.357 19.749
4.663 5.932 16.142
38.443 5.814 -0.658
33.929 11.895 0.092
28.115 13.849 0.126
20.624 12.040 -0.303
16.471 7.139 1.126
12.699 12.949 1.115
9.753 17.793 4.714
6.782 20.267 10.122
4.281 21.453 16.151
6.930 22.239 22.515
11.995 22.786 26.796
18.157 24.865 27.388
24.260 26.939 25.173
28.402 29.761 20.936
28.538 35.028 16.685
3.592 2.336 14.964
3.448 0.800 17.312
4.398 4.945 16.222
3.454 2.555 14.984
3.443 1.136 17.323
30.166 -2.284 8.289
26.675 -4.817 3.568
23.295 -4.499 -2.041
21.500 -1.746 -7.532
20.812 2.902 -12.433
9.807 35.969 17.522
12.388 34.324 12.063
17.270 31.296 8.715
21.548 25.925 9.334
24.479 21.290 12.817
23.194 16.675 17.405
19.607 12.945 21.551
14.037 9.733 21.555
8.450 7.973 19.452
4.903 5.830 15.632
36.860 6.652 -5.662
32.096 9.946 -4.431
26.086 13.379 -3.852
20.229 11.218 -2.409
16.535 7.103 0.671
12.629 12.795 0.352
9.720 17.723 3.968
6.745 20.257 9.441
4.364 21.372 15.649
7.106 22.042 22.078
12.317 22.067 26.275
18.521 24.195 26.850
24.099 27.070 24.623
27.985 30.273 20.228
27.768 35.950 16.757
3.926 0.476 16.565
3.941 2.204 14.309
4.686 -2.215 40.946
8.361 1.520 44.803
12.919 1.878 49.641
16.953 -0.884 53.836
20.874 -5.823 56.289
-14.762 -37.406 64.038
-8.494 -36.177 63.401
-3.293 -33.439 60.286
-1.690 -28.617 55.399
-3.395 -24.177 50.830
-7.549 -19.057 49.686
-11.730 -14.203 51.580
-12.459 -9.791 55.894
-12.423 -9.792 56.069
-11.379 -6.606 61.799
-11.824 -5.503 59.361
-7.053 -5.180 66.222
-7.330 -1.416 60.628
18.295 -13.936 40.241
14.227 -16.284 44.818
11.871 -16.105 51.601
10.439 -12.371 56.813
7.111 -7.524 58.275
6.137 -13.733 61.279
2.393 -17.488 65.126
-3.257 -19.402 67.938
-9.945 -19.936 69.478
-15.647 -20.508 65.483
-19.115 -20.905 59.590
-18.491 -23.689 53.521
-14.741 -26.353 48.506
-9.965 -30.387 46.157
-7.627 -36.259 46.975
29.555 -1.289 9.545
26.327 -3.806 4.582
23.144 -3.210 -1.079
21.753 0.918 -6.426
23.000 6.341 -10.246
9.612 36.086 14.867
12.970 33.586 10.082
18.129 29.728 8.318
22.226 24.919 10.322
24.222 20.287 14.668
22.906 16.408 20.171
18.341 12.732 23.184
12.568 9.819 22.716
6.995 8.311 19.941
3.495 6.466 16.186
36.422 10.454 1.285
32.057 14.450 0.496
24.919 14.765 0.471
18.687 12.271 0.030
15.570 7.066 1.542
12.248 13.195 1.441
9.512 18.260 4.889
6.189 20.589 10.442
3.640 21.546 16.657
6.143 22.032 23.079
11.240 23.307 26.983
17.014 25.996 27.714
23.160 28.105 25.292
27.213 30.961 20.990
27.739 35.453 16.368
2.222 2.575 14.568
2.187 1.046 16.969
36.474 7.991 -5.451
31.845 11.970 -3.850
25.229 14.056 -3.897
19.467 11.954 -1.468
16.235 7.899 2.597
12.502 13.125 -0.358
9.684 18.147 3.257
6.836 20.566 8.883
4.394 21.651 15.184
7.182 22.227 21.555
12.403 22.352 25.819
18.544 24.521 26.609
24.098 27.511 24.442
28.269 30.449 19.863
28.057 36.288 16.439
9.820 36.865 17.388
12.798 35.647 11.542
17.263 31.878 8.519
21.480 26.696 8.948
24.578 21.837 12.526
23.637 17.295 17.329
19.930 13.494 21.178
14.257 10.052 21.066
8.484 8.575 18.497
30.115 -1.689 7.787
26.511 -4.463 3.335
22.958 -4.114 -2.223
20.972 -1.112 -7.609
20.464 3.694 -12.329
5.277 5.176 14.877
4.040 2.524 13.802
4.012 0.992 16.245
36.436 8.024 -5.373
31.703 12.073 -3.954
25.245 13.976 -3.729
19.509 11.916 -1.389
16.249 7.992 2.756
12.561 13.170 -0.322
9.696 18.265 3.213
6.771 20.627 8.903
4.472 21.618 15.168
7.231 22.224 21.530
12.415 22.335 25.936
18.561 24.707 26.645
24.029 27.616 24.538
28.163 30.690 20.041
27.841 36.355 16.336
9.756 36.810 17.604
12.740 35.439 11.811
17.252 32.119 8.476
21.503 26.695 8.981
24.566 21.839 12.554
23.636 17.270 17.345
19.800 13.443 21.217
14.104 10.119 21.035
8.468 8.757 18.260
30.291 -1.494 7.652
26.533 -4.500 3.260
22.988 -4.183 -2.217
21.019 -1.279 -7.682
20.456 3.427 -12.416
5.045 5.344 14.797
4.004 2.684 13.800
4.129 1.154 16.500
-32.180 61.723 21.535
-28.933 57.045 21.901
-26.593 59.339 16.947
-24.217 59.319 11.253
-22.483 56.206 5.428
-24.778 51.575 1.279
-28.786 46.771 -1.323
-33.315 42.015 -2.058
-39.852 41.427 -1.324
-46.069 41.748 1.307
-51.162 45.706 2.200
-42.678 60.627 -4.485
-43.109 59.572 2.434
-44.492 55.320 7.657
-43.602 49.608 10.750
-40.600 43.623 11.675
-34.804 40.726 11.896
-28.475 40.811 11.692
-21.690 41.776 12.398
-19.061 41.467 13.618
-19.323 38.980 14.730
33.451 -29.593 -7.855
32.860 -36.183 -9.486
34.056 -35.754 -15.938
33.556 -29.393 -18.318
31.152 -34.404 -22.422
-11.890 -32.920 -8.018
-8.551 -35.105 -2.935
-8.046 -42.669 -2.727
-19.871 -50.410 -23.449
-23.483 -56.555 -26.244
-16.745 -58.214 -27.109
-15.724 -51.625 -28.649
52.819 -64.797 -12.358
47.812 -60.108 -13.117
40.974 -61.072 -13.775
39.730 -56.879 -8.240
22.410 -29.139 -42.403
24.141 -26.208 -42.402
28.042 -31.846 -44.916
-1.963 15.380 17.391
-2.834 18.946 14.665
-7.923 16.185 11.592
-11.315 11.473 9.562
-13.789 7.521 6.356
-17.462 2.517 7.967
-6.368 0.577 12.577
-6.991 4.889 16.911
-5.768 7.536 22.491
-12.109 9.857 22.995
-16.551 14.212 22.012
-19.850 18.371 23.798
-21.686 23.245 20.123
-25.318 26.277 17.614
14.399 19.022 -86.159
15.646 18.960 -83.711
13.753 17.686 -82.134
77.027 -3.782 -48.512
72.674 -6.074 -45.319
68.514 -6.963 -39.857
63.920 -2.523 -36.398
59.481 2.657 -38.094
54.808 5.614 -42.787
52.681 5.817 -49.628
50.638 3.374 -56.377
49.595 -2.121 -59.328
45.381 -7.494 -59.188
42.265 -11.961 -57.114
38.923 -15.080 -52.485
48.493 13.650 -48.551
44.065 8.702 -47.551
39.460 5.407 -46.776
41.373 0.969 -42.569
44.288 -3.641 -39.564
47.401 -8.439 -39.437
51.393 -11.781 -43.147
54.723 -15.148 -47.785
59.191 -13.200 -52.590
61.692 -8.178 -56.582
63.555 -1.822 -56.960
63.440 4.664 -55.969
64.642 9.349 -50.640
66.013 11.184 -44.765
68.060 9.675 -37.980
72.691 7.429 -34.806
78.399 2.573 -34.273
23.582 41.914 -15.483
28.045 46.421 -17.478
34.977 45.637 -20.037
39.693 40.679 -22.156
40.688 34.518 -25.194
38.939 30.196 -30.728
35.039 28.939 -35.500
31.377 31.178 -41.029
28.675 36.113 -44.503
30.351 41.460 -47.910
32.989 45.844 -50.444
38.528 48.749 -52.593
39.779 20.943 -41.366
42.448 25.728 -45.685
44.254 28.804 -49.995
47.359 33.394 -47.024
49.722 37.975 -43.498
48.862 42.741 -40.607
43.976 45.920 -37.864
38.619 49.514 -35.599
31.501 49.401 -34.508
25.652 45.104 -34.550
23.447 39.670 -32.586
23.775 32.808 -31.462
27.849 28.730 -26.839
31.389 28.267 -21.804
34.911 29.727 -16.404
37.984 33.750 -12.224
39.224 39.671 -8.927
45.881 -64.317 -78.723
44.261 -60.594 -83.815
41.965 -61.133 -90.581
38.518 -65.446 -94.845
35.247 -71.351 -95.129
29.205 -74.321 -93.127
23.137 -75.564 -89.315
20.238 -72.469 -84.034
16.241 -67.785 -82.447
13.252 -62.233 -84.272
11.061 -57.898 -86.605
8.263 -54.718 -91.674
17.473 -83.123 -92.410
13.753 -78.711 -94.954
9.571 -74.919 -96.641
12.682 -70.595 -100.141
16.014 -66.237 -103.029
19.017 -61.707 -102.849
22.337 -58.321 -98.412
24.712 -54.750 -93.486
26.886 -55.933 -86.819
27.576 -59.270 -80.293
29.518 -65.493 -78.102
29.836 -72.113 -78.664
34.737 -77.055 -79.983
37.180 -78.896 -85.356
43.075 -78.464 -88.872
48.078 -75.375 -91.762
52.255 -70.525 -91.688
-2.316 24.150 -129.311
3.213 22.263 -125.436
9.698 23.647 -123.108
14.328 28.637 -120.476
14.619 33.733 -116.472
13.145 38.027 -111.236
7.995 39.112 -106.505
2.343 36.526 -102.573
0.270 31.041 -99.127
2.047 25.584 -95.906
4.516 20.970 -93.246
9.560 18.098 -90.675
11.887 46.187 -101.738
13.376 41.880 -96.304
14.847 38.521 -92.181
18.745 34.128 -94.750
21.251 29.320 -97.979
20.964 24.392 -101.064
16.575 21.225 -104.535
11.329 17.962 -107.215
4.669 19.127 -109.451
-0.871 22.862 -110.603
-3.053 28.515 -112.111
-4.039 34.871 -113.831
0.197 39.477 -116.625
4.445 40.115 -121.527
9.469 38.684 -126.435
11.755 34.166 -130.690
11.724 28.537 -134.078
33.546 -14.047 -48.127
30.870 -14.036 -47.395
29.801 -15.706 -49.347
43.951 48.447 -56.442
45.250 48.078 -58.877
43.601 50.007 -60.087
3.980 -56.334 -96.553
1.456 -55.883 -97.549
0.870 -53.994 -95.527
124.475 104.752 36.055
120.307 109.323 39.244
115.655 112.932 40.854
115.218 117.402 36.978
115.294 121.909 33.153
118.023 126.606 30.877
123.524 130.265 31.503
129.163 133.150 33.144
135.256 131.509 35.001
139.784 127.068 38.521
141.488 120.315 38.309
142.392 114.365 34.313
135.790 123.551 19.526
130.521 119.312 22.514
128.143 114.565 27.549
127.357 113.571 34.812
129.552 115.170 41.057
130.820 120.274 45.614
128.463 126.035 48.095
124.120 130.878 48.125
118.096 133.524 46.072
113.551 98.388 36.000
117.744 93.696 39.093
122.679 90.270 40.772
122.994 85.838 36.981
123.007 81.242 33.162
120.430 76.620 31.003
114.945 72.868 31.402
109.299 69.885 33.221
102.948 71.546 34.552
98.274 76.011 37.787
97.067 82.940 38.085
96.350 88.977 34.047
102.740 79.650 19.077
107.936 83.864 22.242
109.886 88.723 27.309
110.476 89.831 34.595
108.170 87.966 40.769
106.944 82.831 45.297
109.699 77.310 48.054
113.987 72.429 48.079
119.959 69.781 46.341
112.912 132.177 46.858
110.430 132.352 47.791
111.406 133.988 49.704
125.470 70.919 46.500
127.806 70.929 47.800
126.802 69.359 49.766
-16.440 -22.056 -25.049
-16.909 -16.208 -21.456
-13.357 -12.387 -17.568
-11.472 -10.521 -11.328
-5.358 -9.626 -9.390
1.013 -12.685 -7.638
6.751 -14.324 -9.430
11.393 -12.037 -13.906
12.930 -9.489 -19.582
12.820 -6.136 -25.462
1.209 2.821 -13.342
-1.773 3.101 -19.509
-2.247 -1.067 -24.437
-1.125 -6.925 -26.628
-0.892 -6.807 -26.733
2.356 -12.764 -27.447
0.738 -13.477 -25.884
4.860 -18.430 -23.480
4.377 -21.548 -17.722
1.078 -23.477 -12.424
-3.455 -23.097 -7.468
-9.722 -23.699 -6.514
269.729 56.460 59.356
270.306 51.429 55.537
268.666 47.247 50.484
264.494 45.821 45.022
261.267 47.144 40.208
259.397 50.897 35.530
259.444 56.921 32.307
263.693 61.812 30.867
269.601 64.880 30.482
276.367 64.753 29.916
281.869 61.864 28.513
286.060 57.378 27.180
287.334 53.081 23.692
269.574 49.094 19.910
272.246 45.740 24.792
274.973 45.620 31.066
278.633 47.606 36.508
278.801 52.571 40.521
277.260 58.373 42.992
271.861 62.265 44.215
266.032 65.817 43.505
259.872 64.135 44.866
254.548 60.448 45.358
557.525 59.199 59.555
559.759 53.246 56.700
557.458 48.399 51.994
553.884 46.027 46.902
551.549 46.917 41.350
549.591 49.973 35.619
550.131 55.510 32.106
553.664 61.150 30.526
559.086 64.841 30.499
565.807 64.402 30.091
571.402 61.820 30.389
574.953 57.024 27.208
576.530 52.685 24.381
576.337 50.067 19.528
552.033 60.498 19.950
557.594 60.134 15.228
558.444 54.428 17.684
559.038 48.548 19.546
562.015 45.167 24.267
564.068 45.460 30.822
567.910 47.461 36.237
568.313 52.272 40.354
566.607 57.972 43.055
561.710 62.341 44.450
555.680 65.514 43.172
549.248 64.518 42.181
-39.824 -55.066 6.900
-37.017 -49.265 5.023
-33.396 -46.320 -0.204
-28.828 -47.232 -5.044
-26.715 -49.602 -10.692
-27.140 -53.527 -16.696
-31.739 -56.122 -20.867
-38.310 -54.986 -23.272
-44.397 -52.485 -23.673
-47.485 -46.437 -24.344
-48.032 -40.358 -25.918
-46.418 -34.712 -27.595
-43.433 -31.437 -30.905
-35.791 -48.587 -35.772
-30.778 -44.651 -34.516
-29.449 -40.523 -29.756
-30.647 -38.298 -23.153
-34.235 -35.839 -17.921
-38.890 -37.897 -13.895
-42.867 -42.287 -11.135
-44.129 -48.447 -10.022
-44.304 -55.629 -10.999
-40.086 -60.657 -10.158
-23.115 -22.418 -32.272
-27.293 -21.672 -37.258
-30.980 -21.030 -41.711
-36.919 -20.915 -43.465
-43.641 -20.376 -41.798
-49.338 -20.972 -38.046
-51.434 -19.508 -32.046
-50.453 -17.505 -25.448
-47.386 -13.072 -21.750
-59.609 -0.344 -28.501
-55.821 -3.431 -33.935
-50.455 -4.600 -37.260
-42.939 -5.261 -36.887
-36.924 -7.923 -33.698
-33.899 -11.522 -29.478
-34.374 -16.610 -25.113
-37.823 -22.031 -23.783
-40.176 -26.946 -25.660
-41.490 -31.287 -30.276
-41.101 -34.187 -35.118
-37.601 -36.151 -38.844
-13.486 -8.452 -25.247
-10.987 -7.284 -19.334
-10.960 -12.966 -15.663
-7.283 -19.697 -16.392
-5.056 -24.304 -20.794
-2.032 -26.387 -26.254
-2.002 -26.379 -26.192
2.322 -24.430 -31.109
5.156 -20.009 -35.468
9.083 -14.410 -34.916
13.254 -11.605 -31.256
17.698 -10.380 -26.575
17.485 -7.697 -20.176
-3.392 -15.527 -38.691
-5.551 -12.558 -33.055
-5.397 -11.737 -26.691
-1.770 -10.374 -21.349
-8.638 -8.490 -21.690
-11.413 -3.315 -21.531
-12.000 2.858 -23.444
-12.495 8.787 -20.312
-8.528 13.787 -18.136
6.748 6.093 -23.095
5.328 6.002 -17.072
2.521 4.331 -12.703
13.125 -17.309 -27.248
10.417 -21.403 -23.570
4.220 -24.518 -22.862
-2.043 -25.510 -24.070
-3.111 -16.435 -38.715
-5.605 -13.657 -33.206
-5.163 -12.256 -27.037
-1.589 -10.947 -21.536
-8.339 -8.707 -21.771
-10.841 -3.524 -21.472
-11.664 2.584 -22.977
-12.629 8.881 -20.137
-8.742 13.547 -17.693
6.518 5.555 -23.159
5.164 5.522 -16.808
2.261 3.934 -12.424
13.220 -17.639 -27.308
10.719 -21.762 -23.390
4.619 -24.932 -22.692
-1.495 -26.299 -23.994
1.804 -0.753 -8.635
2.488 -2.922 -6.680
5.032 -1.806 -6.075
-0.439 -16.133 -38.156
-4.872 -13.187 -33.343
-4.964 -12.186 -26.965
-1.361 -10.728 -21.505
-8.243 -8.676 -21.859
-10.654 -3.073 -21.250
7.189 5.930 -23.023
6.293 5.741 -17.055
3.770 4.087 -12.294
1.769 -0.028 -9.114
13.453 -17.552 -27.420
10.795 -21.705 -23.606
4.600 -24.890 -22.704
-1.594 -25.868 -23.784
2.896 -3.335 -6.740
-4.780 -32.176 -31.321
-9.568 -36.184 -27.825
-12.906 -37.370 -21.949
-16.368 -33.764 -16.938
-18.603 -27.701 -14.614
-20.691 -21.430 -16.809
-22.194 -16.987 -22.693
-26.814 -16.539 -27.202
-30.130 -19.058 -32.923
-34.410 -23.859 -34.024
-38.235 -29.249 -32.635
-40.933 -34.120 -28.191
-44.717 -33.882 -22.465
-49.127 -29.977 -18.744
-51.451 -24.383 -16.205
-54.655 -18.588 -18.066
-57.016 -14.473 -23.038
-60.630 -13.387 -28.627
-64.629 -15.733 -33.935
-67.490 -21.217 -37.198
-71.839 -25.695 -35.601
-73.651 -31.129 -31.523
-77.003 -32.925 -26.162
-80.007 -31.123 -20.531
-84.638 -16.933 -30.806
-79.463 -15.309 -27.228
-76.310 -17.058 -21.405
-72.765 -22.548 -17.921
-68.540 -27.461 -20.009
-65.184 -31.113 -24.837
-61.323 -30.686 -30.554
-58.949 -26.448 -35.928
-54.522 -20.273 -35.959
-51.087 -16.444 -32.142
-48.763 -14.085 -26.150
-45.042 -15.756 -20.509
-42.748 -20.848 -16.411
-39.189 -25.976 -15.077
-34.802 -30.886 -17.120
-31.096 -33.726 -22.281
-28.505 -33.884 -28.480
-24.490 -30.593 -33.087
-20.679 -24.820 -34.496
-17.068 -20.636 -31.367
-13.834 -18.307 -25.921
-11.898 -19.611 -19.700
-8.631 -23.647 -15.297
-4.117 -28.162 -14.826
