-42.346 -38.585 -87.868
-42.293 -36.466 -94.160
-43.380 -31.402 -98.074
-44.893 -24.999 -98.804
-46.796 -19.355 -96.388
-48.043 -15.810 -90.815
-46.158 -13.933 -85.173
-42.157 -11.839 -80.990
-36.289 -10.784 -77.425
-29.761 -10.132 -78.569
-25.370 -8.605 -83.180
-23.728 -7.693 -89.697
-24.962 -3.910 -94.155
-26.251 1.454 -97.077
-29.226 7.546 -98.817
-30.930 13.040 -95.560
-30.014 16.595 -89.842
-27.059 17.218 -83.819
-21.453 16.264 -80.637
-15.081 16.011 -80.219
-8.905 16.103 -82.274
-17.545 28.505 -92.539
-15.883 24.822 -96.823
-13.609 19.860 -99.397
-10.887 14.112 -97.701
-11.047 9.320 -93.929
-13.834 6.317 -88.435
-17.889 6.108 -83.175
-23.890 7.195 -80.246
-30.402 8.620 -80.994
-36.020 8.762 -84.114
-40.245 4.889 -87.349
-39.844 -0.233 -92.078
-36.848 -4.643 -95.812
-32.999 -10.376 -96.218
-29.299 -14.988 -93.309
-28.090 -19.538 -88.958
-31.209 -23.777 -84.650
-36.384 -24.059 -80.155
-43.504 -23.434 -79.277
-49.593 -22.300 -82.042
-54.383 -23.297 -86.348
33.728 58.722 60.852
39.071 54.900 59.148
40.040 49.841 55.510
36.782 43.676 53.964
32.017 39.725 51.179
26.265 39.915 47.214
21.645 43.354 43.741
21.246 47.854 38.413
24.116 52.522 34.604
29.346 54.038 30.767
34.932 53.249 27.516
38.309 48.951 23.749
39.735 43.229 20.825
38.069 38.245 17.228
33.967 33.872 14.160
27.464 33.431 11.943
21.134 35.841 11.851
18.907 42.268 9.930
19.122 48.818 8.628
22.309 51.666 2.954
27.110 51.927 -1.739
29.351 48.829 -7.403
30.099 42.944 -10.888
26.251 38.330 -13.877
11.598 49.546 -11.752
9.038 43.650 -9.002
12.743 38.700 -6.128
18.488 35.742 -4.604
25.364 34.930 -4.945
31.197 38.398 -3.983
33.877 43.361 -0.862
34.187 47.682 3.977
31.800 50.008 9.611
26.207 50.766 13.776
23.342 47.416 18.061
22.296 42.096 22.304
23.964 35.310 23.814
29.482 33.498 26.797
34.068 35.692 31.179
39.278 38.981 33.666
40.618 45.081 36.104
38.397 50.638 38.957
33.788 55.686 39.908
27.553 56.484 42.805
22.280 53.886 45.687
20.580 49.789 50.966
22.117 45.864 55.842
26.703 41.150 58.934
-37.222 -13.998 -1.652
-42.645 -14.396 -6.319
-48.411 -10.395 -8.057
-48.236 -4.417 -12.292
-43.719 0.119 -14.714
-37.588 1.440 -18.851
-31.916 -1.621 -22.354
-29.470 -5.521 -25.752
-28.679 -11.009 -29.909
-30.338 -17.459 -31.243
-34.891 -21.114 -34.095
-41.574 -21.010 -37.423
-44.376 -19.084 -42.913
-45.549 -12.949 -47.241
-43.505 -7.267 -50.915
2.657 7.956 0.111
-3.473 5.185 -2.120
-10.646 5.179 -4.790
-15.449 8.748 -8.941
-15.876 13.404 -13.465
-13.229 18.101 -16.982
-6.743 20.855 -18.786
0.384 19.179 -21.372
3.345 14.573 -25.436
3.759 9.337 -29.075
3.307 3.008 -31.058
-1.655 -1.862 -34.002
-6.776 -2.087 -39.000
-10.677 0.564 -44.020
-12.302 6.446 -47.631
-10.305 10.760 -51.028
-7.226 14.297 -55.104
12.206 2.672 -56.027
8.758 3.265 -51.712
7.130 8.099 -48.554
4.541 13.944 -46.503
-1.854 17.750 -44.163
-6.873 16.950 -39.611
-12.686 14.090 -37.555
-15.967 8.903 -33.622
-14.361 3.088 -29.362
-8.632 -0.081 -25.823
-1.901 0.598 -22.662
2.025 4.444 -19.771
4.639 10.195 -16.784
4.174 15.931 -13.618
1.025 20.794 -10.519
-3.129 24.004 -7.620
-8.324 23.703 -3.273
-13.285 21.666 0.213
-26.553 -18.028 -52.482
-26.627 -12.617 -50.023
-29.283 -6.141 -47.162
-34.864 -2.593 -43.485
-40.134 -2.357 -38.410
-45.569 -4.597 -35.555
-49.444 -10.812 -33.328
-48.349 -16.669 -30.493
-43.223 -19.857 -26.238
-36.763 -19.672 -22.994
-32.324 -15.997 -19.525
-28.822 -10.307 -16.123
-29.167 -4.948 -12.625
-31.867 0.031 -10.695
-36.426 3.383 -7.920
-41.862 3.260 -3.485
-6.537 -27.486 -5.371
-6.760 -23.246 -10.135
-7.576 -16.844 -9.822
-7.648 -11.408 -6.331
-5.944 -8.204 -0.988
-2.108 -7.645 4.182
3.401 -9.139 7.211
9.484 -11.303 6.953
14.821 -12.502 3.518
18.384 -11.468 -1.772
19.814 -7.788 -6.887
19.573 -2.057 -9.860
18.757 4.345 -9.547
18.685 9.781 -6.058
20.388 12.986 -0.713
34.635 2.533 -2.823
31.613 0.558 2.869
26.529 1.451 6.755
20.484 3.561 7.612
14.779 5.272 5.106
10.590 5.120 0.190
8.512 2.353 -5.266
8.331 -2.782 -9.184
9.115 -9.133 -10.072
9.555 -15.086 -7.599
8.481 -19.175 -2.713
5.295 -20.650 2.712
0.212 -19.757 6.596
-5.834 -17.647 7.453
2.531 -23.272 -17.774
0.757 -26.263 -20.816
-3.834 -27.485 -24.202
-10.630 -27.233 -25.154
-15.927 -25.541 -22.312
-19.269 -21.925 -17.980
-19.052 -17.040 -12.896
-16.410 -11.304 -10.705
-12.565 -5.607 -12.013
-11.228 -0.185 -17.068
-13.764 2.734 -22.037
-16.639 3.591 -27.828
-22.170 2.964 -32.182
-28.281 1.493 -33.304
-34.018 2.874 -29.652
-37.802 3.953 -24.758
-39.775 7.176 -19.527
-40.372 11.743 -15.988
-30.959 18.791 -27.370
-26.887 20.956 -21.811
-23.546 15.161 -19.148
-24.560 11.095 -14.628
-27.037 4.677 -13.650
-29.551 -0.517 -15.138
-31.062 -5.866 -19.234
-28.592 -9.004 -24.362
-24.495 -10.816 -29.259
-18.073 -10.514 -29.792
-11.961 -9.081 -29.439
-6.904 -8.986 -25.068
-4.563 -9.020 -18.297
-5.571 -11.828 -12.652
-8.748 -16.485 -9.167
-11.423 -22.225 -7.807
-11.977 -28.361 -9.535
-12.811 -34.239 -13.731
4.661 11.171 14.121
2.552 13.206 17.732
-1.482 14.891 21.728
-8.160 15.077 23.308
-13.829 13.293 21.262
-17.748 9.812 17.206
-18.247 4.891 12.263
-15.749 -0.757 9.628
-11.853 -6.661 10.487
-10.297 -12.041 15.378
-12.571 -15.031 20.474
-14.793 -15.879 26.498
-19.759 -15.037 31.445
-25.860 -14.317 32.841
-31.850 -15.504 29.568
-36.075 -16.108 24.957
-38.514 -19.353 19.970
-39.500 -23.901 16.650
-32.026 -32.179 22.204
-25.526 -33.596 20.317
-22.553 -28.043 18.045
-24.124 -23.385 13.549
-26.401 -16.823 13.115
-28.442 -11.597 14.781
-29.585 -6.295 18.938
-26.837 -3.114 23.966
-22.451 -1.231 28.442
-15.933 -1.787 28.753
-9.861 -3.334 27.868
-5.138 -3.465 23.141
-3.246 -3.230 16.194
-4.661 -0.464 10.653
-7.846 4.371 7.423
-11.347 9.847 6.390
-11.333 16.112 8.087
-11.472 22.089 12.261
17.369 0.146 129.554
16.791 4.886 124.734
12.913 7.609 121.769
14.190 1.680 119.115
-8.032 32.679 -14.737
-3.615 37.439 -15.639
-0.432 42.884 -13.460
0.768 48.401 -9.483
1.478 49.856 -2.953
2.551 47.219 2.930
3.415 42.218 7.411
5.983 36.228 8.622
9.935 31.222 7.047
15.128 28.615 3.774
21.334 29.620 1.682
18.194 47.201 3.333
18.314 44.783 -3.243
15.093 40.240 -6.782
12.825 33.766 -7.921
8.405 29.747 -4.560
2.916 29.951 -0.550
-1.879 33.140 3.079
-5.728 38.515 4.307
-8.892 43.917 2.298
-11.334 47.638 -2.771
-12.523 49.857 -8.307
0.450 37.979 26.201
1.268 41.669 31.851
1.142 41.528 38.642
-0.131 39.388 44.191
-0.043 34.852 48.731
0.999 28.896 51.201
5.480 24.012 51.955
9.881 19.752 48.509
15.974 21.135 45.937
21.360 25.290 46.129
24.749 30.096 47.635
26.895 34.905 52.018
26.937 37.558 57.900
29.412 36.027 63.805
29.101 32.059 69.588
31.214 25.687 70.498
36.678 23.718 53.750
32.101 19.459 56.720
27.052 19.026 60.837
21.403 21.778 63.250
17.855 27.309 65.623
15.477 32.673 62.705
14.683 36.782 56.981
15.650 38.185 50.296
15.893 36.154 43.817
14.838 31.315 39.306
10.523 27.018 36.685
5.471 22.178 37.413
-0.941 22.337 39.102
-6.491 26.188 39.662
-10.433 31.412 41.567
-12.713 36.926 39.243
-8.720 -18.659 -25.941
-2.883 -15.213 -25.601
0.540 -14.056 -30.803
3.268 -10.828 -35.046
6.824 -6.068 -37.497
10.305 -0.184 -37.101
15.543 2.317 -33.888
18.455 3.997 -27.564
21.404 0.064 -22.926
24.801 -5.906 -21.929
27.086 -11.287 -23.477
30.736 -15.017 -27.416
33.483 -16.325 -33.594
39.079 -14.356 -36.881
42.796 -9.305 -40.225
47.894 -6.357 -38.363
44.457 -7.829 -20.922
40.739 -2.082 -23.134
39.082 1.105 -28.725
35.183 1.138 -34.417
32.045 -1.730 -39.794
27.667 -6.589 -40.654
22.729 -10.897 -38.011
20.496 -15.232 -32.604
16.268 -14.237 -26.479
14.374 -10.121 -21.779
10.842 -4.787 -20.193
7.941 1.710 -20.769
3.806 4.581 -25.430
-0.933 2.637 -30.542
-3.267 0.332 -35.549
-9.270 -2.764 -36.873
-29.724 -30.058 -1.625
-23.888 -32.462 -3.766
-20.110 -36.388 0.155
-17.425 -41.274 2.036
-13.750 -46.805 1.461
-10.237 -51.393 -1.633
-4.708 -51.955 -5.404
-2.366 -50.300 -11.962
0.649 -44.339 -13.898
4.008 -38.944 -11.678
6.513 -35.240 -7.476
9.966 -33.901 -1.901
12.528 -36.267 3.969
17.658 -39.815 6.098
22.334 -44.943 6.540
27.553 -46.686 3.300
23.924 -37.483 -11.344
20.027 -43.472 -11.989
17.752 -48.943 -8.699
13.641 -51.617 -4.070
10.732 -51.431 2.353
7.009 -47.057 5.773
2.065 -42.167 4.934
-0.441 -36.201 2.100
-4.515 -34.088 -3.528
-6.478 -35.232 -9.718
-10.064 -39.016 -13.923
-13.115 -44.898 -16.383
-17.076 -49.606 -13.593
-21.485 -50.523 -8.445
-24.010 -51.141 -2.846
-29.832 -49.503 0.296
-11.192 -5.992 33.678
-12.779 -2.566 28.105
-13.055 -3.042 21.341
-12.292 -5.512 15.892
-12.809 -10.462 11.615
-14.098 -16.497 9.705
-18.857 -20.995 9.731
-23.318 -25.113 13.334
-29.138 -23.387 16.155
-34.309 -18.958 16.179
-37.289 -13.810 14.700
-38.970 -8.941 10.382
-39.426 -6.854 4.146
-42.057 -8.353 -1.566
-42.606 -12.814 -7.069
-45.441 -18.869 -8.123
-50.833 -21.028 9.314
-46.040 -24.594 6.283
-41.093 -25.404 1.996
-35.564 -23.002 -0.703
-31.688 -17.754 -3.237
-28.906 -12.329 -0.865
-27.602 -8.423 4.910
-28.324 -6.376 11.438
-28.319 -8.168 17.942
-27.060 -12.683 22.530
-22.717 -17.109 25.174
-18.025 -22.202 24.451
-11.778 -22.137 22.433
-6.018 -18.816 20.683
-1.755 -14.800 19.704
1.667 -10.110 22.194
4.212 -2.259 -18.548
7.131 -7.362 -15.050
12.639 -10.797 -12.408
18.458 -9.092 -10.062
22.062 -4.145 -7.000
23.722 1.852 -5.143
22.026 6.676 -0.778
17.037 11.281 1.440
11.469 10.156 5.036
8.249 6.153 9.382
7.375 1.316 12.945
9.142 -3.087 17.306
13.645 -6.354 21.056
17.455 -5.318 26.340
22.697 -1.735 29.563
11.978 11.754 23.858
18.187 11.662 22.155
23.026 8.339 18.736
26.477 2.534 16.791
24.652 -2.990 13.402
20.033 -6.311 9.717
14.042 -7.457 6.529
8.528 -4.799 3.352
5.839 0.317 0.301
6.252 5.169 -4.527
10.031 9.512 -8.389
14.882 8.822 -12.971
18.975 5.583 -17.016
21.502 0.301 -19.808
21.346 -6.639 -21.177
7.379 9.027 76.382
13.966 10.043 74.373
18.455 7.274 70.147
20.809 2.409 66.284
19.664 -2.817 62.513
15.754 -5.838 58.246
11.476 -5.240 53.256
5.278 -2.684 50.798
3.731 3.502 48.664
5.925 9.557 46.448
9.917 13.844 44.975
15.294 16.121 42.106
21.133 15.228 38.973
23.554 13.040 33.244
24.114 7.546 28.696
5.899 8.670 29.960
8.981 3.054 30.999
13.965 -0.316 34.189
20.547 -0.510 36.740
23.285 2.387 42.102
22.723 6.443 47.522
19.836 10.724 51.968
14.212 12.747 55.298
8.175 11.458 57.256
3.762 7.267 60.337
1.646 0.764 61.760
4.062 -4.194 65.491
8.717 -7.170 69.399
14.118 -7.766 73.030
18.943 -4.705 76.935
201.255 117.602 148.843
198.658 119.455 154.146
196.681 122.820 160.383
195.303 128.920 161.576
196.632 135.890 160.708
196.127 141.369 155.745
193.499 142.221 149.519
189.253 141.482 144.497
149.385 146.373 145.877
145.033 150.586 145.078
141.059 156.024 146.303
140.607 161.591 144.295
143.119 167.799 142.752
148.355 171.801 140.153
153.688 172.195 136.126
156.796 169.786 130.796
157.210 165.939 125.482
154.284 163.122 119.920
148.212 160.119 117.394
141.690 163.514 115.814
138.330 169.459 114.040
136.831 175.371 113.267
139.325 182.564 112.528
143.999 185.823 109.047
149.784 185.651 104.977
153.643 182.004 100.660
152.332 178.514 95.024
185.605 161.939 185.985
179.310 161.933 181.953
179.995 157.658 176.499
176.223 152.834 174.387
171.685 154.534 169.356
168.935 154.889 164.373
164.853 152.576 160.664
160.342 148.615 159.561
156.146 144.879 161.235
152.317 142.902 165.324
149.259 143.520 170.060
147.078 147.366 174.525
145.145 151.272 177.094
137.904 183.268 95.799
134.966 176.479 95.720
139.580 171.345 98.246
145.697 169.371 99.185
151.142 171.609 102.269
153.936 174.994 107.308
153.985 178.135 113.450
150.150 180.266 119.029
144.926 178.998 123.851
139.505 173.999 125.337
138.151 166.772 126.437
139.941 160.467 128.123
144.980 155.664 128.981
151.496 154.834 130.768
157.154 156.973 134.275
159.730 160.988 139.271
158.892 164.034 144.698
156.268 164.463 150.598
152.969 162.944 155.274
150.193 159.485 158.943
152.452 162.046 163.054
155.312 162.913 167.880
157.888 160.748 173.242
159.423 156.338 176.759
161.373 150.556 178.482
163.121 144.796 177.430
163.543 138.719 174.217
166.518 136.685 169.045
169.557 136.562 163.375
172.727 139.910 158.894
177.161 144.988 157.090
177.451 139.711 157.690
179.917 132.604 157.508
183.694 128.624 152.608
188.009 128.043 147.124
190.925 133.389 143.899
198.554 134.287 143.343
203.240 135.422 148.344
206.367 135.053 154.004
16.938 8.295 -7.751
20.629 4.438 -11.609
21.353 -1.359 -14.793
19.644 -6.816 -17.360
15.540 -11.815 -19.251
9.849 -12.902 -22.257
4.756 -10.517 -26.162
0.767 -5.939 -28.952
1.169 -0.617 -32.928
2.694 5.394 -35.304
7.364 8.059 -38.786
13.497 8.073 -42.048
18.309 4.128 -45.052
19.498 -1.467 -48.170
17.819 -6.914 -51.426
0.652 -1.245 -53.038
1.971 -6.774 -49.358
7.489 -10.167 -45.944
13.007 -9.771 -42.671
16.989 -7.150 -38.140
19.874 -1.681 -34.896
18.413 3.861 -31.588
14.272 6.509 -27.155
8.415 6.564 -23.591
3.495 4.073 -20.061
1.507 -0.648 -16.078
1.885 -6.428 -12.951
6.358 -9.672 -9.093
12.167 -11.089 -6.576
17.655 -9.249 -3.801
22.882 4.487 -5.563
20.571 1.819 -9.729
16.698 -3.204 -11.134
11.122 -6.061 -12.526
4.647 -5.562 -15.582
0.744 -2.189 -19.143
-1.080 1.970 -23.844
-1.028 7.964 -27.921
3.752 9.770 -32.455
9.593 8.722 -35.904
15.279 4.599 -36.986
17.135 -2.480 -38.190
15.037 -8.861 -41.285
11.286 -11.709 -45.695
5.436 -12.991 -49.193
0.418 -10.646 -53.340
-3.802 -5.673 -56.219
-2.056 -0.965 -60.867
14.928 1.501 -56.241
11.906 4.486 -54.579
5.489 7.523 -52.715
0.768 5.730 -48.879
-2.891 1.245 -45.277
-2.961 -3.594 -41.278
-0.177 -8.880 -37.071
5.485 -10.542 -33.321
11.776 -9.606 -30.239
15.526 -3.933 -28.891
17.049 3.036 -28.305
14.769 9.482 -27.100
11.936 12.626 -22.230
7.388 12.451 -16.875
4.668 11.770 -12.122
0.341 6.881 -10.193
0.612 3.886 -6.024
-7.189 9.565 37.988
-2.501 6.211 34.301
-0.757 0.680 31.397
-0.923 -4.850 28.833
-3.404 -10.682 26.520
-8.140 -12.774 22.630
-13.431 -11.291 18.572
-18.749 -7.684 16.040
-18.719 -2.456 12.134
-17.563 3.910 9.828
-12.869 7.500 7.104
-7.689 7.417 3.567
-2.665 4.760 0.411
-0.946 -0.613 -3.276
-2.444 -5.523 -7.162
-20.239 -3.751 -4.870
-17.038 -9.167 -2.657
-11.673 -11.107 0.466
-6.013 -10.823 3.379
-2.664 -7.512 8.193
-0.581 -1.284 11.351
-2.380 4.707 14.308
-7.362 6.688 18.508
-13.026 5.672 22.097
-17.185 2.489 25.480
-19.961 -3.087 28.428
-18.631 -8.631 31.585
-14.424 -10.953 35.978
-8.847 -10.399 39.316
-3.711 -7.725 42.346
-16.051 8.109 -0.024
-19.373 3.711 3.873
-19.489 -2.009 6.851
-17.890 -7.635 9.098
-14.135 -12.556 11.128
-8.857 -13.639 14.579
-3.731 -11.115 18.302
0.560 -6.393 20.484
-0.098 -0.977 24.211
-2.539 4.889 26.662
-7.706 7.135 29.678
-12.988 6.078 33.537
-17.205 2.553 37.441
-16.940 -2.397 41.437
-14.054 -7.844 44.579
2.155 -0.859 41.739
0.380 -7.042 39.477
-4.531 -10.498 36.892
-10.450 -11.447 34.209
-14.467 -9.074 29.799
-18.302 -4.066 26.775
-17.743 1.577 23.332
-13.828 4.931 19.291
-8.186 5.261 15.397
-3.539 3.254 11.665
-0.175 -1.528 8.314
-0.490 -7.146 4.970
-4.430 -10.202 0.875
-10.295 -10.721 -2.121
-15.693 -9.118 -4.763
15.978 -10.269 25.934
11.398 -13.410 23.070
5.791 -12.223 19.213
0.666 -8.411 16.610
0.591 -2.906 12.922
2.202 3.739 11.556
7.556 7.086 9.436
12.980 6.747 5.905
17.450 3.660 1.958
18.550 -0.752 -2.788
16.493 -5.008 -7.388
12.468 -9.392 -10.737
6.919 -8.995 -14.090
2.725 -5.109 -17.646
-0.903 0.522 -19.265
13.271 11.343 -15.768
7.579 11.258 -12.195
3.524 7.748 -8.740
-0.860 2.946 -6.819
-1.155 -3.129 -4.646
1.950 -8.068 -1.316
7.625 -11.401 0.682
13.458 -11.222 3.500
16.984 -8.089 8.226
19.048 -2.267 11.456
16.699 3.310 14.529
11.757 6.016 18.302
5.982 5.145 21.830
1.664 1.947 25.371
-0.736 -3.701 28.491
-15.473 10.319 26.075
-10.979 12.931 22.923
-5.300 11.824 18.983
-0.202 8.158 16.333
0.215 2.661 12.534
-1.362 -3.710 10.720
-6.549 -7.062 8.253
-12.078 -7.041 4.874
-16.800 -3.964 1.235
-18.389 0.929 -2.969
-16.678 6.002 -7.027
-12.414 9.540 -10.718
-6.979 9.269 -14.476
-2.768 5.422 -18.152
0.117 -0.647 -19.775
-13.992 -10.919 -15.830
-8.541 -10.927 -12.648
-3.493 -7.943 -9.651
0.226 -3.029 -7.079
1.167 3.349 -5.023
-2.062 8.415 -2.335
-7.625 11.462 0.158
-13.252 10.866 3.394
-16.864 7.619 8.144
-18.617 1.690 11.232
-16.331 -3.803 14.441
-11.380 -6.092 18.255
-5.549 -5.520 21.893
-1.417 -2.292 25.403
0.924 3.268 28.646
18.449 -5.663 29.732
16.210 -11.268 26.535
11.124 -14.099 23.256
5.527 -13.040 19.624
0.513 -9.146 16.972
0.137 -3.779 13.480
1.632 2.594 11.797
6.769 6.292 9.719
12.557 6.399 6.551
17.351 3.547 2.786
18.787 -0.580 -2.073
16.879 -4.841 -6.805
12.643 -9.007 -10.355
7.040 -8.811 -13.530
2.398 -5.169 -16.997
9.413 10.360 -11.386
4.207 8.502 -8.073
-0.063 3.437 -5.836
-0.832 -2.959 -4.168
2.284 -7.935 -1.161
7.934 -11.566 0.829
13.791 -11.351 3.628
17.364 -8.089 8.363
18.966 -2.218 11.747
16.402 2.909 15.104
11.472 5.239 18.981
5.648 4.359 22.471
0.837 1.058 25.810
-0.527 -4.349 29.272
1.308 -9.640 32.727
-19.079 7.102 31.199
-16.092 10.714 26.298
-11.446 13.570 22.999
-5.857 12.617 19.126
-0.621 9.524 16.343
1.202 3.694 13.568
-0.213 -2.659 12.033
-4.996 -6.732 9.807
-10.765 -7.326 6.455
-15.847 -4.171 3.077
-17.573 0.605 -1.062
-16.311 5.786 -4.831
-12.415 8.088 -9.740
-7.276 9.194 -13.733
-1.904 5.007 -17.065
-5.611 -10.061 -14.067
-1.083 -8.624 -9.326
2.468 -3.590 -6.970
2.093 2.238 -3.975
-1.229 7.552 -2.211
-6.757 10.887 0.002
-12.701 10.358 2.739
-16.368 7.011 7.277
-17.738 1.237 10.787
-15.173 -3.578 14.560
-10.624 -5.705 18.592
-4.975 -4.615 22.520
-1.374 -1.284 26.222
0.633 4.385 29.746
-2.329 9.320 32.939
-1.146 -1.550 -30.129
-1.040 4.481 -27.862
-3.196 10.526 -26.150
-8.143 13.017 -22.806
-13.971 12.113 -19.153
-19.403 8.677 -16.526
-20.545 3.483 -13.660
-19.772 -2.946 -11.356
-15.207 -7.072 -9.124
-9.452 -7.920 -5.929
-4.007 -4.513 -2.710
-2.021 0.500 1.634
-3.432 4.392 6.092
-7.164 6.882 10.948
-13.114 9.110 13.645
-18.171 -8.248 11.972
-20.887 -3.757 7.873
-21.711 1.957 5.119
-18.914 7.584 2.436
-13.239 10.675 0.114
-7.025 10.208 -2.626
-3.374 6.926 -6.912
-1.516 1.409 -10.652
-3.884 -3.690 -14.082
-8.691 -5.804 -18.406
-14.717 -5.123 -21.985
-19.610 -1.761 -25.408
-20.122 3.722 -29.570
-17.841 9.871 -31.743
-12.532 11.018 -35.979
197.636 23.575 187.250
197.157 21.881 180.960
195.238 16.779 176.659
191.369 11.491 176.323
185.194 8.990 178.610
179.805 9.058 182.156
174.893 11.926 185.414
171.457 16.908 187.807
168.975 22.767 186.232
168.999 28.374 182.416
170.961 32.052 176.852
172.002 31.843 170.312
172.000 28.632 164.373
169.722 23.402 160.826
164.675 19.244 159.770
155.196 27.196 172.118
157.365 20.691 173.256
161.437 15.625 170.655
167.092 14.609 167.472
173.552 17.485 166.447
177.987 22.268 168.485
180.123 27.079 172.764
180.714 29.738 178.659
181.388 28.721 185.021
182.195 25.026 190.262
184.246 19.464 193.539
186.077 12.988 193.149
188.176 7.693 190.020
192.502 5.353 185.845
197.903 5.658 182.697
191.925 31.216 212.135
186.697 26.937 210.489
181.030 23.899 213.395
175.607 25.430 216.606
170.472 30.212 216.683
167.714 35.942 215.131
166.524 41.123 211.340
166.620 44.602 205.764
166.612 44.041 199.184
167.321 40.307 193.648
167.897 34.372 190.133
165.703 28.070 189.760
161.939 22.884 191.974
156.415 20.956 195.468
150.206 22.649 197.247
150.577 36.964 187.936
150.183 37.415 194.863
150.607 33.495 200.670
153.647 28.276 203.201
159.605 24.369 202.768
166.017 24.172 200.523
171.539 26.695 197.585
175.662 31.541 196.232
178.535 36.850 198.471
179.795 41.358 203.031
179.716 44.213 209.115
179.518 43.091 215.543
178.680 39.738 221.227
178.773 34.215 224.825
181.681 28.388 225.798
202.145 48.877 173.828
198.924 54.651 171.132
197.298 56.767 164.899
194.966 54.794 159.323
190.988 49.868 156.275
187.738 44.328 155.958
183.889 39.710 158.410
180.295 36.460 162.725
176.049 37.216 167.782
173.126 41.296 172.272
171.701 47.476 175.021
170.004 53.691 173.676
168.275 58.666 169.380
166.451 60.089 162.974
163.277 58.462 157.565
157.487 43.934 165.446
161.614 43.302 159.819
165.767 47.065 155.667
169.749 52.332 155.473
173.949 56.435 159.559
177.342 57.127 165.430
179.515 54.772 171.296
181.716 50.111 175.424
185.201 44.689 176.029
189.122 40.040 173.786
193.155 36.888 169.424
196.907 37.288 164.155
200.111 40.226 159.176
202.787 45.404 156.241
206.536 50.079 156.643
198.628 58.281 200.658
192.004 58.986 202.589
187.500 64.274 203.848
184.787 69.396 201.075
181.934 71.374 195.048
180.735 71.045 188.707
179.830 67.964 183.028
177.934 62.968 179.440
174.989 56.933 179.201
172.664 51.427 182.343
169.995 48.050 187.814
166.235 48.868 193.281
162.064 52.705 196.950
157.969 58.075 197.335
153.752 62.028 194.128
156.097 52.918 179.287
158.493 59.466 180.003
159.420 64.744 184.538
161.224 66.155 190.765
164.945 63.266 196.137
169.352 58.548 198.105
173.893 53.708 196.952
178.507 50.711 193.477
183.575 51.241 189.575
187.685 54.794 185.925
190.880 60.156 183.735
193.469 65.709 185.698
194.605 71.190 189.112
194.328 74.930 194.614
193.901 75.254 201.207
101.961 113.229 141.837
105.477 119.821 141.550
111.997 120.825 139.248
116.974 119.702 134.848
118.247 119.124 128.200
115.889 119.163 121.901
111.045 120.564 117.658
105.807 124.621 117.114
103.352 131.352 117.021
103.941 137.718 119.520
106.296 142.758 122.261
111.433 146.338 123.267
118.106 148.718 123.851
123.696 148.071 121.181
117.994 154.404 108.119
113.080 149.987 107.949
113.493 143.608 106.744
117.263 137.840 107.905
121.287 135.115 112.784
122.604 134.891 119.387
120.913 135.501 125.738
115.830 136.675 130.258
109.725 135.233 131.335
103.728 132.359 129.524
100.084 126.398 126.473
100.478 119.130 124.446
103.593 113.264 124.613
108.445 108.753 126.412
112.260 106.953 131.711
114.551 107.558 138.342
137.104 116.398 108.319
137.827 118.475 104.550
133.254 119.821 104.927
136.063 124.451 106.893
137.930 123.038 110.122
140.197 119.512 108.935
20.869 28.465 -11.042
25.395 25.333 -8.123
30.262 27.032 -4.141
32.233 21.950 -0.348
30.882 19.662 5.195
26.802 17.028 9.655
23.174 11.925 11.902
17.445 8.047 10.468
15.190 4.273 5.119
17.108 2.189 -1.258
20.695 -1.050 -5.075
27.130 -4.088 -6.856
31.618 -9.380 -3.950
32.709 -13.552 -0.031
33.084 -17.294 5.675
13.529 -15.571 -0.594
16.133 -12.666 4.584
18.424 -10.360 9.870
24.473 -7.314 12.416
30.232 -4.849 10.925
34.120 -1.243 7.082
34.531 2.628 1.534
31.522 5.516 -3.511
24.906 7.915 -5.929
19.876 10.526 -5.420
14.433 12.987 -2.226
12.361 16.077 3.279
14.940 21.201 6.461
19.277 25.121 9.016
24.812 29.573 7.614
24.197 -9.298 -30.291
22.341 -6.903 -35.835
20.954 -6.526 -42.126
21.069 -8.417 -48.805
19.932 -13.487 -53.294
15.497 -18.910 -53.809
10.443 -22.731 -51.181
5.591 -25.363 -46.756
0.146 -23.221 -42.876
-4.451 -18.520 -40.051
-6.457 -11.764 -40.625
-8.167 -7.493 -46.040
-9.410 -7.652 -52.998
-13.135 -10.147 -57.961
-16.846 -15.171 -59.350
-22.304 -19.444 -58.892
-28.221 -21.892 -56.222
-33.973 -19.766 -52.953
-38.224 -14.759 -51.417
-28.772 -3.532 -62.989
-26.901 -3.097 -56.970
-25.521 -4.809 -50.903
-25.668 -8.775 -45.207
-24.590 -15.045 -42.621
-20.213 -20.385 -43.913
-15.193 -23.188 -47.653
-10.360 -24.280 -52.703
-4.885 -21.044 -55.678
-0.243 -15.726 -56.826
1.834 -9.554 -54.080
3.579 -7.301 -47.567
4.805 -9.737 -41.043
8.501 -13.754 -37.175
12.151 -18.992 -37.512
17.572 -22.933 -39.348
23.467 -24.437 -42.680
29.247 -21.418 -45.085
33.552 -16.229 -44.910
-14.454 -30.444 24.881
-13.582 -36.352 21.340
-17.491 -41.099 18.528
-23.388 -41.494 15.501
-28.761 -38.621 12.653
-32.146 -33.832 9.700
-31.873 -29.647 5.063
-27.947 -24.848 1.675
-22.423 -24.367 -2.101
-16.499 -26.779 -4.716
-28.754 -39.708 -9.204
-24.409 -42.442 -4.050
-18.379 -41.555 -1.797
-14.755 -37.006 1.833
-14.587 -30.805 4.095
-17.082 -25.561 7.378
-20.251 -23.524 12.461
-26.598 -23.832 16.046
-30.110 -28.528 19.149
-31.138 -34.795 21.636
18.296 5.201 25.105
13.393 10.073 25.472
8.304 12.969 22.721
2.329 10.703 21.470
-1.994 6.860 21.565
-5.814 2.429 22.580
-8.250 -3.549 25.109
-6.836 -8.344 29.737
-3.381 -10.292 35.080
0.644 -9.142 40.378
3.130 -4.712 44.965
2.847 1.377 47.900
-0.009 7.088 50.134
-6.225 9.731 51.184
-12.833 8.597 52.050
-18.004 4.701 53.768
-19.996 -0.709 57.103
-19.509 -6.050 61.109
-4.118 -0.326 68.118
-4.050 -5.469 63.809
-6.317 -8.061 58.146
-10.294 -9.055 52.747
-13.479 -6.390 47.426
-14.018 -1.531 42.967
-12.706 4.375 39.688
-7.291 8.170 37.631
-0.675 8.370 36.811
5.428 5.534 35.919
8.793 0.248 33.702
9.386 -4.578 29.456
8.927 -7.609 24.261
8.754 -7.653 17.751
9.094 -3.726 12.463
10.025 1.868 9.174
10.039 8.871 8.103
12.135 14.391 11.085
-19.706 -14.211 11.101
-24.622 -16.109 14.142
-28.779 -15.870 19.470
-31.000 -10.802 22.924
-30.604 -4.379 24.835
-26.884 1.615 25.240
-23.473 6.367 21.968
-22.942 9.081 15.985
-23.087 9.645 8.989
-27.756 9.358 4.258
-33.941 9.169 2.443
-40.492 8.845 3.213
-45.946 10.402 6.793
-48.792 14.067 11.867
-47.983 19.662 15.448
-44.724 25.454 17.072
-41.158 30.768 15.219
-41.742 35.746 11.119
-54.577 26.607 1.997
-48.934 24.897 -1.962
-42.404 24.996 -1.214
-36.162 26.901 1.107
-33.281 26.134 7.362
-33.298 23.712 13.568
-34.787 18.952 17.595
-38.624 14.224 20.763
-40.153 8.001 19.285
-40.814 2.443 15.403
-37.789 -1.167 10.778
-32.331 -3.473 7.532
-25.594 -3.666 6.858
-19.918 -2.676 10.149
-15.817 -0.406 15.195
-15.204 -2.093 21.586
-16.893 -4.618 27.236
-19.540 -10.191 29.931
-71.332 -7.867 43.179
-73.806 -12.980 38.014
-78.519 -12.344 32.906
-82.731 -10.037 29.040
-84.892 -5.787 24.367
-82.913 -1.938 19.639
-78.153 -2.456 14.742
-72.359 -4.705 12.226
-67.757 -8.480 12.061
-66.424 -13.908 12.504
-67.892 -19.559 12.840
-71.434 -24.648 14.071
-75.475 -28.945 15.505
-81.555 -31.841 16.513
-86.296 -31.568 11.490
-90.454 -29.982 7.333
-90.985 -28.417 1.526
-88.694 -27.768 -3.989
-85.476 -28.645 -8.458
-82.206 -33.178 -10.050
-80.317 -39.506 -8.456
-78.841 -44.496 -6.080
-92.012 -45.184 9.812
-96.541 -41.632 7.785
-92.191 -39.905 5.066
-86.995 -37.991 8.176
-80.502 -38.448 8.295
-75.869 -36.337 5.940
-72.979 -32.113 3.747
-72.315 -26.497 1.871
-75.028 -21.395 1.478
-79.191 -17.444 2.675
-83.845 -15.342 5.902
-87.213 -15.451 10.727
-87.740 -16.792 16.506
-85.550 -18.330 21.673
-77.350 -15.753 25.882
-72.114 -14.435 27.717
-67.567 -10.752 28.038
-65.843 -5.376 27.665
-66.797 -0.008 27.582
-70.931 4.667 28.851
-76.718 6.179 30.453
-81.024 4.078 34.118
-84.515 1.151 37.912
-70.571 -7.058 45.475
-73.640 -13.013 42.019
-80.004 -13.805 38.404
-84.985 -11.280 34.199
-85.968 -7.175 28.509
-84.316 -3.980 23.353
-80.064 -3.612 18.046
-75.591 -5.938 14.453
-70.216 -9.366 13.048
-68.320 -14.571 12.852
-69.361 -20.720 12.744
-73.043 -25.792 13.594
-77.323 -30.015 14.725
-83.388 -32.902 15.989
-88.155 -32.474 10.938
-92.498 -30.945 6.793
-93.166 -29.226 1.070
-90.909 -28.438 -4.320
-87.755 -29.251 -8.955
-84.609 -32.987 -11.279
-82.381 -39.082 -10.272
-79.744 -44.662 -8.082
-93.438 -46.302 9.446
-98.215 -43.214 7.491
-93.586 -41.310 3.415
-88.514 -40.003 6.958
-82.148 -39.490 7.174
-77.514 -36.950 5.054
-74.945 -32.605 2.711
-74.414 -26.928 1.115
-77.102 -21.871 0.699
-81.611 -18.090 2.162
-86.133 -16.058 5.692
-89.244 -16.323 10.488
-89.538 -17.857 16.265
-86.972 -19.614 21.372
-81.190 -17.563 25.893
-76.658 -17.255 27.258
-71.845 -17.195 27.686
-67.941 -13.226 27.425
-67.137 -7.505 27.298
-69.384 -1.872 28.391
-73.944 2.115 29.813
-78.974 4.159 32.753
-83.319 3.349 36.997
-70.637 -6.996 46.004
-73.712 -11.313 42.085
-78.206 -13.316 38.565
-83.653 -12.655 34.996
-85.456 -10.690 29.682
-85.075 -8.317 23.700
-81.104 -7.360 18.469
-76.217 -7.354 14.985
-70.694 -9.768 13.142
-67.469 -14.491 12.324
-68.885 -20.845 13.102
-70.949 -26.330 14.763
-75.766 -30.055 15.709
-81.954 -32.543 16.527
-86.707 -31.877 11.584
-90.794 -30.397 7.545
-91.502 -28.637 1.788
-89.249 -28.142 -3.744
-86.224 -28.914 -8.345
-83.084 -33.217 -10.232
-81.228 -39.245 -9.268
-79.634 -44.721 -7.233
-93.014 -45.861 9.913
-96.903 -41.940 7.954
-91.172 -39.954 5.338
-87.671 -39.739 7.764
-81.029 -39.186 8.256
-76.433 -36.869 6.080
-73.377 -32.810 3.606
-72.778 -27.195 1.896
-75.222 -21.782 1.447
-79.420 -18.012 2.943
-83.954 -15.789 6.161
-87.025 -15.909 11.115
-87.298 -17.363 16.980
-85.213 -19.083 22.056
-74.099 -20.174 28.332
-69.227 -17.454 28.838
-66.733 -12.612 28.596
-66.634 -6.816 28.114
-69.314 -1.785 27.694
-73.647 2.095 28.144
-78.700 3.982 30.545
-82.706 3.580 34.527
-85.820 1.351 39.573
239.324 305.894 220.038
236.835 301.179 216.049
237.931 296.126 211.857
242.064 291.447 209.618
247.571 287.819 210.518
252.115 285.445 214.738
253.790 283.948 220.985
251.880 282.522 227.168
247.156 280.451 231.321
241.402 277.324 232.290
236.667 273.259 230.049
234.827 268.577 225.718
236.570 264.017 221.216
241.240 259.990 218.780
246.991 256.786 219.633
251.488 254.308 223.864
252.822 252.100 229.987
250.581 249.743 235.763
245.641 246.928 239.209
239.966 243.486 239.154
235.806 239.457 235.885
236.024 236.128 229.840
237.434 237.875 224.051
243.020 235.470 220.059
247.620 230.795 218.960
249.681 224.497 219.977
248.051 218.274 221.678
243.385 213.621 222.298
237.314 211.387 220.790
232.041 211.556 216.774
229.480 213.080 210.865
230.171 214.451 204.544
233.579 216.472 199.579
239.849 199.029 208.157
244.925 203.316 207.878
247.040 209.309 206.327
245.793 215.753 204.884
241.516 220.836 205.239
236.346 223.661 208.268
232.339 224.044 213.558
231.203 222.529 219.963
233.736 220.552 225.828
239.094 220.011 229.746
245.216 222.044 231.286
249.843 226.749 231.050
251.265 232.895 228.778
248.248 236.667 223.978
242.696 239.886 222.200
237.467 243.542 224.032
234.800 247.801 228.345
235.591 252.157 233.300
239.645 256.180 236.724
245.254 259.681 236.932
250.239 262.601 233.728
252.869 264.730 228.002
251.842 266.521 221.672
247.589 268.682 217.042
241.975 271.911 215.631
237.243 276.163 217.482
235.369 281.153 221.430
236.999 286.019 225.639
241.637 290.152 228.011
247.617 292.981 227.325
252.564 294.791 223.269
254.689 295.973 217.069
253.155 297.425 210.779
43.290 -33.546 13.473
38.777 -30.148 9.139
37.130 -24.018 7.125
40.586 -18.524 4.605
46.464 -17.016 2.148
52.360 -17.788 -0.667
54.609 -20.583 -6.022
55.982 -25.893 -10.021
53.276 -30.838 -13.671
47.748 -33.904 -16.202
45.166 -16.751 -18.287
39.992 -18.891 -14.211
36.896 -24.715 -11.785
39.001 -30.228 -9.113
44.692 -33.603 -7.176
50.873 -33.628 -4.300
53.495 -31.824 1.192
56.545 -26.722 5.234
54.522 -21.828 8.840
49.973 -17.000 11.122
-23.504 -22.718 57.203
-29.810 -25.234 54.816
-33.322 -27.092 49.040
-33.522 -27.705 42.321
-30.129 -29.345 36.996
-24.523 -30.783 33.314
-19.191 -34.576 33.389
-14.880 -39.140 36.280
-15.318 -45.216 40.937
-18.394 -50.006 44.721
-23.671 -53.711 45.522
-29.372 -56.569 43.226
-33.702 -57.702 38.324
-33.630 -59.902 32.755
-34.836 -55.073 27.865
-17.210 -56.462 27.357
-21.599 -50.622 25.850
-28.113 -48.376 26.478
-33.262 -47.320 31.022
-34.504 -45.698 37.729
-32.341 -44.987 44.285
-28.143 -43.386 48.588
-22.838 -40.394 51.059
-17.315 -36.592 50.046
-14.558 -31.031 46.838
-14.807 -25.836 42.041
-18.900 -21.004 39.023
-24.287 -17.661 39.189
-29.113 -14.719 41.778
-32.896 -12.623 46.835
21.787 -3.080 33.601
23.269 -1.077 27.541
24.541 -2.999 21.233
24.232 -7.935 16.513
19.484 -11.133 13.404
13.295 -12.080 12.002
7.831 -16.080 10.971
1.218 -14.782 10.832
-4.449 -11.168 11.356
-7.786 -5.221 11.094
-8.058 -0.856 6.472
8.899 -0.561 0.526
6.598 3.777 4.890
4.887 4.211 11.434
1.465 2.165 16.768
2.422 -1.511 21.806
6.900 -3.250 26.760
8.439 -9.006 27.352
10.624 -15.414 26.167
16.272 -18.457 24.401
22.507 -18.686 23.232
28.730 -16.487 24.071
6.433 31.049 34.657
7.313 25.554 30.491
5.103 19.935 27.554
0.042 17.007 24.549
-6.304 17.149 21.681
-9.562 21.102 17.046
-10.430 26.554 13.567
-7.779 31.205 9.860
-3.861 36.475 7.996
1.557 36.080 4.151
7.653 34.337 1.999
11.958 29.868 0.588
13.832 23.514 -1.356
11.995 18.862 -5.563
7.031 14.935 -8.443
1.666 31.520 -12.288
-2.189 27.781 -8.442
-3.992 21.850 -5.297
-1.892 19.278 0.232
3.767 16.971 3.996
8.870 20.234 7.035
10.147 25.412 10.881
9.650 30.817 14.576
5.207 34.279 18.001
-0.469 36.701 20.188
-5.973 34.904 23.166
-11.111 31.649 25.582
-12.227 25.938 28.922
-9.153 20.014 30.816
-3.208 16.229 32.687
29.673 3.844 13.259
24.909 -1.443 11.988
21.041 -6.206 14.543
17.350 -9.043 19.363
14.210 -9.522 25.386
10.433 -5.877 29.422
7.708 -0.148 31.315
5.070 5.771 30.212
0.173 8.662 25.985
-2.993 9.866 20.026
-5.904 7.426 14.490
-9.296 2.667 10.990
-13.091 -2.703 11.008
-17.701 -6.031 14.338
-16.868 5.119 29.098
-12.337 0.204 31.079
-9.108 -4.648 28.654
-7.504 -9.891 24.286
-3.687 -9.961 19.083
0.373 -6.990 14.588
3.484 -2.448 12.083
7.036 2.658 12.320
10.567 7.203 14.999
13.549 10.034 20.707
16.198 8.566 26.691
19.470 4.951 30.990
23.698 -0.077 31.328
27.144 -5.631 28.909
