28.419 4.306 13.185
34.589 4.030 15.178
34.246 6.215 9.523
35.718 8.925 3.725
38.832 8.451 -2.308
42.163 4.705 -6.114
43.862 -1.274 -8.823
45.646 -7.664 -9.577
43.452 -13.985 -8.368
39.566 -18.843 -5.640
33.565 -21.310 -4.907
25.605 -6.570 -11.710
25.586 -7.479 -4.686
28.703 -10.244 0.434
34.128 -12.884 3.677
40.588 -13.226 4.320
46.247 -9.754 4.735
49.321 -4.158 4.303
49.311 -3.966 4.110
51.153 1.667 3.858
51.654 2.095 4.813
53.154 4.212 6.087
55.359 2.728 7.223
53.283 4.271 6.111
55.412 2.780 7.175
28.435 4.555 13.194
34.664 3.868 14.964
34.611 5.678 9.428
35.687 8.980 3.686
38.739 8.496 -2.270
42.183 4.678 -6.083
43.870 -1.287 -8.774
45.668 -7.698 -9.571
43.480 -13.970 -8.233
39.569 -18.830 -5.741
33.508 -21.236 -4.896
25.545 -6.516 -11.638
25.633 -7.501 -4.723
28.636 -10.353 0.428
34.084 -12.846 3.536
40.570 -13.184 4.332
46.223 -9.760 4.692
49.326 -4.148 4.342
49.293 -3.951 4.120
51.117 1.693 3.871
51.753 2.146 4.821
53.216 4.275 6.081
55.381 2.778 7.178
53.193 4.228 6.103
55.388 2.788 7.183
28.646 4.422 13.012
34.688 3.982 15.141
34.640 5.689 9.460
35.734 8.889 3.713
38.809 8.472 -2.335
42.237 4.689 -6.090
43.966 -1.313 -8.770
45.718 -7.705 -9.578
43.433 -13.896 -8.388
39.558 -18.850 -5.818
33.560 -21.255 -4.964
25.440 -6.638 -11.675
25.623 -7.532 -4.744
28.686 -10.271 0.469
34.181 -12.855 3.514
40.708 -13.221 4.290
46.284 -9.782 4.715
49.360 -4.229 4.337
49.336 -4.034 4.135
51.107 1.703 3.885
51.752 2.157 4.828
53.193 4.238 6.115
55.383 2.793 7.224
53.204 4.286 6.125
55.394 2.807 7.197
28.272 4.353 13.346
34.639 3.968 15.162
34.365 5.990 9.562
35.749 8.907 3.705
38.801 8.470 -2.300
42.154 4.673 -6.064
43.871 -1.323 -8.762
45.721 -7.733 -9.650
43.305 -13.908 -8.471
39.576 -18.826 -5.864
33.544 -21.270 -4.979
25.243 -6.629 -11.687
25.464 -6.476 -11.606
25.589 -7.526 -4.758
28.677 -10.271 0.482
34.128 -12.805 3.527
40.658 -13.182 4.351
46.264 -9.765 4.695
49.319 -4.223 4.384
49.279 -3.949 4.140
51.223 1.634 3.736
51.831 2.136 4.853
53.225 4.232 6.155
55.468 2.811 7.258
53.151 4.224 6.160
55.392 2.772 7.244
28.389 4.286 13.211
34.724 3.860 15.034
34.641 5.699 9.365
35.662 8.987 3.672
38.737 8.539 -2.331
42.135 4.686 -6.066
43.928 -1.275 -8.730
45.684 -7.636 -9.477
43.513 -13.903 -8.249
39.578 -18.818 -5.987
33.517 -21.268 -4.887
25.637 -6.504 -11.653
25.569 -7.573 -4.759
28.617 -10.293 0.426
34.012 -12.705 3.566
40.585 -13.188 4.396
46.227 -9.720 4.800
49.315 -4.257 4.445
49.261 -3.986 4.158
51.141 1.610 3.836
51.743 2.105 4.817
53.180 4.238 6.065
55.352 2.800 7.161
53.142 4.245 6.067
55.386 2.796 7.159
28.377 4.401 13.249
34.705 3.872 14.958
34.491 5.657 9.369
35.669 8.896 3.690
38.703 8.501 -2.288
42.105 4.650 -6.085
43.918 -1.302 -8.717
45.661 -7.638 -9.568
43.415 -13.937 -8.289
39.564 -18.744 -5.760
33.500 -21.275 -4.943
25.366 -6.536 -11.675
25.509 -7.570 -4.808
28.551 -10.416 0.421
34.023 -12.806 3.451
40.569 -13.173 4.338
46.179 -9.709 4.721
49.299 -4.254 4.399
49.260 -3.993 4.143
51.137 1.614 3.854
51.829 2.116 4.864
53.241 4.225 6.102
55.423 2.795 7.154
53.157 4.202 6.081
55.393 2.769 7.142
28.247 4.620 13.507
34.431 4.066 15.319
34.042 6.545 9.620
35.751 8.881 3.717
38.824 8.377 -2.250
42.186 4.589 -6.079
44.021 -1.358 -8.768
45.777 -7.761 -9.637
43.614 -14.023 -8.418
39.670 -18.943 -6.036
33.610 -21.336 -5.047
25.039 -6.719 -11.641
26.361 -6.087 -11.484
25.747 -7.574 -4.724
28.792 -10.376 0.552
34.228 -12.834 3.685
40.726 -13.266 4.442
46.364 -9.804 4.740
49.598 -4.248 4.003
49.917 -4.790 2.897
51.456 2.070 5.008
53.083 4.143 6.258
55.318 2.627 7.307
28.381 4.417 13.209
34.348 3.989 15.322
34.220 6.096 9.494
35.645 8.867 3.734
38.775 8.403 -2.195
42.161 4.600 -6.027
43.951 -1.393 -8.821
45.711 -7.761 -9.622
43.421 -13.983 -8.378
39.683 -18.923 -6.009
33.529 -21.292 -5.045
24.989 -6.713 -11.775
26.363 -6.136 -11.578
25.697 -7.522 -4.758
28.754 -10.279 0.499
34.139 -12.672 3.654
40.656 -13.356 4.392
46.224 -9.790 4.747
49.373 -4.207 4.243
49.900 -4.999 2.931
51.562 2.078 4.904
53.133 4.201 6.164
55.317 2.656 7.241
28.198 4.543 13.293
34.287 3.972 15.251
34.103 6.358 9.445
35.713 8.914 3.646
38.786 8.363 -2.277
42.145 4.622 -6.078
43.825 -1.355 -8.825
45.701 -7.722 -9.656
43.443 -14.006 -8.263
39.570 -18.870 -5.937
33.482 -21.256 -4.994
24.997 -6.676 -11.709
26.136 -6.223 -11.670
25.599 -7.463 -4.786
28.699 -10.174 0.389
34.043 -12.766 3.491
40.572 -13.294 4.327
46.144 -9.780 4.724
49.265 -4.265 4.217
49.889 -4.970 2.988
51.611 2.080 4.784
53.132 4.209 6.082
55.310 2.644 7.196
28.210 4.426 13.242
34.345 3.991 15.184
34.150 6.099 9.532
35.590 8.866 3.685
38.720 8.437 -2.258
42.092 4.582 -6.072
43.829 -1.381 -8.814
45.702 -7.751 -9.580
43.360 -13.982 -8.336
39.440 -18.797 -5.683
33.392 -21.239 -5.018
25.071 -6.604 -11.817
26.423 -6.078 -11.609
25.502 -7.441 -4.886
28.554 -10.198 0.396
33.937 -12.671 3.560
40.462 -13.305 4.407
46.038 -9.742 4.765
49.256 -4.298 4.230
49.827 -5.145 2.752
51.578 2.031 4.792
53.134 4.134 6.127
55.327 2.608 7.219
28.267 4.473 13.192
34.352 3.977 15.244
34.215 6.236 9.474
35.710 8.910 3.659
38.837 8.388 -2.267
42.192 4.599 -6.114
43.902 -1.331 -8.843
45.711 -7.736 -9.662
43.391 -13.968 -8.383
39.562 -18.786 -5.721
33.472 -21.233 -5.016
25.001 -6.689 -11.764
26.288 -6.248 -11.733
25.660 -7.465 -4.837
28.713 -10.245 0.421
34.101 -12.804 3.472
40.589 -13.267 4.324
46.144 -9.782 4.704
49.295 -4.270 4.180
49.800 -4.939 3.004
51.641 2.100 4.785
53.164 4.234 6.098
55.310 2.677 7.258
28.138 4.421 13.085
34.377 3.913 15.094
34.141 6.145 9.365
35.679 8.953 3.605
38.770 8.471 -2.309
42.110 4.630 -6.107
43.888 -1.320 -8.819
45.754 -7.723 -9.564
43.410 -13.972 -8.245
39.426 -18.752 -5.585
33.425 -21.251 -5.002
25.016 -6.650 -11.864
26.227 -6.187 -11.631
25.490 -7.436 -4.900
28.606 -10.295 0.344
33.988 -12.889 3.388
40.476 -13.289 4.314
46.052 -9.696 4.724
49.266 -4.257 4.141
49.836 -5.169 2.576
51.632 2.098 4.724
53.144 4.225 6.062
55.300 2.655 7.182
28.070 4.897 13.003
33.871 4.383 15.318
33.934 6.689 9.731
35.497 9.128 3.894
38.791 8.591 -1.928
42.266 4.770 -5.738
44.065 -1.257 -8.469
45.768 -7.697 -9.274
43.916 -13.928 -8.279
40.157 -19.285 -6.347
33.971 -21.501 -4.911
26.812 -6.693 -11.427
26.411 -7.526 -4.572
29.043 -10.206 0.775
34.260 -12.997 4.079
40.768 -13.165 4.648
46.408 -9.783 4.928
49.361 -3.955 4.461
49.921 -4.655 3.167
51.426 2.193 5.167
53.024 4.249 6.459
55.223 2.669 7.494
35.204 3.631 15.769
35.134 5.601 10.292
35.434 9.009 4.136
38.657 8.475 -1.864
42.163 4.712 -5.605
45.035 -1.170 -8.400
45.493 -7.748 -9.178
44.530 -14.300 -7.703
39.851 -18.861 -6.391
33.911 -21.475 -4.758
27.667 -21.315 -5.599
29.616 -7.148 -16.526
25.301 -6.649 -11.505
25.969 -7.708 -4.783
28.579 -10.761 0.614
33.971 -12.765 3.884
40.590 -13.112 4.635
46.182 -9.665 5.000
49.369 -4.039 4.324
49.806 -4.684 3.228
51.558 2.110 5.023
53.096 4.200 6.338
55.289 2.656 7.442
73.049 6.840 -10.769
72.743 7.152 -3.850
69.603 9.731 1.416
64.774 13.242 4.637
58.169 13.261 5.167
52.653 9.900 5.464
49.365 4.212 5.023
70.827 -4.923 14.127
64.645 -4.197 15.914
65.172 -6.828 10.202
63.157 -9.068 4.464
60.044 -8.603 -1.448
56.646 -4.623 -5.174
54.769 1.341 -7.763
53.249 7.904 -8.526
54.754 14.308 -7.389
59.093 19.163 -5.795
64.990 21.675 -4.111
47.281 -2.165 5.655
45.604 -4.290 6.984
43.471 -2.766 7.965
1.537 50.522 22.868
-0.790 48.013 17.091
-0.632 44.884 11.644
0.256 39.057 8.709
2.323 33.440 8.868
3.636 28.385 10.723
-7.842 31.949 25.740
-2.160 30.383 28.919
4.514 30.827 28.903
9.392 32.212 25.399
13.097 34.857 20.230
15.638 37.280 15.322
14.773 42.131 10.349
10.991 46.887 7.323
2.975 22.246 15.265
2.237 19.688 16.253
1.786 18.181 13.882
40.720 16.678 -5.381
34.666 18.459 -3.124
27.764 17.698 -2.696
22.554 13.833 -2.001
20.820 9.948 2.684
18.053 16.193 1.202
12.543 19.903 3.125
8.599 21.339 8.294
5.487 21.218 14.377
7.766 21.741 20.839
12.810 22.393 25.550
18.636 25.662 26.253
24.553 27.870 23.406
27.434 32.391 19.555
26.584 38.647 17.160
8.982 39.007 20.127
11.138 38.361 13.849
15.446 35.148 9.834
20.502 30.279 9.355
24.908 26.282 12.458
25.263 21.260 16.784
22.677 16.146 20.284
18.268 11.556 19.813
12.900 8.399 17.660
37.353 4.290 7.160
34.606 0.486 2.661
31.116 -0.176 -2.882
27.916 2.538 -8.038
27.336 7.542 -12.344
33.360 0.231 4.335
30.805 -3.164 -0.463
28.041 -3.543 -6.326
26.224 -0.686 -12.206
25.772 5.136 -16.102
7.484 35.739 20.304
10.124 35.356 14.271
14.284 32.384 10.075
20.471 29.275 9.175
23.283 23.790 11.531
22.220 17.732 13.946
18.967 12.840 17.071
14.310 8.611 16.368
9.133 5.925 13.051
39.615 9.013 -6.387
34.614 13.928 -6.064
27.732 14.452 -6.206
21.560 11.956 -6.191
18.027 8.340 -2.749
16.515 14.658 -2.915
11.162 18.215 -0.274
6.495 19.247 4.136
2.748 18.696 9.826
4.629 19.261 16.469
8.701 19.689 21.720
14.793 21.204 24.093
20.189 24.732 23.914
25.483 28.119 20.794
25.657 34.085 18.240
6.631 2.001 8.866
6.123 -0.600 7.928
6.312 -1.953 10.266
10.765 197.347 9.444
14.018 202.671 11.561
12.680 203.633 5.978
10.221 205.939 0.075
12.105 208.558 -5.883
17.037 209.558 -9.595
22.996 207.947 -12.413
29.567 206.562 -13.240
33.516 201.268 -12.286
36.214 195.714 -9.773
35.171 189.158 -8.790
18.194 188.985 -15.261
19.381 189.295 -8.478
23.386 190.403 -3.255
28.112 193.962 -0.026
31.811 199.376 0.657
31.485 205.911 1.018
28.348 211.219 0.503
29.249 211.354 -1.548
24.223 216.830 1.183
23.045 219.217 2.508
25.487 220.355 3.594
