28.419 4.306 13.185
34.589 4.030 15.178
34.246 6.215 9.523
35.718 8.925 3.725
38.832 8.451 -2.308
42.163 4.705 -6.114
43.862 -1.274 -8.823
45.646 -7.664 -9.577
43.452 -13.985 -8.368
39.566 -18.843 -5.640
33.565 -21.310 -4.907
25.605 -6.570 -11.710
25.586 -7.479 -4.686
28.703 -10.244 0.434
34.128 -12.884 3.677
40.588 -13.226 4.320
46.247 -9.754 4.735
49.321 -4.158 4.303
49.311 -3.966 4.110
51.153 1.667 3.858
51.654 2.095 4.813
53.154 4.212 6.087
55.359 2.728 7.223
53.283 4.271 6.111
55.412 2.780 7.175
28.435 4.555 13.194
34.664 3.868 14.964
34.611 5.678 9.428
35.687 8.980 3.686
38.739 8.496 -2.270
42.183 4.678 -6.083
43.870 -1.287 -8.774
45.668 -7.698 -9.571
43.480 -13.970 -8.233
39.569 -18.830 -5.741
33.508 -21.236 -4.896
25.545 -6.516 -11.638
25.633 -7.501 -4.723
28.636 -10.353 0.428
34.084 -12.846 3.536
40.570 -13.184 4.332
46.223 -9.760 4.692
49.326 -4.148 4.342
49.293 -3.951 4.120
51.117 1.693 3.871
51.753 2.146 4.821
53.216 4.275 6.081
55.381 2.778 7.178
53.193 4.228 6.103
55.388 2.788 7.183
28.646 4.422 13.012
34.688 3.982 15.141
34.640 5.689 9.460
35.734 8.889 3.713
38.809 8.472 -2.335
42.237 4.689 -6.090
43.966 -1.313 -8.770
45.718 -7.705 -9.578
43.433 -13.896 -8.388
39.558 -18.850 -5.818
33.560 -21.255 -4.964
25.440 -6.638 -11.675
25.623 -7.532 -4.744
28.686 -10.271 0.469
34.181 -12.855 3.514
40.708 -13.221 4.290
46.284 -9.782 4.715
49.360 -4.229 4.337
49.336 -4.034 4.135
51.107 1.703 3.885
51.752 2.157 4.828
53.193 4.238 6.115
55.383 2.793 7.224
53.204 4.286 6.125
55.394 2.807 7.197
28.272 4.353 13.346
34.639 3.968 15.162
34.365 5.990 9.562
35.749 8.907 3.705
38.801 8.470 -2.300
42.154 4.673 -6.064
43.871 -1.323 -8.762
45.721 -7.733 -9.650
43.305 -13.908 -8.471
39.576 -18.826 -5.864
33.544 -21.270 -4.979
25.243 -6.629 -11.687
25.464 -6.476 -11.606
25.589 -7.526 -4.758
28.677 -10.271 0.482
34.128 -12.805 3.527
40.658 -13.182 4.351
46.264 -9.765 4.695
49.319 -4.223 4.384
49.279 -3.949 4.140
51.223 1.634 3.736
51.831 2.136 4.853
53.225 4.232 6.155
55.468 2.811 7.258
53.151 4.224 6.160
55.392 2.772 7.244
28.389 4.286 13.211
34.724 3.860 15.034
34.641 5.699 9.365
35.662 8.987 3.672
38.737 8.539 -2.331
42.135 4.686 -6.066
43.928 -1.275 -8.730
45.684 -7.636 -9.477
43.513 -13.903 -8.249
39.578 -18.818 -5.987
33.517 -21.268 -4.887
25.637 -6.504 -11.653
25.569 -7.573 -4.759
28.617 -10.293 0.426
34.012 -12.705 3.566
40.585 -13.188 4.396
46.227 -9.720 4.800
49.315 -4.257 4.445
49.261 -3.986 4.158
51.141 1.610 3.836
51.743 2.105 4.817
53.180 4.238 6.065
55.352 2.800 7.161
53.142 4.245 6.067
55.386 2.796 7.159
28.377 4.401 13.249
34.705 3.872 14.958
34.491 5.657 9.369
35.669 8.896 3.690
38.703 8.501 -2.288
42.105 4.650 -6.085
43.918 -1.302 -8.717
45.661 -7.638 -9.568
43.415 -13.937 -8.289
39.564 -18.744 -5.760
33.500 -21.275 -4.943
25.366 -6.536 -11.675
25.509 -7.570 -4.808
28.551 -10.416 0.421
34.023 -12.806 3.451
40.569 -13.173 4.338
46.179 -9.709 4.721
49.299 -4.254 4.399
49.260 -3.993 4.143
51.137 1.614 3.854
51.829 2.116 4.864
53.241 4.225 6.102
55.423 2.795 7.154
53.157 4.202 6.081
55.393 2.769 7.142
28.247 4.620 13.507
34.431 4.066 15.319
34.042 6.545 9.620
35.751 8.881 3.717
38.824 8.377 -2.250
42.186 4.589 -6.079
44.021 -1.358 -8.768
45.777 -7.761 -9.637
43.614 -14.023 -8.418
39.670 -18.943 -6.036
33.610 -21.336 -5.047
25.039 -6.719 -11.641
26.361 -6.087 -11.484
25.747 -7.574 -4.724
28.792 -10.376 0.552
34.228 -12.834 3.685
40.726 -13.266 4.442
46.364 -9.804 4.740
49.598 -4.248 4.003
49.917 -4.790 2.897
51.456 2.070 5.008
53.083 4.143 6.258
55.318 2.627 7.307
28.381 4.417 13.209
34.348 3.989 15.322
34.220 6.096 9.494
35.645 8.867 3.734
38.775 8.403 -2.195
42.161 4.600 -6.027
43.951 -1.393 -8.821
45.711 -7.761 -9.622
43.421 -13.983 -8.378
39.683 -18.923 -6.009
33.529 -21.292 -5.045
24.989 -6.713 -11.775
26.363 -6.136 -11.578
25.697 -7.522 -4.758
28.754 -10.279 0.499
34.139 -12.672 3.654
40.656 -13.356 4.392
46.224 -9.790 4.747
49.373 -4.207 4.243
49.900 -4.999 2.931
51.562 2.078 4.904
53.133 4.201 6.164
55.317 2.656 7.241
28.198 4.543 13.293
34.287 3.972 15.251
34.103 6.358 9.445
35.713 8.914 3.646
38.786 8.363 -2.277
42.145 4.622 -6.078
43.825 -1.355 -8.825
45.701 -7.722 -9.656
43.443 -14.006 -8.263
39.570 -18.870 -5.937
33.482 -21.256 -4.994
24.997 -6.676 -11.709
26.136 -6.223 -11.670
25.599 -7.463 -4.786
28.699 -10.174 0.389
34.043 -12.766 3.491
40.572 -13.294 4.327
46.144 -9.780 4.724
49.265 -4.265 4.217
49.889 -4.970 2.988
51.611 2.080 4.784
53.132 4.209 6.082
55.310 2.644 7.196
28.210 4.426 13.242
34.345 3.991 15.184
34.150 6.099 9.532
35.590 8.866 3.685
38.720 8.437 -2.258
42.092 4.582 -6.072
43.829 -1.381 -8.814
45.702 -7.751 -9.580
43.360 -13.982 -8.336
39.440 -18.797 -5.683
33.392 -21.239 -5.018
25.071 -6.604 -11.817
26.423 -6.078 -11.609
25.502 -7.441 -4.886
28.554 -10.198 0.396
33.937 -12.671 3.560
40.462 -13.305 4.407
46.038 -9.742 4.765
49.256 -4.298 4.230
49.827 -5.145 2.752
51.578 2.031 4.792
53.134 4.134 6.127
55.327 2.608 7.219
