28.419 4.306 13.185
34.589 4.030 15.178
34.246 6.215 9.523
35.718 8.925 3.725
38.832 8.451 -2.308
42.163 4.705 -6.114
43.862 -1.274 -8.823
45.646 -7.664 -9.577
43.452 -13.985 -8.368
39.566 -18.843 -5.640
33.565 -21.310 -4.907
25.605 -6.570 -11.710
25.586 -7.479 -4.686
28.703 -10.244 0.434
34.128 -12.884 3.677
40.588 -13.226 4.320
46.247 -9.754 4.735
49.321 -4.158 4.303
49.311 -3.966 4.110
51.153 1.667 3.858
51.654 2.095 4.813
53.154 4.212 6.087
55.359 2.728 7.223
53.283 4.271 6.111
55.412 2.780 7.175
