28.419 4.306 13.185
34.589 4.030 15.178
34.246 6.215 9.523
35.718 8.925 3.725
38.832 8.451 -2.308
42.163 4.705 -6.114
43.862 -1.274 -8.823
45.646 -7.664 -9.577
43.452 -13.985 -8.368
39.566 -18.843 -5.640
33.565 -21.310 -4.907
25.605 -6.570 -11.710
25.586 -7.479 -4.686
28.703 -10.244 0.434
34.128 -12.884 3.677
40.588 -13.226 4.320
46.247 -9.754 4.735
49.321 -4.158 4.303
49.311 -3.966 4.110
51.153 1.667 3.858
51.654 2.095 4.813
53.154 4.212 6.087
55.359 2.728 7.223
53.283 4.271 6.111
55.412 2.780 7.175
28.435 4.555 13.194
34.664 3.868 14.964
34.611 5.678 9.428
35.687 8.980 3.686
38.739 8.496 -2.270
42.183 4.678 -6.083
43.870 -1.287 -8.774
45.668 -7.698 -9.571
43.480 -13.970 -8.233
39.569 -18.830 -5.741
33.508 -21.236 -4.896
25.545 -6.516 -11.638
25.633 -7.501 -4.723
28.636 -10.353 0.428
34.084 -12.846 3.536
40.570 -13.184 4.332
46.223 -9.760 4.692
49.326 -4.148 4.342
49.293 -3.951 4.120
51.117 1.693 3.871
51.753 2.146 4.821
53.216 4.275 6.081
55.381 2.778 7.178
53.193 4.228 6.103
55.388 2.788 7.183
28.646 4.422 13.012
34.688 3.982 15.141
34.640 5.689 9.460
35.734 8.889 3.713
38.809 8.472 -2.335
42.237 4.689 -6.090
43.966 -1.313 -8.770
45.718 -7.705 -9.578
43.433 -13.896 -8.388
39.558 -18.850 -5.818
33.560 -21.255 -4.964
25.440 -6.638 -11.675
25.623 -7.532 -4.744
28.686 -10.271 0.469
34.181 -12.855 3.514
40.708 -13.221 4.290
46.284 -9.782 4.715
49.360 -4.229 4.337
49.336 -4.034 4.135
51.107 1.703 3.885
51.752 2.157 4.828
53.193 4.238 6.115
55.383 2.793 7.224
53.204 4.286 6.125
55.394 2.807 7.197
28.272 4.353 13.346
34.639 3.968 15.162
34.365 5.990 9.562
35.749 8.907 3.705
38.801 8.470 -2.300
42.154 4.673 -6.064
43.871 -1.323 -8.762
45.721 -7.733 -9.650
43.305 -13.908 -8.471
39.576 -18.826 -5.864
33.544 -21.270 -4.979
25.243 -6.629 -11.687
25.464 -6.476 -11.606
25.589 -7.526 -4.758
28.677 -10.271 0.482
34.128 -12.805 3.527
40.658 -13.182 4.351
46.264 -9.765 4.695
49.319 -4.223 4.384
49.279 -3.949 4.140
51.223 1.634 3.736
51.831 2.136 4.853
53.225 4.232 6.155
55.468 2.811 7.258
53.151 4.224 6.160
55.392 2.772 7.244
28.389 4.286 13.211
34.724 3.860 15.034
34.641 5.699 9.365
35.662 8.987 3.672
38.737 8.539 -2.331
42.135 4.686 -6.066
43.928 -1.275 -8.730
45.684 -7.636 -9.477
43.513 -13.903 -8.249
39.578 -18.818 -5.987
33.517 -21.268 -4.887
25.637 -6.504 -11.653
25.569 -7.573 -4.759
28.617 -10.293 0.426
34.012 -12.705 3.566
40.585 -13.188 4.396
46.227 -9.720 4.800
49.315 -4.257 4.445
49.261 -3.986 4.158
51.141 1.610 3.836
51.743 2.105 4.817
53.180 4.238 6.065
55.352 2.800 7.161
53.142 4.245 6.067
55.386 2.796 7.159
