28.419 4.306 13.185
34.589 4.030 15.178
34.246 6.215 9.523
35.718 8.925 3.725
38.832 8.451 -2.308
42.163 4.705 -6.114
43.862 -1.274 -8.823
45.646 -7.664 -9.577
43.452 -13.985 -8.368
39.566 -18.843 -5.640
33.565 -21.310 -4.907
25.605 -6.570 -11.710
25.586 -7.479 -4.686
28.703 -10.244 0.434
34.128 -12.884 3.677
40.588 -13.226 4.320
46.247 -9.754 4.735
49.321 -4.158 4.303
49.311 -3.966 4.110
51.153 1.667 3.858
51.654 2.095 4.813
53.154 4.212 6.087
55.359 2.728 7.223
53.283 4.271 6.111
55.412 2.780 7.175
28.435 4.555 13.194
34.664 3.868 14.964
34.611 5.678 9.428
35.687 8.980 3.686
38.739 8.496 -2.270
42.183 4.678 -6.083
43.870 -1.287 -8.774
45.668 -7.698 -9.571
43.480 -13.970 -8.233
39.569 -18.830 -5.741
33.508 -21.236 -4.896
25.545 -6.516 -11.638
25.633 -7.501 -4.723
28.636 -10.353 0.428
34.084 -12.846 3.536
40.570 -13.184 4.332
46.223 -9.760 4.692
49.326 -4.148 4.342
49.293 -3.951 4.120
51.117 1.693 3.871
51.753 2.146 4.821
53.216 4.275 6.081
55.381 2.778 7.178
53.193 4.228 6.103
55.388 2.788 7.183
