28.419 4.306 13.185
34.589 4.030 15.178
34.246 6.215 9.523
35.718 8.925 3.725
38.832 8.451 -2.308
42.163 4.705 -6.114
43.862 -1.274 -8.823
45.646 -7.664 -9.577
43.452 -13.985 -8.368
39.566 -18.843 -5.640
33.565 -21.310 -4.907
25.605 -6.570 -11.710
25.586 -7.479 -4.686
28.703 -10.244 0.434
34.128 -12.884 3.677
40.588 -13.226 4.320
46.247 -9.754 4.735
49.321 -4.158 4.303
49.311 -3.966 4.110
51.153 1.667 3.858
51.654 2.095 4.813
53.154 4.212 6.087
55.359 2.728 7.223
53.283 4.271 6.111
55.412 2.780 7.175
28.435 4.555 13.194
34.664 3.868 14.964
34.611 5.678 9.428
35.687 8.980 3.686
38.739 8.496 -2.270
42.183 4.678 -6.083
43.870 -1.287 -8.774
45.668 -7.698 -9.571
43.480 -13.970 -8.233
39.569 -18.830 -5.741
33.508 -21.236 -4.896
25.545 -6.516 -11.638
25.633 -7.501 -4.723
28.636 -10.353 0.428
34.084 -12.846 3.536
40.570 -13.184 4.332
46.223 -9.760 4.692
49.326 -4.148 4.342
49.293 -3.951 4.120
51.117 1.693 3.871
51.753 2.146 4.821
53.216 4.275 6.081
55.381 2.778 7.178
53.193 4.228 6.103
55.388 2.788 7.183
28.646 4.422 13.012
34.688 3.982 15.141
34.640 5.689 9.460
35.734 8.889 3.713
38.809 8.472 -2.335
42.237 4.689 -6.090
43.966 -1.313 -8.770
45.718 -7.705 -9.578
43.433 -13.896 -8.388
39.558 -18.850 -5.818
33.560 -21.255 -4.964
25.440 -6.638 -11.675
25.623 -7.532 -4.744
28.686 -10.271 0.469
34.181 -12.855 3.514
40.708 -13.221 4.290
46.284 -9.782 4.715
49.360 -4.229 4.337
49.336 -4.034 4.135
51.107 1.703 3.885
51.752 2.157 4.828
53.193 4.238 6.115
55.383 2.793 7.224
53.204 4.286 6.125
55.394 2.807 7.197
28.272 4.353 13.346
34.639 3.968 15.162
34.365 5.990 9.562
35.749 8.907 3.705
38.801 8.470 -2.300
42.154 4.673 -6.064
43.871 -1.323 -8.762
45.721 -7.733 -9.650
43.305 -13.908 -8.471
39.576 -18.826 -5.864
33.544 -21.270 -4.979
25.243 -6.629 -11.687
25.464 -6.476 -11.606
25.589 -7.526 -4.758
28.677 -10.271 0.482
34.128 -12.805 3.527
40.658 -13.182 4.351
46.264 -9.765 4.695
49.319 -4.223 4.384
49.279 -3.949 4.140
51.223 1.634 3.736
51.831 2.136 4.853
53.225 4.232 6.155
55.468 2.811 7.258
53.151 4.224 6.160
55.392 2.772 7.244
28.389 4.286 13.211
34.724 3.860 15.034
34.641 5.699 9.365
35.662 8.987 3.672
38.737 8.539 -2.331
42.135 4.686 -6.066
43.928 -1.275 -8.730
45.684 -7.636 -9.477
43.513 -13.903 -8.249
39.578 -18.818 -5.987
33.517 -21.268 -4.887
25.637 -6.504 -11.653
25.569 -7.573 -4.759
28.617 -10.293 0.426
34.012 -12.705 3.566
40.585 -13.188 4.396
46.227 -9.720 4.800
49.315 -4.257 4.445
49.261 -3.986 4.158
51.141 1.610 3.836
51.743 2.105 4.817
53.180 4.238 6.065
55.352 2.800 7.161
53.142 4.245 6.067
55.386 2.796 7.159
28.377 4.401 13.249
34.705 3.872 14.958
34.491 5.657 9.369
35.669 8.896 3.690
38.703 8.501 -2.288
42.105 4.650 -6.085
43.918 -1.302 -8.717
45.661 -7.638 -9.568
43.415 -13.937 -8.289
39.564 -18.744 -5.760
33.500 -21.275 -4.943
25.366 -6.536 -11.675
25.509 -7.570 -4.808
28.551 -10.416 0.421
34.023 -12.806 3.451
40.569 -13.173 4.338
46.179 -9.709 4.721
49.299 -4.254 4.399
49.260 -3.993 4.143
51.137 1.614 3.854
51.829 2.116 4.864
53.241 4.225 6.102
55.423 2.795 7.154
53.157 4.202 6.081
55.393 2.769 7.142
28.247 4.620 13.507
34.431 4.066 15.319
34.042 6.545 9.620
35.751 8.881 3.717
38.824 8.377 -2.250
42.186 4.589 -6.079
44.021 -1.358 -8.768
45.777 -7.761 -9.637
43.614 -14.023 -8.418
39.670 -18.943 -6.036
33.610 -21.336 -5.047
25.039 -6.719 -11.641
26.361 -6.087 -11.484
25.747 -7.574 -4.724
28.792 -10.376 0.552
34.228 -12.834 3.685
40.726 -13.266 4.442
46.364 -9.804 4.740
49.598 -4.248 4.003
49.917 -4.790 2.897
51.456 2.070 5.008
53.083 4.143 6.258
55.318 2.627 7.307
28.381 4.417 13.209
34.348 3.989 15.322
34.220 6.096 9.494
35.645 8.867 3.734
38.775 8.403 -2.195
42.161 4.600 -6.027
43.951 -1.393 -8.821
45.711 -7.761 -9.622
43.421 -13.983 -8.378
39.683 -18.923 -6.009
33.529 -21.292 -5.045
24.989 -6.713 -11.775
26.363 -6.136 -11.578
25.697 -7.522 -4.758
28.754 -10.279 0.499
34.139 -12.672 3.654
40.656 -13.356 4.392
46.224 -9.790 4.747
49.373 -4.207 4.243
49.900 -4.999 2.931
51.562 2.078 4.904
53.133 4.201 6.164
55.317 2.656 7.241
28.198 4.543 13.293
34.287 3.972 15.251
34.103 6.358 9.445
35.713 8.914 3.646
38.786 8.363 -2.277
42.145 4.622 -6.078
43.825 -1.355 -8.825
45.701 -7.722 -9.656
43.443 -14.006 -8.263
39.570 -18.870 -5.937
33.482 -21.256 -4.994
24.997 -6.676 -11.709
26.136 -6.223 -11.670
25.599 -7.463 -4.786
28.699 -10.174 0.389
34.043 -12.766 3.491
40.572 -13.294 4.327
46.144 -9.780 4.724
49.265 -4.265 4.217
49.889 -4.970 2.988
51.611 2.080 4.784
53.132 4.209 6.082
55.310 2.644 7.196
28.210 4.426 13.242
34.345 3.991 15.184
34.150 6.099 9.532
35.590 8.866 3.685
38.720 8.437 -2.258
42.092 4.582 -6.072
43.829 -1.381 -8.814
45.702 -7.751 -9.580
43.360 -13.982 -8.336
39.440 -18.797 -5.683
33.392 -21.239 -5.018
25.071 -6.604 -11.817
26.423 -6.078 -11.609
25.502 -7.441 -4.886
28.554 -10.198 0.396
33.937 -12.671 3.560
40.462 -13.305 4.407
46.038 -9.742 4.765
49.256 -4.298 4.230
49.827 -5.145 2.752
51.578 2.031 4.792
53.134 4.134 6.127
55.327 2.608 7.219
28.267 4.473 13.192
34.352 3.977 15.244
34.215 6.236 9.474
35.710 8.910 3.659
38.837 8.388 -2.267
42.192 4.599 -6.114
43.902 -1.331 -8.843
45.711 -7.736 -9.662
43.391 -13.968 -8.383
39.562 -18.786 -5.721
33.472 -21.233 -5.016
25.001 -6.689 -11.764
26.288 -6.248 -11.733
25.660 -7.465 -4.837
28.713 -10.245 0.421
34.101 -12.804 3.472
40.589 -13.267 4.324
46.144 -9.782 4.704
49.295 -4.270 4.180
49.800 -4.939 3.004
51.641 2.100 4.785
53.164 4.234 6.098
55.310 2.677 7.258
28.138 4.421 13.085
34.377 3.913 15.094
34.141 6.145 9.365
35.679 8.953 3.605
38.770 8.471 -2.309
42.110 4.630 -6.107
43.888 -1.320 -8.819
45.754 -7.723 -9.564
43.410 -13.972 -8.245
39.426 -18.752 -5.585
33.425 -21.251 -5.002
25.016 -6.650 -11.864
26.227 -6.187 -11.631
25.490 -7.436 -4.900
28.606 -10.295 0.344
33.988 -12.889 3.388
40.476 -13.289 4.314
46.052 -9.696 4.724
49.266 -4.257 4.141
49.836 -5.169 2.576
51.632 2.098 4.724
53.144 4.225 6.062
55.300 2.655 7.182
28.070 4.897 13.003
33.871 4.383 15.318
33.934 6.689 9.731
35.497 9.128 3.894
38.791 8.591 -1.928
42.266 4.770 -5.738
44.065 -1.257 -8.469
45.768 -7.697 -9.274
43.916 -13.928 -8.279
40.157 -19.285 -6.347
33.971 -21.501 -4.911
26.812 -6.693 -11.427
26.411 -7.526 -4.572
29.043 -10.206 0.775
34.260 -12.997 4.079
40.768 -13.165 4.648
46.408 -9.783 4.928
49.361 -3.955 4.461
49.921 -4.655 3.167
51.426 2.193 5.167
53.024 4.249 6.459
55.223 2.669 7.494
35.204 3.631 15.769
35.134 5.601 10.292
35.434 9.009 4.136
38.657 8.475 -1.864
42.163 4.712 -5.605
45.035 -1.170 -8.400
45.493 -7.748 -9.178
44.530 -14.300 -7.703
39.851 -18.861 -6.391
33.911 -21.475 -4.758
27.667 -21.315 -5.599
29.616 -7.148 -16.526
25.301 -6.649 -11.505
25.969 -7.708 -4.783
28.579 -10.761 0.614
33.971 -12.765 3.884
40.590 -13.112 4.635
46.182 -9.665 5.000
49.369 -4.039 4.324
49.806 -4.684 3.228
51.558 2.110 5.023
53.096 4.200 6.338
55.289 2.656 7.442
73.049 6.840 -10.769
72.743 7.152 -3.850
69.603 9.731 1.416
64.774 13.242 4.637
58.169 13.261 5.167
52.653 9.900 5.464
49.365 4.212 5.023
70.827 -4.923 14.127
64.645 -4.197 15.914
65.172 -6.828 10.202
63.157 -9.068 4.464
60.044 -8.603 -1.448
56.646 -4.623 -5.174
54.769 1.341 -7.763
53.249 7.904 -8.526
54.754 14.308 -7.389
59.093 19.163 -5.795
64.990 21.675 -4.111
47.281 -2.165 5.655
45.604 -4.290 6.984
43.471 -2.766 7.965
1.537 50.522 22.868
-0.790 48.013 17.091
-0.632 44.884 11.644
0.256 39.057 8.709
2.323 33.440 8.868
3.636 28.385 10.723
-7.842 31.949 25.740
-2.160 30.383 28.919
4.514 30.827 28.903
9.392 32.212 25.399
13.097 34.857 20.230
15.638 37.280 15.322
14.773 42.131 10.349
10.991 46.887 7.323
2.975 22.246 15.265
2.237 19.688 16.253
1.786 18.181 13.882
40.720 16.678 -5.381
34.666 18.459 -3.124
27.764 17.698 -2.696
22.554 13.833 -2.001
20.820 9.948 2.684
18.053 16.193 1.202
12.543 19.903 3.125
8.599 21.339 8.294
5.487 21.218 14.377
7.766 21.741 20.839
12.810 22.393 25.550
18.636 25.662 26.253
24.553 27.870 23.406
27.434 32.391 19.555
26.584 38.647 17.160
8.982 39.007 20.127
11.138 38.361 13.849
15.446 35.148 9.834
20.502 30.279 9.355
24.908 26.282 12.458
25.263 21.260 16.784
22.677 16.146 20.284
18.268 11.556 19.813
12.900 8.399 17.660
37.353 4.290 7.160
34.606 0.486 2.661
31.116 -0.176 -2.882
27.916 2.538 -8.038
27.336 7.542 -12.344
33.360 0.231 4.335
30.805 -3.164 -0.463
28.041 -3.543 -6.326
26.224 -0.686 -12.206
25.772 5.136 -16.102
7.484 35.739 20.304
10.124 35.356 14.271
14.284 32.384 10.075
20.471 29.275 9.175
23.283 23.790 11.531
22.220 17.732 13.946
18.967 12.840 17.071
14.310 8.611 16.368
9.133 5.925 13.051
39.615 9.013 -6.387
34.614 13.928 -6.064
27.732 14.452 -6.206
21.560 11.956 -6.191
18.027 8.340 -2.749
16.515 14.658 -2.915
11.162 18.215 -0.274
6.495 19.247 4.136
2.748 18.696 9.826
4.629 19.261 16.469
8.701 19.689 21.720
14.793 21.204 24.093
20.189 24.732 23.914
25.483 28.119 20.794
25.657 34.085 18.240
6.631 2.001 8.866
6.123 -0.600 7.928
6.312 -1.953 10.266
10.765 197.347 9.444
14.018 202.671 11.561
12.680 203.633 5.978
10.221 205.939 0.075
12.105 208.558 -5.883
17.037 209.558 -9.595
22.996 207.947 -12.413
29.567 206.562 -13.240
33.516 201.268 -12.286
36.214 195.714 -9.773
35.171 189.158 -8.790
18.194 188.985 -15.261
19.381 189.295 -8.478
23.386 190.403 -3.255
28.112 193.962 -0.026
31.811 199.376 0.657
31.485 205.911 1.018
28.348 211.219 0.503
29.249 211.354 -1.548
24.223 216.830 1.183
23.045 219.217 2.508
25.487 220.355 3.594
22.660 -26.388 12.072
25.366 -26.443 6.136
26.656 -29.407 0.142
24.980 -34.130 -3.761
20.690 -38.765 -6.633
16.171 -43.417 -7.411
9.518 -44.365 -6.412
3.488 -43.751 -3.689
-1.660 -39.751 -2.776
6.673 -24.951 -9.492
6.218 -25.979 -2.619
5.179 -30.122 2.540
6.036 -35.985 5.742
8.844 -41.910 6.534
14.575 -44.897 7.030
21.004 -44.919 6.609
27.633 -43.652 7.194
30.249 -43.935 8.482
29.930 -46.622 9.601
-63.936 -3.912 -15.428
-64.482 -6.067 -9.894
-63.338 -8.824 -4.077
-60.133 -8.520 1.974
-56.799 -4.640 5.799
-55.083 1.375 8.528
-53.208 7.709 9.368
-55.638 13.969 8.222
-59.324 18.838 5.528
-65.344 21.375 4.766
-73.642 6.724 11.438
-73.357 7.559 4.518
-70.176 10.414 -0.660
-64.782 12.764 -3.774
-58.237 13.382 -4.526
-52.737 9.750 -5.015
-49.595 4.199 -4.531
-47.334 -2.130 -5.215
-45.792 -4.251 -6.449
-43.651 -2.632 -7.503
28.087 4.357 13.300
34.297 3.987 15.231
34.214 4.029 15.131
33.899 6.357 9.502
35.552 8.912 3.640
38.675 8.384 -2.286
42.085 4.636 -6.006
43.757 -1.355 -8.739
45.643 -7.720 -9.621
43.273 -13.875 -8.460
39.544 -18.819 -6.058
33.470 -21.165 -4.976
24.989 -6.624 -11.722
26.442 -5.993 -11.546
25.551 -7.421 -4.784
28.575 -10.231 0.445
33.960 -12.665 3.554
40.522 -13.217 4.397
46.156 -9.792 4.718
49.738 -4.999 2.248
49.250 -4.146 4.196
51.362 2.101 4.887
52.927 4.139 6.199
55.121 2.634 7.246
28.165 4.242 13.163
34.335 3.879 15.257
34.366 3.862 15.149
35.036 5.136 9.762
33.842 6.243 9.644
35.531 8.766 3.752
38.569 8.310 -2.206
41.948 4.560 -5.957
43.560 -1.386 -8.683
45.525 -7.772 -9.486
43.114 -13.940 -8.271
39.382 -18.822 -5.739
33.305 -21.205 -4.779
25.320 -6.490 -11.652
25.412 -7.422 -4.713
28.468 -10.235 0.495
33.762 -12.792 3.576
40.301 -13.264 4.465
45.870 -9.757 4.833
49.548 -5.146 2.693
48.973 -4.408 4.313
51.448 2.066 4.946
52.963 4.141 6.269
55.139 2.650 7.362
27.979 4.304 13.093
34.188 3.831 15.188
34.226 3.811 15.071
34.901 5.149 9.785
33.687 6.198 9.610
35.330 8.782 3.726
38.364 8.337 -2.234
41.780 4.570 -5.959
43.324 -1.390 -8.712
45.325 -7.729 -9.529
43.043 -14.000 -8.062
39.242 -18.841 -5.872
33.149 -21.112 -4.731
25.415 -6.270 -11.645
25.303 -7.243 -4.742
28.322 -10.062 0.440
33.592 -12.882 3.454
40.104 -13.217 4.520
45.676 -9.692 4.848
49.428 -5.205 2.527
48.919 -4.437 4.226
51.366 2.010 4.850
52.865 4.087 6.188
55.057 2.596 7.263
28.303 4.123 13.112
34.427 3.846 15.266
34.454 3.828 15.171
35.157 5.121 9.797
33.902 6.248 9.662
35.581 8.759 3.774
38.626 8.342 -2.208
41.929 4.559 -5.986
43.622 -1.326 -8.715
45.533 -7.745 -9.479
43.194 -13.936 -8.285
39.413 -18.825 -5.824
33.359 -21.252 -4.822
25.206 -6.590 -11.752
25.492 -7.507 -4.810
28.451 -10.291 0.463
33.758 -12.877 3.517
40.311 -13.236 4.437
45.880 -9.734 4.839
49.502 -5.213 2.508
48.983 -4.468 4.330
51.501 2.112 4.951
53.009 4.151 6.277
55.194 2.694 7.370
28.377 4.171 13.117
34.542 3.892 15.200
34.558 3.883 15.147
35.225 5.166 9.747
34.009 6.251 9.595
35.716 8.756 3.731
38.771 8.361 -2.230
42.106 4.547 -5.979
43.721 -1.377 -8.727
45.612 -7.787 -9.522
43.180 -13.961 -8.362
39.498 -18.857 -5.851
33.435 -21.297 -4.810
25.182 -6.653 -11.727
25.577 -7.529 -4.786
28.531 -10.391 0.455
33.887 -12.921 3.528
40.415 -13.312 4.381
45.989 -9.788 4.798
49.539 -5.231 2.443
49.039 -4.532 4.283
51.730 2.109 4.888
53.224 4.189 6.202
55.376 2.697 7.310
28.261 4.230 13.102
34.398 3.824 15.156
34.434 3.818 15.075
35.109 5.160 9.729
33.920 6.200 9.576
35.562 8.734 3.703
38.575 8.326 -2.264
41.938 4.529 -6.063
43.525 -1.371 -8.782
45.416 -7.776 -9.593
43.140 -14.027 -8.233
39.323 -18.798 -5.666
33.287 -21.256 -4.834
25.367 -6.469 -11.702
25.408 -7.383 -4.748
28.478 -10.166 0.477
33.730 -12.875 3.453
40.277 -13.270 4.356
45.846 -9.746 4.714
49.549 -5.151 2.581
48.959 -4.493 4.324
51.643 2.118 4.859
53.118 4.174 6.183
55.291 2.683 7.247
28.186 4.318 13.150
34.359 3.929 15.228
34.389 3.904 15.118
35.070 5.217 9.822
33.856 6.291 9.694
35.491 8.835 3.787
38.585 8.382 -2.159
41.972 4.601 -5.932
43.621 -1.328 -8.675
45.511 -7.746 -9.441
43.235 -13.922 -8.276
39.455 -18.803 -5.918
33.374 -21.203 -4.793
25.404 -6.505 -11.721
25.547 -7.480 -4.793
28.517 -10.298 0.482
33.811 -12.820 3.584
40.354 -13.230 4.476
45.935 -9.751 4.849
49.555 -5.065 2.725
48.997 -4.369 4.358
51.468 2.077 4.964
52.957 4.144 6.345
55.147 2.651 7.449
28.072 4.206 13.032
34.308 3.884 15.264
34.398 3.794 14.947
34.415 5.736 9.676
35.483 8.787 3.680
38.551 8.363 -2.268
41.915 4.556 -6.063
43.607 -1.363 -8.785
45.473 -7.776 -9.608
43.091 -13.927 -8.360
39.287 -18.743 -5.610
33.230 -21.199 -4.892
25.230 -6.439 -11.688
25.253 -6.423 -11.691
25.406 -7.405 -4.739
28.430 -10.176 0.451
33.783 -12.687 3.525
40.345 -13.209 4.331
45.944 -9.752 4.650
49.056 -4.400 4.208
49.076 -4.423 4.223
51.136 1.522 3.897
51.580 2.085 4.873
53.092 4.069 6.221
55.273 2.717 7.385
53.012 4.138 6.437
55.096 2.625 7.340
28.181 4.342 13.116
34.467 3.896 15.168
34.461 3.855 15.014
34.387 5.779 9.642
35.597 8.781 3.653
38.640 8.383 -2.300
42.018 4.596 -6.067
43.638 -1.317 -8.792
45.570 -7.806 -9.612
43.155 -13.966 -8.412
39.389 -18.828 -5.748
33.299 -21.262 -4.892
25.231 -6.542 -11.712
25.333 -6.486 -11.689
25.427 -7.384 -4.733
28.558 -10.161 0.399
33.858 -12.789 3.488
40.420 -13.234 4.338
45.998 -9.733 4.633
49.104 -4.371 4.209
49.124 -4.386 4.210
51.144 1.563 3.898
51.705 2.081 4.895
53.177 4.103 6.218
55.374 2.725 7.385
53.135 4.192 6.361
55.189 2.656 7.284
27.879 4.292 13.139
34.221 3.818 15.144
34.217 3.780 15.023
34.200 5.737 9.643
35.298 8.805 3.675
38.343 8.372 -2.298
41.726 4.567 -6.099
43.359 -1.355 -8.826
45.343 -7.756 -9.558
43.025 -13.926 -8.259
39.186 -18.736 -5.636
33.083 -21.118 -4.852
25.307 -6.288 -11.735
25.321 -6.270 -11.740
25.249 -7.388 -4.769
28.268 -10.109 0.434
33.619 -12.700 3.516
40.132 -13.145 4.419
45.718 -9.629 4.743
48.986 -4.396 4.216
48.943 -4.323 4.163
50.951 1.483 3.875
51.417 2.053 4.878
52.910 4.046 6.210
55.111 2.682 7.324
52.887 4.108 6.309
54.956 2.595 7.237
28.065 4.280 13.159
34.427 3.869 15.106
34.231 5.884 9.630
35.403 8.860 3.648
38.463 8.404 -2.312
41.847 4.591 -6.100
43.481 -1.300 -8.812
45.432 -7.721 -9.599
43.084 -13.903 -8.271
39.272 -18.698 -5.610
33.198 -21.128 -4.845
25.271 -6.349 -11.694
25.340 -6.308 -11.680
25.376 -7.332 -4.738
28.366 -10.082 0.455
33.764 -12.651 3.486
40.287 -13.141 4.306
45.851 -9.650 4.663
49.008 -4.225 4.163
49.045 -4.115 4.054
51.004 1.533 3.847
51.537 2.128 4.844
52.999 4.135 6.149
55.160 2.706 7.249
52.978 4.129 6.227
55.089 2.682 7.158
28.143 4.258 13.037
34.595 3.926 14.987
34.626 5.756 9.860
35.323 9.019 3.864
38.516 8.452 -2.113
41.990 4.703 -5.925
43.918 -1.181 -8.793
45.522 -7.704 -9.425
43.559 -13.941 -8.267
39.661 -18.715 -6.069
33.633 -21.265 -4.901
25.536 -6.426 -11.822
25.555 -6.405 -11.824
25.697 -7.509 -4.885
28.503 -10.451 0.378
33.893 -12.680 3.596
40.499 -13.064 4.363
46.076 -9.575 4.741
49.663 -4.053 4.190
49.267 -3.923 4.167
51.076 1.547 3.817
51.562 2.077 4.868
53.111 4.065 6.201
55.408 2.759 7.280
52.992 4.154 6.284
55.070 2.612 7.191
28.139 4.371 13.283
34.406 3.974 15.167
34.146 6.320 9.479
35.565 9.098 3.649
38.762 8.488 -2.275
42.208 4.725 -6.015
43.865 -1.283 -8.740
45.758 -7.705 -9.619
43.422 -13.901 -8.438
39.603 -18.805 -6.062
33.576 -21.233 -4.911
25.092 -6.645 -11.776
26.690 -5.954 -11.606
25.604 -7.420 -4.831
28.641 -10.230 0.366
34.077 -12.672 3.494
40.624 -13.214 4.363
46.255 -9.778 4.720
49.753 -4.970 2.146
49.301 -4.077 4.229
51.435 2.259 4.941
53.041 4.302 6.205
55.208 2.707 7.284
28.086 4.330 13.042
34.253 3.873 15.135
34.307 3.853 14.991
35.099 5.266 9.779
33.832 6.284 9.621
35.402 8.953 3.736
38.522 8.437 -2.198
41.954 4.646 -5.951
43.596 -1.337 -8.667
45.512 -7.731 -9.496
43.282 -13.953 -8.196
39.424 -18.821 -5.888
33.370 -21.217 -4.790
25.541 -6.351 -11.744
25.535 -7.304 -4.788
28.520 -10.087 0.486
33.786 -12.834 3.540
40.322 -13.186 4.506
45.927 -9.710 4.846
49.611 -4.988 2.729
49.069 -4.171 4.348
51.421 2.189 4.945
53.000 4.249 6.213
55.158 2.695 7.295
28.072 4.292 13.053
34.255 3.850 15.128
34.311 3.830 14.991
35.088 5.231 9.822
33.815 6.217 9.635
35.304 8.922 3.788
38.469 8.417 -2.142
41.882 4.628 -5.923
43.552 -1.330 -8.667
45.434 -7.726 -9.463
43.337 -13.982 -8.145
39.418 -18.820 -5.996
33.388 -21.204 -4.770
25.530 -6.322 -11.707
25.570 -7.321 -4.808
28.470 -10.198 0.482
33.735 -12.891 3.549
40.275 -13.185 4.521
45.855 -9.700 4.840
49.577 -5.021 2.689
49.034 -4.187 4.321
51.389 2.178 4.929
52.958 4.223 6.214
55.136 2.690 7.269
28.046 4.348 13.005
34.210 3.846 15.134
34.277 3.830 14.987
35.047 5.239 9.773
33.789 6.254 9.633
35.320 8.883 3.744
38.435 8.429 -2.200
41.869 4.631 -5.959
43.468 -1.317 -8.676
45.415 -7.730 -9.458
43.215 -13.990 -8.052
39.307 -18.784 -5.791
33.298 -21.174 -4.747
25.531 -6.313 -11.705
25.454 -7.252 -4.747
28.431 -10.042 0.498
33.671 -12.858 3.549
40.196 -13.164 4.533
45.790 -9.680 4.841
49.568 -5.024 2.661
49.020 -4.195 4.345
51.419 2.200 4.929
52.989 4.235 6.181
55.118 2.717 7.282
27.934 4.298 13.149
34.353 3.826 15.092
34.145 3.886 15.187
34.312 5.790 9.672
35.323 8.861 3.753
38.412 8.419 -2.208
41.831 4.597 -5.983
43.464 -1.324 -8.753
45.391 -7.729 -9.519
43.202 -13.966 -8.116
39.301 -18.764 -5.721
33.285 -21.198 -4.768
25.477 -6.273 -11.713
25.488 -6.256 -11.718
25.453 -7.259 -4.753
28.367 -10.124 0.448
33.696 -12.863 3.471
40.189 -13.169 4.494
45.772 -9.663 4.851
49.057 -4.343 4.318
49.043 -4.208 4.166
49.595 -5.200 2.152
50.952 1.507 3.830
51.438 2.174 4.874
52.991 4.216 6.134
55.130 2.736 7.215
53.005 4.207 6.278
55.077 2.749 7.250
28.023 4.279 13.194
34.488 3.881 14.844
34.535 3.906 14.845
34.388 5.819 9.681
35.455 8.853 3.711
38.555 8.428 -2.252
41.968 4.602 -6.013
43.588 -1.332 -8.788
45.539 -7.756 -9.557
43.285 -13.973 -8.157
39.397 -18.808 -5.835
33.347 -21.233 -4.821
25.478 -6.350 -11.756
25.508 -6.326 -11.754
25.554 -7.299 -4.789
28.466 -10.179 0.399
33.825 -12.864 3.404
40.314 -13.195 4.437
45.908 -9.700 4.802
49.117 -4.343 4.424
49.068 -4.067 4.135
49.714 -5.180 2.148
51.159 1.640 3.843
51.636 2.157 4.861
53.039 4.240 6.122
55.234 2.782 7.243
53.172 4.269 6.182
55.228 2.735 7.206
28.295 4.308 13.080
34.514 3.785 15.237
34.532 3.758 15.128
35.261 5.237 9.809
34.036 6.153 9.635
35.670 8.818 3.713
38.625 8.379 -2.270
42.008 4.535 -6.141
43.625 -1.364 -8.864
45.541 -7.809 -9.580
43.407 -14.145 -8.183
39.461 -18.934 -5.648
33.375 -21.277 -4.771
25.558 -6.472 -11.647
25.546 -7.348 -4.700
28.561 -10.229 0.537
33.898 -13.029 3.495
40.409 -13.276 4.368
45.982 -9.747 4.743
49.458 -5.169 2.350
49.088 -4.519 4.169
51.731 2.176 4.832
53.242 4.163 6.155
55.391 2.744 7.259
28.062 4.334 13.279
34.489 3.794 14.983
34.535 3.816 14.965
34.574 5.640 9.755
35.592 8.808 3.694
38.585 8.380 -2.290
41.976 4.561 -6.040
43.517 -1.390 -8.854
45.487 -7.811 -9.593
43.228 -14.036 -8.206
39.416 -18.934 -5.968
33.303 -21.242 -4.792
25.535 -6.376 -11.687
25.532 -6.369 -11.701
25.535 -7.354 -4.734
28.445 -10.355 0.425
33.828 -12.984 3.434
40.328 -13.234 4.382
45.889 -9.710 4.735
48.958 -4.467 4.248
48.961 -4.447 4.235
49.671 -5.170 2.314
51.221 1.510 3.865
51.666 2.090 4.802
53.135 4.194 6.067
55.324 2.683 7.185
53.125 4.232 6.340
55.171 2.668 7.227
27.887 4.282 13.183
34.284 3.692 15.044
34.127 3.796 15.158
34.421 5.474 9.813
35.213 8.741 3.815
38.325 8.337 -2.172
41.719 4.568 -5.929
43.374 -1.330 -8.747
45.168 -7.778 -9.458
43.242 -13.978 -8.129
39.285 -18.824 -6.027
33.245 -21.211 -4.784
25.386 -6.327 -11.674
25.385 -6.316 -11.684
25.492 -7.395 -4.750
28.223 -10.367 0.462
33.583 -12.858 3.596
40.108 -13.194 4.484
45.701 -9.645 4.816
48.837 -4.340 4.221
48.791 -4.254 4.161
49.236 -5.096 2.358
50.967 1.523 3.883
51.407 2.037 4.829
52.912 4.079 6.063
55.064 2.630 7.156
52.886 4.109 6.364
54.987 2.618 7.239
27.948 4.338 13.182
34.325 3.740 15.026
34.422 5.609 9.702
35.424 8.752 3.690
38.480 8.348 -2.287
41.854 4.548 -6.043
43.418 -1.361 -8.807
45.382 -7.787 -9.615
43.087 -13.966 -8.276
39.287 -18.819 -5.824
33.185 -21.213 -4.834
25.351 -6.392 -11.711
25.368 -6.373 -11.717
25.402 -7.352 -4.753
28.348 -10.269 0.417
33.705 -12.803 3.474
40.235 -13.203 4.332
45.791 -9.699 4.713
48.997 -4.532 4.160
49.076 -4.498 4.072
51.080 1.528 3.756
51.524 2.092 4.825
53.019 4.130 6.075
55.190 2.654 7.196
52.982 4.143 6.359
55.092 2.636 7.214
27.924 4.448 13.295
34.349 3.730 15.051
34.472 5.561 9.732
35.383 8.800 3.715
38.403 8.391 -2.274
41.809 4.600 -6.041
43.387 -1.353 -8.838
45.360 -7.772 -9.602
43.180 -14.005 -8.181
39.312 -18.812 -5.665
33.210 -21.212 -4.737
25.433 -6.284 -11.670
25.443 -6.275 -11.682
25.370 -7.295 -4.721
28.341 -10.155 0.509
33.694 -12.818 3.523
40.187 -13.161 4.420
45.791 -9.646 4.721
49.129 -4.608 4.100
49.156 -4.580 4.058
51.026 1.575 3.830
51.545 2.066 4.812
53.023 4.127 6.049
55.204 2.646 7.163
52.990 4.161 6.349
55.097 2.658 7.195
27.906 4.273 13.269
34.295 3.681 15.128
34.426 5.578 9.839
35.250 8.744 3.808
38.345 8.350 -2.203
41.739 4.573 -5.974
43.418 -1.311 -8.735
45.216 -7.774 -9.452
43.291 -14.003 -8.162
39.337 -18.833 -6.020
33.289 -21.222 -4.778
25.437 -6.293 -11.732
25.436 -6.285 -11.740
25.508 -7.424 -4.769
28.247 -10.418 0.430
33.587 -12.863 3.577
40.122 -13.200 4.547
45.721 -9.633 4.850
49.113 -4.601 4.059
49.130 -4.531 3.965
49.695 -5.010 2.505
50.902 1.423 4.015
51.449 2.043 4.841
52.969 4.055 6.083
55.121 2.639 7.176
52.917 4.081 6.398
55.054 2.640 7.264
27.956 4.301 13.185
34.343 3.764 15.034
34.382 5.694 9.678
35.437 8.764 3.645
38.502 8.350 -2.309
41.870 4.570 -6.068
43.450 -1.349 -8.801
45.404 -7.792 -9.584
43.111 -13.984 -8.263
39.309 -18.817 -5.835
33.194 -21.190 -4.887
25.342 -6.398 -11.761
25.370 -6.378 -11.764
25.387 -7.311 -4.795
28.347 -10.223 0.380
33.705 -12.762 3.471
40.223 -13.213 4.349
45.801 -9.675 4.713
48.998 -4.518 4.189
49.087 -4.499 4.109
51.002 1.516 3.824
51.550 2.108 4.867
53.059 4.148 6.098
55.216 2.683 7.234
53.018 4.139 6.355
55.116 2.637 7.237
27.906 4.294 13.188
34.379 3.711 15.065
34.512 5.504 9.915
35.252 8.738 3.805
38.371 8.343 -2.210
41.800 4.593 -5.931
43.474 -1.310 -8.772
45.211 -7.753 -9.493
43.375 -14.072 -8.082
39.291 -18.834 -6.028
33.272 -21.172 -4.793
25.245 -6.336 -11.772
25.241 -6.328 -11.782
25.380 -7.453 -4.852
28.228 -10.517 0.325
33.596 -13.013 3.521
40.116 -13.231 4.450
45.704 -9.669 4.828
49.168 -4.773 3.992
49.174 -4.727 3.951
50.885 1.394 3.903
51.464 2.018 4.824
52.935 4.078 6.099
55.139 2.605 7.196
52.945 4.152 6.345
54.962 2.563 7.242
27.897 4.317 13.154
34.367 3.638 14.990
34.614 5.375 9.883
35.227 8.748 3.814
38.334 8.363 -2.163
41.774 4.604 -5.917
43.374 -1.288 -8.741
45.141 -7.777 -9.468
43.407 -14.076 -8.072
39.339 -18.859 -6.045
33.282 -21.196 -4.725
25.433 -6.280 -11.692
25.427 -6.271 -11.708
25.560 -7.374 -4.794
28.306 -10.382 0.421
33.595 -12.998 3.559
40.123 -13.174 4.495
45.657 -9.616 4.849
49.213 -4.721 3.874
49.214 -4.706 3.857
50.853 1.458 3.903
51.433 2.041 4.808
52.915 4.098 6.097
55.077 2.616 7.211
52.858 4.140 6.390
54.927 2.591 7.202
27.934 4.319 13.208
34.314 3.724 15.114
34.536 5.514 9.881
35.239 8.751 3.846
38.369 8.348 -2.158
41.764 4.579 -5.955
43.452 -1.273 -8.713
45.191 -7.809 -9.420
43.507 -14.096 -8.001
39.337 -18.882 -6.135
33.346 -21.230 -4.772
25.527 -6.311 -11.710
25.494 -6.304 -11.727
25.539 -7.439 -4.764
28.260 -10.411 0.453
33.580 -12.971 3.634
40.126 -13.213 4.542
45.722 -9.663 4.877
49.158 -4.644 4.015
49.196 -4.599 3.946
50.969 1.401 3.904
51.440 2.078 4.840
53.008 4.077 6.098
55.139 2.646 7.174
52.921 4.106 6.413
55.043 2.636 7.257
53.038 88.827 60.396
58.755 88.091 64.264
60.874 84.066 69.571
62.112 77.779 72.645
60.987 71.655 73.338
58.067 65.997 70.940
57.530 62.458 65.146
58.580 61.579 58.802
63.033 61.986 53.569
69.301 63.568 51.849
73.895 55.429 67.232
74.281 62.470 68.497
74.636 68.678 65.457
71.989 72.741 60.980
67.016 74.211 56.549
60.922 74.068 54.877
54.718 71.640 56.446
50.142 71.383 61.518
49.047 71.998 68.177
49.000 75.225 73.310
40.639 17.518 -5.206
35.500 18.215 -2.926
28.534 18.348 -2.730
23.010 14.189 -2.651
20.225 9.794 1.471
16.201 16.115 0.207
12.883 19.030 3.237
9.106 21.665 8.059
5.766 22.321 14.269
8.030 22.694 20.853
13.034 23.281 25.782
19.318 25.812 26.571
24.493 29.080 24.290
27.578 33.330 20.485
26.683 39.500 17.566
9.121 39.618 20.165
11.247 38.174 14.034
16.111 36.073 9.996
20.924 31.105 9.762
25.736 26.810 12.828
25.415 21.294 16.607
22.777 16.586 20.185
18.163 11.872 20.032
12.627 8.799 18.899
37.441 4.594 7.198
34.491 0.958 2.560
31.579 0.319 -2.883
28.458 2.752 -8.383
28.238 7.983 -12.852
11.281 3.052 11.410
171.991 -39.942 324.161
167.181 -44.562 325.584
165.589 -51.348 326.250
166.181 -57.131 327.257
169.813 -62.369 329.254
174.840 -64.051 333.594
179.451 -62.912 338.082
181.578 -58.888 343.085
180.597 -54.861 347.620
176.893 -51.282 351.915
172.149 -50.862 355.787
167.242 -50.923 360.205
163.835 -55.356 364.397
162.958 -61.672 366.970
164.054 -68.519 367.364
169.178 -72.873 367.631
175.016 -74.573 369.325
181.516 -73.244 371.597
185.025 -68.733 375.084
185.119 -64.895 380.171
182.229 -62.061 385.524
177.070 -61.161 390.057
172.022 -64.053 393.455
170.654 -69.288 396.617
170.467 -76.047 398.140
173.914 -81.621 399.072
179.609 -83.165 402.000
186.946 -66.527 402.729
189.267 -71.000 397.867
187.842 -76.032 393.992
184.024 -78.883 389.950
178.447 -79.648 386.060
171.902 -77.995 385.270
167.987 -72.661 384.169
167.565 -66.473 382.231
169.761 -60.121 381.121
174.129 -57.683 376.632
179.194 -57.310 372.842
182.046 -60.036 367.240
180.110 -64.003 361.752
176.756 -68.190 358.530
171.382 -68.919 355.371
164.717 -69.284 355.036
166.652 -65.989 349.814
162.576 -60.807 345.864
163.253 -54.592 344.027
166.650 -48.976 342.367
172.136 -46.907 339.885
178.404 -46.693 337.708
182.089 -50.326 333.182
183.772 -55.539 329.628
181.411 -58.824 324.134
176.646 -58.219 319.456
170.347 -56.400 317.032
165.906 -52.246 315.410
36.227 8.380 -5.636
31.665 12.002 -3.888
24.851 13.946 -4.187
19.256 11.840 -1.523
16.243 7.690 2.578
12.534 13.078 -0.304
9.735 18.058 3.336
6.652 20.443 8.935
4.294 21.579 15.258
6.996 22.042 21.635
12.086 22.180 25.992
18.303 24.507 26.742
23.795 27.436 24.610
28.046 30.602 20.456
28.050 36.122 16.734
9.897 36.773 17.802
12.425 34.953 12.171
17.377 32.111 8.507
21.291 26.545 9.033
24.610 21.894 12.665
23.341 17.169 17.140
19.688 13.410 21.337
14.291 10.075 21.262
8.406 8.299 18.400
30.103 -1.597 8.136
26.668 -4.443 3.540
23.250 -4.279 -2.029
21.562 -1.573 -7.573
20.653 3.097 -12.616
5.175 5.176 14.814
3.905 2.619 13.848
4.143 1.209 16.208
105.592 25.573 81.360
100.448 21.834 82.809
98.170 15.040 84.135
100.571 8.867 86.355
104.967 3.630 87.271
110.697 2.421 90.731
115.024 3.933 95.497
117.196 7.969 100.764
115.957 12.886 105.098
112.091 15.411 109.873
107.805 14.792 114.131
102.943 14.831 118.906
99.226 10.716 122.731
98.070 4.540 125.392
99.057 -2.279 125.919
104.077 -6.492 126.037
110.188 -8.557 127.977
116.864 -7.231 129.972
120.245 -2.851 133.739
120.263 1.125 138.756
117.307 3.844 144.304
111.838 5.142 148.357
106.575 2.274 151.663
105.240 -3.109 154.815
105.694 -9.553 156.836
109.096 -15.303 157.964
114.693 -17.096 160.796
123.304 -0.909 161.503
125.060 -5.350 156.731
123.420 -9.754 152.256
119.559 -12.836 148.410
113.478 -13.473 144.846
106.874 -11.885 143.937
102.736 -6.622 143.002
102.479 -0.468 140.881
104.945 5.815 139.701
109.064 8.217 135.236
109.210 8.175 135.221
113.626 8.739 131.132
116.074 7.724 132.913
117.162 6.611 125.607
115.704 3.211 120.330
112.404 -1.198 116.460
106.723 -2.548 113.868
100.000 -3.655 112.997
101.378 -0.493 108.091
97.920 5.241 104.247
98.142 11.798 103.092
101.547 17.209 100.938
106.670 19.407 97.714
113.066 20.012 95.613
116.753 16.716 90.845
118.333 11.314 86.929
114.982 7.615 82.198
109.906 6.603 78.089
104.890 8.651 74.389
135.068 18.286 47.991
128.950 20.011 50.127
122.019 19.260 50.579
116.726 15.323 50.792
115.072 11.258 55.447
111.718 17.418 53.424
106.845 21.110 56.216
102.613 22.542 61.165
99.598 22.531 67.326
102.047 23.226 73.749
107.112 23.939 78.383
112.869 27.249 79.124
118.773 29.707 76.597
121.793 34.203 72.668
120.577 40.313 70.435
102.865 39.564 73.248
105.127 39.252 66.650
109.658 36.505 62.526
114.854 31.756 62.388
119.224 27.549 65.287
119.532 22.369 69.535
116.710 17.451 73.126
112.281 12.890 72.778
106.936 9.534 70.878
131.454 5.834 60.232
128.859 2.069 55.653
125.333 1.465 50.005
122.214 4.253 44.806
121.469 9.365 40.685
36.548 7.814 -5.051
31.858 11.882 -3.987
25.182 13.924 -4.148
19.703 11.851 -1.796
16.543 7.709 2.481
12.824 13.286 -0.137
9.880 18.102 3.611
6.883 20.517 9.021
4.232 21.808 15.197
7.022 22.258 21.565
12.280 22.322 25.882
18.457 24.409 26.632
23.834 27.663 24.559
28.023 30.622 19.991
27.812 36.471 16.745
9.460 36.961 17.540
12.478 35.446 11.802
17.162 32.124 8.494
21.497 26.882 9.012
24.412 21.883 12.409
23.497 17.232 17.017
19.846 13.507 21.088
14.526 10.045 21.116
8.473 8.300 19.158
5.304 6.064 15.206
30.082 -1.849 8.028
26.596 -4.610 3.521
23.128 -4.266 -2.043
21.247 -1.465 -7.546
20.843 3.114 -12.498
4.236 0.913 16.210
3.934 0.268 16.014
4.161 2.500 13.817
4.097 2.325 13.907
17.262 -15.067 91.133
20.947 -17.383 86.602
23.139 -17.407 79.704
24.822 -13.801 74.673
29.742 -9.992 73.700
29.012 -15.445 70.038
33.285 -19.200 66.412
38.736 -20.603 63.200
45.439 -20.971 61.885
51.101 -21.614 65.789
54.295 -22.072 71.696
53.580 -24.897 77.895
50.327 -28.349 82.568
45.232 -32.035 85.011
42.953 -37.680 83.755
49.814 -38.605 67.228
43.615 -37.694 67.817
38.575 -34.305 70.758
36.907 -29.850 75.570
38.348 -25.184 80.178
42.535 -20.009 81.268
46.917 -15.270 79.762
47.699 -10.895 75.312
47.053 -7.787 69.414
42.629 -5.240 65.789
30.437 -3.387 90.153
26.771 0.254 86.552
22.290 0.459 81.416
18.181 -2.557 77.177
14.329 -7.766 75.328
19.693 8.512 47.693
14.939 12.480 48.900
8.208 14.557 48.676
2.554 12.445 51.178
-0.594 8.482 55.415
-4.300 13.893 52.698
-7.166 18.846 56.251
-10.112 21.146 61.787
-12.648 22.202 68.043
-9.870 22.772 74.432
-4.695 22.699 78.841
1.472 24.876 79.511
7.036 27.875 77.413
11.154 30.955 72.956
10.915 36.755 69.702
-7.365 36.959 70.547
-4.518 35.558 64.804
0.326 32.556 61.293
4.566 27.256 61.782
7.563 22.312 65.306
6.475 17.630 69.929
2.759 13.888 73.974
-2.792 10.454 73.803
-8.513 8.943 71.788
-11.782 6.756 68.067
13.243 -1.135 60.697
9.778 -3.804 56.157
6.270 -3.590 50.642
4.455 -0.951 45.076
3.693 3.748 40.185
-12.790 1.446 69.043
-12.826 3.004 66.735
87.282 8.040 -5.153
82.586 12.408 -3.975
76.025 14.435 -4.317
70.433 12.431 -1.741
67.133 8.597 2.501
63.470 13.973 -0.273
60.548 18.858 3.480
57.487 21.162 8.976
54.949 22.377 15.220
57.699 22.916 21.625
62.772 22.806 26.084
69.025 24.971 26.768
74.595 27.873 24.707
78.616 31.151 20.373
78.555 36.824 16.851
60.267 37.645 17.700
63.243 36.026 12.109
68.062 32.820 8.637
72.160 27.449 9.134
75.014 22.420 12.627
73.862 17.634 17.089
70.341 13.949 21.280
64.837 10.547 21.346
64.773 10.575 21.248
57.801 10.969 19.049
58.757 9.201 18.971
80.886 -1.166 8.083
77.363 -3.932 3.551
73.928 -3.656 -2.061
72.136 -0.836 -7.610
71.622 3.578 -12.498
55.950 6.099 14.952
54.901 3.375 13.958
54.950 1.881 16.365
36.450 8.075 -5.136
31.815 12.011 -3.659
24.994 14.086 -4.103
19.616 12.045 -1.448
16.342 7.896 2.724
12.706 13.311 -0.082
9.840 18.229 3.568
6.954 20.559 9.122
4.361 21.698 15.308
7.163 22.239 21.687
12.291 22.219 26.126
18.515 24.314 26.810
23.947 27.370 24.751
28.124 30.431 20.367
27.923 36.206 16.980
9.645 36.331 17.765
12.343 34.674 12.307
17.269 31.860 8.569
21.631 26.666 9.114
24.543 21.750 12.655
23.496 17.125 17.301
19.823 13.342 21.331
14.289 9.980 21.214
8.385 8.618 19.113
30.249 -1.611 8.187
26.787 -4.309 3.586
23.313 -4.059 -1.984
21.425 -1.563 -7.602
20.707 2.915 -12.685
5.258 5.264 15.006
4.161 2.596 13.975
4.117 1.123 16.431
-17.793 -15.669 38.383
-14.163 -17.857 33.314
-12.170 -18.056 26.744
-9.960 -14.262 21.716
-5.156 -10.174 20.740
-6.549 -16.406 17.745
-2.401 -20.503 14.487
3.142 -21.537 10.996
9.885 -21.523 9.627
15.514 -22.090 13.611
18.720 -22.581 19.571
18.234 -25.788 25.382
15.151 -29.406 30.074
10.643 -33.747 32.550
7.689 -39.530 30.704
14.245 -38.792 13.983
7.933 -37.418 15.036
2.823 -35.014 18.445
1.176 -30.496 23.498
2.960 -26.052 28.135
6.988 -20.823 29.118
11.249 -15.857 27.562
11.889 -11.425 23.135
11.163 -8.431 17.325
-5.120 -3.698 37.503
-8.824 -0.143 33.609
-13.173 0.203 28.606
-17.300 -2.586 24.470
-21.106 -7.981 22.520
5.233 -4.056 12.994
5.716 -1.178 12.064
8.209 -0.427 13.297
19.848 7.808 47.438
14.946 11.988 49.062
8.304 14.245 48.498
2.897 12.483 51.699
-0.272 7.597 55.503
-4.348 13.005 53.053
-7.339 17.960 56.687
-10.370 20.471 62.099
-12.902 21.643 68.335
-10.034 22.307 74.661
-4.641 22.382 78.757
1.622 24.501 79.286
6.944 27.779 77.103
11.146 30.897 72.806
11.045 36.349 68.737
-7.312 36.850 70.154
-4.591 34.977 64.613
0.133 31.690 61.249
4.368 26.148 61.649
7.550 21.424 65.421
6.316 16.998 70.303
2.559 13.367 74.312
-3.023 9.984 74.298
-8.692 8.317 71.836
12.874 -1.709 60.965
9.418 -4.421 56.282
5.996 -4.056 50.741
3.786 -0.994 45.431
3.429 4.033 40.638
-12.158 4.842 67.952
-13.326 2.176 66.959
-13.093 0.612 69.381
-18.132 -15.391 38.914
-14.662 -17.903 33.956
-12.618 -18.252 27.252
-10.498 -14.494 22.332
-5.787 -10.045 21.549
-6.865 -16.187 18.155
-2.662 -19.944 14.594
2.905 -21.344 11.284
9.671 -21.370 9.857
15.326 -21.942 13.793
18.494 -22.442 19.816
18.128 -25.763 25.446
15.361 -29.776 29.788
10.510 -33.793 32.489
7.547 -39.529 30.381
14.404 -38.043 13.807
8.139 -36.773 14.816
2.669 -35.000 18.360
0.933 -30.537 23.433
2.638 -26.006 28.025
6.289 -20.642 28.835
10.934 -15.866 27.718
11.650 -11.397 23.299
10.856 -8.367 17.388
-5.401 -3.667 37.761
-9.104 -0.180 33.863
-13.601 0.042 28.899
-17.598 -2.905 24.731
-21.704 -8.161 23.158
5.116 -3.441 12.606
5.172 -0.575 12.330
7.518 0.762 13.433
35.829 0.114 22.434
37.948 5.574 18.790
35.909 11.242 15.560
32.035 15.855 16.865
37.840 16.792 13.023
42.509 21.721 13.127
44.728 27.161 16.453
45.485 31.573 21.138
45.449 33.960 27.866
44.999 32.453 34.366
19.588 6.952 28.020
19.418 6.604 21.264
20.583 6.903 14.965
24.434 5.647 10.028
62.022 2.316 8.602
60.298 7.967 12.207
62.915 13.141 15.833
66.691 17.542 15.390
67.170 17.547 14.413
59.455 17.451 15.656
61.880 18.799 18.516
55.312 22.688 14.491
57.432 23.834 18.272
53.446 28.235 12.153
56.023 29.688 14.748
54.092 33.789 8.337
55.998 34.284 10.125
56.025 35.951 3.155
56.894 34.672 -3.770
54.995 17.343 -0.725
60.947 19.801 -3.333
65.719 24.637 -2.874
68.335 28.979 1.115
69.177 32.261 6.741
79.685 7.839 4.186
79.158 6.667 10.964
77.543 6.896 17.133
72.774 6.233 21.775
45.332 15.138 31.480
40.083 17.825 34.854
35.806 22.730 34.035
33.110 27.376 30.558
32.028 30.638 25.124
28.837 31.444 20.606
26.135 31.773 18.973
24.651 32.975 20.857
72.268 32.879 11.392
74.975 32.795 13.114
76.582 33.994 11.456
6.343 -30.115 -26.030
3.396 -24.418 -24.044
-0.657 -18.854 -25.346
-6.262 -17.315 -23.684
-1.355 -12.280 -25.070
0.750 -7.218 -21.220
0.352 -3.426 -15.548
-1.074 -2.467 -9.336
-3.169 -4.174 -2.754
-2.758 -8.387 2.173
5.169 -19.846 -9.078
-0.716 -22.108 -6.128
-6.701 -19.526 -5.211
-11.172 -15.112 -6.807
-13.295 -10.116 -9.991
-13.008 -31.669 -27.668
-11.990 -27.484 -32.496
-7.349 -24.457 -35.941
-16.121 -8.028 -14.545
-18.570 -7.995 -16.487
-20.496 -8.644 -14.759
41.160 33.088 227.917
47.173 34.954 224.799
49.528 37.436 218.917
49.641 40.708 213.847
48.481 46.207 211.024
46.243 51.873 211.126
45.385 56.930 213.164
61.131 49.799 228.769
55.452 52.306 227.915
50.425 54.976 231.464
43.965 54.504 231.049
39.119 52.997 227.572
35.567 50.252 222.386
33.307 47.530 217.784
33.949 42.934 212.318
37.662 37.912 209.682
47.209 62.947 217.858
46.809 65.588 218.425
47.077 67.162 216.221
-7.093 -42.056 0.658
-5.799 -45.533 -5.358
-4.912 -51.542 -7.286
-7.970 -57.273 -8.972
-13.379 -61.440 -9.084
-19.811 -61.096 -10.344
-26.011 -58.669 -12.688
-28.640 -54.638 -16.053
-28.928 -50.467 -20.516
-25.996 -47.684 -25.965
-21.883 -46.268 -30.790
5.826 -49.215 30.410
3.243 -53.703 26.041
-1.494 -57.357 23.365
-7.916 -57.238 21.009
-14.109 -54.622 20.245
-16.715 -48.830 18.434
-16.456 -42.774 15.761
-13.485 -38.356 12.208
-9.215 -36.017 7.785
-14.388 -62.032 -25.931
-10.369 -56.381 -25.376
-10.958 -49.685 -23.734
-14.017 -45.294 -20.340
-18.391 -42.692 -15.612
-21.813 -43.443 -10.519
-23.306 -46.523 -4.647
-22.588 -51.456 -0.135
-17.897 -56.375 2.135
-11.162 -57.281 3.673
-5.006 -54.716 3.085
0.290 -52.380 7.093
2.438 -47.810 11.658
2.150 -42.480 15.788
-1.777 -39.432 20.344
-6.956 -38.364 24.386
-11.916 -41.186 28.028
-14.047 -46.598 30.902
-13.693 -52.711 33.428
-10.060 -57.527 35.678
37.367 23.061 16.215
39.505 27.410 19.171
37.267 21.150 20.065
32.648 18.101 23.334
27.682 18.214 27.884
23.238 21.464 31.979
19.192 26.578 33.306
15.617 32.408 31.279
12.416 35.888 25.878
10.760 35.843 18.855
12.017 32.400 12.168
11.722 26.430 9.501
8.527 20.927 8.199
3.360 17.970 9.179
-2.527 16.104 12.158
-7.921 18.816 15.312
-11.004 24.371 16.285
-12.819 24.473 2.448
-6.622 26.929 -0.569
-2.645 32.040 2.600
-3.166 35.412 8.459
-4.774 34.025 15.701
-3.374 30.691 20.673
1.568 25.566 24.881
4.838 20.365 24.628
9.993 17.706 21.374
14.671 18.724 16.134
18.656 22.867 14.372
21.930 28.947 14.279
23.594 34.563 17.335
24.480 38.022 23.288
26.407 36.884 29.782
28.470 32.498 34.772
31.568 26.837 36.975
16.034 35.678 162.365
15.134 32.101 168.093
15.669 27.802 172.996
20.155 24.947 176.761
34.021 20.078 149.593
28.192 22.402 146.677
22.126 19.951 145.554
17.662 15.438 147.042
15.420 10.536 149.980
13.364 7.766 154.052
34.458 30.245 167.431
31.886 24.481 165.902
27.469 19.310 166.429
21.988 17.754 164.231
26.802 12.667 165.805
28.994 7.484 162.148
28.331 4.307 155.928
26.263 2.395 149.963
25.543 4.563 142.945
26.147 8.858 138.223
15.899 99.214 161.905
15.047 95.654 167.489
15.524 91.339 172.468
20.096 88.495 176.152
34.042 83.584 149.067
28.246 85.973 146.139
22.228 83.465 144.994
17.738 79.049 146.499
15.471 74.042 149.522
13.376 71.245 153.468
34.324 93.880 166.759
31.751 88.023 165.448
27.331 82.868 165.944
21.897 81.248 163.747
26.851 76.178 165.181
28.938 70.980 161.475
28.391 67.647 155.247
26.374 65.932 149.146
25.544 68.215 142.202
26.157 72.626 137.536
29.990 -54.768 5.792
34.375 -57.868 5.962
38.445 -62.041 3.736
42.197 -67.247 4.939
44.581 -72.203 8.817
45.153 -75.338 14.278
45.211 -75.268 21.500
41.073 -74.342 26.754
35.180 -76.342 28.593
28.872 -78.688 28.142
24.909 -83.341 25.606
24.716 -89.177 21.838
26.705 -93.935 18.017
31.343 -99.424 19.350
35.409 -102.727 21.483
38.636 -105.751 26.694
42.628 -92.257 30.544
43.611 -92.803 24.653
41.564 -91.616 18.346
37.181 -89.851 13.409
32.288 -86.132 11.714
29.395 -80.565 11.630
28.283 -74.159 13.813
29.151 -68.830 18.191
32.543 -65.908 23.793
38.450 -64.101 24.022
45.188 -64.509 22.702
84.544 -58.441 -33.182
78.535 -58.316 -29.611
72.166 -59.745 -28.646
65.144 -62.206 -30.081
62.155 -65.385 -33.839
60.600 -71.136 -36.637
62.743 -77.225 -39.309
66.954 -82.142 -39.338
73.247 -84.187 -37.175
76.149 -86.661 -31.850
77.293 -86.902 -25.353
52.090 -93.715 -32.992
57.297 -92.851 -29.012
56.859 -88.459 -24.354
59.590 -83.160 -21.534
64.275 -78.612 -20.498
69.792 -75.526 -22.631
76.252 -75.715 -25.775
78.778 -76.829 -31.951
78.205 -74.885 -37.657
75.208 -72.864 -43.423
70.585 -68.617 -45.979
67.711 -62.777 -45.162
65.132 -56.647 -41.373
67.565 -52.151 -38.208
71.929 -47.913 -36.322
78.082 -45.880 -33.815
48.938 -59.582 18.999
50.678 -57.461 18.638
50.648 -56.074 21.049
74.816 -91.451 -20.531
75.233 -93.650 -18.875
77.393 -95.067 -19.893
