34.605 21.923 -17.876
27.592 22.917 -18.435
21.795 19.465 -20.307
19.947 13.444 -18.902
20.232 6.442 -18.848
23.356 0.242 -17.696
25.918 -2.136 -12.050
28.668 -1.389 -5.834
28.300 1.537 -0.057
24.414 3.414 4.658
18.512 7.013 6.478
12.360 3.697 7.050
6.647 0.723 4.920
2.462 -3.913 1.648
3.244 -10.670 2.751
5.891 -16.967 4.169
8.346 -20.107 8.967
8.454 -21.709 15.228
9.456 -19.361 21.770
-3.821 -8.763 16.744
1.569 -6.234 19.252
8.247 -6.034 19.199
14.727 -8.499 18.076
17.538 -11.976 12.920
17.590 -13.750 5.974
14.727 -13.680 -0.111
12.076 -9.362 -4.937
11.324 -3.115 -5.926
10.453 3.317 -5.447
13.519 9.245 -4.739
18.387 13.389 -1.646
24.854 13.749 -3.062
30.829 12.210 -5.412
34.208 9.066 -10.121
34.707 4.210 -15.322
32.557 5.212 -21.584
28.568 7.003 -26.617
25.572 12.921 -29.734
97.674 16.985 76.516
94.702 18.007 82.243
89.992 22.077 84.342
87.356 28.549 85.480
85.327 34.152 82.480
82.717 36.504 77.029
79.440 35.861 71.446
75.689 32.723 66.878
72.201 27.228 65.610
68.737 21.602 66.384
65.143 17.880 70.304
60.496 18.101 75.238
57.834 21.334 80.698
55.665 27.267 82.053
54.401 33.813 81.018
52.292 27.880 62.184
56.891 32.083 63.781
59.918 36.480 68.334
62.280 37.592 74.472
64.180 34.540 80.080
66.862 29.504 83.342
69.280 23.198 84.911
73.200 19.027 82.009
77.332 17.612 76.803
80.416 17.349 70.864
84.591 21.164 67.526
87.654 27.041 65.963
90.305 32.387 69.037
92.029 36.114 74.256
94.651 36.348 80.020
97.867 16.864 76.849
94.407 18.589 81.934
90.456 22.523 85.400
87.802 29.018 86.012
85.720 34.568 82.880
83.174 36.814 77.234
79.868 36.073 71.578
75.651 32.448 67.796
72.326 27.053 66.116
68.794 21.627 67.316
64.898 18.015 71.351
60.513 18.750 76.291
57.610 22.206 81.268
55.179 28.259 82.376
53.902 34.631 81.119
53.137 27.584 63.318
57.217 32.396 64.348
60.472 37.032 68.529
62.540 38.380 74.722
64.308 35.601 80.465
66.860 30.740 84.021
69.991 24.860 84.905
73.519 19.712 82.692
77.539 17.877 77.658
80.509 17.825 71.697
84.895 21.407 68.286
88.126 27.104 66.518
90.865 32.362 69.527
92.268 36.655 74.602
95.193 36.369 80.211
68.980 107.615 26.475
73.572 110.462 29.903
80.239 112.668 29.971
85.496 114.729 26.553
87.152 118.938 21.503
86.614 122.598 15.896
82.963 127.153 13.076
77.957 131.322 13.424
72.460 134.543 15.594
69.298 137.432 20.604
70.450 141.032 26.202
74.484 142.853 31.491
80.472 144.820 32.602
86.950 145.361 31.262
91.103 148.192 27.217
92.425 152.275 21.732
90.314 156.002 16.600
85.720 159.971 13.490
82.059 164.988 14.927
77.466 168.182 18.751
78.623 173.241 23.155
82.084 176.442 28.027
87.665 179.058 30.145
93.230 181.742 27.749
97.330 184.272 23.433
81.667 183.950 13.156
86.484 180.961 9.988
92.050 177.277 10.753
96.751 174.276 14.331
97.684 171.592 20.443
96.027 169.635 26.364
91.163 166.456 29.972
84.668 165.122 32.263
79.521 162.279 29.701
76.171 158.391 25.687
75.178 156.091 19.241
78.109 152.069 15.066
82.126 146.681 14.473
87.432 142.968 17.043
89.608 139.673 22.296
87.290 136.462 27.876
82.566 133.531 31.506
76.377 131.103 33.483
71.575 127.750 30.507
69.304 124.660 24.910
67.862 122.767 18.755
70.745 118.980 14.134
75.646 115.430 11.108
80.965 111.708 13.056
85.854 109.538 17.161
