15.675 6.378 -6.580
13.286 1.393 -2.406
14.058 -4.250 1.117
18.166 -8.464 4.678
23.563 -9.548 7.985
27.541 -7.461 12.830
31.424 -2.490 15.806
29.820 3.399 18.626
25.040 7.016 21.946
19.719 8.486 23.978
14.824 6.780 27.609
10.193 2.602 30.538
9.876 -1.642 35.292
12.152 -7.640 38.551
27.259 2.858 38.369
27.363 -3.297 36.207
24.173 -7.830 32.102
18.535 -10.593 29.140
14.395 -8.239 24.279
11.989 -3.714 19.932
12.344 1.748 15.929
16.106 6.646 12.912
21.855 8.889 10.707
27.330 7.323 6.939
32.304 2.959 4.755
32.167 -2.133 0.652
29.369 -6.045 -3.602
24.244 -9.564 -6.582
32.657 57.936 81.534
33.900 55.861 87.829
31.175 53.101 92.696
24.979 50.855 94.889
19.158 48.123 94.441
15.084 44.182 91.225
14.470 38.815 87.263
15.859 35.065 82.029
20.422 32.219 77.995
26.450 29.545 77.919
31.891 26.780 80.388
33.671 23.448 85.775
33.481 20.452 90.874
30.959 17.481 97.280
25.772 14.208 99.204
24.062 12.662 80.061
18.698 15.046 82.029
16.791 19.739 86.581
15.958 21.825 92.965
19.439 25.839 96.855
24.915 29.851 96.840
30.278 32.780 94.636
33.470 35.911 90.268
33.157 39.479 84.819
29.670 42.268 80.286
24.565 43.328 75.913
19.445 47.594 76.525
14.992 51.053 79.749
14.244 54.440 85.876
17.320 57.422 91.321
-4.646 -13.230 85.257
-5.909 -10.176 91.238
-4.131 -6.325 95.797
1.090 -1.781 97.017
6.819 1.389 96.790
10.062 5.441 93.113
10.360 9.751 87.927
8.486 12.463 82.209
3.754 13.993 77.639
-2.640 15.368 76.388
-8.302 18.055 78.155
-10.774 22.111 82.931
-11.401 26.032 87.251
-9.493 29.364 93.687
-5.117 33.889 94.900
-2.389 34.784 76.532
2.490 32.037 78.820
4.971 28.064 83.362
6.008 27.080 90.148
2.893 23.534 94.690
-2.068 18.802 95.385
-6.596 14.785 93.685
-9.440 10.581 89.457
-8.269 6.462 84.539
-4.041 3.090 81.316
1.502 1.940 77.804
6.993 -1.156 79.334
12.162 -2.994 82.918
13.048 -5.367 89.520
10.757 -8.326 94.876
-52.019 77.275 -12.117
-47.973 80.674 -16.448
-46.543 86.306 -19.211
-45.872 92.757 -19.921
-45.373 98.643 -16.510
-45.611 103.056 -11.676
-44.485 104.365 -5.027
-41.429 101.814 0.489
-38.442 97.091 4.238
-34.092 92.430 4.991
-27.703 90.852 4.167
-21.717 91.609 1.115
-17.596 96.363 -0.987
-17.347 102.627 -3.902
-20.435 108.640 -5.815
-23.570 113.573 -2.268
-27.001 115.973 3.690
-26.245 117.326 10.388
-24.060 117.703 17.065
-18.208 120.039 19.416
-12.606 123.133 18.803
-9.176 127.388 15.186
-18.712 127.128 -0.140
-12.902 124.602 0.188
-9.380 119.575 3.110
-8.157 115.114 7.381
-10.536 110.551 11.808
-15.404 106.659 13.326
-22.636 106.192 13.886
-28.469 107.719 10.955
-30.894 108.316 4.848
-30.559 108.633 -2.143
-29.118 104.934 -7.144
-26.654 100.195 -11.674
-27.251 93.458 -11.788
-31.341 88.529 -10.445
-35.594 86.879 -5.327
-39.915 87.688 0.006
-45.503 90.531 1.908
-51.371 92.982 -0.455
-55.099 95.642 -4.552
-57.853 97.786 -10.277
-58.774 94.922 -16.272
-59.752 90.659 -20.586
30.844 39.513 -5.070
25.909 39.516 -0.464
21.395 36.550 3.581
20.577 32.487 7.769
19.975 28.909 12.823
21.986 24.635 17.394
25.607 20.514 21.370
31.446 21.096 24.633
37.628 24.132 26.274
40.183 29.819 29.023
38.301 34.960 32.879
33.703 38.156 36.236
28.288 39.530 39.511
23.598 37.338 43.707
19.323 33.484 46.537
17.995 28.789 50.810
20.222 26.322 56.126
20.398 27.705 62.526
29.225 9.508 79.579
31.377 13.457 74.208
30.623 19.084 71.494
30.913 25.600 72.228
32.372 30.908 75.945
32.288 34.928 77.284
36.066 36.972 83.546
39.802 36.146 89.295
44.046 32.068 91.961
49.660 28.591 89.955
53.045 24.773 85.785
58.078 26.488 82.068
60.181 29.096 75.784
61.310 35.085 73.426
60.274 41.792 72.410
62.542 47.139 75.835
64.567 50.957 80.340
69.193 50.038 85.895
73.498 47.536 88.926
78.375 43.084 89.883
80.345 47.713 70.145
79.569 42.565 71.459
77.174 36.916 75.976
75.997 34.459 82.284
71.890 36.034 87.287
67.403 38.886 90.291
61.057 42.014 90.133
55.993 44.684 87.616
52.049 43.546 82.710
49.960 41.160 77.260
48.659 36.174 73.434
48.883 29.343 72.108
48.189 23.740 75.960
46.129 20.729 80.970
41.370 20.623 87.018
38.410 24.413 91.740
30.952 26.107 91.582
26.354 28.100 90.172
22.402 26.657 83.931
18.812 25.541 80.272
29.208 9.515 79.577
31.362 13.443 74.195
30.615 19.073 71.493
30.919 25.609 72.220
32.381 30.914 75.978
32.296 34.909 77.290
36.045 36.971 83.542
39.805 36.148 89.278
44.037 32.053 91.967
49.654 28.588 89.954
53.044 24.781 85.777
58.087 26.489 82.075
60.173 29.097 75.779
61.305 35.083 73.438
60.266 41.791 72.417
62.560 47.140 75.829
64.581 50.959 80.337
69.207 50.028 85.879
73.491 47.515 88.918
78.375 43.076 89.876
80.351 47.707 70.141
79.589 42.585 71.456
77.172 36.917 75.966
76.000 34.468 82.276
71.896 36.052 87.285
67.418 38.894 90.278
61.051 42.020 90.129
56.002 44.694 87.611
52.046 43.531 82.710
49.956 41.161 77.256
48.676 36.167 73.435
48.877 29.331 72.113
48.188 23.733 75.940
46.133 20.741 80.950
41.380 20.632 87.018
38.408 24.415 91.751
30.936 26.072 91.580
26.351 28.081 90.184
22.423 26.665 83.916
18.819 25.523 80.265
21.834 18.856 13.389
17.227 19.000 18.149
11.656 16.805 22.154
11.851 11.818 26.670
15.688 6.741 28.418
21.690 3.080 29.179
26.679 4.154 33.656
31.741 6.711 36.560
33.826 11.392 40.795
34.166 17.667 43.333
34.653 17.829 36.851
17.552 9.849 46.459
16.134 16.128 44.518
18.886 21.414 41.348
23.037 22.896 36.707
27.901 21.008 32.353
32.485 16.559 29.633
30.907 12.539 24.432
28.567 6.780 21.719
23.433 3.745 19.133
16.907 1.566 18.509
12.319 4.296 14.037
22.768 9.382 -26.770
18.609 13.983 -23.717
13.801 14.299 -18.941
10.983 11.159 -13.788
10.217 5.296 -9.914
12.707 -0.507 -7.187
17.132 -0.571 -2.116
23.678 -0.239 0.284
27.526 4.408 2.842
30.943 9.795 3.736
30.901 15.127 6.422
12.931 13.360 7.079
14.836 17.937 2.168
19.159 19.346 -2.882
23.829 16.549 -6.667
27.247 11.036 -8.891
29.124 4.289 -8.285
26.042 -0.030 -12.509
20.762 -4.235 -13.989
15.013 -3.807 -17.203
9.613 -0.880 -19.696
6.138 2.813 -22.683
-6.323 -13.668 41.906
-1.670 -16.718 45.736
2.921 -15.191 49.786
4.731 -10.782 53.830
4.830 -4.485 54.373
2.243 1.964 55.311
-2.468 4.007 59.531
-8.931 4.575 61.614
-13.999 1.742 64.408
-16.994 -4.095 66.722
-15.964 -10.628 68.447
-0.041 -6.209 72.740
-1.647 -12.230 69.514
-6.133 -14.085 65.640
-10.952 -13.070 61.266
-13.802 -7.726 58.091
-14.346 -1.984 55.041
-10.592 0.284 49.857
-4.733 3.016 47.062
1.292 2.020 45.316
6.741 -1.067 43.560
9.795 -6.348 41.248
21.803 18.931 13.302
17.403 18.918 18.412
11.782 16.538 22.352
11.784 11.187 26.701
15.757 6.416 28.927
21.588 2.754 29.463
26.861 3.937 33.591
32.305 7.218 35.733
35.199 12.782 38.100
17.526 16.945 45.251
19.379 19.874 40.335
22.625 22.598 35.689
28.318 20.730 32.316
32.381 16.175 29.476
30.869 12.354 24.217
28.273 6.798 21.611
23.037 2.439 20.295
16.829 1.464 18.505
12.447 4.182 14.061
22.900 9.937 -25.777
19.136 13.808 -21.854
13.643 13.749 -18.098
9.474 10.228 -13.956
9.552 4.615 -10.308
12.472 -0.622 -7.173
17.026 -0.777 -2.271
23.660 -0.174 -0.020
28.511 3.748 1.474
31.240 9.491 3.449
32.399 16.097 4.043
15.304 15.057 7.038
16.521 19.339 2.446
19.578 18.791 -3.319
24.879 16.430 -6.809
28.003 10.677 -7.877
28.959 4.034 -8.148
25.863 -0.318 -12.250
20.234 -4.141 -13.886
13.944 -3.925 -16.003
8.888 -0.836 -19.540
6.326 4.220 -23.137
18.248 20.903 12.784
15.670 19.863 18.919
11.249 16.136 22.699
11.973 11.050 26.570
15.989 6.473 29.605
21.754 2.710 29.515
27.072 4.026 33.785
32.700 7.392 35.672
33.906 12.808 39.426
18.165 14.809 44.348
18.328 20.561 39.864
22.640 22.540 35.613
28.456 20.452 32.670
32.560 16.180 29.515
31.077 12.304 24.316
28.986 6.786 21.529
23.834 3.558 18.976
18.374 2.437 16.689
12.750 5.086 13.519
23.316 10.357 -25.612
18.599 14.601 -22.489
13.730 14.511 -18.059
10.555 10.544 -13.737
10.374 4.859 -10.077
13.083 -0.663 -7.334
17.260 -0.630 -2.148
23.668 -0.309 0.708
27.633 4.309 3.046
30.116 10.457 4.334
29.465 16.267 6.249
12.347 13.325 6.288
13.743 17.912 0.933
19.279 19.312 -2.741
24.398 16.604 -5.759
27.745 11.167 -7.578
29.399 4.503 -7.651
26.419 0.268 -11.965
21.156 -3.774 -13.718
15.195 -3.327 -16.946
9.938 -0.056 -19.147
-7.539 -35.109 -9.532
-11.257 -28.744 -8.318
-14.456 -24.738 -3.440
-12.659 -21.544 2.265
-9.276 -20.736 8.174
-3.922 -17.215 9.389
1.751 -13.460 7.759
6.131 -10.509 4.344
7.040 -6.429 -0.831
4.492 -2.198 -4.862
-0.193 1.777 -8.058
-5.225 4.917 -7.529
-10.901 7.717 -4.647
-13.433 9.734 0.732
-12.470 11.443 7.020
-8.445 12.761 12.193
-2.453 14.736 14.283
-3.630 24.510 -1.094
1.183 19.296 -2.607
4.726 14.324 0.262
5.119 9.492 4.579
2.328 5.556 8.892
-3.611 2.597 10.763
-9.356 0.198 9.691
-12.755 -2.448 4.222
-13.229 -5.276 -1.974
-10.726 -8.245 -6.967
-5.741 -12.006 -9.494
0.561 -14.622 -9.949
4.557 -18.275 -6.876
5.535 -23.175 -2.270
3.964 -27.023 2.865
-0.458 -30.338 6.681
-6.442 -32.885 7.902
-3.369 -34.478 -9.425
-7.200 -28.456 -6.970
-9.405 -25.119 -1.157
-6.390 -21.668 3.875
-1.539 -20.633 8.630
3.467 -16.370 8.545
8.276 -12.185 5.488
11.046 -8.651 1.227
10.000 -4.405 -3.825
6.125 -0.464 -6.919
0.369 2.997 -8.470
-4.654 5.523 -6.622
-9.635 7.726 -2.066
-10.665 9.284 3.984
8.062 11.150 2.471
7.086 6.873 7.295
2.261 3.210 10.584
-3.383 0.268 11.066
-7.767 -2.786 6.689
-9.543 -5.562 0.711
-8.348 -8.077 -4.916
-3.986 -11.186 -8.913
2.235 -13.037 -11.282
7.164 -16.689 -9.448
10.013 -21.233 -5.531
10.467 -25.207 -0.349
7.496 -29.054 4.414
2.418 -32.333 7.160
-13.971 -3.421 -12.453
-12.413 -1.662 -6.694
-11.421 -3.282 -0.492
-6.675 -6.624 2.875
-1.645 -10.565 3.408
4.316 -11.611 0.855
8.593 -11.624 -4.065
10.490 -7.698 -9.362
11.428 -1.137 -10.629
12.528 4.857 -9.320
14.749 9.418 -5.796
15.540 11.957 0.476
17.574 9.658 6.618
28.072 0.096 -5.348
25.259 -4.099 -0.991
20.526 -4.413 3.937
15.318 -2.714 6.609
9.724 0.321 6.673
5.447 4.156 3.809
2.193 5.166 -1.805
1.301 3.567 -8.846
2.419 -1.497 -12.820
0.143 -7.371 -13.810
-1.977 -13.527 -12.546
-4.500 -17.836 -8.127
-10.238 -18.670 -4.685
-15.163 -15.416 -0.878
-7.084 20.570 2.065
-11.300 20.870 6.991
-17.057 18.553 10.566
-17.043 13.618 15.353
-13.306 8.666 18.097
-7.559 4.779 18.769
-2.223 5.978 22.914
3.138 8.868 25.434
4.745 13.270 29.720
4.744 19.061 32.413
6.167 20.011 26.173
-10.889 12.264 36.278
-12.650 18.228 34.658
-11.104 22.311 29.696
-6.254 24.988 25.358
-1.423 22.836 21.110
3.291 18.591 18.601
1.866 14.360 13.469
-0.358 8.588 10.998
-5.662 4.678 9.257
-11.857 3.352 7.279
-16.473 6.010 2.815
-5.437 11.169 -37.908
-9.499 15.801 -34.329
-14.563 16.146 -30.176
-17.622 12.454 -25.286
-18.852 6.521 -21.986
-16.521 1.346 -18.407
-11.915 0.962 -13.534
-5.285 1.127 -11.243
-0.762 5.419 -9.578
1.949 11.011 -7.463
2.699 17.576 -6.921
-14.678 15.825 -2.595
-14.234 18.339 -9.099
-9.401 20.723 -13.680
-4.899 17.977 -17.781
-1.196 12.385 -19.364
0.220 5.776 -19.583
-2.743 1.547 -23.792
-8.063 -2.654 -25.574
-14.274 -1.970 -27.623
-19.528 1.394 -29.986
15.763 -20.021 36.978
19.197 -20.305 31.497
20.259 -21.897 25.270
18.113 -22.363 19.145
13.434 -22.029 14.369
7.445 -18.441 13.564
3.402 -14.014 14.105
1.501 -8.704 15.640
2.098 -2.238 17.444
6.607 2.906 18.097
12.129 5.360 15.772
17.014 5.569 11.442
20.224 3.715 5.841
19.738 1.451 -0.348
17.015 1.174 -5.872
3.480 10.690 3.743
1.514 5.486 1.891
2.089 -0.987 0.243
6.566 -6.090 -0.510
12.129 -8.611 1.927
17.129 -8.649 6.121
20.156 -6.910 11.790
19.834 -4.544 17.954
16.565 -3.355 23.465
11.999 -6.472 27.942
8.118 -10.650 28.820
3.313 -15.731 27.546
1.856 -21.357 25.066
3.718 -27.064 23.248
9.476 -30.974 21.649
8.059 -36.310 -11.412
3.520 -32.062 -9.933
1.669 -26.215 -7.387
3.269 -20.358 -5.445
8.906 -16.155 -5.092
14.055 -13.632 -7.971
19.094 -14.149 -11.893
20.300 -14.029 -18.390
18.990 -15.325 -25.076
14.402 -15.759 -29.859
9.079 -12.863 -32.156
4.405 -7.902 -31.989
0.660 -3.043 -29.753
1.133 3.234 -27.614
4.968 8.353 -26.067
19.004 0.671 -37.150
20.264 0.642 -30.692
18.916 1.837 -24.065
14.471 2.223 -19.216
9.167 -0.480 -16.931
4.445 -5.410 -17.081
0.898 -10.505 -19.224
1.216 -16.543 -21.474
4.761 -21.984 -22.394
10.031 -25.613 -22.109
15.648 -27.305 -19.471
18.943 -27.346 -13.896
20.439 -26.355 -7.549
18.164 -25.348 -1.752
13.661 -25.253 3.141
21.371 22.575 13.636
15.072 23.499 15.502
8.765 22.999 13.875
3.542 22.687 8.904
3.224 19.224 3.232
4.824 13.824 -0.750
8.242 8.057 -2.403
9.994 2.356 0.216
11.264 -2.313 4.710
11.290 -4.814 11.266
6.111 -7.868 14.166
-5.557 0.415 2.628
-5.410 2.075 8.946
-1.411 4.359 13.901
4.630 4.679 17.351
10.312 7.210 15.875
15.640 7.865 12.006
18.410 9.856 5.928
17.652 14.203 0.716
15.094 19.700 -1.476
10.416 24.854 -2.332
9.854 30.415 1.478
-16.099 -24.975 14.626
-9.721 -25.152 16.760
-3.447 -24.218 15.651
1.910 -22.723 11.701
2.515 -19.348 6.071
1.064 -14.446 1.608
-3.192 -9.786 -1.185
-6.112 -4.331 0.793
-7.770 0.656 4.369
-8.456 3.934 10.528
-4.254 6.928 14.573
9.239 -0.510 4.926
8.356 -2.381 11.305
3.862 -4.233 15.474
-2.355 -4.890 18.448
-7.548 -7.940 16.448
-12.337 -9.148 11.798
-13.877 -12.257 5.814
-11.663 -16.752 1.159
-8.194 -21.838 -0.457
-3.408 -26.670 -0.072
-2.777 -31.913 4.090
9.449 -0.735 4.988
8.546 -2.467 11.422
3.988 -4.385 15.761
-2.264 -5.030 18.356
-7.593 -7.965 16.250
-12.264 -9.277 11.704
-13.802 -12.385 5.705
-11.247 -16.799 1.052
-7.729 -21.854 -0.630
-3.356 -26.778 -0.094
-2.477 -32.088 4.073
-15.088 -24.946 14.789
-9.048 -25.293 17.033
-2.985 -24.032 15.602
2.307 -22.790 11.315
3.036 -19.019 5.939
1.368 -14.272 1.777
-2.896 -9.616 -1.094
-6.097 -4.182 0.843
-7.498 0.889 4.455
-8.408 4.041 10.563
-3.947 6.815 14.692
53.319 21.248 57.647
52.673 24.047 51.948
52.660 23.448 45.334
51.527 19.232 40.327
48.763 14.107 36.920
42.711 11.621 36.790
36.935 8.628 39.873
32.309 9.952 44.391
29.139 14.010 48.546
34.991 28.089 40.258
36.210 26.733 46.343
36.631 22.325 51.096
37.638 15.938 52.161
39.414 9.403 51.228
45.339 6.997 50.092
50.857 5.548 45.897
55.816 9.235 42.419
59.391 15.151 42.022
22.784 17.924 48.510
21.421 24.153 48.285
21.084 29.741 44.715
20.230 32.185 38.596
18.045 32.558 32.222
12.371 30.824 29.399
7.282 26.079 27.618
2.809 22.120 30.420
-0.639 19.886 35.615
2.847 34.604 44.742
4.438 28.703 46.469
5.576 22.527 44.820
7.401 18.774 39.764
9.897 16.819 33.694
16.027 17.251 31.587
21.540 20.774 28.884
25.866 25.967 30.994
28.709 29.313 36.346
-7.785 22.842 45.874
-9.329 28.944 46.625
-10.569 34.749 43.996
-12.547 37.605 38.438
-15.266 38.506 32.216
-21.471 37.760 30.421
-27.041 33.824 28.526
-31.297 29.056 31.609
-33.915 26.654 37.532
-27.590 40.157 47.195
-26.194 33.999 48.117
-25.943 27.823 45.662
-25.313 24.279 40.092
-23.342 22.660 33.836
-17.803 23.805 30.530
-12.811 28.139 27.678
-8.249 32.530 29.533
-4.608 35.717 34.062
-39.531 28.029 41.735
-40.571 30.409 47.548
-41.130 35.584 51.426
-42.551 41.990 51.374
-44.851 48.115 49.350
-50.963 49.890 48.120
-56.750 50.165 44.049
-61.578 45.579 41.565
-64.732 39.478 42.455
-57.625 36.586 58.394
-56.940 32.885 53.227
-57.150 32.318 46.604
-56.479 35.650 40.904
-54.207 40.290 36.558
-48.347 43.110 35.756
-42.706 46.977 38.032
-37.875 46.762 42.525
-34.285 43.707 47.162
-27.419 14.458 -41.334
-24.072 15.395 -35.748
-23.684 19.145 -30.164
-27.109 23.780 -26.498
-32.628 26.565 -24.394
-37.583 24.419 -20.300
-43.714 20.877 -19.257
-46.068 14.714 -19.601
-44.737 7.985 -19.738
-40.468 2.911 -18.800
-34.934 0.415 -15.462
-30.933 0.848 -10.635
-28.080 3.525 -5.243
-29.416 6.997 0.531
-34.025 9.727 4.460
-39.823 8.905 7.449
-45.447 5.692 9.442
-46.488 -0.248 12.134
-46.741 -7.334 12.112
-42.604 -12.580 11.868
-36.212 -15.532 11.928
-29.986 -1.480 20.126
-27.444 -3.750 14.604
-28.961 -7.218 9.010
-34.151 -9.860 5.487
-40.444 -9.874 3.536
-44.012 -5.716 -0.458
-47.992 0.163 -1.340
-47.428 6.715 -0.883
-43.272 12.172 -0.802
-37.273 14.888 -1.941
-31.377 14.740 -5.603
-27.946 12.481 -10.466
-27.020 8.963 -16.019
-29.992 6.485 -21.701
-35.504 6.091 -25.442
-40.444 9.453 -28.187
-44.166 14.850 -30.004
-42.533 20.578 -32.811
-39.585 27.054 -32.925
-33.513 29.922 -32.750
-26.519 29.698 -32.945
7.738 -0.699 94.345
13.416 -3.742 93.866
16.695 -8.681 91.320
17.535 -13.661 87.224
15.178 -17.461 81.789
12.727 -16.242 75.720
8.502 -12.089 71.885
7.768 -6.149 69.451
9.607 -0.433 67.307
15.000 2.951 64.744
20.259 4.628 62.701
26.399 1.153 60.781
29.261 -2.289 57.157
30.654 -7.932 52.683
27.419 -13.411 49.658
22.691 -14.692 46.188
15.835 -14.694 44.779
12.457 -9.457 41.972
12.523 -3.186 39.480
15.600 1.171 35.604
19.614 3.129 31.132
22.124 1.530 24.557
23.188 -1.452 19.169
20.986 -6.333 15.039
16.047 -10.748 13.338
10.988 -13.102 12.333
4.947 -15.190 14.605
0.276 -12.183 18.160
-2.049 -5.749 19.913
-4.110 0.015 17.545
-4.253 4.434 12.950
-5.600 6.129 6.780
-8.728 5.203 1.115
-12.935 0.886 -2.988
-16.382 -4.979 -3.312
-21.407 -8.357 -0.321
-24.495 -10.962 5.241
-26.881 -10.250 11.027
-26.766 -7.519 17.441
-30.077 -2.160 19.741
-32.970 3.908 18.550
-38.047 6.686 16.263
-44.193 6.137 14.477
-49.676 1.817 13.925
-53.365 -3.251 15.560
-54.643 -9.283 18.135
-53.435 -13.251 22.688
-49.274 -14.177 28.526
-47.639 -10.905 33.954
-47.768 -5.658 38.226
-51.410 -0.615 41.381
-57.419 0.990 43.220
-63.401 -1.206 45.207
-68.842 -4.786 46.374
-70.035 -11.440 48.119
-66.965 -17.159 50.307
-61.604 -20.155 52.987
-56.600 -20.181 57.164
-50.916 -16.439 59.309
-49.778 -10.922 63.188
-51.181 -6.504 68.308
-52.177 -7.187 74.206
-52.915 -9.587 80.589
-53.135 -14.882 84.417
-50.842 -20.807 86.016
-46.515 -25.710 85.342
-42.866 -29.631 80.899
-37.013 -28.502 77.966
-32.289 -24.112 75.991
-28.557 -18.527 77.415
-24.672 -15.928 82.514
-22.738 -15.555 88.771
-19.946 -19.180 93.543
-17.076 -24.597 95.566
-13.667 -29.765 94.626
-11.930 -36.065 91.875
-10.110 -38.087 85.878
-7.500 -36.913 80.011
-6.959 -32.313 75.229
-2.462 -27.146 73.922
1.853 -22.255 75.840
7.924 -21.848 78.730
13.710 -24.938 79.247
18.089 -29.842 80.142
20.337 -34.950 76.737
20.891 -39.044 71.523
19.587 -40.181 65.211
14.052 -39.633 60.511
11.471 -35.170 56.246
12.063 -28.601 54.102
16.513 -23.661 52.254
21.929 -22.492 48.609
25.944 -24.617 43.230
28.125 -29.238 39.175
26.812 -33.933 34.592
22.834 -39.200 31.275
16.500 -40.113 29.753
9.550 -39.165 30.629
5.599 -34.041 29.245
5.114 -27.278 28.182
7.260 -23.234 23.084
9.736 -21.464 17.179
9.626 -23.450 10.374
7.715 -27.388 5.453
4.541 -32.556 3.066
-1.230 -35.955 2.319
-6.511 -38.742 4.691
-11.336 -38.329 10.035
-15.350 -33.122 11.848
-17.233 -26.780 12.074
-18.339 -20.963 8.501
-21.176 -18.666 3.509
-25.445 -19.568 -1.772
-29.868 -23.540 -5.086
-33.872 -28.716 -4.654
-37.486 -32.892 -1.853
-39.418 -36.417 3.800
-39.369 -36.546 10.076
-39.616 -33.724 16.052
-39.988 -28.328 20.468
-44.046 -22.647 21.004
-49.738 -19.410 19.501
-55.770 -19.575 18.742
-61.864 -22.297 17.820
-65.080 -27.135 19.948
-65.525 -33.647 22.576
-64.016 -38.324 26.319
-59.453 -41.062 30.271
-55.921 -41.504 35.614
-51.679 -38.940 40.670
-52.943 -34.808 45.544
-55.806 -28.844 48.112
-61.821 -28.881 51.981
-66.978 -31.896 54.731
-69.626 -37.337 57.224
-69.323 -42.232 60.862
-66.578 -46.786 63.946
-60.194 -49.908 65.015
-54.230 -48.572 67.254
-48.983 -44.574 68.069
-47.049 -38.817 71.184
-48.033 -34.057 75.775
-51.253 -32.382 81.624
-54.908 -33.245 86.943
-55.305 -50.149 83.626
-60.977 -46.801 83.699
-63.355 -41.624 80.925
-63.553 -35.732 77.801
-60.234 -31.313 73.650
-56.520 -31.348 68.085
-51.626 -34.478 64.274
-50.426 -39.768 60.628
-52.135 -45.071 57.259
-56.588 -48.404 53.556
-62.019 -49.179 50.030
-66.783 -45.487 47.165
-69.662 -40.151 44.695
-69.428 -34.449 41.587
-66.387 -28.325 39.908
-61.508 -25.509 38.170
-54.552 -25.583 37.854
-50.570 -30.291 34.512
-50.333 -36.054 30.523
-52.506 -39.083 25.438
-55.708 -39.252 19.255
-56.396 -36.699 13.462
-57.028 -32.035 9.160
-54.236 -26.671 6.715
-50.132 -22.039 6.289
-44.254 -19.400 7.139
-38.403 -18.487 10.563
-34.999 -22.304 14.110
-32.670 -28.847 14.466
-30.023 -33.724 11.175
-29.081 -37.260 6.035
-26.741 -36.957 -0.334
-22.820 -33.983 -4.701
-18.846 -29.366 -6.710
-14.253 -24.836 -5.328
-10.482 -22.033 -0.908
-8.321 -20.925 5.507
-7.138 -23.009 11.295
-7.728 -27.535 16.553
-4.514 -33.207 17.912
-0.802 -38.938 15.791
4.251 -40.565 12.443
10.475 -39.251 12.163
15.866 -35.146 13.619
18.712 -30.739 17.775
18.375 -24.557 21.029
16.972 -23.323 27.027
12.132 -23.581 32.391
10.075 -28.184 36.403
9.738 -34.299 39.218
13.453 -39.969 41.123
18.875 -41.383 43.665
24.648 -39.756 47.080
29.109 -36.267 50.739
29.628 -30.313 54.374
26.032 -24.921 56.253
20.459 -22.891 59.443
14.643 -23.824 62.619
9.350 -28.461 62.571
7.557 -34.716 64.829
8.023 -39.787 69.000
8.237 -40.859 75.271
8.387 -39.983 81.832
8.233 -35.432 86.890
5.060 -30.078 89.538
0.781 -25.201 89.013
-2.570 -20.449 85.208
-7.991 -21.060 81.459
-12.180 -24.608 77.544
-15.783 -30.280 77.083
-20.153 -33.959 80.707
-23.096 -35.773 86.438
-26.845 -33.421 91.124
-30.129 -28.346 94.041
-33.295 -22.697 93.921
-34.822 -16.581 92.274
-35.310 -12.902 86.890
-34.847 -13.327 80.219
-36.980 -15.827 74.670
-41.237 -20.504 71.486
-45.927 -25.588 71.584
-52.355 -26.243 73.194
-57.820 -23.399 73.061
-63.252 -19.704 71.095
-65.766 -14.761 67.820
-65.101 -7.994 66.017
-59.976 -3.758 63.227
-55.837 -4.231 58.226
-51.635 -8.159 54.453
-52.266 -14.113 50.472
-56.357 -17.737 46.623
-61.819 -17.822 42.653
-64.439 -14.345 37.417
-66.276 -8.645 34.539
-63.857 -3.291 31.351
-58.975 2.125 30.196
-52.590 2.976 29.656
-46.284 0.911 31.093
-42.038 -3.801 28.972
-41.481 -10.177 26.507
-42.850 -12.544 20.252
-44.252 -12.313 13.479
-43.275 -8.537 8.164
-40.826 -3.342 4.728
-37.227 1.828 4.470
-31.471 4.640 5.304
-25.990 6.382 8.653
-22.126 4.638 14.329
-18.570 -1.255 15.183
-16.719 -7.155 14.287
-14.759 -12.174 9.814
-11.745 -12.643 3.819
-6.823 -11.062 0.963
-1.260 -7.220 -0.977
2.722 -1.461 1.407
5.477 2.169 5.421
6.018 3.983 12.031
5.202 2.432 18.469
4.587 -1.395 23.198
4.337 -7.804 26.279
8.290 -13.652 26.225
14.201 -16.483 24.882
20.508 -15.960 24.966
26.265 -13.224 25.366
29.368 -8.723 29.636
29.795 -3.906 34.024
27.150 0.747 38.869
21.675 2.326 42.373
16.970 1.233 46.696
12.307 -2.401 50.323
12.868 -7.932 53.984
15.409 -14.062 55.522
20.438 -15.220 60.236
25.578 -13.629 64.283
26.773 -10.027 69.031
27.029 -4.075 72.822
23.298 -0.356 75.873
16.543 2.585 76.799
9.895 1.210 76.938
4.821 -3.417 76.873
2.682 -9.565 78.528
2.941 -15.007 82.243
4.496 -17.690 88.165
7.905 -17.949 94.328
7.901 -0.993 94.064
13.423 -4.159 93.680
16.587 -9.137 91.136
17.506 -14.083 87.002
15.175 -17.822 81.686
12.866 -16.666 75.787
8.556 -12.545 71.762
7.890 -6.700 69.319
9.610 -0.952 67.308
15.073 2.678 64.796
20.351 4.267 62.793
26.420 0.564 60.684
29.158 -2.536 56.875
30.770 -8.193 52.832
27.571 -13.696 49.468
22.710 -15.135 46.068
15.847 -15.021 45.027
12.430 -9.874 42.133
12.282 -3.590 39.559
15.359 0.848 35.691
19.334 2.468 31.006
21.985 1.022 24.628
23.081 -1.738 19.186
21.035 -6.750 15.095
15.852 -11.049 13.472
11.282 -13.462 12.241
5.294 -15.587 14.543
0.710 -12.752 17.935
-2.103 -6.506 19.798
-4.095 -0.665 17.792
-4.098 3.887 13.086
-5.478 5.565 6.817
-8.796 4.637 1.149
-13.034 0.419 -2.815
-16.630 -5.408 -3.164
-21.423 -8.910 -0.212
-24.255 -11.651 5.489
-26.689 -10.925 11.073
-26.801 -8.105 17.256
-30.089 -2.604 19.423
-33.009 3.468 18.277
-38.113 6.237 16.117
-44.185 5.631 14.412
-49.751 1.314 13.806
-53.579 -3.746 15.660
-54.868 -9.594 18.040
-53.501 -13.825 22.661
-49.353 -14.789 28.561
-47.799 -11.436 33.816
-47.906 -6.236 38.066
-51.442 -0.991 41.336
-57.565 0.612 43.181
-63.463 -1.677 45.163
-68.881 -5.223 46.456
-70.024 -11.846 48.227
-67.070 -17.770 50.568
-61.583 -20.690 53.219
-56.640 -20.726 57.113
-50.999 -16.905 59.332
-49.764 -11.376 63.272
-51.230 -6.877 68.397
-52.315 -7.587 74.301
-53.187 -10.152 80.607
-53.245 -15.347 84.492
-51.003 -21.264 85.968
-46.566 -26.033 85.286
-42.958 -29.934 80.948
-37.117 -28.895 78.191
-32.364 -24.419 76.084
-28.525 -18.918 77.495
-24.667 -16.242 82.441
-22.689 -15.914 88.759
-19.886 -19.617 93.465
-17.097 -24.961 95.618
-13.720 -30.145 94.659
-12.025 -36.476 91.910
-10.212 -38.487 85.932
-7.676 -37.147 80.045
-6.887 -32.876 75.359
-2.432 -27.522 73.902
1.785 -22.652 75.830
7.984 -22.240 78.739
13.719 -25.368 79.247
18.163 -30.073 80.117
20.324 -35.221 76.801
20.805 -39.314 71.459
19.481 -40.585 65.308
14.035 -40.114 60.626
11.580 -35.578 56.314
12.175 -29.132 54.051
16.652 -24.157 52.221
22.098 -23.067 48.707
26.085 -25.087 43.367
28.245 -29.866 39.332
27.005 -34.606 34.711
22.441 -39.697 31.462
16.383 -40.712 29.800
9.472 -39.626 30.578
5.368 -34.502 29.168
4.963 -27.703 28.024
7.020 -23.751 22.940
9.823 -21.802 17.116
9.676 -23.875 10.314
7.662 -28.043 5.267
4.591 -33.148 2.909
-1.314 -36.377 2.107
-6.552 -39.320 4.673
-11.536 -38.747 9.882
-15.602 -33.771 11.929
-17.576 -27.377 12.141
-18.513 -21.451 8.631
-21.406 -19.148 3.571
-25.539 -19.843 -1.816
-30.109 -23.907 -4.674
-34.075 -29.102 -4.319
-37.636 -33.418 -1.625
-39.553 -36.654 4.164
-39.744 -37.073 10.269
-39.636 -34.306 16.435
-40.135 -28.750 20.487
-44.463 -23.327 21.159
-50.089 -19.999 19.600
-55.961 -20.170 19.039
-62.025 -22.743 17.881
-65.156 -27.260 20.307
-65.391 -34.069 22.578
-63.874 -38.876 26.045
-59.510 -41.608 30.297
-56.167 -42.033 35.665
-51.857 -39.399 40.697
-52.954 -35.075 45.555
-56.012 -29.264 48.085
-61.979 -29.585 51.985
-67.209 -32.539 54.519
-69.700 -37.848 57.241
-69.266 -42.842 61.005
-66.603 -47.040 64.118
-60.195 -50.272 65.144
-54.327 -49.190 67.420
-48.996 -44.953 68.289
-47.108 -39.290 71.398
-48.134 -34.503 75.975
-51.323 -32.901 81.797
-55.033 -33.625 86.968
-55.442 -50.519 83.605
-60.901 -47.134 83.871
-63.556 -41.941 81.001
-63.574 -36.223 77.921
-60.384 -31.761 73.710
-56.466 -31.682 68.130
-51.642 -34.775 64.317
-50.552 -40.342 60.727
-52.333 -45.604 57.370
-56.653 -48.824 53.800
-61.981 -49.801 50.144
-66.731 -45.969 47.346
-69.802 -40.879 44.841
-69.507 -35.215 41.716
-66.550 -28.988 39.831
-61.801 -25.987 38.393
-54.665 -26.382 38.164
-50.773 -30.822 34.875
-50.082 -36.379 30.848
-52.159 -39.653 25.728
-55.585 -39.534 19.374
-56.742 -37.128 13.867
-57.060 -32.596 9.332
-53.864 -27.090 7.113
-50.273 -22.592 6.307
-44.462 -19.989 7.234
-38.783 -19.021 10.566
-35.752 -22.641 14.252
-32.667 -28.968 14.636
-30.261 -34.073 11.788
-29.382 -37.657 6.219
-27.269 -37.486 -0.385
-23.056 -34.493 -4.811
-19.104 -29.877 -6.583
-14.609 -25.178 -5.287
-10.879 -22.234 -0.699
-8.566 -21.170 5.620
-7.621 -23.331 11.491
-7.900 -28.138 16.363
-4.659 -33.838 17.739
-0.848 -39.466 15.555
4.204 -41.106 12.282
10.439 -39.912 11.996
15.837 -35.782 13.560
18.682 -31.416 17.830
18.473 -25.079 20.932
17.003 -23.802 26.843
12.238 -24.073 32.278
10.095 -28.588 36.291
9.758 -34.854 39.141
13.323 -40.593 41.155
18.862 -42.118 43.476
24.372 -40.201 47.156
28.911 -36.845 50.848
29.591 -30.583 54.390
25.962 -25.395 56.365
20.323 -23.266 59.474
14.444 -24.409 62.533
9.241 -28.974 62.612
7.507 -35.272 64.892
7.807 -40.266 69.071
8.226 -41.295 75.371
8.518 -40.240 81.916
8.299 -35.668 86.932
5.044 -30.498 89.494
0.825 -25.572 89.011
-2.620 -20.785 85.211
-8.024 -21.563 81.460
-12.158 -25.036 77.582
-15.841 -30.761 77.064
-20.222 -34.419 80.626
-23.204 -36.008 86.376
-26.891 -33.721 91.109
-30.187 -28.715 93.924
-33.385 -22.936 93.896
-34.640 -16.708 92.205
-35.515 -13.262 87.015
-34.941 -13.572 80.262
-37.150 -16.146 74.766
-41.321 -20.829 71.537
-45.973 -25.929 71.647
-52.398 -26.674 73.318
-58.038 -23.799 73.082
-63.299 -20.078 71.125
-65.839 -15.116 67.969
-65.142 -8.487 65.928
-60.031 -4.317 63.409
-55.895 -4.750 58.464
-51.809 -8.642 54.388
-52.390 -14.510 50.491
-56.483 -18.222 46.674
-61.801 -18.386 42.579
-64.594 -14.860 37.360
-66.399 -9.109 34.577
-64.106 -3.735 31.250
-58.863 1.600 30.435
-52.587 2.447 29.623
-46.246 0.396 31.097
-42.109 -4.393 28.893
-41.494 -10.718 26.361
-42.816 -12.990 20.222
-44.291 -12.689 13.383
-43.635 -8.853 8.133
-40.801 -3.746 4.552
-37.347 1.328 4.366
-31.529 4.237 5.133
-26.316 5.905 8.768
-22.308 4.008 14.262
-18.767 -1.610 15.335
-16.514 -7.589 14.285
-14.951 -12.652 9.782
-11.699 -13.464 4.028
-6.692 -11.523 0.978
-1.238 -7.827 -0.742
2.628 -1.804 1.507
5.088 1.839 5.783
5.884 3.605 12.174
5.391 1.919 18.621
4.381 -1.814 23.464
4.478 -8.239 26.199
8.511 -14.008 26.236
14.408 -16.821 24.662
20.472 -16.372 25.023
26.217 -13.549 25.354
29.338 -8.986 29.403
29.608 -4.141 33.589
27.011 0.177 38.641
21.639 1.966 42.222
16.989 0.940 46.685
12.476 -2.943 50.274
12.975 -8.596 53.697
15.509 -14.558 55.422
20.485 -15.476 60.132
25.669 -13.962 64.097
26.644 -10.462 69.010
27.086 -4.393 72.645
23.317 -0.838 75.784
16.745 2.102 76.822
10.001 1.016 76.797
4.863 -3.804 76.644
2.635 -9.888 78.488
2.896 -15.212 82.222
4.500 -17.905 88.152
8.018 -18.215 94.136
-50.173 -54.370 75.442
-57.038 -53.620 75.129
-61.911 -48.610 73.267
-63.100 -41.649 71.110
-61.188 -36.906 67.615
-57.268 -33.956 62.645
-53.010 -35.309 57.262
-49.564 -40.191 53.516
-50.593 -46.270 50.634
-55.451 -49.975 47.623
-60.942 -51.301 44.911
-65.948 -49.018 41.451
-68.874 -44.423 37.489
-68.890 -38.692 33.932
-65.347 -32.591 32.910
-59.743 -29.708 31.259
-53.420 -29.728 29.672
-47.875 -33.825 27.996
-46.515 -40.768 26.603
-46.389 -43.378 20.578
-48.981 -43.590 14.178
-50.420 -40.632 8.752
-51.196 -36.094 4.596
-47.900 -30.843 2.063
-42.898 -26.344 2.038
-37.479 -23.728 4.864
-31.810 -25.127 8.893
-27.909 -30.145 9.992
-25.339 -36.254 8.190
-23.908 -40.138 2.856
-21.636 -40.509 -3.420
-17.389 -37.427 -7.559
-13.450 -32.961 -9.562
-9.059 -27.619 -7.601
-5.278 -24.658 -3.156
-3.477 -22.702 2.588
-3.037 -23.711 8.904
-3.888 -28.628 14.210
-2.247 -34.996 14.822
1.893 -39.995 13.882
7.965 -42.526 12.199
14.134 -41.009 12.199
19.300 -36.491 13.573
21.596 -32.088 18.287
22.279 -28.030 22.347
20.327 -25.152 27.965
14.716 -24.422 32.404
11.939 -28.747 35.978
11.205 -34.716 39.116
14.274 -40.680 40.951
19.229 -42.499 44.243
24.420 -41.680 48.086
28.798 -39.065 51.439
30.262 -35.347 55.870
29.011 -29.970 59.854
25.081 -25.436 62.480
19.162 -23.949 64.038
12.519 -24.448 62.392
7.836 -29.271 62.497
5.935 -35.756 63.960
6.379 -40.541 68.563
6.012 -41.491 75.197
5.620 -39.452 81.206
5.154 -35.292 86.494
1.893 -29.871 88.778
-2.710 -25.368 87.807
-5.990 -20.768 83.683
-10.641 -21.408 79.275
-14.558 -24.966 74.986
-17.947 -31.097 74.198
-22.349 -34.610 77.598
-25.761 -36.382 83.146
-29.825 -33.819 87.490
-33.938 -29.289 89.511
-36.775 -23.272 89.518
-39.719 -18.522 86.578
-40.014 -13.926 81.324
-40.488 -14.076 75.032
-39.625 -17.353 69.308
-42.965 -22.498 65.907
-47.315 -27.767 65.838
-53.765 -29.631 66.903
-60.142 -26.907 67.153
-64.334 -21.563 67.042
-65.769 -15.143 65.381
-63.911 -9.787 62.164
-60.213 -6.877 57.040
-56.160 -7.413 51.913
-53.414 -10.767 47.100
-52.366 -16.860 44.084
-55.887 -20.897 40.049
-61.171 -21.772 35.904
-64.715 -19.594 30.967
-66.293 -14.915 26.197
-64.169 -9.972 22.806
-61.471 -4.133 22.150
-56.489 -0.030 22.078
-50.066 0.300 21.523
-44.081 -1.638 24.665
-39.732 -6.332 22.663
-38.623 -12.451 20.236
-38.405 -14.942 13.919
-39.798 -15.463 7.364
-38.260 -12.259 1.830
-34.921 -7.346 -1.609
-30.843 -2.732 -2.363
-25.399 1.140 -1.226
-22.121 3.966 3.783
-18.685 1.602 8.834
-16.089 -3.244 12.543
-12.515 -9.108 11.617
-10.080 -14.175 8.230
-5.520 -14.765 3.601
-0.162 -13.154 0.420
4.358 -8.484 -1.181
7.672 -2.424 0.752
8.640 2.081 5.652
8.266 3.683 11.993
7.472 2.007 18.416
4.797 -2.529 22.811
6.993 -8.285 25.861
11.391 -13.272 26.610
17.645 -15.346 26.828
24.147 -13.671 27.474
27.557 -8.804 31.043
28.990 -3.364 34.954
28.092 1.238 38.672
24.977 5.257 43.327
21.428 4.529 47.831
15.402 2.182 50.234
12.107 -3.301 50.309
13.683 -9.855 52.584
16.352 -13.926 56.245
21.749 -16.616 59.360
26.270 -15.461 64.520
26.831 -11.436 70.015
25.059 -6.386 74.157
20.646 -1.885 76.099
14.490 0.832 75.798
8.268 0.057 75.379
2.232 -3.285 75.997
-0.531 -8.486 78.759
-0.281 -14.750 81.205
2.770 -17.059 87.092
6.355 -16.368 92.764
2.575 0.375 93.547
8.699 -1.585 92.616
12.636 -7.132 91.275
13.595 -12.895 87.746
12.660 -16.040 82.289
10.523 -17.091 76.196
7.874 -14.445 70.478
6.752 -8.256 67.237
9.524 -1.957 66.957
15.433 1.706 67.183
21.852 1.868 65.737
27.369 0.420 63.367
31.111 -3.708 59.723
30.454 -8.213 54.309
28.534 -11.882 50.215
23.337 -14.019 46.413
17.744 -13.011 43.930
12.830 -8.906 41.751
11.237 -2.781 39.759
12.824 3.498 36.869
16.713 5.639 32.138
21.515 5.068 28.098
23.733 1.192 22.624
24.095 -3.353 18.845
21.426 -8.216 15.504
16.585 -11.619 13.611
10.825 -15.800 15.320
4.519 -13.429 16.410
0.354 -8.429 17.639
-1.453 -1.671 16.034
-0.719 3.186 11.388
-0.793 4.371 4.824
-3.295 2.367 -0.974
-6.833 -1.974 -4.913
-11.527 -6.800 -5.324
-15.172 -11.662 -3.021
-19.503 -13.645 1.141
-22.116 -13.519 7.571
-23.481 -9.533 12.767
-26.491 -3.792 13.920
-30.076 1.813 12.388
-35.123 3.719 8.894
-40.792 2.651 6.716
-45.822 -1.609 5.853
-49.101 -6.665 7.071
-51.012 -12.432 10.294
-50.530 -15.434 15.839
-46.876 -17.061 21.629
-45.979 -13.637 27.177
-46.817 -8.387 31.386
-50.951 -3.287 33.072
-57.062 -2.136 34.220
-63.131 -2.796 35.108
-67.839 -5.609 38.236
-70.545 -10.510 40.872
-70.395 -14.814 45.353
-67.844 -20.960 47.132
-62.586 -23.970 49.597
-56.363 -22.925 51.563
-51.313 -18.521 52.865
-50.706 -12.598 56.494
-52.862 -9.131 61.872
-55.967 -9.796 67.670
-58.329 -13.688 72.789
-57.536 -18.449 77.233
-54.104 -23.310 79.694
-49.593 -27.808 79.349
-44.898 -31.327 75.503
-39.098 -29.587 72.855
-34.389 -25.277 71.299
-31.277 -19.131 72.972
-28.865 -15.938 78.300
-26.627 -16.461 84.697
-24.154 -19.752 89.755
-21.251 -24.666 92.420
-17.873 -30.369 91.916
-14.611 -35.761 89.298
-12.885 -38.815 83.547
-11.773 -36.715 77.382
-8.315 -32.878 73.590
-4.456 -27.355 72.420
-0.537 -22.356 74.849
5.343 -21.658 78.037
11.073 -24.725 79.980
15.274 -29.974 79.982
18.059 -35.251 77.439
18.543 -39.592 72.186
17.735 -40.727 65.850
12.799 -40.194 60.899
11.842 -35.884 56.026
11.750 -29.136 54.326
16.421 -24.314 53.089
22.320 -22.839 50.711
27.032 -24.674 46.613
29.452 -29.266 41.997
30.577 -33.631 38.610
28.179 -38.222 34.811
23.638 -41.591 31.630
17.860 -42.031 30.178
11.227 -40.015 30.472
7.931 -34.730 28.681
7.764 -27.904 27.638
9.425 -24.300 21.886
12.732 -23.550 15.902
14.053 -25.937 9.919
12.074 -29.027 4.617
8.790 -34.187 0.932
3.488 -38.039 0.713
-2.048 -39.547 2.666
-6.672 -39.202 7.864
-11.157 -34.811 9.497
-13.603 -28.343 9.534
-15.419 -23.452 5.558
-17.141 -21.168 0.065
-21.073 -22.325 -5.321
-25.529 -26.416 -8.420
-29.401 -32.404 -8.597
-31.983 -37.457 -5.810
-33.168 -40.274 0.389
-34.499 -40.212 6.650
-33.423 -36.683 12.554
-36.842 -31.668 15.518
-41.077 -26.206 15.273
-47.363 -24.223 13.862
-53.346 -26.878 13.119
-57.878 -31.132 14.276
-60.764 -36.153 17.501
-60.648 -42.761 19.882
-57.412 -45.846 24.757
-53.107 -46.122 30.140
-49.601 -41.950 34.487
-51.871 -36.226 38.025
-56.643 -31.797 39.712
-62.242 -31.592 43.228
-67.255 -34.724 46.382
-69.222 -39.890 50.255
-67.884 -46.276 52.078
-63.453 -50.846 54.875
-56.870 -52.613 55.707
-50.984 -50.529 57.915
-46.794 -46.648 61.074
-46.588 -41.999 66.030
-49.029 -36.688 69.940
-53.107 -35.731 75.363
-57.077 -38.527 80.157
-49.720 -54.287 76.061
-56.704 -53.390 75.414
-61.763 -48.478 73.871
-62.613 -41.241 71.818
-60.882 -36.543 68.294
-56.955 -33.766 63.269
-52.876 -35.062 57.560
-49.363 -39.839 53.826
-50.152 -45.906 50.933
-55.028 -49.676 47.930
-60.457 -51.016 45.303
-65.551 -48.856 41.927
-68.462 -44.163 37.974
-68.765 -38.410 34.268
-65.276 -32.263 33.170
-59.502 -29.346 31.656
-53.187 -29.503 30.028
-47.776 -33.618 28.219
-46.459 -40.597 26.672
-46.436 -43.281 20.775
-48.998 -43.442 14.314
-50.420 -40.427 8.885
-51.122 -36.036 4.817
-48.110 -30.626 2.219
-42.828 -26.173 2.130
-37.464 -23.490 5.192
-31.831 -25.043 8.885
-27.949 -30.106 10.153
-25.379 -36.154 8.240
-23.992 -40.068 2.965
-21.726 -40.605 -3.302
-17.616 -37.475 -7.489
-13.767 -32.923 -9.613
-9.181 -27.594 -7.544
-5.395 -24.595 -3.019
-3.690 -22.636 2.756
-3.380 -23.846 8.997
-4.012 -28.627 14.306
-2.248 -34.995 15.150
1.657 -40.152 14.025
7.581 -42.531 12.246
13.931 -41.068 12.172
18.930 -36.452 13.596
21.192 -32.132 18.273
21.807 -27.983 22.204
20.156 -25.101 27.799
14.467 -24.397 32.411
11.832 -28.717 36.183
10.962 -34.854 39.202
14.027 -40.754 41.013
18.964 -42.696 44.241
24.106 -41.821 48.137
28.517 -39.199 51.456
29.898 -35.650 55.866
28.718 -30.059 59.619
25.022 -25.719 62.249
19.188 -24.004 63.807
12.716 -24.628 62.614
7.905 -29.197 62.573
5.971 -35.672 64.002
6.333 -40.514 68.583
6.016 -41.476 75.249
5.719 -39.556 81.227
5.249 -35.320 86.492
2.046 -29.869 88.756
-2.431 -25.265 87.820
-5.878 -20.787 83.753
-10.357 -21.365 79.210
-14.389 -24.961 75.122
-17.749 -31.022 74.335
-22.207 -34.507 77.700
-25.558 -36.275 83.342
-29.566 -33.644 87.711
-33.408 -28.951 89.771
-36.354 -23.085 89.692
-39.192 -18.294 86.772
-39.397 -13.640 81.414
-39.947 -13.859 75.160
-39.359 -17.001 69.459
-42.742 -22.213 66.121
-47.015 -27.475 66.152
-53.508 -29.300 67.317
-59.871 -26.630 67.444
-63.929 -21.123 67.313
-65.221 -14.602 65.959
-63.427 -9.354 62.512
-59.617 -6.479 57.432
-55.711 -6.974 52.086
-53.029 -10.543 47.371
-52.031 -16.513 44.285
-55.500 -20.733 40.355
-60.835 -21.562 36.149
-64.383 -19.182 31.270
-65.726 -14.767 26.489
-63.700 -9.767 23.081
-60.966 -4.054 22.369
-56.390 0.148 22.099
-49.843 0.552 21.789
-43.888 -1.560 24.698
-39.639 -6.281 22.729
-38.363 -12.353 20.334
-38.179 -14.844 14.035
-39.509 -15.458 7.541
-38.167 -12.263 1.956
-34.847 -7.311 -1.464
-30.925 -2.761 -2.392
-25.426 1.227 -1.236
-22.079 3.898 3.719
-18.670 1.648 8.866
-16.027 -3.237 12.412
-12.453 -9.204 11.661
-10.231 -14.173 8.247
-5.707 -14.851 3.545
-0.368 -12.959 0.330
4.145 -8.514 -1.314
7.414 -2.428 0.573
8.724 1.939 5.602
8.086 3.615 11.875
7.447 1.973 18.358
4.809 -2.544 22.766
6.967 -8.366 25.766
11.263 -13.359 26.508
17.537 -15.397 26.576
24.047 -13.657 27.359
27.483 -8.953 30.761
28.880 -3.544 34.758
28.096 1.051 38.708
24.941 5.125 43.297
21.577 4.500 47.785
15.618 2.040 50.309
11.979 -3.207 50.498
13.596 -9.859 52.191
16.227 -13.888 55.900
21.346 -16.869 59.082
26.124 -15.691 64.311
26.714 -11.740 69.923
25.040 -6.605 74.074
20.913 -1.811 75.971
14.500 0.766 75.669
8.333 0.036 75.178
2.261 -3.336 75.943
-0.458 -8.516 78.706
-0.129 -14.877 81.180
2.804 -17.047 87.013
6.312 -16.582 92.676
2.538 0.392 93.526
8.720 -1.453 92.193
12.654 -7.042 91.067
13.779 -12.880 87.718
12.866 -16.026 82.179
10.668 -17.132 76.232
7.959 -14.617 70.435
6.798 -8.435 67.075
9.574 -2.046 66.721
15.448 1.617 67.017
21.928 1.807 65.753
27.274 0.363 63.459
30.936 -3.770 59.541
30.203 -8.539 54.208
28.408 -11.978 49.928
23.140 -14.245 46.325
17.554 -13.114 43.721
12.773 -9.069 41.690
11.301 -2.914 39.664
12.847 3.382 36.897
16.454 5.604 32.059
21.342 4.974 27.915
23.621 1.036 22.570
23.936 -3.484 18.701
21.303 -8.305 15.395
16.591 -11.770 13.524
10.614 -15.876 15.167
4.378 -13.561 16.401
0.472 -8.459 17.624
-1.568 -1.756 15.984
-0.737 3.148 11.341
-0.977 4.416 4.868
-3.338 2.390 -1.095
-6.960 -2.002 -4.931
-11.575 -6.868 -5.392
-15.490 -11.664 -3.178
-19.634 -13.693 1.092
-22.085 -13.565 7.551
-23.500 -9.650 12.833
-26.313 -3.824 14.086
-29.867 1.772 12.584
-34.865 3.860 8.949
-40.541 2.738 6.605
-45.502 -1.491 5.936
-48.970 -6.646 7.118
-50.738 -12.551 10.365
-50.225 -15.495 15.985
-46.657 -16.983 21.815
-45.749 -13.551 27.377
-46.531 -8.166 31.572
-50.629 -3.008 33.280
-56.823 -1.853 34.569
-62.806 -2.588 35.279
-67.291 -5.553 38.493
-70.249 -10.499 40.858
-69.854 -14.725 45.478
-67.338 -20.697 47.219
-62.303 -23.730 49.791
-55.966 -22.619 51.700
-51.153 -18.182 53.100
-50.297 -12.224 56.682
-52.249 -8.762 62.024
-55.406 -9.408 67.997
-57.812 -13.362 73.101
-57.082 -17.912 77.609
-53.695 -22.912 80.027
-49.233 -27.544 79.837
-44.594 -31.036 75.834
-38.875 -29.338 73.064
-34.060 -25.005 71.498
-30.933 -18.972 73.158
-28.405 -15.813 78.452
-26.173 -16.260 84.913
-23.732 -19.535 90.050
-20.954 -24.580 92.595
-17.762 -30.380 92.085
-14.446 -35.780 89.550
-12.584 -38.713 83.718
-11.649 -36.710 77.453
-8.231 -32.859 73.592
-4.268 -27.343 72.455
-0.382 -22.355 74.851
5.520 -21.674 78.090
11.154 -24.805 79.981
15.273 -30.049 79.952
17.997 -35.380 77.401
18.461 -39.802 72.131
17.583 -40.965 65.819
12.633 -40.290 60.820
11.531 -35.837 56.141
11.707 -29.206 54.273
16.408 -24.439 52.994
22.205 -22.963 50.602
26.849 -25.010 46.254
29.324 -29.481 41.710
30.251 -33.720 38.161
27.623 -38.272 34.460
23.383 -41.826 31.486
17.710 -42.124 30.159
11.096 -40.102 30.434
7.770 -34.898 28.753
7.531 -28.020 27.577
9.120 -24.372 21.781
12.467 -23.560 15.899
13.849 -25.976 9.923
11.817 -29.056 4.550
8.449 -34.351 0.950
3.142 -37.968 0.722
-2.211 -39.549 2.629
-6.896 -39.267 7.798
-11.344 -35.046 9.552
-13.738 -28.597 9.581
-15.426 -23.520 5.802
-17.290 -21.272 0.178
-21.058 -22.149 -5.339
-25.593 -26.430 -8.293
-29.470 -32.371 -8.557
-32.082 -37.460 -5.657
-33.207 -40.458 0.505
-34.538 -40.304 6.797
-33.557 -36.725 12.682
-36.897 -31.508 15.623
-41.195 -26.166 15.523
-47.247 -24.098 13.921
-53.232 -26.626 13.202
-57.908 -30.925 14.405
-60.683 -36.006 17.596
-60.391 -42.657 20.122
-57.129 -45.723 24.939
-52.949 -46.007 30.400
-49.517 -41.744 34.701
-51.690 -36.188 38.326
-56.184 -31.436 40.060
-61.901 -31.345 43.624
-66.745 -34.612 46.735
-68.885 -39.668 50.778
-67.385 -46.129 52.492
-62.956 -50.450 55.266
-56.442 -52.392 55.910
-50.487 -50.217 58.177
-46.430 -46.304 61.393
-46.268 -41.612 66.389
-48.688 -36.367 70.375
-52.960 -35.375 75.804
-56.956 -38.241 80.472
-50.212 -54.774 75.822
-57.239 -53.550 74.876
-62.293 -48.116 73.332
-62.896 -41.175 71.271
-61.222 -36.851 67.297
-57.285 -33.850 62.254
-52.727 -35.113 56.812
-49.402 -40.045 53.110
-50.290 -46.016 50.402
-54.914 -50.038 47.186
-60.754 -51.452 44.898
-65.531 -49.180 41.251
-68.651 -44.266 37.219
-68.871 -38.526 34.006
-65.632 -32.514 32.763
-59.658 -29.470 31.201
-53.444 -29.452 29.559
-47.923 -33.543 27.721
-46.520 -40.596 26.087
-46.546 -43.370 20.286
-49.112 -43.711 13.702
-50.574 -40.514 8.383
-51.088 -36.243 4.115
-47.964 -30.633 1.876
-43.013 -26.113 1.852
-37.700 -23.333 5.185
-31.514 -24.770 8.571
-27.737 -30.039 9.671
-25.159 -36.177 7.750
-23.677 -39.938 2.524
-21.423 -40.610 -3.897
-17.337 -37.353 -7.865
-13.397 -33.061 -9.878
-9.025 -27.270 -7.668
-5.235 -24.416 -3.499
-3.481 -22.394 2.581
-2.816 -23.533 8.540
-3.524 -28.349 13.979
-1.870 -34.895 14.809
1.793 -39.960 13.867
7.804 -42.575 12.113
14.046 -41.092 12.400
19.364 -36.654 13.727
21.477 -32.138 18.253
22.385 -28.002 22.206
20.744 -25.086 27.769
14.834 -24.233 32.248
12.167 -28.545 36.144
11.332 -34.629 39.117
13.973 -40.454 41.168
19.062 -42.665 44.353
24.361 -41.593 48.147
28.678 -38.941 51.762
30.297 -34.999 56.173
28.994 -29.973 59.872
25.174 -25.232 62.297
19.484 -23.635 63.560
12.680 -24.206 62.342
8.045 -28.898 62.672
6.065 -35.331 63.832
6.372 -40.314 68.323
5.900 -41.340 74.989
5.532 -39.322 80.967
5.217 -35.012 86.371
1.784 -29.670 88.561
-2.826 -25.048 87.602
-6.150 -20.563 83.468
-10.666 -21.055 78.874
-14.511 -24.882 74.785
-17.963 -30.815 74.048
-22.484 -34.526 77.199
-26.021 -36.260 82.687
-29.911 -33.728 87.173
-33.846 -28.935 89.340
-36.786 -23.126 89.035
-39.608 -18.388 86.188
-39.483 -13.388 80.996
-40.328 -13.945 74.585
-39.736 -17.104 68.933
-43.085 -22.259 65.636
-47.237 -27.584 65.485
-53.804 -29.385 66.487
-59.996 -26.803 66.664
-64.419 -21.509 66.590
-65.970 -14.989 64.955
-63.956 -9.587 61.721
-60.263 -6.737 56.511
-56.201 -7.360 51.237
-53.194 -10.805 46.703
-52.393 -16.725 43.735
-55.493 -21.088 39.545
-60.857 -21.929 35.301
-64.709 -19.576 30.617
-65.898 -15.104 25.885
-64.007 -9.769 22.484
-61.607 -3.885 21.901
-56.499 0.328 21.915
-50.079 0.647 21.430
-44.051 -1.561 24.220
-39.804 -6.104 22.291
-38.270 -12.244 19.805
-37.945 -14.493 13.622
-39.700 -15.338 7.181
-38.098 -12.001 1.420
-34.646 -7.236 -1.868
-30.408 -2.891 -2.887
-25.408 1.651 -1.574
-22.055 4.280 3.292
-18.395 2.038 8.591
-15.859 -2.930 12.081
-12.293 -8.754 11.369
-9.703 -13.788 8.055
-5.222 -14.354 3.383
0.135 -12.900 0.449
4.769 -8.247 -1.517
7.888 -2.070 0.475
8.844 2.651 5.594
8.465 3.956 11.910
7.558 2.511 18.366
5.211 -2.243 22.694
7.049 -8.094 25.672
11.215 -13.292 26.375
17.593 -15.507 26.440
23.996 -13.528 27.541
27.744 -9.068 30.803
29.066 -2.732 34.502
28.443 1.369 38.758
25.092 5.834 42.980
21.636 5.131 47.470
15.642 2.449 50.304
12.128 -2.935 49.973
13.485 -9.335 52.190
16.248 -13.471 55.870
21.175 -16.314 58.810
25.898 -15.021 63.954
26.771 -11.412 69.710
24.977 -6.208 74.031
20.644 -1.733 75.984
14.426 0.975 75.502
8.047 0.371 75.169
1.860 -3.000 75.594
-0.724 -8.248 78.444
-0.322 -14.617 80.877
2.700 -16.966 86.721
6.210 -16.395 92.426
2.521 1.106 93.440
8.817 -1.260 91.954
12.564 -6.956 90.918
13.502 -12.734 87.428
12.511 -15.900 81.990
10.579 -16.802 75.721
7.687 -14.309 69.858
6.766 -7.989 66.844
9.187 -1.637 66.480
15.200 1.890 66.879
21.752 2.254 65.821
27.096 0.779 63.237
31.004 -3.580 59.657
30.383 -8.143 54.187
28.396 -12.053 49.977
23.352 -14.288 46.111
17.615 -13.275 43.665
13.026 -8.834 41.526
11.527 -2.505 39.919
13.311 3.326 36.866
16.481 5.727 32.235
21.756 5.403 27.813
23.897 1.338 22.488
24.363 -3.071 18.640
21.697 -8.055 15.496
17.113 -11.822 13.895
10.904 -15.631 15.051
4.436 -12.854 16.235
0.760 -7.788 17.260
-1.385 -1.273 15.903
-0.707 3.521 11.178
-0.692 5.062 4.613
-3.145 2.854 -1.052
-6.553 -1.585 -5.135
-11.171 -6.438 -5.755
-14.608 -11.660 -3.524
-19.136 -13.534 0.709
-22.014 -13.420 7.048
-23.441 -9.295 12.367
-26.002 -3.549 13.552
-29.606 2.101 12.437
-35.083 4.023 8.673
-40.760 2.963 6.455
-45.682 -1.125 5.775
-48.954 -6.384 6.769
-50.906 -12.494 9.888
-50.469 -15.503 15.383
-46.947 -16.811 21.245
-45.949 -13.513 26.873
-46.777 -8.077 31.096
-50.741 -3.249 32.957
-56.916 -2.026 34.312
-63.050 -2.859 34.808
-67.791 -5.727 37.968
-70.686 -10.727 40.308
-70.538 -15.185 44.614
-67.761 -21.160 46.600
-62.413 -24.164 49.012
-56.244 -22.820 51.237
-51.435 -18.414 52.466
-50.664 -12.421 56.039
-52.761 -8.816 61.193
-55.812 -9.662 67.300
-58.289 -13.605 72.411
-57.455 -17.874 76.852
-54.225 -23.103 79.461
-49.712 -27.862 78.901
-44.864 -31.219 75.159
-39.054 -29.421 72.559
-34.481 -24.998 71.012
-31.245 -19.063 72.480
-28.543 -15.861 77.684
-26.580 -16.083 84.386
-24.315 -19.335 89.690
-21.452 -24.733 92.195
-18.083 -30.379 91.654
-14.823 -35.681 89.234
-12.706 -38.426 83.431
-11.728 -36.594 77.155
-8.228 -32.791 73.273
-4.391 -27.117 72.174
-0.523 -22.174 74.678
5.384 -21.455 77.767
11.031 -24.570 79.623
15.239 -29.586 79.730
17.926 -35.112 77.384
18.509 -39.548 72.192
17.808 -40.789 65.698
12.883 -39.922 60.722
11.728 -35.467 56.074
11.960 -29.032 54.070
16.442 -24.103 52.807
22.379 -22.497 50.548
27.186 -24.364 46.363
29.474 -29.287 41.847
30.448 -33.696 38.517
28.200 -38.204 34.622
23.847 -41.927 31.669
18.092 -41.968 30.054
11.424 -40.037 30.393
8.177 -34.632 28.555
7.879 -27.879 27.235
9.424 -24.426 21.689
13.022 -23.550 15.841
14.546 -26.034 9.922
12.474 -29.092 4.558
9.102 -34.279 0.756
3.817 -37.903 0.223
-1.759 -39.738 2.280
-6.392 -39.185 7.727
-10.836 -34.767 9.184
-13.530 -28.282 9.173
-15.118 -23.114 5.443
-17.246 -21.052 -0.013
-20.788 -22.043 -5.659
-25.451 -25.944 -8.615
-29.384 -32.003 -9.157
-31.782 -37.461 -5.912
-32.887 -40.571 0.160
-34.403 -40.123 6.086
-33.509 -36.648 12.091
-36.639 -31.354 15.113
-40.830 -25.960 15.154
-47.236 -24.095 13.695
-53.373 -26.744 12.895
-57.997 -31.028 13.798
-60.597 -36.107 16.941
-60.520 -42.741 19.678
-57.118 -45.942 24.194
-52.886 -45.908 29.612
-49.610 -41.817 34.084
-51.804 -36.232 37.723
-56.398 -31.669 39.527
-62.445 -31.743 42.743
-67.252 -34.836 46.005
-69.241 -39.878 50.027
-67.765 -46.332 52.228
-63.273 -50.744 54.899
-56.653 -52.389 55.561
-50.578 -50.410 57.646
-46.343 -46.343 60.732
-46.354 -41.812 65.893
-48.968 -36.624 69.577
-53.049 -35.858 75.058
-57.166 -38.479 79.884
-27.516 14.406 -41.000
-24.139 15.488 -35.293
-23.782 19.446 -29.807
-27.509 24.017 -26.194
-33.112 26.793 -24.144
-38.105 24.762 -20.174
-44.169 21.234 -19.082
-46.550 14.950 -19.492
-45.198 8.181 -19.588
-40.917 3.071 -18.243
-35.263 0.442 -15.388
-31.373 0.570 -10.254
-28.874 2.633 -4.830
-29.564 6.670 0.935
-34.207 9.687 4.781
-39.854 8.893 7.790
-45.435 5.617 9.795
-46.794 -0.391 12.443
-47.092 -7.405 12.461
-43.009 -12.800 12.235
-36.708 -15.743 12.247
-30.656 -1.738 20.602
-27.756 -4.244 15.203
-29.214 -7.505 9.469
-34.495 -10.077 5.877
-40.791 -10.096 3.925
-44.298 -5.924 -0.121
-48.151 0.020 -1.069
-47.329 6.634 -0.511
-43.572 12.172 -0.235
-37.561 14.867 -1.652
-31.677 14.861 -5.192
-28.523 13.313 -10.699
-27.465 9.795 -15.960
-30.404 6.803 -21.491
-35.955 6.276 -25.233
-40.970 9.772 -28.024
-44.607 15.237 -29.780
-42.922 20.936 -32.672
-39.940 27.366 -32.753
-33.822 30.254 -32.522
-26.751 29.835 -32.527
-52.984 -15.340 32.424
-54.990 -19.575 27.512
-58.565 -20.036 21.777
-61.031 -16.850 16.521
-61.557 -11.184 12.572
-56.773 -8.603 8.387
-51.110 -4.443 7.288
-44.699 -4.557 8.136
-38.772 -7.735 8.591
-35.203 -12.765 6.855
-34.302 -18.225 3.481
-35.296 -21.659 -1.610
-37.979 -23.287 -7.589
-42.123 -21.767 -12.717
-43.349 -16.477 -16.957
-42.100 -10.044 -17.757
-38.687 -4.248 -17.882
-32.579 -2.366 -19.517
-25.499 -2.615 -19.060
-20.284 -6.547 -19.752
-17.877 -12.654 -21.945
53.501 -8.844 55.557
54.233 -4.160 50.666
53.555 -3.670 43.906
52.736 -6.986 38.378
50.416 -11.689 34.122
44.588 -14.747 33.034
38.962 -18.664 35.445
33.999 -18.711 39.390
29.262 -15.173 41.452
26.756 -9.801 44.492
26.218 -3.422 45.656
25.076 2.608 42.727
23.537 5.304 36.999
21.024 5.977 30.828
15.228 4.438 27.888
10.134 -0.340 26.041
5.738 -4.448 28.419
2.237 -6.695 33.780
6.511 7.315 43.411
7.901 1.073 45.153
8.776 -5.149 42.662
10.451 -8.881 37.539
12.738 -9.767 31.211
19.187 -8.896 28.950
24.355 -4.566 26.311
28.687 -0.593 28.600
32.726 2.211 33.071
35.907 0.526 38.400
36.473 -1.731 44.327
36.554 -7.061 48.212
37.748 -13.512 48.781
40.056 -19.664 46.381
46.684 -21.374 45.143
52.463 -21.251 40.737
57.032 -17.175 38.827
60.978 -11.746 39.915
-53.430 8.156 55.662
-54.184 3.458 50.784
-53.548 2.948 44.046
-52.726 6.312 38.541
-50.398 11.013 34.278
-44.559 14.135 33.190
-38.965 18.050 35.549
-34.002 18.113 39.517
-29.266 14.562 41.561
-26.737 9.181 44.572
-26.170 2.773 45.752
-25.010 -3.230 42.803
-23.501 -5.904 37.077
-20.964 -6.570 30.892
-15.241 -5.049 27.960
-10.140 -0.255 26.095
-5.717 3.860 28.447
-2.218 6.121 33.801
-6.425 -7.922 43.431
-7.859 -1.656 45.204
-8.726 4.549 42.753
-10.407 8.292 37.573
-12.723 9.176 31.287
-19.135 8.300 29.035
-24.317 3.952 26.407
-28.652 -0.051 28.703
-32.657 -2.850 33.135
-35.854 -1.198 38.498
-36.442 1.076 44.414
-36.546 6.416 48.331
-37.725 12.884 48.889
-40.065 19.031 46.481
-46.683 20.731 45.306
-52.448 20.632 40.877
-57.026 16.489 38.981
-60.944 11.060 40.070
9.697 -29.576 41.557
9.850 -23.117 42.942
8.747 -17.177 40.522
7.059 -14.146 34.806
5.364 -13.890 28.208
-1.061 -14.393 25.761
-6.641 -18.168 24.001
-11.695 -21.722 26.156
-16.379 -22.915 30.847
-19.132 -23.063 36.835
-22.419 -18.736 40.489
-23.075 -13.756 44.106
-23.607 -7.172 43.772
-24.733 -1.750 40.480
-25.842 0.430 34.160
-27.806 0.279 27.854
-34.169 -0.184 25.471
-39.662 -3.929 23.440
-44.880 -7.133 25.391
-49.879 -7.482 29.756
-41.801 2.861 40.799
-42.314 -3.647 42.721
-41.153 -9.917 40.525
-39.772 -13.194 35.002
-37.709 -13.679 28.493
-31.284 -13.281 26.018
-25.802 -9.426 23.991
-20.797 -5.780 26.026
-16.265 -3.907 30.438
-13.222 -4.433 36.438
-10.182 -7.963 39.667
-9.067 -12.769 43.436
-7.864 -18.974 43.326
-8.047 -25.079 40.560
-6.565 -27.584 34.698
-4.807 -27.629 28.276
1.576 -27.323 25.889
7.084 -23.786 23.787
12.417 -20.780 25.144
17.512 -19.861 29.098
-8.540 83.573 -36.580
-2.832 80.765 -33.724
2.099 81.263 -29.004
6.518 84.607 -25.929
8.118 89.927 -22.057
6.198 95.213 -18.437
2.559 96.685 -13.341
-4.601 96.105 -11.013
-6.140 91.128 -6.341
-7.445 85.242 -3.969
-5.564 79.997 -1.346
-1.200 76.452 1.911
4.261 75.660 5.602
10.029 78.717 8.167
12.169 84.241 11.074
11.581 90.779 12.889
8.913 94.569 17.471
4.955 77.918 23.473
-1.476 79.248 20.724
-5.003 83.630 17.735
-6.001 88.425 12.733
-3.118 94.314 10.055
1.934 94.619 5.747
8.110 92.959 3.133
11.936 88.102 -0.133
10.789 85.337 -5.087
9.087 79.230 -8.284
3.523 77.059 -11.774
-2.586 78.769 -13.833
-7.535 82.527 -15.771
-10.009 87.956 -18.700
-9.615 94.572 -20.681
-5.369 98.240 -23.984
1.315 98.363 -26.932
40.893 28.930 12.361
39.989 35.017 9.587
42.028 40.668 6.372
46.498 44.601 4.554
52.252 46.175 1.616
57.831 44.286 -1.641
60.184 40.783 -6.922
59.657 35.021 -10.593
55.229 33.788 -15.678
49.674 34.195 -18.733
43.517 36.924 -20.540
41.648 42.400 -24.175
41.578 48.036 -26.624
45.572 53.499 -28.799
51.600 54.707 -31.305
57.024 53.302 -34.477
59.518 50.999 -39.785
42.310 50.322 -44.284
42.830 43.589 -42.441
46.546 39.100 -40.356
51.132 36.561 -35.979
57.717 37.678 -33.469
59.602 42.426 -29.042
59.289 47.956 -25.350
56.429 51.663 -20.832
51.851 52.045 -16.120
45.623 50.770 -13.372
42.365 45.524 -10.862
41.540 38.730 -9.676
44.537 32.966 -8.633
48.653 29.531 -4.771
55.189 28.626 -1.996
57.761 30.493 3.456
58.325 35.177 8.508
4.204 -28.035 2.175
-1.003 -30.982 -1.446
-7.314 -29.694 -4.657
-11.059 -25.199 -7.802
-12.778 -20.314 -11.234
-18.358 -18.057 -9.403
-15.631 -16.554 -4.448
-11.138 -20.240 -2.171
-9.873 -13.877 -4.001
-5.432 -9.857 -6.733
0.538 -8.038 -9.033
-4.292 -12.596 2.420
0.886 -8.967 -0.605
5.952 -11.340 -4.596
9.816 -15.424 -8.108
11.315 -20.485 -11.802
16.014 -22.915 -9.509
14.614 -26.727 -3.874
11.010 -23.071 0.638
8.607 -27.149 -4.882
4.207 -30.974 -7.982
-1.314 -32.478 -10.720
11.994 186.094 59.428
4.776 187.856 58.903
1.315 184.296 53.994
1.180 181.169 47.794
3.393 176.156 43.801
7.413 170.884 42.686
11.687 166.268 45.690
13.325 162.674 50.782
11.816 159.658 56.087
7.460 156.579 60.245
1.274 154.124 62.020
-4.723 153.628 59.273
-8.433 150.540 56.151
-11.157 149.440 49.445
-9.187 145.371 43.660
-4.203 142.479 39.760
0.541 137.798 39.850
4.180 133.622 43.254
4.478 128.951 48.973
1.778 125.837 54.241
-4.126 123.935 57.610
-10.048 121.441 56.165
-14.621 118.338 52.199
-15.762 114.136 47.749
-13.980 110.123 42.233
-9.193 106.683 39.348
-2.734 103.732 38.509
2.154 101.925 41.308
6.934 100.808 46.168
6.920 100.016 53.130
2.840 98.410 58.634
-0.890 93.287 61.036
-2.301 86.652 60.365
-2.518 80.964 56.701
1.554 76.081 55.217
7.026 73.149 52.549
14.018 73.651 53.479
19.433 76.072 56.902
22.044 79.127 62.579
20.306 81.906 68.730
16.362 80.801 74.262
14.195 76.311 78.627
14.782 70.251 81.931
18.378 65.250 83.173
25.088 64.242 85.138
32.151 64.533 85.313
37.879 68.202 83.827
40.843 74.173 84.716
40.012 80.759 84.528
36.649 86.233 86.663
32.251 88.086 91.438
30.144 87.075 97.997
32.810 86.478 103.730
37.639 85.767 108.662
43.722 87.766 110.230
49.391 90.439 109.281
54.375 94.116 105.680
55.160 99.466 102.389
52.341 103.964 97.763
47.677 108.463 97.575
42.794 112.112 100.396
40.178 114.910 106.553
41.962 118.399 110.631
45.798 122.011 114.792
51.017 125.302 116.147
56.021 129.416 114.122
59.656 131.969 110.086
60.585 135.455 103.627
58.718 134.758 97.196
53.942 133.481 92.771
47.310 134.405 91.794
41.483 137.047 94.808
38.981 142.654 96.573
38.568 148.959 97.763
40.091 154.911 95.388
41.614 159.023 90.615
44.828 161.019 85.028
45.493 159.415 78.373
46.136 154.683 73.827
43.055 149.566 70.988
37.404 146.072 70.922
30.754 145.780 70.988
24.748 149.201 70.162
21.515 154.398 67.498
21.244 158.783 62.516
23.328 161.069 56.913
25.852 160.222 50.660
29.072 156.731 45.776
31.022 150.848 42.995
30.678 144.329 43.320
28.071 139.102 46.861
21.620 136.169 47.679
15.122 136.734 46.883
10.030 137.393 42.394
8.016 136.631 36.455
8.767 136.340 29.660
12.864 133.723 24.531
17.909 129.781 22.829
22.645 124.916 24.907
24.690 120.214 29.334
23.111 115.615 33.587
18.608 113.924 38.524
13.247 110.143 38.517
8.643 106.335 35.697
8.079 100.879 31.708
10.533 96.665 28.578
15.284 93.093 24.818
21.458 90.767 24.680
28.054 89.709 26.745
32.589 89.811 31.816
34.574 93.003 37.745
32.381 91.817 43.922
27.991 90.177 48.357
25.036 84.360 51.045
25.512 77.683 50.556
27.157 71.970 49.059
32.678 67.062 48.411
39.424 66.064 48.438
45.155 67.537 50.876
49.558 72.781 51.077
51.250 77.366 55.853
48.625 81.417 60.613
46.677 80.897 67.205
43.839 77.333 72.589
46.130 72.501 76.643
50.957 69.943 79.990
57.670 67.687 80.769
63.640 69.480 80.693
68.733 74.525 79.406
70.055 80.908 77.446
68.812 87.036 76.052
63.448 91.459 76.332
60.220 95.057 81.258
58.922 96.526 87.577
61.367 96.811 94.093
66.317 98.576 96.891
72.903 100.984 97.204
78.687 104.791 94.838
81.371 109.101 89.919
80.023 112.095 83.319
75.987 115.895 80.472
69.708 118.837 79.471
65.823 122.618 83.690
65.523 127.020 88.795
68.288 131.651 92.365
72.407 136.591 93.630
77.046 141.032 90.793
79.893 143.450 84.944
79.452 144.130 78.954
76.821 143.546 72.592
70.758 142.722 69.336
63.925 143.059 69.287
58.277 145.795 71.486
54.805 150.820 74.625
54.329 156.713 76.786
56.872 163.296 77.531
60.385 168.406 74.319
63.049 171.333 68.836
63.309 171.364 61.699
59.706 171.421 56.523
54.202 171.142 51.313
47.128 172.779 51.604
42.977 176.506 55.145
40.168 180.357 59.919
40.952 185.237 64.830
44.994 190.204 67.681
54.764 190.277 52.408
58.646 188.654 57.584
58.067 186.354 63.598
56.149 182.615 68.400
51.745 178.550 70.472
46.488 174.729 70.814
43.601 169.232 67.313
45.048 163.811 63.826
48.979 159.909 60.471
55.199 157.909 58.609
61.178 157.474 59.348
66.993 158.531 62.505
69.853 158.781 67.662
71.092 160.439 73.389
70.082 159.126 78.334
66.520 156.474 84.039
63.515 151.580 85.298
60.263 145.947 83.557
60.681 140.100 79.651
63.971 136.265 75.615
70.342 134.313 73.774
76.338 133.262 74.858
81.908 132.280 78.566
84.464 130.839 84.771
83.688 128.304 90.945
80.024 124.706 94.966
74.271 122.039 97.209
68.499 118.388 95.769
65.280 114.473 91.610
64.295 111.613 85.527
68.123 108.260 80.833
73.177 103.847 79.276
76.984 99.159 82.364
77.809 93.747 86.445
75.926 89.393 90.943
69.777 86.258 94.341
63.596 84.645 92.916
57.526 84.591 89.437
54.567 86.304 83.650
56.340 87.320 76.746
59.755 85.150 71.291
63.630 80.083 69.271
64.037 73.616 68.007
60.792 67.864 66.837
55.058 64.674 66.478
48.579 63.198 66.683
42.006 65.357 66.667
37.316 70.164 65.127
36.330 75.985 62.606
39.137 81.820 59.684
42.693 82.780 53.720
44.800 80.514 47.440
42.888 78.409 42.299
38.522 75.096 37.745
31.820 74.704 36.871
25.573 75.805 37.242
19.937 80.002 40.037
18.396 85.653 40.716
19.735 91.490 43.938
23.558 96.922 42.422
27.990 100.651 38.488
29.687 101.769 32.041
27.486 103.388 26.616
23.244 105.151 22.239
17.012 106.639 20.195
12.107 110.615 20.397
7.004 113.552 23.997
5.535 116.936 29.540
7.574 120.087 34.495
12.362 120.304 39.647
18.711 122.847 39.425
24.263 125.736 36.261
26.028 130.299 31.942
25.348 136.512 29.627
21.712 142.253 29.798
17.879 146.306 32.072
15.060 149.781 37.698
14.176 150.434 44.050
14.651 147.304 49.899
18.488 143.877 54.397
25.135 142.158 55.508
31.881 143.308 54.724
35.988 148.323 55.017
37.956 154.867 55.909
36.973 160.235 59.649
34.333 163.671 64.394
31.230 164.439 70.417
29.916 161.629 76.096
28.760 156.106 80.075
31.130 150.961 81.943
35.006 145.182 80.496
41.723 143.687 80.166
48.082 145.629 80.386
52.993 149.045 83.860
54.810 150.400 89.866
53.902 152.117 96.381
50.246 150.704 102.229
45.667 146.398 105.008
42.574 140.339 105.194
41.545 134.129 102.751
44.273 128.655 99.971
49.036 126.614 95.743
55.273 124.395 96.800
59.625 121.736 100.830
61.604 118.775 106.205
59.765 114.852 111.678
55.435 110.966 114.458
49.409 109.183 116.952
44.401 105.267 114.695
40.048 103.662 110.422
37.374 103.793 103.992
39.791 101.429 98.296
45.057 99.383 94.296
49.021 94.047 93.902
50.570 87.935 95.726
49.727 82.055 98.918
45.816 77.556 101.528
39.912 74.659 101.015
33.326 73.882 99.274
27.524 76.958 97.037
25.724 80.675 91.556
27.398 83.009 85.335
29.724 81.288 79.073
33.794 76.896 75.066
32.643 71.803 72.335
29.169 66.098 70.404
23.193 63.270 70.263
16.370 63.261 70.552
10.545 66.836 69.461
7.671 72.561 69.718
7.451 79.377 69.554
11.667 84.632 68.111
14.090 87.117 62.063
15.804 86.560 55.508
13.600 84.946 49.240
6.960 83.665 45.767
1.163 84.718 44.529
-4.741 88.445 45.226
-8.773 92.238 50.088
-9.109 97.646 53.348
-6.504 102.946 56.517
-0.761 107.034 56.698
2.778 109.617 51.662
3.701 110.998 44.713
0.124 113.242 39.473
-4.414 117.984 37.601
-9.243 122.260 38.162
-14.343 125.441 41.857
-15.235 129.003 47.912
-12.697 131.300 53.583
-7.530 133.447 57.633
-0.942 135.062 58.156
4.208 138.440 55.342
7.147 142.033 50.479
6.534 146.584 46.217
4.032 151.650 42.478
-2.063 155.434 42.372
-6.228 159.411 46.075
-6.694 162.817 50.956
-4.846 165.526 57.374
0.061 167.245 61.845
6.263 169.665 62.399
12.076 171.645 60.786
15.787 175.310 56.496
17.491 174.751 49.416
15.370 179.406 44.530
-68.910 30.192 -39.752
-63.928 29.520 -44.372
-61.014 25.383 -48.740
-58.116 19.587 -50.993
-57.991 19.672 -50.980
-60.529 14.650 -53.864
-60.512 15.502 -55.020
-65.356 11.751 -58.147
-71.075 10.376 -60.068
-76.459 12.824 -63.426
-78.956 18.000 -66.167
-79.468 23.947 -69.060
-59.867 22.266 -70.238
-61.698 27.994 -67.887
-65.760 30.659 -63.663
-71.095 30.170 -60.110
-75.467 27.312 -56.340
-79.058 22.175 -53.802
-78.282 17.450 -50.062
-78.401 15.816 -51.350
-74.564 12.785 -46.989
-68.864 10.082 -44.612
-63.463 11.265 -41.273
202.195 108.983 93.365
197.391 108.268 98.104
194.525 104.001 102.468
191.731 98.201 104.729
194.143 93.940 108.829
199.036 90.488 112.348
204.557 89.357 114.764
210.836 91.663 116.872
212.611 96.849 120.019
212.588 102.782 122.754
193.042 100.187 124.027
193.292 100.775 124.188
194.710 104.476 120.738
195.148 107.106 122.238
197.998 108.236 116.639
198.965 109.023 117.349
204.036 108.564 114.562
203.097 106.922 112.442
208.698 105.845 110.039
212.623 100.712 107.629
212.929 100.967 107.678
212.074 94.657 104.978
211.862 96.168 103.934
208.235 91.269 101.003
202.403 88.736 98.626
196.971 89.972 95.531
203.191 30.701 58.072
198.458 30.159 63.065
195.234 25.773 66.972
192.203 19.886 68.745
194.549 15.552 72.814
194.294 14.960 71.813
199.241 11.756 75.858
204.978 10.107 77.659
203.999 11.159 78.463
209.746 12.524 81.330
208.730 12.571 81.650
211.516 17.721 85.159
212.601 17.780 84.502
213.280 23.783 87.415
193.870 22.805 88.181
195.942 27.785 85.315
200.166 30.596 81.702
199.908 30.673 81.687
204.943 30.310 78.113
209.522 27.027 74.437
213.265 21.749 72.084
213.279 21.770 72.084
212.451 15.803 69.100
212.467 16.459 68.952
208.640 13.461 64.445
202.899 10.617 62.177
197.569 12.400 58.799
-202.529 -68.603 128.640
-197.703 -68.058 133.416
-194.603 -63.939 137.698
-191.742 -58.140 140.041
-194.214 -53.265 143.080
-198.589 -49.115 146.225
-204.689 -49.206 149.275
-210.793 -51.645 151.121
-212.437 -56.085 154.804
-212.952 -62.061 158.027
-193.666 -60.189 158.767
-193.724 -60.777 159.123
-195.392 -66.734 157.197
-195.518 -65.102 155.306
-198.979 -68.763 152.560
-199.776 -69.389 152.790
-203.919 -68.431 148.172
-204.785 -68.962 149.206
-209.296 -65.766 145.150
-212.701 -60.590 142.734
-211.825 -55.443 138.947
-208.048 -50.814 135.920
-202.157 -48.456 133.690
-196.702 -49.923 130.321
8.560 -69.371 -21.487
9.736 -64.670 -26.065
14.184 -61.896 -30.199
20.129 -59.277 -32.425
24.431 -61.895 -36.212
27.919 -66.741 -39.455
29.350 -73.289 -41.688
26.509 -78.290 -44.933
21.800 -80.040 -48.674
15.572 -80.775 -51.483
19.611 -61.426 -51.848
14.329 -62.784 -49.101
9.747 -66.385 -45.993
9.729 -66.319 -45.999
9.085 -72.087 -42.675
9.407 -71.664 -41.900
12.027 -76.334 -38.304
16.772 -80.515 -35.951
22.264 -79.621 -32.511
26.138 -76.193 -28.901
29.058 -70.790 -26.121
27.703 -66.115 -21.980
7.168 12.871 -4.903
6.199 7.148 -7.611
8.203 0.280 -5.217
11.779 -4.438 -4.583
14.364 -0.506 -8.469
19.766 -2.002 -6.396
22.508 -2.111 0.014
25.982 1.294 4.083
27.086 4.639 -1.054
27.809 10.269 2.139
24.127 15.447 3.795
19.236 19.035 3.085
13.307 17.342 3.010
7.186 13.584 2.886
3.397 8.607 1.013
3.939 1.861 1.905
8.537 -2.123 4.666
14.814 -3.169 6.186
19.662 0.610 7.572
22.858 5.953 6.153
21.565 11.276 8.258
11.321 18.199 -4.849
16.613 22.000 -2.794
23.582 22.056 -5.168
29.315 20.054 -5.710
26.536 16.442 -1.593
29.681 11.796 -3.645
30.460 9.084 -10.097
28.869 4.777 -14.036
25.884 2.578 -8.791
20.689 0.377 -12.058
14.399 1.567 -14.380
11.496 5.969 -13.205
8.532 11.494 -12.686
10.619 18.525 -13.114
14.292 23.753 -11.711
20.973 25.352 -12.241
26.122 22.452 -15.402
28.969 16.622 -16.504
27.053 10.831 -17.562
22.959 6.033 -16.447
17.684 5.342 -18.271
-14.647 22.458 134.502
-11.799 27.787 130.591
-5.763 29.627 127.709
0.097 26.829 125.381
2.672 20.736 123.542
1.943 14.577 121.268
0.254 11.933 115.334
-4.977 9.853 111.089
-9.944 12.564 107.589
-13.525 17.766 104.937
26.911 -29.718 -29.613
24.127 -26.611 -35.411
18.265 -24.290 -38.440
11.719 -22.942 -37.287
6.870 -20.739 -33.244
6.057 -14.787 -30.010
7.606 -10.294 -24.708
12.751 -6.588 -22.322
19.023 -4.372 -22.520
24.975 -2.856 -25.481
28.165 1.805 -26.791
29.330 6.966 -30.631
27.678 8.897 -37.266
22.328 10.415 -40.930
15.958 13.100 -39.469
10.984 14.860 -35.282
9.654 20.498 -32.332
10.615 24.588 -27.037
15.583 28.302 -23.935
21.734 30.645 -23.475
20.596 30.962 -40.389
26.438 27.906 -37.507
27.931 25.622 -31.173
25.042 22.708 -25.720
19.936 20.513 -22.344
17.317 14.364 -22.418
12.940 9.823 -25.403
11.402 6.623 -31.227
13.357 5.025 -37.505
16.011 0.590 -40.313
16.070 -4.338 -39.880
21.419 -9.005 -39.562
24.736 -10.969 -34.667
25.301 -12.406 -28.363
21.581 -13.650 -23.049
16.026 -16.224 -19.745
13.169 -21.725 -20.450
8.428 -26.010 -23.675
7.762 -29.626 -29.456
10.586 -31.972 -35.504
-15.580 29.913 102.012
-12.348 34.971 98.033
-6.658 37.144 95.051
-1.972 34.266 91.176
2.263 28.658 89.753
1.705 22.117 87.137
0.269 19.373 81.283
-4.937 16.920 77.147
-9.655 20.038 73.671
-13.744 25.277 71.865
-13.400 29.930 67.864
-10.189 34.981 63.857
-4.503 37.148 60.868
0.187 34.267 56.989
4.407 28.679 55.548
3.893 22.117 52.963
2.457 19.402 47.090
-2.768 16.906 42.963
-7.490 20.055 39.480
-11.590 25.280 37.698
63.678 102.708 72.457
60.473 98.486 77.294
54.985 95.133 79.399
50.725 90.864 76.515
46.591 88.992 70.985
47.314 86.451 64.327
49.248 80.759 61.603
54.731 76.994 59.106
59.765 73.966 62.325
63.782 72.361 67.684
63.707 68.470 72.432
60.485 64.287 77.318
55.007 60.905 79.391
50.717 56.645 76.503
46.587 54.769 71.006
47.312 52.217 64.360
49.262 46.532 61.569
54.711 42.758 59.092
59.755 39.777 62.344
63.801 38.142 67.664
-14.188 34.993 101.435
-11.224 40.466 97.305
-5.496 42.425 94.365
-0.677 39.489 90.713
3.551 34.216 88.982
3.780 27.603 87.040
1.883 24.865 81.238
-3.213 22.271 77.061
-7.906 25.175 73.450
-12.114 30.165 71.233
-12.363 34.977 67.427
-9.515 40.463 63.325
-3.747 42.412 60.397
1.046 39.487 56.732
5.292 34.226 55.015
5.526 27.616 53.059
3.613 24.895 47.236
-1.483 22.249 43.090
-6.156 25.172 39.479
-10.399 30.153 37.267
-9.005 102.858 66.990
-6.190 98.409 61.886
-0.581 95.222 59.644
3.719 91.087 62.518
7.938 89.000 67.707
8.291 86.884 74.322
6.044 81.321 77.207
0.599 77.572 79.855
-4.492 74.555 77.096
-8.586 72.335 72.015
-8.933 68.561 67.251
-6.194 64.251 61.864
-0.571 61.017 59.701
3.691 56.883 62.541
7.971 54.813 67.693
8.269 52.671 74.292
6.038 47.111 77.221
0.602 43.352 79.849
-4.513 40.375 77.059
-8.583 38.080 72.051
8.917 21.156 0.384
8.912 21.050 0.423
5.991 25.830 4.237
5.963 25.707 4.221
0.131 27.592 7.687
0.134 27.638 7.654
-5.477 24.701 10.436
-5.461 24.689 10.417
-8.691 18.609 11.969
-8.704 18.577 11.927
-8.255 12.656 14.678
-8.267 12.661 14.683
-6.684 9.893 20.496
-6.682 9.891 20.491
-1.472 7.641 24.748
-1.440 7.617 24.712
3.745 10.555 27.843
3.762 10.557 27.811
7.255 15.775 30.285
7.251 15.765 30.302
7.331 21.131 33.909
7.302 21.102 33.944
4.503 25.823 37.909
4.507 25.833 37.887
-1.378 27.592 41.234
-1.342 27.623 41.251
-7.002 24.684 43.938
-6.922 24.667 44.062
-10.174 18.589 45.524
-10.168 18.587 45.515
-9.756 12.667 48.271
-9.751 12.666 48.269
-8.147 9.905 54.040
-8.142 9.901 54.039
-2.937 7.626 58.292
-2.944 7.659 58.318
2.273 10.571 61.397
2.278 10.568 61.399
5.755 15.754 63.877
5.740 15.762 63.878
8.925 28.479 0.520
8.931 28.479 0.515
5.743 33.294 4.472
5.841 33.919 4.155
0.082 35.553 7.544
0.163 35.538 7.651
-5.004 32.800 10.911
-5.227 32.663 10.837
-8.783 26.764 12.265
-8.911 26.838 12.481
-8.372 20.837 15.082
-8.446 20.870 15.035
-6.878 18.067 20.801
-6.877 18.121 20.752
-1.633 15.650 24.913
-1.702 15.731 25.028
3.440 18.682 28.278
3.415 18.632 28.118
7.353 23.711 30.213
7.198 23.832 30.556
6.881 28.453 34.554
6.954 28.508 34.543
3.774 33.710 38.181
3.809 33.450 38.472
-1.875 35.628 41.490
-1.881 35.486 41.733
-6.723 32.655 45.204
-7.588 32.834 44.514
-10.763 26.724 46.228
-10.893 26.867 46.486
-10.348 20.876 49.146
-10.421 20.854 48.968
-8.806 18.100 54.828
-8.890 18.143 54.777
-3.798 15.704 59.148
-3.516 15.682 58.768
1.388 18.622 62.133
1.479 18.679 62.234
5.330 23.770 64.339
5.306 23.771 64.356
212.663 -20.572 1290.585
218.367 -17.610 1288.726
222.364 -14.137 1284.446
223.078 -11.025 1278.783
220.897 -8.052 1272.673
216.266 -3.892 1271.051
211.123 -0.236 1271.535
206.038 2.523 1274.845
203.293 5.276 1280.076
204.455 8.983 1285.651
207.389 12.006 1290.063
221.485 12.944 1277.502
222.834 9.799 1283.107
220.037 6.341 1288.286
214.617 3.020 1291.008
209.876 -1.541 1289.563
205.114 -4.941 1285.339
203.742 -7.872 1279.714
205.439 -11.182 1274.951
209.569 -15.041 1271.116
215.121 -18.615 1271.765
220.755 -20.440 1274.735
-16.987 10.378 3.653
-13.759 3.984 4.528
-11.221 -1.922 3.257
-6.101 -4.006 6.946
-2.566 -9.308 3.600
1.211 -13.177 -0.775
-4.603 -12.855 -4.560
-9.740 -10.046 -7.911
-4.698 -5.306 -8.365
1.410 -6.434 -8.509
7.622 -5.593 -8.749
13.896 -3.993 -6.842
14.897 -4.995 -0.515
13.972 1.352 1.050
13.371 6.272 4.822
7.503 10.128 2.792
8.003 10.111 -4.114
4.061 9.897 -9.951
-2.055 8.286 -11.871
-3.566 11.528 -5.684
-0.748 11.192 0.447
1.401 10.389 7.117
0.858 4.593 11.244
4.502 0.698 13.447
9.845 -2.590 15.055
-19.117 54.070 -13.282
-20.887 55.694 -6.742
-21.727 54.098 0.680
-19.762 49.216 4.957
-17.140 43.189 6.792
-11.044 41.148 6.671
-4.983 40.603 3.942
0.987 43.106 0.504
5.599 48.410 1.932
7.163 54.125 4.112
7.180 58.418 9.286
6.162 59.643 15.827
4.296 58.039 21.978
4.147 52.491 26.561
7.476 46.982 28.051
10.193 41.117 27.664
15.777 38.338 26.710
21.892 38.482 22.833
26.911 42.618 20.676
1.031 -22.362 177.487
-2.133 -28.671 178.431
-1.593 -35.319 175.562
-0.275 -39.939 170.443
3.448 -41.226 164.882
9.953 -40.733 162.675
16.253 -38.081 163.001
21.787 -35.266 165.856
25.379 -36.283 171.395
26.996 -38.772 176.992
26.840 -43.983 181.539
25.588 -50.497 182.473
24.212 -56.742 180.295
24.695 -61.197 175.254
26.843 -62.975 169.138
30.556 -62.245 163.456
36.264 -61.149 161.026
42.595 -57.372 161.288
47.191 -55.858 165.765
38.663 -68.942 176.348
41.211 -62.764 178.988
41.306 -55.807 177.267
40.821 -50.217 172.996
37.988 -48.039 167.225
31.732 -48.197 163.938
25.538 -50.950 163.247
19.740 -53.858 165.168
15.368 -53.008 170.126
13.032 -50.977 175.542
12.324 -46.109 180.380
13.334 -39.594 181.852
15.284 -33.244 180.429
15.401 -28.628 175.619
13.596 -26.361 169.491
10.306 -26.772 163.529
4.729 -27.592 160.739
-1.650 -31.334 160.225
-6.618 -33.156 164.081
-70.728 90.094 -19.619
-70.314 83.733 -18.001
-72.776 77.832 -20.031
-77.585 73.747 -22.934
-80.606 73.087 -28.534
-84.430 74.970 -33.901
-82.886 75.791 -40.653
-78.602 77.017 -45.381
-73.029 78.047 -48.295
-66.017 78.283 -48.018
-61.109 73.684 -47.035
-75.165 62.066 -44.698
-70.834 62.809 -39.576
-67.700 67.196 -35.957
-63.815 73.169 -35.564
-65.295 79.425 -35.670
-69.286 84.454 -36.552
-75.554 87.457 -37.249
-81.091 87.164 -33.679
-85.765 83.551 -30.254
-87.284 81.761 -23.896
-86.024 80.044 -17.500
-57.765 68.979 -50.466
-56.612 62.808 -48.782
-57.651 56.672 -51.123
-61.828 51.747 -53.834
-64.606 50.551 -59.533
-68.551 52.255 -65.025
-66.929 54.171 -71.594
-62.341 56.071 -75.901
-56.649 56.561 -78.696
-49.710 55.770 -78.712
-45.388 50.595 -78.000
-59.560 39.744 -74.052
-54.671 40.708 -69.602
-51.588 45.324 -66.288
-48.138 51.479 -65.646
-49.623 57.726 -66.217
-53.810 62.623 -67.075
-60.131 65.405 -68.207
-66.037 64.565 -65.518
-70.811 60.828 -62.511
-72.946 59.169 -56.295
-72.320 57.680 -49.747
-80.837 70.689 -73.931
-79.932 76.976 -75.610
-81.882 83.066 -73.459
-86.621 87.483 -70.846
-89.992 88.279 -65.474
-94.074 86.486 -60.200
-92.988 85.209 -53.465
-88.970 83.693 -48.616
-83.683 82.814 -45.343
-76.679 82.875 -44.924
-71.859 87.627 -45.434
-86.041 98.903 -48.479
-81.474 98.423 -53.448
-77.910 94.254 -57.015
-73.856 88.328 -57.379
-75.149 81.980 -57.373
-79.086 76.856 -57.091
-85.376 73.744 -56.614
-90.846 74.133 -60.282
-95.381 77.996 -63.672
-96.876 79.929 -69.959
-95.526 81.522 -76.429
-69.411 91.644 -41.365
-67.737 97.537 -43.493
-68.585 103.944 -42.112
-72.066 109.453 -39.672
-74.785 111.286 -34.078
-78.773 110.373 -28.414
-77.293 108.698 -21.729
-72.861 106.498 -17.385
-67.254 105.432 -14.708
-60.318 105.426 -14.514
-55.373 109.929 -15.391
-68.500 121.931 -19.844
-63.734 120.405 -24.352
-61.102 115.340 -27.470
-58.385 108.760 -27.747
-60.675 102.775 -27.022
-65.404 98.407 -26.181
-71.989 96.449 -24.758
-77.750 97.626 -27.687
-82.187 101.565 -31.030
-83.979 103.286 -37.313
-83.416 103.601 -43.962
-51.572 20.009 19.286
-51.352 26.729 19.313
-53.936 31.836 16.263
-55.311 35.318 10.224
-59.712 34.106 5.584
-63.648 30.735 1.278
-69.922 28.413 1.845
-74.792 24.636 4.757
-78.402 25.588 9.950
-79.867 27.078 16.542
-82.285 32.473 19.519
-77.555 42.239 4.471
-74.265 43.434 10.296
-71.383 40.646 15.667
-68.863 34.856 17.902
-69.876 28.298 19.688
-67.922 22.814 16.619
-66.475 18.370 11.666
-61.686 18.345 6.915
-56.969 21.140 3.432
-52.997 26.456 1.167
-47.262 28.697 3.836
-45.191 29.447 -267.511
-45.025 34.173 -262.217
-40.491 38.108 -259.287
-34.449 39.897 -256.610
-30.156 43.823 -259.225
-26.415 47.335 -263.630
-24.584 49.165 -270.162
-27.556 51.995 -275.416
-32.666 55.278 -277.714
-38.270 58.912 -277.559
-42.327 62.585 -273.760
-44.507 66.184 -269.128
-26.080 65.352 -263.635
-29.725 63.802 -258.317
-35.574 60.602 -257.643
-41.099 57.625 -259.506
-44.530 54.148 -264.089
-44.843 50.452 -269.323
-42.153 46.351 -273.917
-37.277 43.608 -277.620
-31.835 39.841 -276.862
-27.682 36.509 -273.348
-25.514 33.349 -267.898
-27.056 29.463 -263.030
-37.468 80.399 -232.778
-38.936 76.012 -238.139
-38.934 76.046 -238.191
-35.665 71.629 -241.947
-30.662 69.107 -245.938
-26.341 64.664 -244.771
-22.301 60.276 -241.059
-19.358 58.017 -235.145
-21.354 55.091 -229.473
-26.531 53.186 -225.689
-32.304 50.033 -225.103
-37.505 47.582 -226.108
-40.962 43.897 -229.659
-25.569 42.893 -240.489
-30.522 44.653 -244.652
-35.552 48.721 -244.058
-39.728 53.031 -241.285
-40.922 55.791 -235.294
-38.985 59.385 -230.320
-34.828 63.441 -227.217
-28.831 65.445 -224.837
-23.378 68.450 -227.033
-19.834 71.253 -231.385
-18.724 74.365 -237.229
-20.965 78.558 -241.616
-16.550 30.320 12.141
-20.609 23.869 12.726
-24.047 19.802 8.786
-28.375 18.247 3.728
-27.157 16.020 -2.012
-23.336 14.551 -7.597
-17.823 14.234 -11.427
-11.698 11.819 -11.274
-7.243 8.370 -8.204
-5.351 3.373 -4.412
-6.282 -1.942 -1.158
-9.587 -6.601 1.366
-23.072 -3.376 -13.101
-24.292 -1.622 -7.255
-24.232 -0.693 -0.545
-21.092 1.932 4.418
-16.180 5.172 7.520
-11.579 9.941 7.171
-9.007 15.298 4.349
-7.392 19.336 -1.054
-10.807 23.435 -4.878
-15.972 26.536 -6.988
-22.117 28.805 -6.485
-26.833 31.188 -3.286
-20.536 10.317 -30.959
-16.037 16.441 -30.308
-12.563 20.489 -34.218
-8.226 22.154 -39.220
-9.383 24.477 -44.873
-13.245 26.602 -50.243
-18.839 26.825 -54.217
-24.949 29.228 -53.972
-29.383 32.636 -50.757
-32.249 36.403 -46.222
-31.556 41.673 -43.079
-28.414 46.787 -41.096
-14.602 44.246 -55.695
-13.257 42.748 -49.834
-13.206 41.619 -43.257
-16.057 39.015 -37.990
-20.785 35.393 -34.815
-25.134 30.665 -35.431
-27.910 25.373 -38.539
-29.380 21.595 -44.002
-25.931 17.465 -47.921
-20.814 14.561 -50.362
-15.005 11.773 -49.687
-10.768 8.904 -46.608
56.175 2.609 11.901
52.386 7.567 8.413
54.506 12.447 4.355
58.526 17.826 2.295
63.471 17.974 -1.613
68.815 15.489 -5.463
73.374 10.601 -7.640
73.273 4.776 -10.800
69.650 0.202 -14.082
64.301 -2.733 -17.154
58.887 -1.260 -20.537
53.981 2.217 -23.235
51.999 7.206 -26.982
71.010 10.368 -26.141
67.924 15.988 -24.008
62.137 18.631 -21.622
57.688 16.847 -17.455
54.419 12.496 -13.842
52.738 6.449 -11.444
55.317 2.215 -7.479
59.908 -0.839 -3.737
66.200 -1.903 -1.304
70.943 1.678 1.886
72.898 7.199 4.771
71.887 12.983 8.100
67.902 16.676 11.538
41.630 36.384 -33.253
42.814 30.474 -30.308
47.619 28.380 -26.275
54.261 27.435 -24.171
58.037 30.961 -20.622
60.010 36.526 -16.784
60.033 43.119 -14.643
55.866 47.061 -11.268
50.316 47.961 -8.066
44.692 46.443 -4.373
41.732 41.662 -0.982
40.515 35.568 1.465
42.481 30.530 4.934
57.974 41.087 4.973
60.123 35.046 2.386
57.645 29.408 -0.346
53.115 27.768 -4.622
47.840 28.820 -8.247
42.023 31.976 -10.127
40.479 36.878 -13.479
42.499 41.757 -17.912
45.883 47.247 -20.155
51.141 47.726 -24.047
56.042 45.063 -27.398
60.487 40.435 -29.832
60.566 34.983 -33.329
-26.294 13.880 51.387
-24.029 12.878 44.970
-23.826 8.581 39.820
-23.583 2.523 36.517
-28.115 -0.915 33.983
-34.509 -3.575 32.818
-41.297 -4.540 33.977
-46.704 -0.594 34.213
-49.124 4.760 31.750
-49.448 11.644 30.875
-47.948 15.387 25.273
-44.557 17.599 20.219
-40.544 16.428 14.737
-40.019 12.750 9.532
-53.923 1.937 10.292
-50.132 -0.754 14.527
-44.027 -0.900 17.537
-37.463 1.289 16.622
-33.899 6.007 19.148
-32.460 10.608 23.808
-33.311 13.248 29.436
-36.547 14.751 35.443
-41.141 12.635 39.854
-43.641 7.698 43.448
-41.553 2.074 46.238
-37.581 -2.963 46.907
-31.494 -5.698 47.265
-24.918 -5.162 47.659
-25.941 -0.878 -12.426
-27.527 1.980 -6.559
-28.415 0.899 0.024
-29.968 -2.717 5.685
-26.398 -6.129 9.525
-20.714 -9.626 11.530
-14.558 -12.604 10.945
-8.304 -10.757 9.503
-4.278 -5.801 9.184
-2.397 0.771 8.065
-2.519 6.795 10.676
-5.438 11.710 14.566
-9.567 13.193 19.848
-12.431 11.289 25.667
2.721 -0.911 26.601
-3.001 -3.668 25.782
-9.796 -3.812 24.810
-15.474 0.107 24.465
-17.817 4.302 20.200
-17.781 7.866 14.366
-15.775 8.149 7.964
-13.097 5.829 2.565
-12.077 0.231 -1.333
-10.383 -6.396 -2.539
-13.682 -12.114 -2.268
-18.936 -15.605 -1.306
-25.570 -16.637 -0.311
-31.909 -14.863 -0.712
-33.470 0.661 18.155
-29.566 -4.950 17.145
-26.341 -9.155 12.779
-21.862 -7.815 7.881
-19.937 -3.996 2.262
-17.765 2.147 0.490
-12.074 5.458 1.162
-8.486 9.771 5.468
-5.691 8.597 11.229
-3.408 5.157 16.637
0.818 0.526 18.316
4.666 -4.984 17.137
7.970 -9.133 12.852
12.415 -7.849 7.977
14.297 -4.049 2.367
16.464 2.150 0.502
22.168 5.402 1.181
25.800 9.751 5.471
28.580 8.662 11.234
30.897 5.172 16.628
34.824 -5.600 1.577
30.827 -8.978 6.051
27.498 -9.235 11.934
23.316 -5.189 15.162
21.115 1.259 16.994
18.868 7.240 14.477
13.249 9.201 11.826
9.553 9.746 5.835
6.479 5.246 2.178
4.659 -0.911 -0.188
0.507 -5.740 1.543
-3.376 -8.973 6.087
-6.788 -9.239 11.957
-10.923 -5.183 15.203
-13.141 1.254 16.980
-15.357 7.252 14.463
-20.975 9.230 11.843
-24.738 9.745 5.880
-27.762 5.281 2.154
-29.661 -0.928 -0.180
7.734 0.050 11.356
4.850 -1.366 18.029
-0.861 -1.681 21.087
-7.222 -2.422 20.851
-10.297 -3.293 25.763
-10.854 -1.206 32.199
-9.096 3.384 36.651
-6.191 9.052 38.321
-1.413 14.149 37.193
-6.536 -23.512 19.084
-1.213 -21.345 16.323
3.008 -19.471 11.218
3.703 -14.578 7.267
-0.205 -10.727 2.697
-6.066 -6.724 2.553
-9.285 -1.826 5.382
-9.527 3.335 9.914
-7.682 5.293 16.099
9.168 -10.102 26.822
4.859 -9.489 21.336
-1.165 -9.380 18.946
-7.303 -8.424 20.395
-11.127 -7.623 15.471
-13.045 -9.057 9.745
-12.438 -13.153 4.870
-10.161 -18.597 2.127
-5.387 -23.567 1.527
-6.643 12.446 20.853
-0.968 10.633 22.202
4.624 8.357 26.058
5.985 4.748 31.416
2.904 0.552 36.377
-2.114 -3.184 37.894
-6.419 -8.174 36.245
-7.937 -13.255 32.402
-6.960 -16.335 26.292
9.327 6.787 -27.799
4.879 6.128 -21.804
-1.247 5.990 -19.698
-7.126 4.735 -21.018
-11.300 3.954 -16.321
-12.944 5.799 -10.348
-12.302 9.704 -5.442
-10.115 15.145 -2.779
-5.261 20.075 -2.190
-6.587 -15.776 -21.676
-0.618 -13.929 -23.120
4.454 -11.907 -26.952
5.952 -8.741 -32.302
2.948 -4.394 -37.407
-2.194 -0.042 -38.725
-6.156 4.526 -36.836
-7.577 9.647 -33.180
-6.729 12.861 -26.927
7.679 -2.983 -12.436
4.935 -2.038 -18.571
-0.846 -1.725 -21.745
-7.097 -0.796 -21.334
-10.249 -0.485 -26.579
-10.846 -2.239 -32.941
-8.939 -6.989 -37.444
-5.835 -12.416 -38.976
-1.210 -17.406 -37.860
-6.428 20.174 -19.827
-1.358 17.878 -17.188
3.199 15.858 -12.232
3.761 11.032 -7.897
-0.334 7.754 -3.514
-6.121 3.069 -3.561
-9.336 -1.568 -5.979
-9.415 -6.695 -10.446
-7.491 -8.744 -16.989
8.341 0.672 12.286
4.823 -0.801 18.666
-1.024 -1.360 21.290
-7.115 -2.149 20.594
-11.217 -2.681 24.468
-13.277 -1.006 30.887
-12.452 3.401 35.304
-9.278 8.532 38.104
-3.995 13.254 38.758
-6.280 -22.331 19.749
-0.760 -20.726 17.289
3.904 -18.322 12.190
4.650 -14.769 7.498
0.792 -10.746 2.415
-5.346 -6.133 2.348
-8.680 -1.493 5.544
-9.446 3.542 9.613
-7.774 6.347 16.032
8.251 -10.208 27.760
5.134 -8.931 21.935
-0.891 -8.426 19.068
-7.271 -7.814 19.675
-11.132 -7.156 15.378
-13.215 -8.942 9.512
-12.215 -13.228 4.695
-9.507 -18.049 2.007
-4.686 -22.540 1.359
-6.170 12.577 20.512
-1.172 10.161 22.883
3.638 8.119 27.842
4.169 4.697 32.835
0.839 0.374 37.549
-4.716 -4.276 38.318
-8.327 -9.338 35.726
-8.992 -13.760 30.540
-7.915 -15.987 23.938
-7.639 -4.599 7.583
-1.578 -7.897 9.795
4.648 -5.823 10.226
9.486 -0.936 10.261
6.610 4.135 7.107
0.335 7.094 10.169
-4.257 7.389 12.068
-0.706 -1.432 91.944
6.521 -3.933 91.210
10.792 -8.856 88.631
11.908 -15.299 85.519
9.882 -18.409 80.194
8.226 -17.711 73.984
4.793 -14.774 68.839
3.987 -8.851 65.976
6.437 -2.873 64.186
10.905 0.488 62.585
17.622 1.542 60.437
23.311 -0.602 59.116
27.185 -4.553 55.970
29.379 -10.127 52.464
28.056 -15.530 49.188
23.493 -18.756 46.120
16.809 -19.008 44.185
12.903 -14.076 41.200
12.348 -7.833 38.377
15.451 -3.322 34.509
20.623 -2.128 30.105
25.110 -4.616 25.729
25.775 -7.975 20.394
23.369 -11.667 15.247
18.942 -16.860 13.481
12.798 -18.044 12.898
6.167 -17.223 15.279
2.104 -11.629 15.278
1.622 -4.756 14.418
2.239 -0.583 9.020
3.035 1.005 2.522
1.196 -0.669 -3.361
-2.493 -4.221 -7.628
-7.522 -8.879 -8.021
-11.919 -13.300 -5.694
-16.404 -14.819 -0.774
-19.237 -13.185 5.243
-21.279 -9.165 9.523
-22.878 -3.005 11.828
-27.606 1.330 10.047
-30.664 5.363 5.470
-35.897 4.594 2.149
-41.476 0.393 -0.024
-45.772 -2.738 2.601
-48.535 -8.142 5.893
-49.151 -12.467 11.402
-46.053 -13.156 17.229
-44.630 -10.686 22.927
-44.903 -5.383 27.002
-47.474 0.699 28.765
-52.914 4.236 29.601
-59.150 4.237 30.755
-64.273 1.890 32.879
-67.430 -2.312 36.463
-69.723 -8.541 38.620
-67.674 -13.600 41.966
-63.039 -17.758 43.728
-56.882 -18.156 46.257
-51.933 -14.477 49.063
-50.428 -8.523 52.287
-52.050 -4.119 57.111
-54.562 -3.830 63.036
-57.480 -6.114 68.596
-58.632 -11.478 72.636
-56.771 -17.285 75.190
-52.685 -22.303 75.435
-48.425 -26.631 72.045
-42.283 -26.211 70.375
-36.792 -22.616 68.169
-32.707 -17.354 69.815
-29.877 -14.576 75.199
-28.635 -14.361 81.686
-27.253 -17.965 86.971
-24.999 -23.410 89.725
-22.391 -29.337 89.897
-18.942 -34.245 87.489
-16.881 -38.701 82.360
-13.614 -37.650 76.982
-12.301 -33.309 71.635
-7.394 -28.486 70.743
-3.053 -23.705 73.211
2.634 -23.260 76.731
8.070 -26.443 78.733
12.143 -31.405 78.274
14.488 -37.892 77.362
15.076 -41.908 72.320
14.502 -43.351 66.029
10.724 -42.424 60.697
9.199 -38.284 55.740
9.555 -31.764 53.558
14.281 -27.223 51.900
19.916 -26.082 49.069
24.624 -28.332 44.901
27.166 -33.479 41.015
28.421 -39.643 39.113
26.206 -44.167 35.814
21.073 -47.015 32.004
15.164 -46.516 29.391
8.737 -44.066 29.847
6.260 -38.306 27.745
6.700 -31.616 26.167
9.713 -28.356 20.718
13.212 -27.954 14.586
13.790 -30.631 8.542
12.200 -34.619 3.597
8.413 -39.735 1.103
3.042 -42.313 0.676
-2.908 -44.650 2.765
-7.897 -43.256 7.795
-10.649 -37.445 9.670
-13.386 -31.643 7.316
-12.953 -26.281 2.809
-15.282 -24.407 -2.952
-19.558 -25.311 -7.755
-24.245 -28.345 -11.632
-29.673 -32.251 -10.721
-32.492 -38.249 -8.108
-34.319 -40.588 -1.663
-35.750 -39.124 4.696
-34.588 -35.143 10.081
-36.983 -29.494 13.101
-40.662 -23.606 13.287
-46.372 -21.211 11.870
-53.059 -21.926 11.010
-58.477 -26.330 10.440
-60.521 -32.816 10.233
-60.002 -38.437 14.134
-57.182 -41.188 19.567
-55.781 -40.905 25.933
-52.368 -37.252 30.638
-53.496 -31.862 34.641
-57.545 -27.405 37.482
-63.249 -24.711 39.063
-68.093 -27.840 43.028
-70.221 -33.020 46.905
-70.986 -39.344 48.860
-68.306 -44.348 51.670
-62.133 -46.569 53.823
-55.644 -45.875 55.355
-51.966 -41.492 58.619
-50.890 -36.535 62.286
-52.808 -31.308 66.417
-56.263 -29.705 71.609
-61.128 -31.037 76.548
-63.502 -35.639 80.652
-53.811 -48.097 72.571
-61.333 -48.820 73.261
-65.908 -45.199 72.049
-69.085 -39.377 69.930
-67.979 -32.973 66.548
-64.653 -29.628 62.281
-59.964 -28.053 57.589
-55.172 -30.674 53.493
-52.415 -36.016 50.343
-53.419 -40.840 46.227
-57.630 -45.430 42.351
-62.879 -44.697 38.709
-67.000 -42.392 35.265
-70.878 -37.738 31.864
-70.250 -32.146 28.224
-66.490 -27.698 25.877
-60.697 -23.808 26.493
-54.439 -25.311 26.537
-49.260 -29.761 25.932
-47.683 -35.693 22.421
-49.223 -39.560 16.822
-51.967 -39.659 10.531
-52.160 -36.773 4.786
-49.833 -32.368 0.249
-46.539 -26.461 -1.352
-40.983 -23.513 -1.298
-34.664 -21.384 2.073
-30.819 -24.797 6.395
-27.614 -30.508 7.441
-26.659 -37.145 6.153
-24.930 -41.281 1.290
-22.747 -42.433 -4.830
-18.659 -40.985 -9.821
-13.254 -37.518 -11.199
-8.728 -32.936 -10.072
-4.656 -30.065 -5.748
-3.943 -27.362 0.674
-3.284 -28.328 6.894
-4.419 -31.950 12.926
-2.165 -37.812 14.815
0.729 -43.916 13.613
6.036 -46.809 12.000
12.856 -45.554 11.601
18.104 -41.919 13.621
20.891 -37.300 17.605
20.860 -31.036 20.949
19.151 -29.846 26.615
13.629 -28.859 31.116
10.358 -32.560 35.023
9.250 -38.160 38.328
10.613 -44.010 41.088
15.093 -46.174 45.402
21.022 -45.844 48.364
25.267 -43.119 52.018
27.065 -38.790 56.264
26.224 -33.920 60.237
22.609 -28.951 62.291
16.752 -26.337 63.062
10.080 -26.654 60.991
5.348 -31.362 61.590
2.937 -37.586 63.138
2.520 -41.927 67.883
1.785 -43.009 74.449
1.265 -40.726 80.625
0.736 -36.357 85.683
-2.676 -31.191 87.461
-6.352 -25.630 86.390
-8.987 -21.104 81.814
-13.413 -21.620 77.054
-17.185 -25.008 72.699
-21.238 -30.764 71.893
-25.565 -34.455 75.315
-30.370 -34.566 79.932
-34.537 -31.192 83.557
-37.778 -25.936 86.117
-40.470 -20.282 85.371
-41.734 -14.240 83.043
-40.481 -10.136 77.835
-41.019 -10.371 71.313
-40.690 -13.908 65.818
-44.550 -18.445 62.397
-49.482 -23.149 62.192
-56.297 -23.310 62.607
-61.777 -19.883 61.913
-66.135 -14.863 61.977
-66.839 -9.198 59.179
-65.230 -4.153 55.033
-60.539 -1.291 50.911
-55.164 -2.037 46.980
-51.398 -6.331 43.287
-52.015 -12.332 39.945
-56.378 -16.171 36.459
-60.808 -15.838 31.520
-63.361 -13.055 26.615
-64.146 -7.883 22.513
-62.302 -3.252 19.003
-57.872 1.899 16.868
-52.082 4.159 16.463
-45.674 4.686 18.642
-40.411 0.897 19.558
-37.406 -4.813 18.834
-36.879 -10.691 16.168
-36.811 -13.194 10.320
-36.401 -13.694 4.440
-34.722 -10.936 -1.740
-31.141 -5.970 -4.972
-26.225 -1.798 -5.567
-21.137 1.462 -3.837
-17.912 4.536 1.884
-14.784 1.363 7.339
-13.470 -4.468 10.037
-10.118 -10.536 8.988
-7.953 -15.586 5.482
-2.919 -17.268 1.879
2.580 -16.836 -2.279
7.924 -12.659 -2.643
11.681 -7.717 0.031
12.883 -2.591 4.393
12.704 -1.185 10.890
10.458 -1.892 16.986
6.826 -6.174 21.225
7.934 -12.158 24.146
11.614 -17.473 25.414
17.379 -21.008 26.196
23.711 -19.284 28.197
28.489 -14.704 29.746
29.395 -8.463 32.489
26.361 -3.881 36.500
21.924 -1.858 40.836
17.789 -2.562 45.228
12.443 -6.489 48.166
12.426 -11.969 51.677
15.434 -17.790 53.900
19.424 -18.242 59.121
22.898 -15.492 64.600
23.398 -11.476 69.084
21.926 -6.616 73.002
17.429 -1.886 74.786
10.830 1.193 74.218
4.573 -0.285 73.972
-0.588 -4.605 73.760
-2.776 -10.764 75.495
-2.486 -15.906 79.294
-1.961 -18.523 85.471
1.449 -19.240 91.409
101.565 108.875 91.929
96.124 112.297 93.271
91.964 116.841 91.546
90.788 122.174 88.093
91.966 126.563 83.031
94.217 126.691 76.915
97.100 124.492 70.823
97.541 118.951 67.428
95.930 112.649 65.938
90.860 109.057 64.213
85.291 107.759 62.775
78.016 109.324 62.004
74.093 114.097 60.267
73.119 119.461 56.902
74.968 123.658 51.632
79.966 126.874 48.281
85.326 125.934 45.031
90.171 121.543 42.836
90.643 114.569 41.337
88.120 110.779 36.623
83.832 109.381 31.854
79.655 111.160 26.513
78.726 115.595 21.785
80.164 120.236 17.742
85.263 124.109 15.840
90.818 126.230 15.915
98.000 125.155 17.467
102.162 120.264 18.876
103.604 113.846 16.775
103.481 109.199 12.062
103.196 107.267 5.861
106.516 108.748 0.279
110.777 112.801 -3.219
114.151 117.852 -4.675
119.046 121.969 -2.397
123.284 124.679 2.202
125.701 123.689 8.025
126.249 120.062 13.843
128.965 114.110 15.226
131.459 108.269 13.876
136.977 105.968 11.469
142.846 106.300 8.612
148.400 110.223 7.041
151.936 115.695 8.126
153.369 121.481 10.839
153.752 124.294 16.469
149.842 126.019 21.920
149.122 122.915 27.704
149.587 117.607 31.826
153.277 112.539 33.872
158.909 110.466 35.658
165.662 110.561 36.987
170.341 113.566 38.861
173.893 118.297 41.368
173.836 125.078 43.510
171.234 130.225 46.114
165.883 132.595 49.834
159.234 132.041 50.473
154.884 127.305 53.068
153.957 121.294 56.570
155.947 117.992 61.564
158.319 117.922 67.937
160.445 120.699 73.172
160.454 125.463 77.372
158.763 131.606 79.456
154.313 136.114 79.359
149.617 139.532 76.415
143.582 138.852 73.005
138.692 134.564 72.005
135.713 128.582 73.377
132.317 126.247 78.365
130.113 125.802 84.868
128.318 128.936 90.097
126.398 134.358 93.231
123.318 140.269 93.236
121.265 145.741 89.785
117.411 148.024 85.320
114.821 147.363 79.582
113.504 143.082 74.387
109.193 137.922 73.632
105.118 133.027 75.826
99.205 132.315 79.354
93.550 135.057 81.272
89.077 139.977 82.065
87.142 145.991 79.988
87.704 150.666 74.925
89.980 152.327 68.923
92.092 150.620 62.886
92.501 146.447 57.907
92.189 139.932 56.024
87.412 135.981 54.147
81.659 134.481 52.257
76.337 136.232 49.098
74.253 141.047 44.604
73.301 146.898 41.560
75.911 151.729 38.207
80.427 153.686 34.380
86.578 153.839 31.870
93.202 151.747 32.534
95.929 146.216 30.634
95.402 139.498 29.741
93.740 136.045 24.224
91.525 135.469 18.282
89.529 137.267 12.241
90.339 141.319 6.782
94.064 146.289 3.839
99.754 149.014 3.302
105.401 151.299 5.321
110.441 150.540 9.929
114.530 145.894 11.596
117.090 139.699 10.868
117.468 133.806 7.404
120.185 131.955 1.701
123.295 133.056 -3.669
128.201 136.848 -7.231
132.372 142.003 -7.544
134.840 147.174 -4.390
138.299 149.607 0.733
138.008 150.061 7.604
137.346 146.437 13.267
140.038 140.682 15.900
144.117 135.742 15.987
150.404 132.782 14.112
156.358 134.678 12.621
161.402 139.122 13.341
164.043 144.719 15.487
163.764 150.202 19.036
161.870 153.605 23.936
157.650 153.923 29.428
154.150 150.329 34.316
155.916 145.035 38.217
159.732 140.215 40.694
165.531 140.096 43.670
170.104 142.152 46.540
174.594 146.269 49.691
174.116 152.086 52.731
170.190 157.012 54.750
164.111 159.802 56.274
157.917 158.788 58.421
153.331 155.166 61.520
152.420 150.274 65.680
154.182 145.108 70.055
157.412 143.853 75.256
162.137 145.316 80.119
165.583 149.130 84.003
165.131 154.664 87.398
162.721 161.041 88.127
160.050 161.851 73.273
165.700 159.450 73.894
169.557 153.944 72.870
168.721 147.794 70.139
165.702 142.934 66.551
161.652 142.164 61.351
156.915 143.584 57.120
155.110 148.679 53.247
156.587 154.133 49.942
160.817 157.536 46.495
165.871 159.500 43.510
170.370 157.176 39.118
173.019 151.498 36.079
172.910 145.724 33.812
168.962 140.859 31.046
163.528 137.779 30.060
157.070 137.813 29.078
151.727 142.280 28.404
150.703 148.669 26.255
150.392 151.436 20.167
152.396 152.330 14.256
154.672 149.487 8.287
153.946 145.002 3.852
151.036 139.064 1.772
145.877 135.270 2.858
140.401 132.954 5.141
135.094 134.610 8.923
131.871 139.731 11.395
130.017 145.314 8.751
127.676 150.153 4.068
125.334 151.167 -2.607
120.437 148.667 -6.020
115.745 144.338 -6.599
111.664 138.964 -5.809
108.064 135.787 -1.599
105.924 133.662 4.632
105.995 135.661 11.093
107.549 140.253 16.034
105.275 146.255 17.261
101.758 151.648 16.218
95.881 153.598 15.001
89.087 152.730 14.671
84.045 148.826 16.329
81.092 144.289 19.838
81.246 139.213 24.262
83.181 137.312 30.057
88.671 136.722 34.009
91.828 140.595 38.245
92.896 146.587 41.167
90.388 151.877 43.787
85.747 154.296 47.634
80.655 154.419 51.262
76.966 152.061 55.831
74.564 147.261 59.936
75.279 141.396 63.074
79.527 136.860 65.287
85.244 134.951 66.287
91.828 135.117 64.484
96.593 139.925 64.086
98.492 146.205 65.958
99.004 150.264 71.139
99.396 151.572 77.402
99.376 149.758 83.722
100.411 145.515 88.403
103.597 140.104 90.350
107.888 135.129 89.191
111.160 131.185 84.816
115.089 131.278 79.495
119.188 135.404 75.876
122.546 141.181 74.993
127.486 144.046 78.221
131.683 145.171 83.090
135.471 142.775 87.710
138.391 137.958 90.563
141.274 131.971 90.152
142.936 126.303 87.077
144.359 123.001 81.479
144.359 122.960 75.029
143.448 126.345 69.378
146.911 131.369 66.329
151.541 136.531 66.054
158.089 137.546 66.800
164.126 134.783 66.599
168.663 130.001 66.549
169.923 123.504 64.340
167.478 118.062 61.257
163.140 115.529 56.724
158.975 116.147 51.733
156.222 119.586 46.839
155.460 125.693 44.073
158.993 129.288 39.680
163.604 130.070 35.627
167.776 127.544 30.899
168.739 122.833 27.480
168.390 117.032 24.103
164.327 111.638 23.563
158.439 108.938 22.775
152.109 108.528 22.350
145.903 110.847 24.941
142.680 116.125 23.337
142.201 122.669 20.964
141.919 124.549 15.252
141.737 124.207 8.568
141.243 121.326 2.710
138.366 116.824 -0.606
134.327 110.837 -1.022
129.142 107.610 1.030
123.964 106.628 5.319
121.403 109.000 11.023
118.591 114.320 13.458
115.214 120.092 12.801
113.190 125.446 9.057
109.062 126.384 4.196
104.029 124.883 0.934
98.689 121.654 0.342
94.192 116.184 2.196
92.503 111.702 6.910
91.895 109.771 13.120
94.710 110.038 19.549
98.102 114.455 23.792
95.928 120.255 26.631
92.111 125.344 27.518
85.948 128.524 27.834
79.476 126.589 29.163
75.387 122.486 31.915
73.881 117.322 35.898
75.239 113.017 39.849
79.441 109.841 44.749
85.495 110.190 48.113
90.455 114.645 50.246
90.394 120.378 53.389
87.485 125.925 56.425
83.840 126.480 61.877
80.693 124.639 66.759
78.977 120.098 71.739
79.883 114.202 74.528
85.584 110.118 76.324
91.539 107.271 75.724
97.596 109.562 75.377
102.586 113.922 75.518
105.069 119.369 78.703
104.584 125.247 82.060
101.797 127.557 87.801
98.635 126.292 93.368
96.089 121.929 98.154
98.023 116.909 101.537
102.076 111.629 102.999
