-9.699 37.730 -25.186
-10.771 32.174 -24.018
-10.849 25.848 -21.174
-8.521 21.486 -17.038
-7.386 20.453 -10.842
-5.619 21.797 -4.321
-6.081 27.296 -0.312
-7.216 33.011 2.198
-11.292 38.146 2.959
-17.529 40.172 3.158
19.999 10.434 -3.088
14.315 14.299 -3.883
12.808 20.429 -6.488
14.483 26.489 -9.777
17.635 28.215 -14.996
20.737 28.398 -20.601
21.865 24.987 -26.266
20.910 19.852 -30.382
17.161 15.216 -33.551
-23.720 24.180 -3.303
-23.723 29.667 -7.142
-21.069 35.449 -9.248
-15.507 38.915 -10.066
-8.678 39.194 -9.698
-2.446 37.438 -7.101
33.781 -12.678 -25.161
33.352 -18.142 -23.561
33.887 -24.260 -20.194
36.666 -27.947 -15.660
37.907 -28.348 -9.476
39.618 -26.279 -3.127
38.640 -20.556 0.449
36.945 -14.862 2.520
32.357 -10.112 3.003
25.990 -8.740 3.115
64.130 -39.036 -2.778
58.218 -35.459 -3.682
56.521 -29.401 -6.345
58.028 -23.302 -9.656
61.158 -21.506 -14.834
64.276 -21.271 -20.406
65.619 -24.636 -26.060
64.918 -29.890 -30.107
61.362 -34.737 -33.171
21.116 -25.197 -2.569
20.750 -19.943 -6.678
23.175 -14.148 -9.055
28.574 -10.454 -10.036
35.320 -9.655 -9.821
41.665 -10.893 -7.198
3.360 33.566 -9.607
4.601 27.929 -12.725
4.366 24.346 -17.833
3.853 24.622 -24.303
3.883 18.245 -22.152
6.223 12.369 -22.181
12.276 10.173 -21.342
18.712 10.188 -21.211
24.749 12.631 -20.547
28.060 17.872 -18.131
28.214 23.510 -13.945
25.627 27.561 -9.130
47.815 -14.574 -9.698
49.204 -20.356 -12.348
49.085 -24.322 -17.204
47.886 -24.900 -23.927
47.768 -31.421 -21.884
50.189 -37.297 -21.856
56.294 -39.407 -21.030
62.726 -39.293 -20.918
68.765 -36.774 -20.251
71.978 -31.490 -17.839
72.045 -25.802 -13.739
69.426 -21.740 -8.957
7.723 -9.425 -9.454
10.106 -2.837 -8.716
8.654 4.117 -7.805
4.106 9.114 -5.318
-2.006 10.635 -1.810
-7.144 8.199 2.474
-9.765 3.514 7.131
-8.556 -1.850 11.696
-4.055 -4.846 16.441
11.195 0.369 9.525
7.796 -5.394 8.700
2.731 -9.196 7.137
-2.841 -9.143 3.418
-7.823 -5.963 0.084
-10.341 -1.400 -3.962
-9.318 2.747 -8.955
-5.457 5.384 -13.635
-0.120 5.012 -17.581
-63.075 22.641 -69.251
-69.220 22.749 -71.335
-71.708 21.540 -77.907
-68.910 18.668 -83.554
-66.501 14.456 -85.623
-67.807 7.342 -85.632
-69.487 2.160 -84.650
-73.588 -2.567 -83.460
-69.494 19.541 -68.299
-65.805 24.715 -65.697
-63.509 26.275 -59.103
-62.448 22.423 -53.445
-59.973 18.229 -51.373
-53.165 15.794 -51.366
-47.837 14.651 -52.331
-41.712 15.796 -53.567
36.635 7.764 -5.594
31.836 12.177 -4.309
25.311 14.385 -4.528
19.666 12.426 -1.637
16.520 8.007 2.397
12.651 13.486 -0.165
9.659 18.343 3.477
6.699 20.707 9.093
4.260 21.903 15.311
7.111 22.556 21.695
12.444 22.428 25.942
18.719 24.515 26.562
24.069 27.777 24.554
28.152 31.115 20.460
28.056 36.454 16.447
9.817 37.404 17.773
12.780 35.936 11.929
17.177 32.317 8.733
21.455 26.908 8.962
24.751 22.081 12.645
23.495 17.525 17.361
19.677 13.795 21.294
14.056 10.410 21.116
8.458 8.647 18.756
29.929 -1.361 7.743
26.426 -4.148 3.228
22.841 -3.829 -2.298
20.909 -0.735 -7.798
20.422 4.056 -12.548
4.932 5.069 14.900
3.717 2.549 13.914
3.975 0.966 16.351
-18.401 -14.826 38.711
-14.391 -17.017 33.857
-12.436 -17.180 27.126
-10.446 -13.487 22.018
-5.359 -9.362 21.335
-6.303 -15.538 18.295
-2.355 -19.202 14.369
3.211 -20.405 10.857
9.898 -20.759 9.487
15.518 -21.307 13.384
18.928 -21.781 19.228
18.234 -24.731 25.327
15.007 -28.049 30.028
10.058 -31.793 32.605
7.299 -37.454 31.519
14.369 -38.823 14.575
8.168 -37.486 15.364
3.043 -34.369 18.425
1.471 -29.919 23.491
3.343 -25.260 27.993
7.443 -20.215 29.088
11.300 -15.042 27.347
12.042 -10.594 22.949
11.036 -7.549 16.978
6.129 -6.352 12.509
-5.127 -2.899 37.635
-8.766 0.816 33.734
-13.344 0.984 28.821
-17.325 -1.837 24.576
-21.149 -7.083 22.713
-18.460 -14.852 38.490
-14.681 -17.227 33.812
-12.067 -17.016 27.151
-10.599 -13.199 21.975
-5.707 -9.700 21.155
-6.804 -15.527 17.830
-2.843 -19.545 14.233
2.794 -20.659 10.946
9.552 -20.816 9.595
15.318 -21.469 13.413
18.610 -21.949 19.176
17.919 -24.811 25.241
14.048 -27.421 30.215
9.516 -31.527 32.605
7.094 -37.489 31.701
14.181 -38.190 14.786
7.918 -37.486 15.646
2.736 -34.411 18.561
1.217 -29.856 23.628
3.115 -25.350 28.265
7.025 -20.197 29.129
11.114 -15.305 27.512
11.867 -10.825 22.921
10.882 -7.807 16.985
6.794 -6.237 12.432
-5.065 -3.158 37.805
-8.789 0.592 33.962
-13.359 0.877 29.177
-17.331 -1.940 24.859
-21.274 -7.039 22.808
36.766 7.125 -5.533
32.066 11.549 -4.706
25.499 12.905 -4.016
20.181 11.800 -1.827
20.187 11.839 -1.842
16.519 7.819 2.405
17.753 10.493 2.076
12.619 13.367 -0.394
9.690 18.149 3.397
6.825 20.381 9.053
4.335 21.385 15.336
7.154 21.933 21.619
12.369 21.984 25.966
18.544 24.080 26.533
24.022 27.253 24.416
27.897 30.402 19.837
27.510 36.190 16.866
9.537 36.831 17.575
12.482 34.781 12.039
17.203 31.895 8.611
21.070 26.377 9.200
24.209 21.641 12.448
23.332 16.966 17.032
19.743 13.180 21.149
14.138 9.788 20.971
8.453 8.003 18.643
4.955 6.012 15.144
30.043 -2.225 7.746
26.669 -4.940 3.338
23.249 -4.706 -2.179
21.260 -1.679 -7.429
21.179 2.605 -12.517
4.179 0.612 16.170
4.243 -0.023 15.739
3.997 2.424 13.976
3.781 1.902 13.562
30.046 -1.209 8.110
26.597 -3.902 3.431
23.103 -3.620 -2.146
20.974 -0.325 -7.282
20.968 4.284 -12.268
9.616 37.142 17.455
12.799 35.331 11.775
16.983 31.694 8.625
21.125 26.618 8.855
24.356 21.857 12.428
23.420 17.477 17.459
19.632 13.715 21.442
14.104 10.300 21.364
8.300 8.650 18.927
36.364 7.806 -5.421
31.898 12.187 -3.715
25.364 14.515 -4.155
19.912 12.740 -1.117
16.601 8.095 2.631
12.590 13.482 0.099
9.662 18.349 3.662
6.653 20.738 9.189
4.223 21.888 15.448
7.074 22.433 21.768
12.415 22.581 25.953
18.700 24.491 26.447
23.942 27.766 24.432
28.071 31.017 20.088
27.966 36.281 16.149
4.944 5.225 14.970
3.763 2.648 14.028
4.022 1.088 16.510
36.601 7.350 -5.705
31.831 12.016 -4.391
25.392 14.211 -4.701
19.827 12.355 -1.763
19.832 12.319 -1.741
16.659 9.378 2.351
16.429 7.916 2.259
12.509 13.646 -0.263
9.564 18.407 3.435
6.627 20.704 9.064
4.242 21.808 15.304
7.164 22.374 21.711
12.456 22.299 25.974
18.800 24.268 26.564
24.051 27.597 24.375
28.015 31.038 20.524
28.014 36.211 16.246
9.784 37.420 17.569
12.715 35.587 11.843
17.015 31.953 8.666
21.374 26.771 8.923
24.448 21.766 12.429
23.468 17.328 17.297
19.717 13.576 21.272
14.130 10.121 21.203
8.465 8.505 18.669
29.997 -1.653 7.943
26.489 -4.359 3.344
22.969 -4.091 -2.191
21.204 -1.136 -7.738
20.572 3.911 -12.449
4.943 5.045 15.001
3.778 2.580 13.914
4.070 0.989 16.328
-12.505 48.860 54.329
-7.728 53.550 54.381
-1.443 55.237 53.418
4.026 52.876 51.285
8.205 48.376 48.220
9.140 42.596 44.258
4.125 44.981 39.200
2.959 42.710 32.731
-2.781 40.275 29.697
-8.817 41.965 27.437
-11.751 46.617 24.277
-12.701 53.498 21.794
-10.136 57.809 18.817
-5.194 59.604 15.090
5.468 48.227 19.341
4.736 54.071 22.834
1.110 58.615 26.054
-4.060 59.273 30.771
-8.681 56.443 33.845
-12.257 51.241 36.144
-11.718 44.695 38.587
-7.388 40.748 39.730
-5.267 36.069 45.418
-1.619 35.694 50.913
2.510 37.000 56.090
3.152 41.473 60.830
3.219 47.459 64.277
-5.679 12.665 23.808
-1.147 17.564 23.700
5.374 19.306 23.200
10.751 17.129 20.758
14.749 12.272 17.755
15.858 6.961 13.285
10.825 9.309 8.467
9.377 7.148 2.106
3.594 4.668 -1.068
-2.413 5.917 -3.258
-5.643 10.436 -5.686
-6.847 17.452 -8.372
-3.491 22.042 -11.663
1.038 23.982 -16.030
11.911 13.047 -11.502
11.033 18.397 -7.981
7.402 22.984 -4.351
2.427 23.682 0.475
-2.566 20.910 3.060
-5.692 15.768 6.385
-4.972 8.992 8.144
-0.802 5.046 9.196
1.504 0.228 14.722
5.139 -0.315 20.204
9.348 0.979 25.206
10.042 5.375 30.061
10.007 11.334 33.544
0.024 -37.443 2.093
-3.809 -42.642 -0.579
-2.865 -46.286 -6.497
-2.335 -53.169 -7.729
-6.189 -58.785 -7.527
-12.054 -60.844 -9.057
-18.473 -60.575 -11.227
-22.677 -57.112 -15.325
-24.029 -52.209 -19.902
-21.828 -48.532 -24.834
-17.629 -46.541 -29.233
9.244 -49.950 29.977
6.869 -53.818 25.264
2.530 -57.485 21.915
-3.782 -57.306 19.274
-9.827 -54.779 18.319
-13.248 -48.987 17.488
-13.342 -42.682 15.590
-10.680 -38.304 11.666
-5.918 -36.637 6.955
-9.565 -61.900 -25.639
-5.487 -56.232 -24.904
-6.462 -49.654 -23.653
-10.775 -45.131 -21.062
-15.646 -43.369 -17.063
-18.477 -44.120 -11.353
-20.694 -47.477 -5.728
-19.391 -52.360 -1.343
-14.951 -55.449 2.339
-8.635 -57.419 4.387
-2.961 -55.194 6.675
3.279 -52.421 6.330
5.171 -47.584 10.653
5.268 -42.299 14.756
1.538 -39.522 19.753
-3.826 -38.505 23.801
-8.638 -41.947 26.958
-10.944 -47.513 29.325
-10.967 -53.842 31.313
-6.943 -58.434 33.869
1.060 -37.586 1.257
-2.739 -42.760 -1.481
-1.749 -46.353 -7.464
-1.198 -53.187 -8.850
-4.937 -58.855 -8.568
-10.768 -61.050 -10.188
-17.356 -60.655 -11.912
-21.483 -57.380 -16.246
-22.932 -52.268 -20.761
-20.509 -48.567 -25.523
-16.854 -47.015 -30.628
-8.448 -62.095 -26.613
-4.275 -56.421 -25.889
-5.309 -49.835 -24.571
-9.216 -45.485 -21.442
-14.507 -43.540 -18.048
-17.539 -44.438 -12.331
-19.515 -47.734 -6.582
-18.029 -52.626 -2.273
-13.629 -55.567 1.372
-7.211 -57.636 3.242
-1.682 -55.328 5.522
4.310 -52.616 5.510
6.359 -47.743 9.813
6.389 -42.467 13.807
2.633 -39.571 18.767
-2.704 -38.640 22.778
-7.252 -42.101 26.256
-9.713 -47.598 28.445
-9.715 -54.008 30.345
-5.594 -58.434 33.150
10.526 -49.984 29.190
8.093 -53.869 24.450
3.755 -57.576 21.091
-2.694 -57.564 18.620
-8.817 -55.083 17.726
-11.972 -49.373 16.536
-12.181 -43.009 14.755
-9.650 -38.559 10.861
-5.634 -37.051 5.712
174.773 165.421 207.786
173.674 162.584 201.238
169.199 158.950 197.763
170.824 160.715 191.491
166.748 159.213 185.294
161.398 160.211 182.380
162.408 160.943 175.989
160.259 163.232 169.541
158.110 168.254 166.497
184.335 149.979 187.909
182.822 150.655 190.020
180.188 150.191 190.514
162.336 143.517 171.841
162.059 145.148 173.955
160.223 147.094 174.444
144.557 158.292 156.479
145.781 159.411 158.590
146.408 162.011 159.082
0.144 -17.293 -18.119
-5.402 -17.842 -21.623
-11.532 -17.991 -24.138
-17.190 -14.933 -25.794
-20.117 -9.183 -27.202
-19.545 -3.077 -29.722
-15.809 2.331 -32.011
-9.372 4.654 -33.224
-3.326 3.026 -35.695
0.176 -0.255 -40.096
-13.552 -12.004 -43.714
-8.190 -13.994 -40.420
-3.427 -12.221 -35.665
-0.741 -7.411 -31.871
-1.835 -2.215 -27.794
-5.437 1.123 -23.426
-10.152 0.253 -18.800
-16.119 -2.296 -16.502
-19.760 -7.326 -15.871
18.021 11.058 -11.270
16.187 6.279 -6.966
14.444 0.771 -3.660
16.090 -5.162 -1.223
20.826 -9.368 0.302
26.888 -9.660 3.300
32.951 -6.988 5.359
36.653 -1.312 6.677
36.443 5.143 8.552
33.735 9.920 11.747
18.762 -0.017 15.283
18.483 5.377 11.494
21.770 8.903 6.790
27.314 9.756 3.071
32.388 6.994 -0.494
34.732 2.068 -4.350
32.851 -3.043 -8.374
28.806 -8.055 -10.623
23.290 -10.440 -11.244
40.771 9.571 -5.130
35.057 11.462 -2.982
28.036 10.929 -2.530
22.751 6.979 -2.083
20.969 2.787 2.399
17.735 8.688 0.317
12.462 12.199 2.971
8.600 13.848 8.138
5.306 14.004 14.107
7.742 14.785 20.625
12.533 15.393 25.314
18.370 18.727 26.107
24.198 20.928 23.299
27.253 25.381 19.652
26.485 31.295 16.613
9.098 32.204 19.842
11.276 31.390 13.733
15.477 28.222 9.630
20.502 23.442 9.401
24.889 19.302 12.406
25.085 14.107 16.711
22.473 9.017 20.226
18.076 4.348 19.842
12.638 1.148 17.492
37.241 -2.896 7.402
34.560 -6.439 2.771
31.076 -6.983 -2.756
28.003 -4.080 -7.961
27.404 0.857 -12.178
10.172 -3.858 11.447
9.012 -6.459 10.888
9.619 -7.624 13.414
40.902 9.575 -5.116
34.963 11.423 -2.920
27.983 10.710 -2.411
22.781 6.757 -2.141
20.979 2.857 2.302
17.507 8.163 0.202
12.553 12.106 3.004
8.612 13.728 7.957
5.408 13.862 14.049
7.729 14.635 20.461
12.740 15.252 25.272
18.352 18.611 25.979
24.339 20.895 23.488
27.178 25.506 19.685
26.163 31.432 16.929
8.746 31.750 19.793
11.346 30.710 13.713
15.376 27.703 9.539
20.660 23.221 9.434
24.894 19.154 12.312
25.256 13.902 16.513
22.579 9.042 20.211
18.239 4.343 19.863
12.775 1.132 17.759
37.451 -2.734 7.451
34.619 -6.498 2.811
31.251 -7.012 -2.748
28.172 -4.233 -7.950
27.464 0.787 -12.200
9.951 -3.620 11.467
8.852 -6.194 11.143
9.445 -7.296 13.604
36.767 8.007 -5.360
32.042 11.928 -4.067
25.452 13.686 -3.854
19.433 11.456 -2.300
16.298 7.995 2.237
12.330 13.207 -0.368
9.799 17.992 3.415
6.655 20.358 8.948
4.296 21.605 15.272
7.157 22.117 21.683
12.310 22.098 26.078
18.439 24.404 26.787
23.960 27.517 24.555
27.999 30.716 19.961
27.768 36.259 16.289
9.522 36.858 17.898
12.387 35.272 12.039
17.055 31.826 8.657
21.377 26.882 9.151
24.539 21.858 12.686
23.334 17.028 17.001
19.782 13.407 21.285
14.294 10.085 21.282
8.826 8.078 19.518
14.139 5.820 17.507
29.897 -1.907 7.945
26.474 -4.778 3.453
23.078 -4.539 -2.183
21.037 -1.529 -7.644
20.954 3.231 -12.523
5.095 5.266 14.700
4.146 2.593 13.762
4.260 1.245 16.466
9.005 45.853 32.825
15.174 46.156 35.546
19.975 47.178 41.077
21.848 45.874 47.735
21.717 40.772 52.035
19.353 35.299 54.487
17.430 29.704 53.314
21.698 23.446 54.584
26.118 19.893 52.266
32.058 18.641 48.574
36.673 20.168 43.687
39.746 25.372 41.270
42.884 31.024 42.348
45.046 35.992 46.399
39.813 26.653 61.208
35.140 32.363 59.124
34.078 37.046 54.142
33.071 37.743 47.060
31.719 34.929 41.544
28.603 30.311 38.050
26.611 24.103 36.754
21.840 28.893 37.418
14.223 30.014 37.674
9.419 31.371 42.131
7.257 35.239 46.986
7.656 40.379 51.349
10.195 46.488 52.757
11.464 52.278 49.095
9.350 46.260 33.100
15.333 46.243 36.132
20.124 46.934 41.484
21.985 46.478 48.366
21.629 41.080 52.411
18.937 34.993 55.432
16.989 29.260 53.958
21.780 23.399 54.759
26.254 19.798 52.504
31.821 18.490 48.931
36.799 20.423 43.644
39.981 25.485 41.271
42.697 31.312 42.370
45.250 36.014 46.434
40.208 26.955 61.158
35.853 32.598 58.912
33.573 37.387 54.418
32.725 37.696 47.640
31.859 35.250 41.617
28.879 30.323 38.207
26.670 24.109 36.912
22.019 29.250 37.652
14.346 30.225 37.857
9.440 31.382 42.255
6.939 35.010 46.985
6.768 40.600 50.565
9.385 46.375 53.144
11.107 52.622 48.976
50.443 38.023 46.226
46.838 36.906 51.702
47.362 32.103 55.985
49.514 28.486 59.027
54.955 29.055 63.534
59.626 31.243 66.045
62.949 34.686 69.439
61.434 38.163 74.704
49.159 22.003 42.363
45.325 26.804 39.783
44.693 33.518 36.371
46.114 38.163 33.764
47.832 41.581 28.291
51.315 39.432 22.526
52.082 36.371 18.646
47.937 33.187 13.990
43.404 31.084 11.647
37.992 30.622 8.602
35.526 35.424 4.521
78.045 41.112 48.529
79.939 47.016 48.688
84.419 52.794 49.374
89.510 53.949 46.403
94.925 54.434 43.765
97.323 49.897 38.685
97.568 44.637 35.310
95.110 40.932 30.834
92.567 38.912 25.120
90.225 43.130 20.649
87.230 46.416 17.567
90.850 50.496 13.527
95.413 52.851 11.423
100.059 54.624 7.800
97.444 53.680 -1.858
92.102 49.755 -2.778
93.743 37.201 42.896
96.757 37.092 48.698
97.200 41.452 54.364
94.676 43.946 58.333
89.645 42.402 63.050
85.420 39.690 65.496
82.375 35.518 68.820
84.349 30.842 72.891
7.879 -49.695 29.398
5.350 -53.752 24.832
0.908 -57.576 21.832
-5.465 -57.730 19.345
-11.645 -55.324 18.541
-14.498 -49.521 16.822
-14.559 -43.256 14.768
-11.911 -39.089 10.559
-7.311 -37.165 5.986
-2.122 -38.796 2.452
-2.231 -38.680 2.524
-5.709 -43.119 -1.380
-5.739 -42.971 -1.392
-4.133 -46.214 -7.325
-3.581 -52.952 -8.923
-7.205 -58.754 -8.938
-13.351 -60.666 -10.129
-19.774 -60.141 -11.964
-23.994 -56.531 -16.279
-25.708 -51.889 -20.872
-23.567 -48.130 -25.765
-19.549 -46.362 -30.238
-11.413 -61.815 -26.846
-7.328 -56.063 -26.456
-8.206 -49.560 -24.995
-12.047 -45.008 -22.066
-16.768 -43.416 -17.930
-19.696 -43.987 -12.304
-21.692 -47.611 -6.775
-20.183 -52.677 -2.439
-15.819 -55.434 1.570
-9.300 -57.433 3.069
-3.171 -55.151 1.448
2.586 -52.649 5.467
4.201 -48.063 10.226
4.024 -42.844 14.204
0.219 -40.100 19.219
-4.814 -39.153 23.279
-10.059 -41.809 26.393
-12.251 -47.269 29.125
-12.106 -53.543 31.310
-8.069 -57.912 34.190
7.660 -48.912 30.832
5.285 -52.920 26.158
1.203 -56.578 22.734
-5.155 -56.785 20.058
-11.280 -54.603 18.945
-14.604 -48.724 17.806
-14.546 -42.676 15.488
-12.026 -38.619 11.351
-7.094 -36.547 6.982
-2.104 -39.152 3.463
-2.157 -38.753 3.516
-5.877 -42.385 -0.207
-5.853 -42.193 -0.209
-4.299 -45.785 -5.987
-3.941 -52.407 -7.622
-7.285 -58.501 -7.141
-13.182 -60.608 -8.558
-19.537 -60.400 -10.680
-23.679 -56.926 -14.837
-25.156 -52.272 -19.701
-23.138 -48.247 -24.441
-19.242 -46.195 -28.953
-10.726 -61.537 -25.173
-6.763 -55.947 -24.300
-7.722 -49.360 -23.139
-11.816 -45.017 -20.182
-16.867 -43.216 -16.403
-20.011 -44.059 -10.780
-21.598 -47.335 -5.085
-20.346 -52.251 -0.771
-15.884 -54.763 3.142
-9.716 -56.975 5.084
-3.998 -54.871 6.621
2.299 -52.173 6.953
4.192 -47.388 11.420
3.959 -42.237 15.434
0.194 -39.517 20.307
-4.990 -38.507 24.287
-10.201 -41.350 27.313
-12.413 -46.825 29.839
-12.412 -53.076 32.142
-8.538 -57.655 34.617
10.354 -48.773 30.230
7.868 -52.784 25.808
3.423 -56.533 22.730
-2.841 -56.567 20.159
-9.053 -54.031 19.262
-11.705 -48.307 17.481
-11.664 -42.190 14.992
-9.030 -38.117 11.016
-3.811 -36.143 6.683
0.950 -38.623 3.255
0.953 -38.576 3.307
-3.171 -42.239 -0.383
-3.173 -42.047 -0.373
-1.470 -45.252 -6.397
-0.818 -52.031 -8.038
-4.479 -57.736 -7.992
-10.493 -59.794 -9.277
-17.075 -59.276 -11.101
-21.293 -55.727 -15.319
-22.852 -51.011 -19.931
-20.774 -47.411 -25.089
-16.801 -45.468 -29.476
-8.667 -61.122 -25.912
-4.514 -55.518 -25.325
-5.271 -48.941 -24.086
-9.145 -44.309 -21.249
-14.034 -42.473 -17.377
-17.063 -43.232 -11.601
-18.993 -46.846 -6.041
-17.724 -51.867 -1.778
-13.155 -54.550 2.271
-6.818 -56.299 4.311
-1.328 -53.886 5.952
4.764 -51.410 6.458
7.013 -47.004 11.377
6.928 -41.782 15.365
3.218 -39.212 20.423
-1.802 -38.346 24.453
-7.378 -40.733 27.396
-9.744 -46.284 29.908
-9.554 -52.267 32.391
-5.629 -56.850 35.122
10.394 -48.753 30.126
7.933 -52.868 25.774
3.513 -56.581 22.638
-2.871 -56.809 20.070
-8.974 -54.158 19.092
-11.654 -48.374 17.425
-11.735 -42.393 14.913
-9.038 -38.239 11.000
-3.904 -36.098 6.626
0.996 -38.780 3.053
0.827 -38.405 3.190
-2.954 -42.073 -0.432
-1.383 -45.251 -6.466
-0.785 -51.930 -8.121
-4.605 -57.689 -8.044
-10.547 -59.651 -9.474
-17.064 -59.159 -11.243
-21.320 -55.553 -15.439
-22.745 -50.951 -20.182
-20.887 -47.352 -25.284
-16.785 -45.364 -29.586
-8.594 -60.887 -26.085
-4.373 -55.343 -25.519
-5.179 -48.796 -24.258
-9.155 -44.228 -21.247
-13.902 -42.339 -17.228
-17.043 -43.068 -11.572
-19.012 -46.595 -5.932
-17.637 -51.670 -1.758
-13.143 -54.438 2.267
-6.721 -56.409 3.912
-1.222 -53.947 5.786
4.750 -51.419 6.417
7.135 -47.003 11.307
7.020 -41.829 15.381
3.240 -39.265 20.375
-1.766 -38.352 24.396
-7.433 -40.834 27.157
-9.644 -46.278 29.807
-9.512 -52.404 32.223
-5.694 -56.902 35.060
10.339 -49.050 30.357
7.798 -53.044 25.771
3.304 -56.710 22.680
-3.081 -56.743 20.238
-9.087 -54.075 19.152
-11.810 -48.338 17.534
-11.764 -42.107 15.317
-8.981 -37.806 11.353
-3.789 -36.272 6.807
0.999 -38.923 3.274
0.578 -38.511 3.353
-3.146 -42.322 -0.503
-1.503 -45.515 -6.287
-1.033 -52.272 -7.851
-4.873 -57.940 -7.850
-10.705 -59.939 -9.173
-17.395 -59.335 -10.769
-21.514 -55.720 -15.117
-22.941 -51.097 -19.704
-21.017 -47.490 -24.852
-16.572 -45.602 -29.073
-8.886 -61.116 -25.817
-4.683 -55.502 -25.302
-5.455 -48.893 -24.064
-9.383 -44.381 -21.119
-14.186 -42.567 -17.111
-17.080 -43.240 -11.245
-19.085 -46.809 -5.668
-17.717 -51.768 -1.374
-13.241 -54.462 2.634
-6.890 -56.542 4.448
-1.353 -54.056 6.037
4.734 -51.482 6.710
6.967 -47.041 11.338
6.952 -41.726 15.424
3.107 -39.300 20.491
-1.980 -38.423 24.416
-7.419 -40.842 27.437
-9.771 -46.320 30.013
-9.675 -52.469 32.382
-5.668 -56.986 35.084
-156.588 -75.287 -91.872
-152.530 -69.602 -91.449
-153.373 -63.025 -90.115
-157.237 -58.536 -87.251
-161.784 -56.706 -83.042
-164.962 -57.645 -77.474
-166.882 -61.255 -71.827
-165.299 -66.203 -67.504
-160.945 -69.426 -63.899
-154.148 -71.549 -62.518
-148.599 -68.251 -63.032
-142.498 -66.233 -59.762
-140.886 -61.587 -55.116
-141.204 -56.374 -51.105
-144.974 -53.558 -46.241
-150.310 -52.462 -42.270
-154.989 -55.474 -38.804
-157.255 -60.934 -36.194
-157.245 -67.192 -34.076
-153.112 -71.615 -31.164
-137.183 -63.809 -36.271
-139.951 -67.483 -40.366
-144.148 -71.154 -43.419
-150.465 -71.444 -46.064
-156.705 -69.033 -46.808
-159.594 -63.279 -48.617
-159.652 -57.102 -50.651
-156.993 -52.472 -54.424
-152.925 -50.575 -58.988
-146.154 -53.586 -62.415
-150.801 -56.627 -66.343
-149.356 -59.617 -72.592
-148.728 -66.381 -74.141
-152.411 -72.118 -74.154
-158.349 -74.259 -75.421
-164.739 -73.753 -77.384
-169.178 -70.186 -81.364
-170.859 -65.362 -85.858
-168.475 -61.812 -90.977
-164.413 -59.886 -95.281
-14.014 -1.733 17.565
-10.206 2.659 17.170
-4.482 6.035 15.856
-0.126 5.175 10.791
3.234 0.808 4.901
-3.602 0.363 2.326
-5.173 -2.545 -3.371
-9.522 -7.643 -5.202
-15.818 -8.154 -5.887
-22.350 -6.170 -5.774
-15.612 10.727 -4.034
-18.452 7.814 1.378
-21.378 2.388 4.880
-19.893 -3.620 6.427
-15.733 -9.325 5.713
-9.751 -10.550 4.791
-3.695 -13.057 8.716
0.654 -11.096 12.935
4.775 -7.822 17.023
3.625 -3.530 22.242
43.358 39.290 36.412
38.314 37.180 38.458
33.580 32.535 39.697
34.168 25.952 40.706
38.087 19.007 39.985
43.346 22.198 43.723
48.949 19.024 45.692
55.713 20.047 44.597
60.176 24.646 45.603
45.808 28.589 58.474
47.494 33.343 54.894
51.094 36.990 50.022
53.483 35.985 44.159
55.180 31.591 38.896
53.027 26.282 36.390
49.365 24.041 30.098
43.604 24.177 27.410
37.121 24.077 25.930
32.409 28.909 26.066
29.590 35.588 24.581
31.242 41.078 25.488
35.054 46.683 25.266
38.946 48.808 20.234
43.250 47.604 13.626
37.200 44.803 10.743
36.768 42.904 4.478
35.137 36.948 1.129
29.986 33.239 0.352
23.319 32.147 0.040
21.095 48.958 6.051
20.309 44.038 10.577
20.529 37.296 12.712
24.812 32.621 13.015
31.157 29.992 11.336
36.865 32.109 10.491
43.646 31.845 14.043
46.743 34.554 18.861
49.138 38.477 23.639
46.667 40.402 29.666
104.761 73.962 28.576
99.416 74.115 30.920
93.469 71.876 33.254
91.927 65.958 36.042
93.226 58.108 37.308
99.507 60.300 40.181
103.926 56.203 42.904
110.689 54.805 41.874
116.343 58.457 41.954
118.350 64.796 42.551
105.416 68.442 53.800
107.414 71.903 48.217
111.610 72.987 42.670
113.324 69.914 37.298
113.341 63.990 33.354
109.557 59.206 32.191
104.993 56.732 26.591
99.326 57.781 23.945
93.064 59.354 22.373
90.165 65.523 21.358
0.146 -37.256 1.860
-3.643 -42.539 -0.952
-2.583 -45.812 -6.873
-2.073 -52.567 -8.423
-5.734 -58.385 -8.164
-11.591 -60.507 -9.700
-18.182 -60.291 -11.551
-22.229 -57.021 -15.784
-23.543 -52.057 -20.453
-21.276 -48.130 -25.241
-17.056 -46.325 -29.900
8.771 -48.968 30.191
6.491 -52.910 25.573
2.536 -56.620 22.062
-3.961 -56.987 19.497
-10.135 -54.589 18.539
-13.159 -48.774 17.086
-13.108 -42.608 15.042
-10.611 -38.454 10.942
-5.642 -36.301 6.689
-8.947 -61.628 -26.197
-5.017 -55.956 -25.165
-6.018 -49.308 -24.104
-10.038 -44.989 -21.148
-15.244 -43.263 -17.540
-18.304 -44.038 -11.787
-20.227 -47.329 -6.164
-18.814 -52.264 -1.851
-14.357 -55.288 1.665
-8.357 -57.143 3.959
-2.954 -54.796 5.844
3.183 -52.167 6.283
5.313 -47.378 10.425
5.389 -42.143 14.493
1.670 -39.397 19.425
-3.619 -38.309 23.402
-8.564 -41.270 26.610
-10.945 -46.696 29.306
-11.114 -53.158 31.028
-7.280 -57.722 33.742
0.280 -37.294 2.020
-3.450 -42.494 -0.708
-2.436 -45.939 -6.616
-1.810 -52.722 -8.073
-5.448 -58.423 -7.789
-11.079 -60.548 -9.344
-17.436 -60.376 -11.409
-21.706 -56.934 -15.294
-23.016 -51.919 -19.873
-20.829 -48.290 -24.910
-16.791 -46.381 -29.344
9.313 -49.142 30.000
7.022 -52.910 25.267
3.042 -56.700 21.985
-3.247 -56.648 19.375
-9.413 -54.503 18.508
-12.612 -48.638 17.511
-12.725 -42.525 15.344
-10.232 -38.385 11.223
-5.472 -36.470 6.845
-8.708 -61.601 -25.654
-4.753 -56.011 -24.682
-5.809 -49.442 -23.631
-9.775 -45.066 -20.852
-14.912 -43.337 -17.058
-17.752 -44.021 -11.444
-19.665 -47.231 -5.744
-18.367 -52.232 -1.370
-13.960 -55.167 2.142
-7.790 -57.358 4.110
-2.565 -54.698 6.320
3.566 -52.081 6.164
5.470 -47.308 10.703
5.523 -42.179 14.719
1.844 -39.315 19.635
-3.395 -38.195 23.616
-8.188 -41.404 26.804
-10.502 -46.821 29.240
-10.423 -53.195 31.225
-6.501 -57.639 33.819
25.922 10.269 205.501
22.453 4.958 208.651
19.685 3.281 214.002
17.707 4.343 220.555
16.757 8.942 225.604
14.500 15.134 227.048
10.223 19.947 225.222
6.611 23.112 221.431
1.683 22.776 217.106
-2.331 19.106 213.344
-6.600 14.464 212.482
57.657 1.339 222.154
52.183 2.515 225.464
47.678 6.004 229.087
43.416 11.607 228.351
41.559 16.926 224.982
41.497 20.703 219.571
41.919 21.842 212.985
39.086 19.806 207.387
-1.065 7.961 228.183
1.243 3.943 223.319
3.083 3.484 216.800
4.567 7.338 211.172
7.561 12.508 208.512
11.372 18.553 208.813
16.043 22.792 213.238
20.000 21.917 218.636
24.252 18.633 221.823
28.634 13.190 222.845
30.570 6.085 222.010
33.559 2.944 217.013
37.641 1.451 211.898
43.666 3.847 209.733
48.363 8.203 208.322
51.806 13.313 211.033
52.962 18.882 214.960
53.105 21.455 220.650
53.981 21.131 227.371
57.345 17.120 231.466
62.964 4.735 45.660
68.228 5.203 50.059
69.618 4.724 56.370
68.596 3.171 62.365
64.761 1.378 67.631
59.521 -2.845 68.918
55.305 -7.463 67.369
54.134 -13.312 64.314
56.596 -18.891 61.854
61.783 -22.881 60.415
67.652 -25.648 62.341
73.012 -26.340 65.546
71.198 -32.834 64.035
56.669 -17.785 96.134
61.548 -19.130 94.364
66.542 -16.330 94.316
69.790 -10.773 93.450
72.665 -6.007 89.668
70.792 0.068 87.835
66.748 4.982 86.240
60.551 8.033 87.680
66.514 2.812 105.746
60.908 -0.500 105.541
55.956 -1.985 101.698
53.235 -2.418 95.648
53.051 -1.100 88.907
55.795 -1.804 83.111
59.848 -4.988 79.408
63.683 -9.890 77.940
65.060 -15.551 77.672
71.153 -14.045 75.739
73.723 -13.247 69.846
74.132 -13.839 63.466
71.072 -13.428 58.013
66.010 -12.957 53.857
59.579 -10.394 53.353
54.534 -6.984 55.550
51.845 -1.919 59.006
52.688 4.438 60.472
81.650 -93.191 61.049
81.454 -93.028 54.197
77.148 -92.464 49.355
71.583 -91.327 46.770
64.885 -90.414 46.757
60.159 -87.319 50.650
58.194 -83.544 55.461
59.065 -77.968 58.987
61.557 -71.785 59.178
65.133 -66.807 56.563
66.601 -62.999 51.210
67.278 -61.611 45.045
66.445 -55.505 48.236
35.095 -74.913 37.141
39.131 -72.370 34.805
42.686 -73.772 30.626
46.504 -78.285 27.798
52.231 -81.818 27.212
53.839 -88.023 28.723
53.746 -93.779 32.054
49.449 -98.386 35.242
38.189 -91.978 20.055
34.358 -89.931 24.967
33.890 -89.780 31.423
36.724 -90.040 37.442
41.852 -91.400 41.698
47.887 -89.954 43.545
52.800 -85.897 43.426
55.570 -80.207 42.436
55.105 -74.095 42.496
60.261 -74.252 38.762
66.552 -74.273 40.226
71.749 -73.383 43.937
74.272 -74.148 49.599
74.565 -75.378 56.071
71.579 -79.177 61.076
67.295 -83.535 63.221
63.756 -89.181 62.563
63.921 -95.234 60.123
-34.600 16.230 20.505
-40.476 17.558 21.184
-36.464 12.522 22.968
-35.842 6.459 20.845
-37.711 1.319 17.057
-41.842 -1.269 12.166
-44.492 -1.384 6.537
-44.878 0.867 0.515
-43.655 5.394 -4.497
-41.096 11.167 -6.881
-35.216 14.447 -7.827
-29.042 15.571 -6.914
-22.573 13.984 -4.530
-18.115 9.069 -5.795
-16.590 3.123 -8.370
-16.917 -0.333 -13.649
-18.904 -2.670 -19.524
-19.762 -0.329 -25.770
-19.852 4.623 -30.056
-17.498 9.821 -33.054
14.363 -2.886 -18.192
8.534 -4.591 -19.429
12.946 0.947 -20.336
13.102 6.707 -17.227
10.633 11.316 -13.174
6.139 13.014 -8.179
3.459 12.462 -2.661
3.142 9.757 3.131
4.794 4.999 7.864
7.891 -0.626 9.861
13.989 -3.466 10.671
20.341 -3.721 10.307
26.644 -2.174 8.560
30.560 2.443 10.206
31.829 8.743 12.067
30.741 12.782 16.824
29.366 15.050 22.416
28.768 13.523 28.860
28.869 9.053 33.734
31.351 4.214 37.162
-4.295 5.731 -11.176
-3.848 8.202 -16.585
-2.915 8.055 -21.920
-6.613 13.233 -19.470
-11.724 17.279 -19.835
-18.223 16.906 -20.926
-23.916 14.464 -22.777
-28.304 9.825 -22.952
-30.501 4.270 -20.124
-29.980 -0.362 -15.506
-28.216 -2.586 -9.185
44.628 6.025 14.240
45.364 4.443 20.433
45.571 5.006 25.783
41.892 -0.400 23.823
36.849 -4.461 24.378
30.365 -4.186 25.477
24.608 -1.697 26.969
20.144 2.815 26.655
17.917 8.088 23.423
18.360 12.361 18.443
20.622 14.279 12.083
-28.361 -1.829 -0.982
-25.573 3.045 2.660
-27.776 8.626 4.826
-30.698 14.677 4.655
-37.081 16.668 5.395
-43.934 16.854 4.363
-49.239 13.175 5.429
20.551 13.384 5.233
22.942 8.519 0.847
20.828 3.056 -1.641
18.113 -3.080 -1.919
11.764 -5.221 -2.849
4.982 -5.762 -1.813
-0.436 -2.109 -2.488
-44.462 20.527 23.133
-40.832 17.809 23.407
-36.474 12.118 23.283
-36.418 6.495 20.492
-38.191 1.368 16.879
-41.906 -1.246 12.139
-44.449 -1.311 6.312
-44.697 0.826 0.601
-43.620 5.422 -4.413
-41.133 11.162 -6.655
-35.285 14.010 -7.803
-29.038 15.104 -6.952
-22.631 13.981 -4.543
-18.456 8.816 -5.292
-16.936 2.615 -7.801
-16.982 -0.549 -13.405
-18.893 -2.739 -19.208
-19.880 -0.513 -25.397
-19.962 4.434 -29.737
-17.906 9.654 -32.662
-4.449 5.109 -10.598
-4.198 7.914 -16.171
-3.475 7.641 -21.826
-6.808 13.038 -19.115
-11.988 16.947 -19.462
-18.672 16.760 -20.489
-24.348 14.309 -22.167
-28.662 9.450 -22.684
-30.692 3.696 -19.773
-30.181 -0.810 -15.028
-28.484 -2.846 -8.957
5.306 -7.204 -20.902
8.801 -4.244 -20.944
12.672 1.724 -20.162
12.340 7.069 -16.980
10.181 11.693 -12.854
6.187 13.538 -8.007
3.557 12.944 -2.245
3.382 10.344 3.245
4.765 5.400 7.862
7.638 -0.311 9.696
13.683 -2.875 10.617
19.894 -3.403 10.536
26.412 -2.026 8.095
30.315 3.032 10.033
31.743 8.963 11.961
30.728 12.906 17.120
28.847 15.293 22.596
28.517 13.475 28.946
28.862 8.845 33.653
31.336 3.994 36.799
44.496 6.521 13.922
44.831 4.963 20.104
45.256 5.713 25.646
42.136 0.046 23.280
37.106 -4.031 23.788
30.443 -4.068 24.873
24.641 -1.908 26.546
20.089 2.762 26.681
17.855 8.284 23.565
18.093 12.567 18.613
20.073 14.464 12.464
-29.159 -1.770 -0.694
-25.990 2.849 2.928
-28.153 8.587 5.171
-30.991 14.690 4.836
-37.060 16.665 5.525
-43.899 16.862 4.332
-49.149 13.782 5.695
19.350 13.079 5.777
22.488 8.993 0.667
20.486 3.405 -1.929
17.779 -2.769 -2.110
11.753 -4.872 -2.959
4.915 -5.323 -1.806
-0.426 -2.227 -2.839
17.208 42.787 74.086
16.428 39.970 68.320
17.062 35.501 63.568
11.162 36.890 62.466
5.795 32.603 59.137
-0.793 31.913 59.803
-6.727 33.683 62.612
-10.669 37.699 65.869
1.566 51.228 59.361
2.014 50.082 65.839
-0.275 47.359 71.593
-2.756 41.873 74.425
-3.883 35.306 73.986
-0.946 29.888 72.632
3.586 26.512 72.016
9.832 23.797 72.635
15.995 25.098 75.261
24.279 51.891 56.601
4.359 -11.693 -0.629
0.422 -6.668 2.039
-5.445 -5.261 5.602
-8.409 -7.508 10.962
-9.126 -10.424 16.408
-6.520 -12.135 22.542
-1.931 -15.175 26.535
3.579 -12.977 29.353
8.810 -8.593 29.843
11.501 -2.675 28.196
11.665 3.601 26.455
9.073 9.631 28.284
-6.840 3.172 33.633
-6.060 5.132 27.540
-3.136 5.290 21.426
2.468 3.223 18.884
8.435 0.109 18.607
11.089 -5.820 17.611
10.470 -12.363 16.692
7.261 -17.414 15.578
2.170 -21.864 14.818
-3.861 -21.927 11.885
-9.440 -19.603 9.167
-11.992 -16.334 4.092
-4.372 45.065 -0.619
-0.440 40.042 2.043
5.433 38.634 5.609
8.386 40.889 10.982
9.105 43.803 16.417
6.495 45.517 22.551
1.903 48.555 26.542
-3.608 46.356 29.360
-8.839 41.967 29.847
-11.521 36.045 28.202
-11.684 29.771 26.456
-9.090 23.744 28.284
6.810 30.220 33.631
6.042 28.252 27.540
3.122 28.100 21.434
-2.491 30.154 18.880
-8.450 33.272 18.592
-11.107 39.200 17.607
-10.486 45.738 16.680
-7.276 50.790 15.567
-2.187 55.238 14.798
3.842 55.302 11.866
9.424 52.974 9.151
11.975 49.703 4.086
13.589 9.462 -4.665
7.641 11.191 -2.863
0.582 10.549 -2.491
-4.672 6.615 -2.246
-6.512 2.441 2.457
-9.846 8.042 0.506
-14.719 11.465 3.049
-18.628 13.723 7.815
-21.675 14.101 13.863
-19.500 14.896 20.444
-14.558 15.429 25.255
-8.648 18.411 26.035
-3.385 21.863 23.653
0.207 25.511 19.586
-0.603 31.268 16.459
-18.295 32.235 19.100
-15.788 31.125 13.162
-11.290 27.962 9.413
-7.154 22.825 9.327
-2.205 18.628 11.870
-2.047 13.656 16.289
-4.873 8.983 20.117
-9.185 4.343 19.834
-14.491 1.028 17.863
9.923 -2.867 7.240
7.272 -6.496 2.667
3.892 -7.274 -2.794
0.835 -4.484 -8.103
0.323 0.420 -12.436
40.614 9.030 -5.194
34.816 11.181 -3.019
27.817 10.734 -2.563
22.482 6.744 -2.094
20.806 2.657 2.598
17.439 8.404 0.608
12.480 12.019 3.149
8.386 13.826 8.061
5.329 14.053 14.181
7.701 14.734 20.614
12.601 15.319 25.387
18.522 17.953 26.628
23.769 21.696 24.118
27.232 25.142 19.998
26.989 31.200 17.198
9.336 31.827 19.962
11.823 31.760 13.655
15.912 28.390 9.442
20.134 23.241 9.357
24.628 18.781 11.926
24.935 13.729 16.190
22.320 8.899 20.094
17.934 4.264 19.799
12.536 0.991 17.720
37.096 -2.790 7.280
34.441 -6.580 2.688
30.956 -7.206 -2.862
27.701 -4.447 -8.075
27.084 0.590 -12.337
40.465 9.137 -5.006
34.743 11.043 -2.958
27.711 10.452 -2.474
22.427 6.699 -2.068
20.533 2.470 2.465
17.502 8.447 0.596
12.478 11.965 3.072
8.533 13.906 7.931
5.273 14.064 14.021
7.544 14.692 20.479
12.287 15.358 25.443
18.209 18.058 26.269
24.173 20.316 23.650
26.887 25.172 20.895
26.509 30.901 17.308
9.275 32.129 19.665
12.275 31.437 13.695
16.400 28.111 10.165
19.743 22.869 9.419
24.551 19.226 12.470
24.908 14.054 16.653
22.245 8.975 20.109
17.931 4.311 19.718
12.658 1.057 17.731
36.924 -2.819 7.129
34.253 -6.653 2.644
30.799 -7.288 -2.890
27.524 -4.485 -8.093
27.199 0.487 -12.431
40.600 9.415 -4.933
34.686 11.151 -2.879
27.663 10.575 -2.552
22.422 6.634 -2.109
20.637 2.623 2.559
17.502 8.622 0.501
12.450 11.995 3.094
8.675 14.045 7.929
5.435 14.078 14.039
7.687 14.739 20.480
12.578 15.295 25.301
18.472 18.174 26.079
24.266 21.004 23.954
27.200 25.326 19.897
26.444 31.135 16.792
9.005 31.889 19.799
11.528 31.471 13.490
15.987 28.088 9.772
20.022 23.091 9.461
24.766 18.953 12.163
25.150 13.949 16.576
22.450 8.960 20.107
18.102 4.359 19.704
12.871 1.157 17.651
37.082 -2.985 7.170
34.366 -6.669 2.677
30.947 -7.311 -2.891
27.678 -4.501 -8.132
27.342 0.377 -12.457
40.614 9.621 -4.381
34.602 11.242 -2.646
27.575 10.605 -2.479
22.348 6.557 -1.911
20.664 2.329 2.706
17.483 8.338 0.661
12.573 12.187 3.120
8.649 14.032 8.200
5.449 14.045 14.304
7.827 14.736 20.738
12.852 15.433 25.331
19.010 18.109 26.034
23.871 21.703 23.440
27.137 25.983 19.412
26.299 31.985 16.767
8.538 31.375 19.589
10.637 30.143 13.375
15.196 27.445 9.350
20.549 22.983 9.192
24.847 18.716 11.945
25.148 13.737 16.371
22.456 8.876 20.193
18.053 4.274 19.880
12.739 1.044 17.806
37.053 -2.897 7.454
34.461 -6.585 2.856
30.960 -7.278 -2.684
27.873 -4.522 -7.889
27.765 0.461 -12.374
87.414 3.200 -5.340
82.877 7.661 -3.441
76.399 10.155 -3.792
70.673 8.327 -0.932
67.391 3.827 2.993
63.547 9.065 0.264
60.567 14.151 3.730
57.421 16.531 9.208
55.010 17.571 15.504
57.807 18.137 21.871
63.098 18.123 26.067
69.422 20.127 26.541
74.976 22.959 24.221
78.783 26.441 20.033
78.784 32.185 16.519
60.713 33.023 17.514
63.686 31.870 11.579
68.067 28.206 8.370
72.077 22.677 9.026
75.274 17.883 12.729
74.334 13.282 17.485
70.516 9.435 21.390
65.039 5.993 21.310
59.251 4.244 18.863
80.810 -5.716 8.014
77.307 -8.473 3.485
73.764 -8.167 -2.095
71.833 -5.091 -7.501
71.405 0.034 -12.245
55.841 0.397 14.849
54.711 -2.221 14.184
54.701 -3.604 16.683
