39.178 10.726 84.590
33.272 9.759 87.420
28.240 6.079 90.498
28.959 0.605 94.573
32.865 -4.200 97.322
38.299 -6.001 100.468
42.903 -4.560 104.789
47.767 -0.437 107.679
47.414 4.917 110.906
44.547 9.794 114.775
38.829 12.170 118.057
33.370 10.933 121.000
29.871 6.810 125.087
28.559 0.630 127.797
32.318 -4.113 130.839
38.172 -6.612 133.059
44.337 -6.090 135.835
34.604 9.430 139.624
40.396 10.731 136.651
46.338 9.077 133.628
47.700 4.089 129.387
46.233 -1.761 126.178
41.989 -5.413 123.434
37.275 -5.982 119.076
31.055 -4.179 116.233
29.143 1.185 112.965
30.034 6.672 109.379
34.005 11.297 106.233
39.514 12.512 103.249
44.413 10.091 99.130
48.267 4.943 96.503
46.285 -0.844 93.064
41.869 -5.492 91.101
35.929 -7.101 88.574
12.417 10.119 33.894
6.697 8.926 36.770
2.181 4.932 39.840
3.285 -0.235 44.044
7.479 -4.879 46.846
12.830 -6.300 49.911
17.153 -4.560 54.407
21.788 -0.147 57.208
21.048 5.273 60.681
17.620 9.767 64.256
11.676 12.055 67.256
6.330 10.750 70.325
2.912 6.612 74.570
1.841 0.582 77.531
6.340 -3.919 80.550
11.916 -6.082 82.937
18.419 -5.014 84.743
7.925 9.480 88.676
13.606 11.452 85.807
19.590 10.044 82.674
21.014 4.740 78.550
19.619 -1.036 75.749
15.497 -5.056 73.012
10.667 -5.974 68.739
4.455 -4.504 65.790
2.640 0.649 62.058
3.783 6.131 58.576
7.697 10.912 55.517
13.218 12.245 52.465
18.028 10.072 48.425
22.141 5.129 45.884
20.702 -0.854 42.597
16.418 -5.750 40.764
10.854 -7.886 37.926
5.859 35.297 67.351
0.651 39.444 70.013
-5.745 40.345 69.468
-11.713 37.287 69.206
-6.222 21.456 63.141
-8.810 25.940 58.699
-10.013 32.476 56.681
-8.336 38.847 56.573
1.238 1.797 77.800
0.061 -2.427 72.145
-4.442 -3.487 67.569
-8.536 -0.577 63.136
-9.990 15.350 71.188
-14.929 10.757 72.199
-17.090 4.178 72.687
-15.914 -2.161 74.095
-16.440 -22.056 -25.049
-16.909 -16.208 -21.456
-13.357 -12.387 -17.568
-11.472 -10.521 -11.328
-5.358 -9.626 -9.390
1.013 -12.685 -7.638
6.751 -14.324 -9.430
11.393 -12.037 -13.906
12.930 -9.489 -19.582
12.820 -6.136 -25.462
1.209 2.821 -13.342
-1.773 3.101 -19.509
-2.247 -1.067 -24.437
-1.125 -6.925 -26.628
-0.892 -6.807 -26.733
2.356 -12.764 -27.447
0.738 -13.477 -25.884
4.860 -18.430 -23.480
4.377 -21.548 -17.722
1.078 -23.477 -12.424
-3.455 -23.097 -7.468
-9.722 -23.699 -6.514
34.605 21.923 -17.876
27.592 22.917 -18.435
21.795 19.465 -20.307
19.947 13.444 -18.902
20.232 6.442 -18.848
23.356 0.242 -17.696
25.918 -2.136 -12.050
28.668 -1.389 -5.834
28.300 1.537 -0.057
24.414 3.414 4.658
18.512 7.013 6.478
12.360 3.697 7.050
6.647 0.723 4.920
2.462 -3.913 1.648
3.244 -10.670 2.751
5.891 -16.967 4.169
8.346 -20.107 8.967
8.454 -21.709 15.228
9.456 -19.361 21.770
-3.821 -8.763 16.744
1.569 -6.234 19.252
8.247 -6.034 19.199
14.727 -8.499 18.076
17.538 -11.976 12.920
17.590 -13.750 5.974
14.727 -13.680 -0.111
12.076 -9.362 -4.937
11.324 -3.115 -5.926
10.453 3.317 -5.447
13.519 9.245 -4.739
18.387 13.389 -1.646
24.854 13.749 -3.062
30.829 12.210 -5.412
34.208 9.066 -10.121
34.707 4.210 -15.322
32.557 5.212 -21.584
28.568 7.003 -26.617
25.572 12.921 -29.734
55.066 17.389 40.316
20.711 -9.815 -42.190
-13.508 4.056 -18.415
38.560 -21.119 -17.133
32.586 -19.174 -15.855
28.649 -19.043 -22.351
26.514 -22.504 -27.128
23.402 -28.101 -29.830
20.581 -34.729 -29.114
16.184 -37.862 -25.349
12.470 -38.481 -20.001
9.310 -36.299 -13.848
6.662 -31.302 -11.119
3.626 -25.481 -10.767
-0.130 -21.218 -13.007
-3.058 -16.747 -17.446
-7.442 -17.633 -22.330
-9.858 -20.291 -28.105
-13.342 -25.387 -29.916
-17.247 -30.697 -27.764
-18.775 -35.561 -22.555
-21.887 -35.524 -16.447
-24.580 -32.687 -11.559
-28.200 -27.959 -9.918
-33.462 -25.141 -9.653
-31.751 -28.657 -30.975
-31.341 -24.407 -28.487
-29.038 -20.305 -25.162
-25.627 -17.063 -20.661
-22.013 -17.884 -14.877
-19.709 -22.642 -10.352
-16.088 -28.284 -10.245
-12.688 -32.977 -13.177
-10.084 -36.210 -18.302
-7.078 -35.864 -23.974
-2.480 -32.810 -27.340
1.666 -28.240 -29.252
5.430 -22.026 -29.255
9.311 -19.145 -25.136
12.542 -18.216 -18.528
15.432 -20.974 -13.214
18.137 -26.552 -11.010
20.810 -33.508 -10.824
23.997 -37.408 -14.301
28.224 -38.658 -18.899
31.003 -38.061 -24.904
34.661 -32.810 -27.995
67.241 31.257 9.016
67.187 26.609 14.577
62.491 26.756 20.448
60.519 30.246 25.129
57.684 35.831 27.835
54.669 42.337 26.831
50.250 45.280 23.123
46.462 46.174 17.845
43.298 44.171 11.643
40.747 39.115 8.907
37.847 33.235 8.595
34.243 28.887 10.849
31.310 24.511 15.367
26.869 25.407 20.203
24.329 27.967 25.984
20.867 33.096 27.899
17.110 38.432 25.642
15.575 43.282 20.461
12.335 43.210 14.390
9.842 40.343 9.299
6.258 35.599 7.279
1.227 31.345 7.371
-0.638 38.253 24.089
2.480 32.893 25.872
5.307 28.367 22.906
8.551 24.979 18.457
12.065 25.767 12.633
14.402 30.515 8.149
18.039 36.082 8.157
21.531 40.660 10.969
24.201 44.008 15.962
27.117 43.701 21.686
31.615 40.528 25.080
35.675 35.914 27.074
39.322 29.608 27.180
43.068 26.775 22.577
46.393 25.975 16.321
49.658 28.733 11.150
52.160 34.489 9.106
54.657 41.453 8.656
58.210 45.342 11.985
62.497 46.308 16.601
64.930 45.862 22.768
68.676 41.303 26.594
20.621 3.898 16.512
-20.009 -10.485 41.732
14.521 16.212 -41.060
14.104 3.449 17.656
48.278 2.471 -16.791
35.935 -26.326 27.436
31.775 -24.249 27.843
27.814 -18.608 25.713
24.803 -16.156 20.152
21.700 -18.150 14.614
19.214 -23.103 10.770
15.147 -28.299 11.220
11.500 -32.602 14.718
8.536 -34.878 20.298
5.423 -33.337 26.105
0.638 -29.102 28.507
-2.835 -23.295 30.007
-7.197 -19.285 26.126
-10.258 -16.932 20.932
-12.919 -18.665 14.983
-15.602 -23.759 11.592
-17.721 -30.025 9.755
-21.169 -34.843 11.860
-25.314 -37.276 16.347
-28.508 -37.079 21.725
-32.418 -34.239 26.131
-36.385 -20.694 17.116
-30.039 -17.064 18.077
-27.059 -18.533 24.227
-24.122 -22.880 28.131
-21.761 -28.583 29.453
-19.086 -33.914 27.168
-13.950 -36.429 23.691
-9.476 -36.033 18.613
-6.412 -33.049 13.316
-4.296 -27.449 10.245
-0.827 -22.104 12.054
1.868 -16.759 15.221
5.694 -15.971 21.106
8.075 -17.991 27.143
11.964 -22.564 29.698
15.004 -28.354 28.976
17.466 -33.562 25.136
20.618 -35.116 19.271
24.295 -33.177 14.656
28.296 -28.993 10.891
31.880 -23.835 10.606
4.563 28.780 -13.813
3.934 24.350 -17.249
6.940 25.972 -22.001
10.264 28.984 -26.703
12.920 34.500 -28.837
15.906 40.136 -26.954
20.699 42.566 -23.085
25.114 42.192 -17.941
27.949 39.053 -12.515
30.299 33.534 -9.467
33.786 28.165 -11.072
36.082 22.802 -14.393
40.100 21.864 -20.056
42.556 23.647 -26.157
46.451 28.232 -28.771
49.491 34.106 -28.169
52.056 39.288 -24.267
55.048 40.838 -18.182
58.739 38.840 -13.740
62.869 35.028 -9.935
65.807 29.454 -9.167
69.742 35.499 -27.714
66.645 31.346 -26.282
63.189 25.955 -24.483
59.784 22.198 -19.581
56.201 23.793 -13.909
53.783 28.773 -9.944
49.758 34.214 -10.287
45.959 38.548 -13.758
43.214 40.800 -19.568
40.108 39.123 -25.287
35.232 34.989 -27.866
31.706 29.195 -29.211
27.710 25.121 -26.000
25.090 22.440 -19.454
21.370 24.654 -14.290
18.912 29.860 -10.954
16.702 36.055 -9.228
13.169 41.048 -11.317
9.267 43.562 -16.056
5.586 42.691 -21.511
3.266 37.534 -25.550
126.187 145.759 78.882
128.624 138.978 81.714
133.174 137.174 86.824
134.871 137.967 93.430
133.838 141.049 99.749
128.856 143.923 103.839
122.119 144.561 105.402
115.901 142.214 104.586
112.572 136.736 104.679
111.618 129.984 105.233
114.461 123.855 107.441
119.921 120.194 109.712
125.112 121.400 114.763
128.224 124.190 119.273
127.957 126.672 125.225
124.443 129.811 130.371
118.854 130.850 133.994
113.884 127.984 137.376
111.416 121.635 138.367
111.531 114.983 137.463
116.101 109.886 139.036
122.063 107.505 141.269
128.010 107.166 144.003
131.389 109.406 149.211
131.802 112.974 154.941
128.668 116.526 160.039
123.649 115.937 164.654
118.749 112.595 167.731
115.341 106.911 168.701
112.796 100.654 168.420
115.883 94.968 169.543
121.518 91.482 170.517
126.298 108.277 180.890
130.687 105.172 177.410
132.717 102.056 170.805
130.986 99.554 164.698
127.733 98.704 160.129
121.670 97.831 157.326
115.805 101.203 157.211
113.918 106.972 154.919
114.120 113.568 154.330
117.522 119.703 153.596
122.755 123.215 151.511
127.631 123.664 146.779
130.872 120.596 141.911
130.031 115.356 137.582
125.201 111.831 133.726
118.678 111.279 130.398
113.225 114.892 128.231
109.686 120.454 126.040
110.097 126.328 124.081
114.207 132.100 123.534
120.711 136.040 122.916
125.039 135.750 118.399
129.135 131.838 114.386
129.032 127.814 108.890
126.390 125.750 102.720
122.130 127.257 97.796
117.250 131.094 94.327
116.161 137.409 92.644
117.117 144.170 94.164
121.663 149.011 95.426
128.286 151.589 95.475
134.818 151.331 92.954
8.428 28.802 -3.575
2.568 27.095 -6.714
-3.468 28.923 -8.541
-5.788 33.986 -12.046
-6.672 39.586 -15.529
-2.789 43.258 -19.804
2.386 46.745 -22.131
7.651 45.500 -25.671
11.599 41.232 -29.042
12.944 35.198 -31.733
11.846 29.555 -34.276
8.248 26.266 -38.879
2.266 26.009 -41.137
-3.944 28.045 -42.872
-7.020 33.175 -46.039
-6.785 38.730 -49.750
-3.665 42.906 -53.208
1.171 46.957 -55.912
6.554 45.874 -59.443
11.517 42.600 -62.564
13.748 37.458 -66.109
-2.193 29.432 -62.412
3.006 27.011 -59.117
9.309 28.037 -57.183
12.345 32.678 -53.872
13.580 38.133 -50.248
10.264 42.333 -46.094
5.567 46.626 -43.924
0.232 45.785 -40.185
-4.335 42.147 -36.884
-6.063 36.565 -33.812
-5.864 30.438 -31.626
-2.679 26.936 -26.868
3.238 25.937 -24.590
9.736 27.316 -22.921
13.201 31.935 -19.544
13.489 37.381 -15.958
11.199 42.336 -12.610
6.859 46.862 -9.890
1.549 46.315 -5.976
-3.652 43.381 -3.041
-6.312 37.562 -1.300
