39.178 10.726 84.590
33.272 9.759 87.420
28.240 6.079 90.498
28.959 0.605 94.573
32.865 -4.200 97.322
38.299 -6.001 100.468
42.903 -4.560 104.789
47.767 -0.437 107.679
47.414 4.917 110.906
44.547 9.794 114.775
38.829 12.170 118.057
33.370 10.933 121.000
29.871 6.810 125.087
28.559 0.630 127.797
32.318 -4.113 130.839
38.172 -6.612 133.059
44.337 -6.090 135.835
34.604 9.430 139.624
40.396 10.731 136.651
46.338 9.077 133.628
47.700 4.089 129.387
46.233 -1.761 126.178
41.989 -5.413 123.434
37.275 -5.982 119.076
31.055 -4.179 116.233
29.143 1.185 112.965
30.034 6.672 109.379
34.005 11.297 106.233
39.514 12.512 103.249
44.413 10.091 99.130
48.267 4.943 96.503
46.285 -0.844 93.064
41.869 -5.492 91.101
35.929 -7.101 88.574
12.417 10.119 33.894
6.697 8.926 36.770
2.181 4.932 39.840
3.285 -0.235 44.044
7.479 -4.879 46.846
12.830 -6.300 49.911
17.153 -4.560 54.407
21.788 -0.147 57.208
21.048 5.273 60.681
17.620 9.767 64.256
11.676 12.055 67.256
6.330 10.750 70.325
2.912 6.612 74.570
1.841 0.582 77.531
6.340 -3.919 80.550
11.916 -6.082 82.937
18.419 -5.014 84.743
7.925 9.480 88.676
13.606 11.452 85.807
19.590 10.044 82.674
21.014 4.740 78.550
19.619 -1.036 75.749
15.497 -5.056 73.012
10.667 -5.974 68.739
4.455 -4.504 65.790
2.640 0.649 62.058
3.783 6.131 58.576
7.697 10.912 55.517
13.218 12.245 52.465
18.028 10.072 48.425
22.141 5.129 45.884
20.702 -0.854 42.597
16.418 -5.750 40.764
10.854 -7.886 37.926
5.859 35.297 67.351
0.651 39.444 70.013
-5.745 40.345 69.468
-11.713 37.287 69.206
-6.222 21.456 63.141
-8.810 25.940 58.699
-10.013 32.476 56.681
-8.336 38.847 56.573
1.238 1.797 77.800
0.061 -2.427 72.145
-4.442 -3.487 67.569
-8.536 -0.577 63.136
-9.990 15.350 71.188
-14.929 10.757 72.199
-17.090 4.178 72.687
-15.914 -2.161 74.095
-16.440 -22.056 -25.049
-16.909 -16.208 -21.456
-13.357 -12.387 -17.568
-11.472 -10.521 -11.328
-5.358 -9.626 -9.390
1.013 -12.685 -7.638
6.751 -14.324 -9.430
11.393 -12.037 -13.906
12.930 -9.489 -19.582
12.820 -6.136 -25.462
1.209 2.821 -13.342
-1.773 3.101 -19.509
-2.247 -1.067 -24.437
-1.125 -6.925 -26.628
-0.892 -6.807 -26.733
2.356 -12.764 -27.447
0.738 -13.477 -25.884
4.860 -18.430 -23.480
4.377 -21.548 -17.722
1.078 -23.477 -12.424
-3.455 -23.097 -7.468
-9.722 -23.699 -6.514
34.605 21.923 -17.876
27.592 22.917 -18.435
21.795 19.465 -20.307
19.947 13.444 -18.902
20.232 6.442 -18.848
23.356 0.242 -17.696
25.918 -2.136 -12.050
28.668 -1.389 -5.834
28.300 1.537 -0.057
24.414 3.414 4.658
18.512 7.013 6.478
12.360 3.697 7.050
6.647 0.723 4.920
2.462 -3.913 1.648
3.244 -10.670 2.751
5.891 -16.967 4.169
8.346 -20.107 8.967
8.454 -21.709 15.228
9.456 -19.361 21.770
-3.821 -8.763 16.744
1.569 -6.234 19.252
8.247 -6.034 19.199
14.727 -8.499 18.076
17.538 -11.976 12.920
17.590 -13.750 5.974
14.727 -13.680 -0.111
12.076 -9.362 -4.937
11.324 -3.115 -5.926
10.453 3.317 -5.447
13.519 9.245 -4.739
18.387 13.389 -1.646
24.854 13.749 -3.062
30.829 12.210 -5.412
34.208 9.066 -10.121
34.707 4.210 -15.322
32.557 5.212 -21.584
28.568 7.003 -26.617
25.572 12.921 -29.734
55.066 17.389 40.316
20.711 -9.815 -42.190
-13.508 4.056 -18.415
38.560 -21.119 -17.133
32.586 -19.174 -15.855
28.649 -19.043 -22.351
26.514 -22.504 -27.128
23.402 -28.101 -29.830
20.581 -34.729 -29.114
16.184 -37.862 -25.349
12.470 -38.481 -20.001
9.310 -36.299 -13.848
6.662 -31.302 -11.119
3.626 -25.481 -10.767
-0.130 -21.218 -13.007
-3.058 -16.747 -17.446
-7.442 -17.633 -22.330
-9.858 -20.291 -28.105
-13.342 -25.387 -29.916
-17.247 -30.697 -27.764
-18.775 -35.561 -22.555
-21.887 -35.524 -16.447
-24.580 -32.687 -11.559
-28.200 -27.959 -9.918
-33.462 -25.141 -9.653
-31.751 -28.657 -30.975
-31.341 -24.407 -28.487
-29.038 -20.305 -25.162
-25.627 -17.063 -20.661
-22.013 -17.884 -14.877
-19.709 -22.642 -10.352
-16.088 -28.284 -10.245
-12.688 -32.977 -13.177
-10.084 -36.210 -18.302
-7.078 -35.864 -23.974
-2.480 -32.810 -27.340
1.666 -28.240 -29.252
5.430 -22.026 -29.255
9.311 -19.145 -25.136
12.542 -18.216 -18.528
15.432 -20.974 -13.214
18.137 -26.552 -11.010
20.810 -33.508 -10.824
23.997 -37.408 -14.301
28.224 -38.658 -18.899
31.003 -38.061 -24.904
34.661 -32.810 -27.995
67.241 31.257 9.016
67.187 26.609 14.577
62.491 26.756 20.448
60.519 30.246 25.129
57.684 35.831 27.835
54.669 42.337 26.831
50.250 45.280 23.123
46.462 46.174 17.845
43.298 44.171 11.643
40.747 39.115 8.907
37.847 33.235 8.595
34.243 28.887 10.849
31.310 24.511 15.367
26.869 25.407 20.203
24.329 27.967 25.984
20.867 33.096 27.899
17.110 38.432 25.642
15.575 43.282 20.461
12.335 43.210 14.390
9.842 40.343 9.299
6.258 35.599 7.279
1.227 31.345 7.371
-0.638 38.253 24.089
2.480 32.893 25.872
5.307 28.367 22.906
8.551 24.979 18.457
12.065 25.767 12.633
14.402 30.515 8.149
18.039 36.082 8.157
21.531 40.660 10.969
24.201 44.008 15.962
27.117 43.701 21.686
31.615 40.528 25.080
35.675 35.914 27.074
39.322 29.608 27.180
43.068 26.775 22.577
46.393 25.975 16.321
49.658 28.733 11.150
52.160 34.489 9.106
54.657 41.453 8.656
58.210 45.342 11.985
62.497 46.308 16.601
64.930 45.862 22.768
68.676 41.303 26.594
20.621 3.898 16.512
