39.178 10.726 84.590
33.272 9.759 87.420
28.240 6.079 90.498
28.959 0.605 94.573
32.865 -4.200 97.322
38.299 -6.001 100.468
42.903 -4.560 104.789
47.767 -0.437 107.679
47.414 4.917 110.906
44.547 9.794 114.775
38.829 12.170 118.057
33.370 10.933 121.000
29.871 6.810 125.087
28.559 0.630 127.797
32.318 -4.113 130.839
38.172 -6.612 133.059
44.337 -6.090 135.835
34.604 9.430 139.624
40.396 10.731 136.651
46.338 9.077 133.628
47.700 4.089 129.387
46.233 -1.761 126.178
41.989 -5.413 123.434
37.275 -5.982 119.076
31.055 -4.179 116.233
29.143 1.185 112.965
30.034 6.672 109.379
34.005 11.297 106.233
39.514 12.512 103.249
44.413 10.091 99.130
48.267 4.943 96.503
46.285 -0.844 93.064
41.869 -5.492 91.101
35.929 -7.101 88.574
12.417 10.119 33.894
6.697 8.926 36.770
2.181 4.932 39.840
3.285 -0.235 44.044
7.479 -4.879 46.846
12.830 -6.300 49.911
17.153 -4.560 54.407
21.788 -0.147 57.208
21.048 5.273 60.681
17.620 9.767 64.256
11.676 12.055 67.256
6.330 10.750 70.325
2.912 6.612 74.570
1.841 0.582 77.531
6.340 -3.919 80.550
11.916 -6.082 82.937
18.419 -5.014 84.743
7.925 9.480 88.676
13.606 11.452 85.807
19.590 10.044 82.674
21.014 4.740 78.550
19.619 -1.036 75.749
15.497 -5.056 73.012
10.667 -5.974 68.739
4.455 -4.504 65.790
2.640 0.649 62.058
3.783 6.131 58.576
7.697 10.912 55.517
13.218 12.245 52.465
18.028 10.072 48.425
22.141 5.129 45.884
20.702 -0.854 42.597
16.418 -5.750 40.764
10.854 -7.886 37.926
5.859 35.297 67.351
0.651 39.444 70.013
-5.745 40.345 69.468
-11.713 37.287 69.206
-6.222 21.456 63.141
-8.810 25.940 58.699
-10.013 32.476 56.681
-8.336 38.847 56.573
1.238 1.797 77.800
0.061 -2.427 72.145
-4.442 -3.487 67.569
-8.536 -0.577 63.136
-9.990 15.350 71.188
-14.929 10.757 72.199
-17.090 4.178 72.687
-15.914 -2.161 74.095
-16.440 -22.056 -25.049
-16.909 -16.208 -21.456
-13.357 -12.387 -17.568
-11.472 -10.521 -11.328
-5.358 -9.626 -9.390
1.013 -12.685 -7.638
6.751 -14.324 -9.430
11.393 -12.037 -13.906
12.930 -9.489 -19.582
12.820 -6.136 -25.462
1.209 2.821 -13.342
-1.773 3.101 -19.509
-2.247 -1.067 -24.437
-1.125 -6.925 -26.628
-0.892 -6.807 -26.733
2.356 -12.764 -27.447
0.738 -13.477 -25.884
4.860 -18.430 -23.480
4.377 -21.548 -17.722
1.078 -23.477 -12.424
-3.455 -23.097 -7.468
-9.722 -23.699 -6.514
34.605 21.923 -17.876
27.592 22.917 -18.435
21.795 19.465 -20.307
19.947 13.444 -18.902
20.232 6.442 -18.848
23.356 0.242 -17.696
25.918 -2.136 -12.050
28.668 -1.389 -5.834
28.300 1.537 -0.057
24.414 3.414 4.658
18.512 7.013 6.478
12.360 3.697 7.050
6.647 0.723 4.920
2.462 -3.913 1.648
3.244 -10.670 2.751
5.891 -16.967 4.169
8.346 -20.107 8.967
8.454 -21.709 15.228
9.456 -19.361 21.770
-3.821 -8.763 16.744
1.569 -6.234 19.252
8.247 -6.034 19.199
14.727 -8.499 18.076
17.538 -11.976 12.920
17.590 -13.750 5.974
14.727 -13.680 -0.111
12.076 -9.362 -4.937
11.324 -3.115 -5.926
10.453 3.317 -5.447
13.519 9.245 -4.739
18.387 13.389 -1.646
24.854 13.749 -3.062
30.829 12.210 -5.412
34.208 9.066 -10.121
34.707 4.210 -15.322
32.557 5.212 -21.584
28.568 7.003 -26.617
25.572 12.921 -29.734
55.066 17.389 40.316
20.711 -9.815 -42.190
-13.508 4.056 -18.415
38.560 -21.119 -17.133
32.586 -19.174 -15.855
28.649 -19.043 -22.351
26.514 -22.504 -27.128
23.402 -28.101 -29.830
20.581 -34.729 -29.114
16.184 -37.862 -25.349
12.470 -38.481 -20.001
9.310 -36.299 -13.848
6.662 -31.302 -11.119
3.626 -25.481 -10.767
-0.130 -21.218 -13.007
-3.058 -16.747 -17.446
-7.442 -17.633 -22.330
-9.858 -20.291 -28.105
-13.342 -25.387 -29.916
-17.247 -30.697 -27.764
-18.775 -35.561 -22.555
-21.887 -35.524 -16.447
-24.580 -32.687 -11.559
-28.200 -27.959 -9.918
-33.462 -25.141 -9.653
-31.751 -28.657 -30.975
-31.341 -24.407 -28.487
-29.038 -20.305 -25.162
-25.627 -17.063 -20.661
-22.013 -17.884 -14.877
-19.709 -22.642 -10.352
-16.088 -28.284 -10.245
-12.688 -32.977 -13.177
-10.084 -36.210 -18.302
-7.078 -35.864 -23.974
-2.480 -32.810 -27.340
1.666 -28.240 -29.252
5.430 -22.026 -29.255
9.311 -19.145 -25.136
12.542 -18.216 -18.528
15.432 -20.974 -13.214
18.137 -26.552 -11.010
20.810 -33.508 -10.824
23.997 -37.408 -14.301
28.224 -38.658 -18.899
31.003 -38.061 -24.904
34.661 -32.810 -27.995
67.241 31.257 9.016
67.187 26.609 14.577
62.491 26.756 20.448
60.519 30.246 25.129
57.684 35.831 27.835
54.669 42.337 26.831
50.250 45.280 23.123
46.462 46.174 17.845
43.298 44.171 11.643
40.747 39.115 8.907
37.847 33.235 8.595
34.243 28.887 10.849
31.310 24.511 15.367
26.869 25.407 20.203
24.329 27.967 25.984
20.867 33.096 27.899
17.110 38.432 25.642
15.575 43.282 20.461
12.335 43.210 14.390
9.842 40.343 9.299
6.258 35.599 7.279
1.227 31.345 7.371
-0.638 38.253 24.089
2.480 32.893 25.872
5.307 28.367 22.906
8.551 24.979 18.457
12.065 25.767 12.633
14.402 30.515 8.149
18.039 36.082 8.157
21.531 40.660 10.969
24.201 44.008 15.962
27.117 43.701 21.686
31.615 40.528 25.080
35.675 35.914 27.074
39.322 29.608 27.180
43.068 26.775 22.577
46.393 25.975 16.321
49.658 28.733 11.150
52.160 34.489 9.106
54.657 41.453 8.656
58.210 45.342 11.985
62.497 46.308 16.601
64.930 45.862 22.768
68.676 41.303 26.594
20.621 3.898 16.512
-20.009 -10.485 41.732
14.521 16.212 -41.060
14.104 3.449 17.656
48.278 2.471 -16.791
35.935 -26.326 27.436
31.775 -24.249 27.843
27.814 -18.608 25.713
24.803 -16.156 20.152
21.700 -18.150 14.614
19.214 -23.103 10.770
15.147 -28.299 11.220
11.500 -32.602 14.718
8.536 -34.878 20.298
5.423 -33.337 26.105
0.638 -29.102 28.507
-2.835 -23.295 30.007
-7.197 -19.285 26.126
-10.258 -16.932 20.932
-12.919 -18.665 14.983
-15.602 -23.759 11.592
-17.721 -30.025 9.755
-21.169 -34.843 11.860
-25.314 -37.276 16.347
-28.508 -37.079 21.725
-32.418 -34.239 26.131
-36.385 -20.694 17.116
-30.039 -17.064 18.077
-27.059 -18.533 24.227
-24.122 -22.880 28.131
-21.761 -28.583 29.453
-19.086 -33.914 27.168
-13.950 -36.429 23.691
-9.476 -36.033 18.613
-6.412 -33.049 13.316
-4.296 -27.449 10.245
-0.827 -22.104 12.054
1.868 -16.759 15.221
5.694 -15.971 21.106
8.075 -17.991 27.143
11.964 -22.564 29.698
15.004 -28.354 28.976
17.466 -33.562 25.136
20.618 -35.116 19.271
24.295 -33.177 14.656
28.296 -28.993 10.891
31.880 -23.835 10.606
4.563 28.780 -13.813
3.934 24.350 -17.249
6.940 25.972 -22.001
10.264 28.984 -26.703
12.920 34.500 -28.837
15.906 40.136 -26.954
20.699 42.566 -23.085
25.114 42.192 -17.941
27.949 39.053 -12.515
30.299 33.534 -9.467
33.786 28.165 -11.072
36.082 22.802 -14.393
40.100 21.864 -20.056
42.556 23.647 -26.157
46.451 28.232 -28.771
49.491 34.106 -28.169
52.056 39.288 -24.267
55.048 40.838 -18.182
58.739 38.840 -13.740
62.869 35.028 -9.935
65.807 29.454 -9.167
69.742 35.499 -27.714
66.645 31.346 -26.282
63.189 25.955 -24.483
59.784 22.198 -19.581
56.201 23.793 -13.909
53.783 28.773 -9.944
49.758 34.214 -10.287
45.959 38.548 -13.758
43.214 40.800 -19.568
40.108 39.123 -25.287
35.232 34.989 -27.866
31.706 29.195 -29.211
27.710 25.121 -26.000
25.090 22.440 -19.454
21.370 24.654 -14.290
18.912 29.860 -10.954
16.702 36.055 -9.228
13.169 41.048 -11.317
9.267 43.562 -16.056
5.586 42.691 -21.511
3.266 37.534 -25.550
126.187 145.759 78.882
128.624 138.978 81.714
133.174 137.174 86.824
134.871 137.967 93.430
133.838 141.049 99.749
128.856 143.923 103.839
122.119 144.561 105.402
115.901 142.214 104.586
112.572 136.736 104.679
111.618 129.984 105.233
114.461 123.855 107.441
119.921 120.194 109.712
125.112 121.400 114.763
128.224 124.190 119.273
127.957 126.672 125.225
124.443 129.811 130.371
118.854 130.850 133.994
113.884 127.984 137.376
111.416 121.635 138.367
111.531 114.983 137.463
116.101 109.886 139.036
122.063 107.505 141.269
128.010 107.166 144.003
131.389 109.406 149.211
131.802 112.974 154.941
128.668 116.526 160.039
123.649 115.937 164.654
118.749 112.595 167.731
115.341 106.911 168.701
112.796 100.654 168.420
115.883 94.968 169.543
121.518 91.482 170.517
126.298 108.277 180.890
130.687 105.172 177.410
132.717 102.056 170.805
130.986 99.554 164.698
127.733 98.704 160.129
121.670 97.831 157.326
115.805 101.203 157.211
113.918 106.972 154.919
114.120 113.568 154.330
117.522 119.703 153.596
122.755 123.215 151.511
127.631 123.664 146.779
130.872 120.596 141.911
130.031 115.356 137.582
125.201 111.831 133.726
118.678 111.279 130.398
113.225 114.892 128.231
109.686 120.454 126.040
110.097 126.328 124.081
114.207 132.100 123.534
120.711 136.040 122.916
125.039 135.750 118.399
129.135 131.838 114.386
129.032 127.814 108.890
126.390 125.750 102.720
122.130 127.257 97.796
117.250 131.094 94.327
116.161 137.409 92.644
117.117 144.170 94.164
121.663 149.011 95.426
128.286 151.589 95.475
134.818 151.331 92.954
8.428 28.802 -3.575
2.568 27.095 -6.714
-3.468 28.923 -8.541
-5.788 33.986 -12.046
-6.672 39.586 -15.529
-2.789 43.258 -19.804
2.386 46.745 -22.131
7.651 45.500 -25.671
11.599 41.232 -29.042
12.944 35.198 -31.733
11.846 29.555 -34.276
8.248 26.266 -38.879
2.266 26.009 -41.137
-3.944 28.045 -42.872
-7.020 33.175 -46.039
-6.785 38.730 -49.750
-3.665 42.906 -53.208
1.171 46.957 -55.912
6.554 45.874 -59.443
11.517 42.600 -62.564
13.748 37.458 -66.109
-2.193 29.432 -62.412
3.006 27.011 -59.117
9.309 28.037 -57.183
12.345 32.678 -53.872
13.580 38.133 -50.248
10.264 42.333 -46.094
5.567 46.626 -43.924
0.232 45.785 -40.185
-4.335 42.147 -36.884
-6.063 36.565 -33.812
-5.864 30.438 -31.626
-2.679 26.936 -26.868
3.238 25.937 -24.590
9.736 27.316 -22.921
13.201 31.935 -19.544
13.489 37.381 -15.958
11.199 42.336 -12.610
6.859 46.862 -9.890
1.549 46.315 -5.976
-3.652 43.381 -3.041
-6.312 37.562 -1.300
-56.169 -4.585 14.293
-58.512 -1.215 20.664
-59.907 -3.319 27.086
-60.390 -8.142 31.831
-55.882 -11.398 34.945
-49.549 -12.934 36.485
-44.412 -17.678 36.911
-37.795 -17.207 37.356
-32.062 -13.746 37.947
-28.426 -8.535 38.762
-26.650 -2.348 41.130
-43.788 -1.304 47.613
-41.708 2.978 42.901
-39.168 2.935 36.508
-35.611 -0.018 31.579
-35.065 -4.690 27.462
-39.017 -7.382 23.396
-43.515 -11.150 21.241
-48.038 -16.328 21.419
-53.190 -19.061 22.376
-59.504 -19.299 25.199
-65.142 -17.051 23.137
-56.131 -4.400 14.201
-58.708 -2.139 20.084
-59.851 -3.828 26.647
-60.002 -8.132 31.633
-55.543 -11.511 34.905
-49.500 -13.059 36.547
-44.211 -17.787 36.994
-37.801 -17.037 37.430
-32.083 -13.564 37.654
-28.492 -7.979 37.762
-26.953 -2.269 41.014
-43.953 -1.301 47.807
-42.016 2.843 42.987
-39.562 3.181 36.627
-36.698 0.481 31.363
-35.938 -4.214 27.127
-40.126 -6.318 23.321
-43.263 -11.597 21.212
-47.568 -16.709 21.656
-52.141 -19.774 24.137
-59.206 -19.869 25.348
-64.788 -16.754 23.770
-56.278 -4.351 14.021
-58.353 -1.807 20.114
-59.853 -3.689 26.595
-60.102 -8.348 31.466
-55.663 -11.747 34.669
-49.479 -13.312 36.190
-44.420 -18.116 36.646
-37.802 -17.698 36.969
-32.102 -14.327 37.340
-28.430 -8.883 38.009
-26.901 -2.948 40.906
-43.901 -1.923 47.550
-41.764 2.331 42.828
-39.326 2.429 36.448
-36.101 0.054 31.158
-35.832 -4.632 26.960
-40.079 -6.586 23.049
-43.281 -11.676 20.812
-47.712 -16.824 21.442
-52.488 -19.695 23.582
-59.146 -19.550 25.107
-64.991 -16.144 23.838
18.425 16.365 1.051
16.090 19.997 -4.143
12.067 19.692 -9.162
8.215 16.925 -14.127
3.993 11.785 -14.497
2.052 5.192 -13.236
-1.104 1.472 -8.299
-4.887 1.547 -2.864
-4.885 1.569 -2.850
-8.199 5.314 1.472
-11.356 10.453 3.355
-14.828 15.989 1.900
-14.014 9.881 -15.279
-11.414 16.021 -13.718
-7.462 18.770 -9.466
-4.068 19.034 -3.487
-1.892 16.228 2.293
1.832 10.766 3.944
5.527 5.369 1.935
8.587 2.791 -3.205
11.900 2.405 -8.530
15.024 4.594 -14.143
19.297 9.407 -15.895
-4.716 0.374 5.194
1.304 4.217 4.986
7.090 4.361 5.903
7.300 6.421 13.170
2.566 5.720 17.283
-2.242 1.790 17.355
-6.302 -2.751 16.788
-3.095 -5.301 13.368
-2.668 -3.690 6.456
0.541 -2.232 1.724
0.249 5.198 2.271
-2.839 5.535 6.753
-1.556 6.099 13.352
-0.106 4.707 17.798
58.988 30.765 -1.842
56.305 34.991 -7.142
50.451 38.664 -7.958
47.650 44.046 -5.094
47.253 49.398 -1.238
49.866 52.792 4.549
56.013 55.644 5.798
62.681 54.663 5.236
67.711 54.669 0.739
70.194 54.951 -5.887
69.241 57.809 -11.433
66.990 61.642 -16.893
64.172 67.997 -17.921
63.465 74.016 -15.987
78.961 67.419 -3.899
74.230 70.924 -1.594
67.492 72.830 -1.503
61.696 71.863 -3.364
57.226 68.577 -6.571
55.493 63.888 -10.913
57.291 58.132 -13.226
61.813 52.776 -12.827
64.620 48.612 -8.298
65.874 46.320 -1.764
63.257 45.775 3.964
58.746 44.926 9.031
51.905 42.381 9.415
58.721 35.005 0.399
63.306 32.586 -4.273
67.774 27.416 -4.291
70.399 21.663 -2.206
70.979 16.804 3.097
67.102 13.055 6.871
60.869 10.247 7.530
54.238 11.844 7.494
48.752 12.943 3.127
46.468 12.475 -2.981
46.748 8.868 -8.579
48.948 4.997 -13.840
49.871 -1.068 -15.029
41.424 -6.158 2.087
48.330 -4.527 2.416
54.204 -4.407 0.398
58.665 -1.464 -3.269
59.862 1.687 -9.014
59.165 8.445 -10.454
55.400 13.925 -10.013
52.007 18.311 -5.430
51.678 20.545 0.855
55.002 21.846 6.687
59.591 21.125 11.628
65.994 22.708 11.980
71.922 25.188 8.484
-73.509 -3.344 42.929
-76.129 -9.659 39.408
-80.891 -10.992 35.671
-83.089 -9.589 29.475
-84.861 -5.726 23.968
-82.860 -1.906 19.512
-77.778 -2.584 14.618
-72.270 -4.747 12.169
-67.604 -8.386 11.958
-66.301 -13.775 12.377
-67.681 -19.431 12.786
-71.364 -24.447 13.919
-75.456 -28.895 15.376
-81.471 -31.665 16.203
-86.272 -31.437 11.258
-90.407 -29.941 7.104
-90.901 -28.273 1.304
-88.579 -27.671 -4.218
-85.311 -28.539 -8.586
-82.090 -33.053 -10.225
-80.393 -39.304 -8.599
-79.379 -44.273 -6.307
-91.799 -45.059 9.619
-96.456 -41.890 7.543
-91.817 -40.087 4.657
-86.750 -38.092 7.992
-80.214 -38.538 8.230
-75.640 -36.297 5.895
-72.876 -31.997 3.486
-72.217 -26.434 1.644
-74.876 -21.180 1.181
-79.184 -17.465 2.568
-83.727 -15.301 5.693
-87.006 -15.335 10.545
-87.658 -16.670 16.342
-85.520 -18.265 21.480
-77.308 -15.611 25.699
-71.943 -14.410 27.593
-67.431 -10.767 27.869
-65.675 -5.491 27.497
-66.857 -0.154 27.585
-70.905 4.560 28.666
-77.123 6.690 28.699
-82.120 6.378 31.075
-86.105 4.523 35.561
160.406 189.668 279.863
161.243 182.089 281.049
162.280 176.864 278.869
161.714 171.929 273.646
161.459 170.934 267.168
161.238 172.726 260.695
163.255 176.067 256.036
167.026 181.653 253.997
174.011 184.365 254.849
179.803 184.226 257.099
184.946 180.858 259.906
188.098 175.655 262.531
189.704 169.562 261.335
188.789 163.568 258.620
193.044 162.443 253.138
195.460 161.978 247.883
223.538 186.007 216.250
227.255 189.890 212.227
223.863 192.724 214.522
226.811 198.213 215.826
228.476 203.726 219.161
229.871 207.015 223.689
228.832 208.390 230.266
228.215 206.111 236.647
229.305 201.208 240.963
232.412 195.507 242.695
237.098 191.065 241.523
242.912 189.097 239.010
248.954 190.432 236.282
253.303 194.952 236.716
256.854 200.431 236.894
257.744 204.965 241.369
256.622 209.178 246.396
256.011 208.871 253.053
256.448 205.307 258.297
126.453 218.771 238.047
130.866 215.379 236.079
136.765 211.273 233.935
141.639 209.580 231.012
148.526 208.633 232.044
154.215 204.439 232.755
160.632 206.383 234.710
166.297 206.806 233.467
172.511 206.739 231.905
175.883 201.756 228.710
177.996 196.629 224.613
183.038 197.133 224.280
189.087 197.990 223.008
194.631 197.178 224.710
199.789 194.935 223.025
203.662 192.719 218.218
204.853 191.850 212.577
204.210 193.090 206.842
202.519 196.043 202.082
201.477 202.406 200.717
201.263 207.487 200.138
266.362 192.687 253.566
260.229 190.493 252.058
253.747 191.098 253.002
248.447 194.274 253.865
245.476 200.157 253.489
243.964 205.303 249.677
243.781 208.017 244.752
244.988 208.517 238.520
246.184 205.375 231.928
244.318 199.791 227.510
240.716 194.365 225.879
235.730 190.311 227.827
230.949 188.818 231.869
225.403 191.062 234.413
220.620 195.318 234.064
216.876 199.890 232.370
214.409 203.661 228.229
213.267 205.901 222.488
211.800 205.509 216.708
207.804 208.459 217.842
202.528 209.989 217.799
196.738 209.085 215.731
192.622 206.191 212.512
189.493 202.278 209.927
188.343 196.223 208.518
189.736 189.724 207.267
191.560 184.745 210.857
193.675 181.359 216.109
194.189 181.100 222.592
192.821 183.460 228.342
189.191 184.307 231.152
185.533 180.881 236.003
184.287 177.019 241.157
183.316 170.965 241.658
178.552 168.853 244.745
175.623 166.730 250.076
175.085 165.076 256.414
176.199 165.971 262.884
177.538 169.668 267.979
177.467 175.795 270.144
176.278 182.121 269.930
172.021 186.559 268.092
168.137 189.441 264.563
161.307 188.098 262.079
156.055 183.612 261.113
152.203 178.814 263.733
149.236 177.968 269.845
60.714 -9.176 9.880
58.096 -7.782 15.992
53.552 -2.918 17.995
50.108 2.691 16.905
46.819 6.854 13.088
42.091 7.779 8.864
38.485 6.750 3.020
34.844 2.330 0.841
32.072 -3.945 -0.378
28.988 -8.116 3.472
25.572 -9.263 9.408
24.358 -9.317 15.992
19.522 -5.853 18.422
15.921 -0.400 18.931
13.766 6.073 17.821
9.154 8.678 14.094
5.987 10.445 7.935
4.380 8.477 2.220
0.171 4.098 -0.565
-2.289 -2.204 -0.902
-4.834 -6.780 3.233
-6.755 -8.854 9.303
-9.983 -7.360 14.804
-13.062 9.773 10.403
-9.733 7.675 15.964
-5.307 2.856 17.944
-1.794 -2.811 16.924
1.388 -6.967 13.053
5.888 -8.017 8.639
9.476 -6.853 2.849
13.211 -2.281 0.667
16.107 3.843 -0.467
19.302 7.972 3.377
22.639 9.284 9.318
23.810 9.155 16.034
28.518 5.678 18.510
32.379 0.336 18.951
34.497 -6.072 17.856
39.009 -8.816 14.124
42.221 -10.566 7.983
43.740 -8.576 2.077
47.781 -4.172 -0.709
50.189 2.260 -0.909
52.850 6.776 3.275
54.959 8.655 9.239
58.184 7.273 14.750
-15.466 24.513 -14.472
-9.170 24.843 -16.823
-3.012 23.699 -15.450
2.403 22.757 -11.239
3.373 18.702 -6.043
1.239 14.130 -1.812
-3.325 9.595 1.010
-6.718 4.349 -0.784
-8.003 -0.726 -4.367
-8.451 -4.145 -10.424
-4.018 -7.015 -14.369
9.630 0.639 -5.112
8.274 2.253 -11.517
3.794 3.491 -16.142
-2.109 4.824 -18.484
-7.611 7.480 -16.254
-12.178 9.126 -11.618
-13.409 11.978 -5.398
-10.589 16.069 -0.684
-7.142 21.451 0.864
-3.501 26.822 0.132
-2.553 31.776 -4.055
-8.507 20.308 -26.349
-6.770 14.297 -24.695
-4.562 8.151 -25.397
1.241 5.015 -24.838
7.813 5.036 -26.412
12.235 4.433 -20.863
13.043 3.038 -15.218
15.544 4.484 -9.012
15.312 7.674 -3.224
11.485 9.226 2.249
5.635 8.618 5.660
0.325 -2.441 -8.102
-2.710 2.078 -6.183
-2.348 8.345 -5.575
0.740 14.475 -4.504
5.109 17.705 -7.319
7.110 19.676 -12.542
7.887 20.722 -18.891
10.973 19.905 -25.132
8.666 19.238 -31.395
7.226 14.881 -36.630
1.518 11.942 -38.684
172.885 122.758 227.473
175.327 129.320 226.608
178.129 132.531 221.238
176.580 137.768 218.190
173.124 141.749 215.436
172.149 147.436 214.138
169.796 153.279 214.566
171.051 155.634 209.847
171.566 158.970 204.583
171.348 164.041 201.743
170.953 170.458 203.198
170.769 175.443 206.088
172.168 178.668 210.761
175.093 179.937 215.888
181.091 178.163 218.280
186.093 177.026 219.631
204.267 175.148 93.327
206.016 172.929 98.618
208.678 173.088 104.746
207.464 175.072 110.956
202.503 178.114 113.711
195.589 178.876 115.572
189.588 176.504 114.921
185.742 171.616 112.278
185.369 165.319 109.452
185.900 159.225 111.522
187.827 153.804 113.943
189.746 151.613 121.076
188.175 151.656 126.928
185.315 153.672 131.941
181.115 157.035 134.760
175.639 159.799 134.930
170.653 161.704 132.574
165.569 160.571 128.003
163.530 156.802 122.981
161.081 150.545 123.341
160.018 144.451 126.657
156.797 142.781 131.673
152.679 142.402 136.033
148.234 144.993 140.456
143.999 151.088 141.185
140.596 156.046 139.604
138.571 159.946 134.701
137.822 159.841 127.412
136.136 155.291 122.170
132.943 149.588 121.973
127.045 147.157 122.072
120.711 147.961 123.629
115.523 151.951 125.394
112.532 157.933 126.230
112.569 165.494 124.597
113.303 170.449 121.643
117.617 173.787 118.223
122.631 173.703 113.850
123.273 170.502 107.926
121.026 167.404 102.314
115.586 168.533 98.710
109.803 170.927 96.237
107.356 177.205 95.779
106.468 183.850 96.581
108.486 189.941 96.865
113.479 194.163 96.190
120.095 194.649 96.538
125.563 192.989 93.783
129.039 190.040 89.487
129.491 189.432 83.337
128.587 191.401 77.204
127.617 196.044 73.208
126.701 202.321 71.257
126.065 208.640 71.185
128.310 214.054 74.664
132.480 216.930 78.710
138.030 216.863 81.980
142.651 213.185 85.084
146.579 208.449 84.629
149.717 203.978 79.833
153.796 203.830 74.814
157.955 206.791 70.684
161.440 212.771 69.603
164.614 218.090 70.592
168.774 219.821 74.943
169.779 221.452 81.764
170.493 219.630 87.006
169.870 215.818 91.540
170.716 208.924 93.641
173.539 203.407 92.116
179.091 201.046 90.244
185.729 200.746 89.305
191.117 203.788 90.658
194.867 206.985 94.208
196.604 210.793 99.596
194.828 211.731 105.662
192.031 210.000 111.124
188.000 207.004 114.589
185.873 201.552 115.727
186.231 194.097 114.999
189.996 188.854 114.103
195.019 186.471 116.412
199.588 185.793 121.197
202.261 188.378 126.628
201.604 191.062 132.382
196.346 193.873 136.658
190.881 194.058 138.475
184.472 191.577 139.986
179.020 187.242 138.722
179.454 181.057 141.057
181.910 175.683 144.446
187.330 173.416 149.242
192.046 175.627 154.782
194.092 180.430 159.581
192.743 186.476 163.653
188.970 190.193 166.730
184.730 190.553 169.533
177.955 189.418 171.786
173.761 183.962 173.678
172.555 179.303 177.179
174.070 174.502 181.523
178.539 169.868 185.599
183.678 169.841 189.629
185.288 171.553 194.558
185.326 174.241 199.891
187.070 169.520 202.237
186.636 165.474 206.099
184.315 162.953 211.403
180.510 163.055 215.991
176.385 163.884 219.964
170.423 165.740 221.250
164.795 169.288 220.137
160.115 168.856 216.096
156.869 166.875 210.266
154.800 161.897 204.840
150.408 165.448 202.053
145.152 166.909 198.295
140.414 164.912 194.111
136.808 159.988 191.531
134.516 153.787 191.957
133.214 148.444 195.651
132.202 145.768 201.628
130.668 146.551 208.029
128.006 150.262 212.828
124.029 155.251 214.620
119.062 159.378 213.140
113.804 160.841 209.383
113.338 142.052 209.054
114.371 144.322 202.915
115.595 149.421 198.865
117.741 155.635 198.027
121.185 160.819 200.296
125.810 163.230 204.385
131.045 162.172 208.306
136.090 158.287 210.138
140.216 153.287 208.757
143.040 149.316 204.269
144.683 148.120 197.962
145.718 150.392 191.822
146.942 155.492 187.773
149.669 161.577 187.248
149.487 167.712 185.721
148.314 173.739 185.849
147.775 179.445 184.226
152.521 184.384 186.807
170.969 183.544 194.516
175.168 187.950 191.952
181.287 188.741 189.667
187.433 187.109 187.046
190.255 182.818 182.528
191.892 176.775 179.179
188.552 172.237 175.230
183.214 171.454 171.155
177.930 173.980 167.224
174.839 180.261 164.373
175.531 187.350 162.120
181.239 191.085 160.263
187.117 191.947 158.192
192.303 188.197 154.190
194.993 183.188 150.277
194.893 178.188 145.149
192.867 175.288 138.578
190.025 177.066 133.497
185.415 179.635 130.556
182.773 186.363 129.252
183.800 192.433 130.725
188.536 198.172 131.125
195.672 199.780 128.633
199.649 201.021 124.285
202.514 199.876 118.835
202.211 198.881 112.921
199.586 196.494 108.558
194.878 194.415 105.225
188.563 195.235 104.085
183.421 198.791 105.936
181.060 205.349 107.368
181.350 211.592 104.927
183.681 216.761 100.919
186.959 217.548 94.780
187.158 216.570 88.887
184.136 214.876 83.675
181.518 209.699 80.616
177.017 206.725 79.341
171.499 204.196 80.499
166.481 205.459 85.542
163.197 210.492 87.706
159.745 216.761 87.922
156.866 220.502 83.776
154.681 222.610 77.609
151.336 221.128 72.737
149.113 217.412 68.145
147.410 211.299 67.018
144.933 205.278 70.248
142.415 201.918 74.993
139.931 201.185 80.864
137.244 203.833 86.015
132.297 207.243 87.802
126.284 208.980 87.207
120.603 208.760 85.127
116.489 204.512 81.143
114.589 198.586 80.004
115.232 191.383 79.327
116.352 187.601 81.872
119.557 182.893 85.068
124.262 181.196 90.468
124.213 181.921 95.665
122.567 185.958 101.129
117.967 187.344 104.745
111.883 184.973 106.514
107.542 179.818 108.514
105.080 172.755 108.640
106.846 167.114 108.639
111.186 161.853 109.881
116.835 159.249 109.862
122.759 159.727 111.282
126.475 163.220 115.233
126.412 166.131 121.266
124.323 167.433 127.312
123.246 162.891 132.202
122.539 157.328 135.507
124.234 149.978 136.331
128.914 144.837 133.808
134.387 143.537 131.411
139.460 143.744 129.360
144.003 146.625 125.756
145.546 153.430 124.579
147.913 158.283 128.803
150.642 159.479 134.772
154.859 157.990 140.314
159.415 153.078 142.336
163.953 148.453 140.379
168.134 146.267 136.101
171.243 145.273 130.152
173.639 146.900 124.247
172.912 151.838 120.168
173.074 158.481 119.592
175.904 164.190 123.084
180.244 167.318 125.756
187.201 166.425 127.289
192.795 164.514 126.803
197.615 161.448 122.507
199.359 158.378 117.317
198.399 160.474 110.928
195.905 163.043 105.732
192.390 167.547 103.298
189.359 173.144 104.088
191.012 180.400 105.062
194.908 184.637 105.089
200.830 187.396 105.756
207.368 187.115 104.995
16.616 -8.889 129.584
13.364 -11.806 124.817
9.003 -11.236 120.075
3.457 -8.553 116.884
0.991 -2.906 114.390
2.810 1.870 110.087
7.595 4.672 106.165
13.293 4.431 102.793
16.707 0.967 98.648
18.183 -3.925 94.596
18.343 -10.789 93.293
14.441 -14.500 90.256
8.649 -15.902 86.554
3.874 -13.124 83.136
0.312 -8.475 79.710
0.831 -2.540 78.898
2.032 1.975 73.942
6.626 6.412 71.044
11.464 5.398 66.733
14.488 2.104 62.242
14.961 -2.768 57.664
12.150 -7.938 53.985
6.306 -10.706 51.138
1.224 -8.181 48.336
-3.581 -3.874 47.080
14.233 1.247 41.583
12.853 7.011 44.595
8.525 8.736 49.705
2.395 8.202 53.352
-2.716 4.200 55.946
-4.277 -1.665 58.087
-2.363 -7.410 60.929
2.285 -11.035 63.573
8.603 -12.705 65.723
13.389 -10.314 69.250
17.230 -5.933 71.742
17.753 -1.998 77.299
14.934 3.224 80.807
9.998 3.507 85.201
4.454 1.894 88.717
1.387 -1.858 91.907
0.383 -7.179 96.231
3.178 -12.574 98.468
8.798 -14.672 101.949
14.111 -12.759 105.433
18.992 -8.502 106.755
20.330 -1.856 107.823
17.550 3.867 110.697
12.397 6.129 114.554
6.536 5.894 117.166
27.767 -15.454 -6.403
23.339 -12.134 -2.209
16.997 -12.423 0.642
11.975 -16.342 2.523
9.747 -22.331 4.823
11.388 -28.013 8.207
15.144 -29.994 13.483
19.957 -30.285 17.852
23.553 -26.797 22.318
25.753 -21.321 25.470
24.915 -15.024 27.261
21.474 -9.907 29.122
15.557 -7.915 31.956
9.534 -8.436 34.214
4.882 -12.430 37.093
16.172 -26.085 37.019
10.706 -26.571 33.535
6.298 -23.540 29.637
5.684 -18.469 25.292
7.728 -12.596 22.305
12.938 -9.895 19.368
19.255 -9.891 17.275
24.453 -13.146 15.088
28.927 -17.829 13.745
28.695 -22.970 9.819
26.429 -27.721 5.747
21.615 -31.351 2.630
15.725 -30.356 -0.442
11.871 -25.592 -3.137
10.936 -20.256 -6.733
-22.891 11.012 22.131
-18.667 6.113 19.369
-15.316 4.673 13.670
-11.536 7.273 8.621
-7.140 12.159 7.115
-4.927 18.357 7.088
-2.858 23.549 10.783
-1.434 27.154 15.828
0.710 27.618 21.986
4.030 25.159 26.815
7.158 20.604 30.695
11.703 15.559 29.445
13.818 10.245 26.172
16.192 8.269 20.047
18.163 9.877 13.641
20.314 26.214 18.758
16.221 24.483 13.704
13.330 19.472 10.543
10.798 13.090 11.717
8.770 9.121 16.685
4.538 8.384 21.418
0.107 9.431 26.332
-4.800 13.807 27.854
-8.839 18.639 26.884
-12.039 22.520 22.760
-13.808 26.266 17.390
-16.152 24.106 11.356
-18.330 20.650 6.427
-19.673 14.514 3.657
-21.214 8.038 5.271
26.940 17.751 9.019
31.176 22.663 11.766
34.548 24.093 17.467
38.318 21.523 22.493
42.687 16.627 24.003
44.895 10.406 24.033
46.972 5.224 20.329
48.391 1.609 15.285
50.523 1.136 9.118
53.849 3.603 4.290
56.946 8.167 0.425
61.529 13.160 1.679
63.638 18.473 4.951
66.038 20.472 11.060
68.020 18.879 17.475
70.160 2.511 12.408
66.044 4.256 17.450
63.142 9.280 20.562
60.593 15.663 19.409
58.579 19.647 14.471
54.360 20.380 9.729
49.924 19.334 4.808
45.019 14.934 3.294
40.962 10.119 4.267
37.767 6.248 8.393
35.980 2.506 13.748
33.656 4.655 19.781
31.503 8.123 24.720
30.149 14.276 27.489
28.600 20.719 25.850
15.696 -14.616 -54.658
18.661 -12.019 -49.793
19.298 -9.118 -44.488
16.560 -7.580 -38.695
12.301 -8.397 -33.978
6.686 -11.046 -31.169
3.206 -16.601 -29.456
3.945 -23.359 -28.766
7.890 -29.514 -29.670
13.956 -31.391 -28.853
20.314 -29.944 -26.986
25.027 -26.263 -23.634
27.328 -21.522 -19.536
26.664 -19.450 -13.287
22.636 -18.208 -7.968
18.221 -21.793 -3.783
17.545 -26.935 -0.202
20.064 -31.093 4.010
24.860 -33.436 8.487
28.512 -30.241 12.038
30.489 -17.322 1.824
35.656 -19.812 -0.708
36.082 -25.084 -4.948
34.823 -31.141 -6.984
30.557 -36.111 -9.174
23.667 -37.588 -10.024
17.212 -35.116 -10.695
13.042 -30.809 -11.724
11.367 -24.103 -12.824
13.255 -18.074 -13.812
16.833 -14.655 -18.310
20.567 -15.117 -23.961
22.648 -18.601 -29.639
20.751 -22.811 -34.558
16.702 -24.561 -38.610
10.629 -24.625 -41.665
4.178 -21.732 -42.605
1.033 -15.549 -42.246
1.252 -9.490 -43.596
2.309 -4.019 -45.157
22.228 -2.715 33.068
24.121 -0.770 27.291
24.717 -2.743 21.194
24.792 -7.619 16.253
20.164 -10.969 13.239
14.076 -12.058 11.806
8.763 -16.359 10.936
2.231 -15.379 10.761
-3.452 -11.701 10.757
-6.625 -5.988 11.035
-7.658 -1.285 6.624
9.474 -0.743 -0.142
7.035 3.741 4.306
4.983 4.251 10.688
2.172 2.332 16.373
2.742 -1.687 21.062
7.401 -2.946 25.875
8.349 -8.698 26.937
11.380 -14.802 26.400
16.654 -18.465 24.259
22.953 -18.758 23.065
29.202 -16.491 24.200
6.418 62.502 45.909
1.416 62.725 40.237
-0.356 67.556 35.324
0.871 73.349 31.962
6.160 76.961 28.478
11.482 76.060 25.586
17.086 72.536 24.007
20.658 66.721 23.483
20.212 61.161 20.223
18.188 56.937 16.308
13.384 53.969 12.364
9.049 55.052 7.631
6.858 58.628 2.811
8.494 63.364 -1.414
11.800 69.051 -3.359
17.717 72.447 -3.496
23.310 54.084 -3.979
26.332 57.470 1.505
26.712 63.567 4.719
23.388 68.986 6.782
17.928 71.944 8.533
11.329 73.293 9.378
5.560 70.451 11.237
2.554 65.469 14.342
2.022 60.078 18.334
5.127 57.313 23.476
10.014 56.401 28.109
14.663 59.297 32.173
18.637 64.253 34.489
18.302 70.271 36.901
15.364 76.110 38.718
9.791 78.873 41.335
3.858 34.096 51.953
6.672 37.040 46.650
12.091 37.794 43.492
17.363 36.597 39.150
19.517 32.537 34.080
18.313 27.805 29.317
13.483 24.461 25.851
8.306 25.607 22.332
3.543 29.698 19.715
0.585 35.143 18.457
0.893 41.051 16.437
3.476 46.248 13.861
8.721 49.542 10.800
13.160 48.948 6.813
17.617 45.988 2.400
16.834 41.916 -2.488
14.122 36.441 -5.528
8.373 32.732 -6.711
6.423 53.816 -10.020
3.847 51.220 -7.437
-1.125 47.923 -3.540
-2.099 41.776 -0.701
0.540 35.729 1.049
5.501 32.766 3.917
11.408 30.714 5.648
16.303 33.374 9.896
19.828 38.441 12.638
19.063 42.616 17.640
15.439 44.629 22.691
10.206 44.871 27.005
4.982 41.903 29.955
0.841 36.653 31.561
0.507 30.105 32.834
3.301 24.239 34.175
8.602 20.811 36.677
14.265 20.793 40.152
-6.277 3.012 -23.511
-8.792 -0.498 -26.165
-6.103 -0.183 -20.035
-5.832 -3.283 -13.980
-7.069 -9.024 -11.425
-8.798 -15.409 -10.795
-9.231 -21.505 -13.747
-9.782 -25.679 -19.109
-6.018 -28.014 -23.866
-1.286 -28.110 -29.009
5.034 -27.164 -29.430
11.530 -25.399 -27.705
15.707 -25.766 -22.457
5.532 -43.132 -23.353
2.186 -38.843 -19.343
2.813 -35.283 -13.501
5.355 -29.418 -11.141
7.974 -23.388 -12.186
6.679 -17.383 -16.686
6.392 -15.349 -22.958
1.877 -14.993 -28.177
-4.334 -15.775 -29.738
-11.012 -16.221 -28.649
-16.498 -17.571 -24.901
-19.132 -14.635 -19.580
-19.950 -10.598 -14.315
2.303 52.422 3.996
5.994 57.908 6.088
5.837 63.549 9.901
3.478 66.827 15.093
-1.201 67.997 20.050
-4.155 64.383 24.751
-4.921 59.536 28.698
-1.670 54.464 32.367
3.450 52.115 34.712
10.099 52.072 35.661
16.138 54.804 33.452
19.654 60.363 33.189
21.441 66.215 35.694
21.301 70.536 40.566
18.869 73.159 46.046
15.232 71.688 52.014
14.312 67.217 55.801
16.536 62.078 59.091
21.295 58.420 61.322
27.869 56.675 62.390
33.902 58.109 62.608
38.242 62.589 62.656
41.069 68.558 63.535
40.301 75.042 67.202
37.777 78.162 72.305
29.338 62.256 77.202
25.295 67.833 74.830
25.277 73.496 70.951
26.986 75.904 65.154
30.851 76.459 59.760
33.015 72.540 54.914
33.541 66.769 51.633
31.894 60.336 49.583
26.914 55.981 49.721
20.156 54.342 50.182
14.063 56.547 50.892
9.344 60.879 49.517
6.456 65.774 46.239
5.726 68.670 40.423
8.496 70.345 33.975
12.969 68.803 29.257
14.880 63.490 25.836
13.796 57.146 24.524
10.203 52.952 21.919
4.736 48.980 20.557
-1.938 49.605 19.621
-6.767 53.324 18.162
-10.330 59.252 16.895
-9.408 64.817 13.115
-6.855 67.839 7.914
306.918 156.401 264.601
312.363 159.303 268.483
314.231 165.285 271.559
312.610 171.131 273.682
308.634 176.301 274.581
302.218 178.289 274.785
296.043 177.244 276.288
290.945 173.020 277.972
288.909 166.156 280.145
288.744 163.077 285.461
292.038 160.062 291.462
293.419 162.958 297.098
294.276 166.700 301.815
293.231 172.258 305.624
289.376 177.548 307.100
283.264 179.412 306.083
277.736 180.732 302.111
273.521 177.381 298.864
270.706 170.608 297.722
269.501 164.877 301.433
269.197 161.778 307.426
268.218 162.318 313.911
264.021 165.020 318.575
258.289 168.141 320.441
252.594 171.237 318.987
247.827 173.081 314.974
244.308 172.740 308.351
244.179 168.781 303.221
244.644 162.192 301.395
244.913 155.562 303.451
242.823 151.218 308.085
237.959 148.895 311.420
231.765 148.091 313.505
225.510 149.258 310.874
221.100 151.623 307.030
219.498 153.208 300.651
221.418 155.461 293.954
224.507 154.261 288.764
230.160 151.709 285.177
231.504 145.666 283.350
230.840 139.139 283.510
226.481 134.123 282.504
220.924 132.573 279.708
216.736 133.957 274.553
215.492 137.015 269.041
214.779 142.704 265.073
218.354 145.174 261.220
224.946 148.576 260.159
231.120 146.094 258.691
235.650 141.293 258.091
237.975 135.302 256.422
237.640 132.187 250.794
235.216 130.269 245.073
232.759 130.431 239.258
232.712 133.895 233.907
233.677 139.219 230.170
236.059 145.257 229.516
240.215 149.750 231.368
243.863 151.893 236.709
249.664 149.461 239.379
254.621 144.815 240.786
259.108 141.780 237.561
263.245 140.673 232.306
266.022 143.154 227.121
268.149 147.521 222.767
270.058 153.814 222.262
270.544 160.066 224.188
268.256 165.015 228.432
269.224 166.309 234.609
270.866 164.438 240.800
275.348 160.752 244.745
281.628 159.198 244.991
287.880 160.831 243.604
292.063 165.636 242.196
294.346 171.544 240.836
294.739 177.746 241.897
292.205 183.612 243.548
286.777 186.822 246.132
283.741 186.848 251.805
281.185 183.164 256.858
283.803 180.511 262.531
288.965 178.085 266.290
294.480 180.147 269.505
297.103 185.404 272.316
298.898 191.867 273.755
295.772 197.589 274.969
290.596 201.303 276.911
283.939 202.173 277.274
278.025 199.604 278.125
274.487 193.999 279.833
275.155 188.445 283.837
277.700 186.839 290.144
278.355 188.480 295.696
276.265 191.956 300.870
272.904 196.926 304.347
267.906 200.487 305.342
261.693 202.891 303.498
256.190 203.196 299.850
252.520 200.798 295.496
250.996 195.634 291.068
249.484 189.731 291.903
250.092 183.176 295.221
246.861 180.807 300.493
242.478 180.741 305.350
237.237 182.201 308.961
231.457 184.714 310.047
226.507 188.399 306.677
221.786 188.283 301.293
221.634 189.515 294.400
223.328 185.764 289.107
226.390 180.063 286.872
225.489 173.119 287.262
223.863 167.268 290.301
218.278 163.927 290.503
211.718 162.123 291.194
205.884 163.942 288.590
202.778 167.104 283.328
202.766 171.858 277.881
206.025 173.421 272.238
211.049 173.375 267.952
217.704 170.927 267.081
220.365 165.036 265.275
219.848 158.869 263.137
216.801 153.548 260.410
212.152 152.336 255.642
207.826 155.509 250.386
206.681 160.608 246.739
209.829 166.269 244.008
215.123 169.926 242.241
221.001 170.745 240.924
228.304 169.573 241.673
232.225 164.986 239.418
233.114 158.159 238.012
233.148 155.966 231.330
232.451 157.291 224.827
232.693 160.660 219.581
234.768 166.178 216.325
238.248 173.023 216.077
240.764 177.934 219.600
245.966 178.881 223.628
251.323 176.354 227.765
256.097 172.376 228.512
260.205 167.548 226.019
264.078 165.350 221.059
264.928 163.927 214.415
258.362 181.007 212.326
256.345 175.555 209.074
252.546 169.455 209.995
253.324 162.580 213.110
252.631 160.363 218.787
249.927 161.420 225.134
248.319 165.788 230.015
245.255 170.452 232.425
240.572 175.034 231.267
234.529 176.455 229.436
228.521 174.952 227.572
223.988 171.336 225.437
220.666 165.954 227.219
218.844 160.201 229.974
219.877 155.343 234.705
222.566 153.718 240.478
226.785 156.186 245.432
226.553 161.909 248.789
223.060 168.414 250.048
217.040 170.740 251.128
210.250 169.658 251.890
205.169 165.785 253.647
203.169 161.208 258.129
203.207 159.074 264.380
207.645 156.350 269.281
212.335 157.429 273.402
218.543 160.760 274.398
219.839 167.118 275.294
217.329 174.085 275.688
212.372 177.356 278.537
207.981 178.639 283.327
206.839 177.437 289.862
208.577 175.344 295.796
213.731 172.646 299.667
219.781 170.368 300.680
226.570 170.871 299.055
231.380 174.165 295.703
233.596 179.427 292.397
234.206 185.741 290.117
233.859 191.085 293.190
233.299 196.079 296.948
235.990 197.839 303.783
240.334 197.184 307.987
245.564 193.136 310.002
251.651 190.235 309.764
256.781 186.330 306.331
258.044 184.891 300.551
259.900 186.408 293.303
259.608 191.795 289.367
260.575 199.109 288.182
263.627 204.220 289.978
269.477 206.677 292.309
275.363 206.527 294.067
281.174 204.092 293.654
286.105 198.852 294.200
288.210 193.526 290.471
287.397 187.399 287.752
283.409 184.973 282.674
280.717 186.779 276.760
279.574 191.666 272.189
281.860 196.510 267.989
287.301 197.980 264.820
293.336 197.022 261.960
298.221 192.795 260.652
299.658 186.592 258.234
298.440 180.281 256.970
294.769 174.448 258.160
288.962 172.525 256.156
282.496 173.908 254.348
278.544 177.457 250.212
278.502 178.323 243.378
281.278 178.799 237.324
284.386 175.468 232.737
286.104 169.366 230.809
285.599 163.036 230.188
283.325 157.070 231.167
280.859 151.931 235.303
274.530 151.378 237.769
269.129 154.754 240.682
263.397 157.406 238.033
259.780 160.175 232.786
257.567 158.889 226.716
255.281 153.807 222.855
253.546 147.511 222.025
253.257 140.786 222.793
251.912 136.495 227.671
249.245 135.004 233.496
249.103 137.347 240.033
245.429 141.310 243.710
242.041 147.333 243.941
236.129 149.673 241.939
229.955 148.463 240.486
224.588 144.369 241.783
222.545 138.707 245.390
222.285 132.376 246.877
223.769 128.934 252.330
225.820 128.677 258.815
229.216 131.204 263.887
233.351 136.114 266.267
232.283 141.970 268.408
228.453 148.358 267.790
222.477 149.948 270.782
216.420 148.932 273.402
213.541 146.095 278.853
213.480 142.442 284.607
216.395 139.156 289.523
221.118 138.824 293.550
228.183 139.288 295.467
234.096 142.787 293.727
235.081 149.213 292.925
233.467 155.630 294.267
229.140 160.147 297.112
226.705 162.136 302.551
227.484 162.844 309.370
229.963 162.111 315.285
236.244 160.366 317.854
241.812 156.313 318.134
247.738 155.151 314.795
251.747 156.280 309.761
253.141 160.061 304.317
254.490 166.279 301.845
255.358 172.902 302.980
258.271 177.056 306.829
262.668 179.311 311.024
268.534 177.204 315.186
272.065 171.974 317.442
275.858 167.018 314.960
277.277 162.868 309.727
279.439 163.319 303.309
278.502 165.167 296.950
279.251 171.244 292.895
283.027 176.425 292.077
287.492 181.293 293.208
294.380 180.501 293.166
299.926 176.611 292.566
303.247 170.860 291.941
304.372 164.991 288.804
302.082 160.671 284.306
296.577 158.943 279.622
294.523 161.291 274.112
294.173 166.104 269.498
296.445 171.637 266.174
301.442 174.629 263.201
307.971 175.315 261.389
314.030 172.997 260.908
17.095 -15.141 27.967
11.681 -12.195 24.309
8.098 -6.640 22.088
8.639 -0.217 20.155
12.593 4.609 17.331
18.429 6.355 14.628
24.563 5.184 12.335
28.398 0.403 8.974
29.244 -6.111 5.887
27.269 -9.272 0.437
24.222 -9.572 -5.595
24.111 8.991 -4.391
17.421 6.787 -3.053
12.911 1.488 -2.529
12.467 -5.039 -0.679
14.612 -10.229 2.893
19.109 -11.926 8.069
23.971 -10.884 12.601
26.735 -6.754 17.275
26.876 -0.601 20.502
23.450 3.257 24.764
18.683 3.562 29.262
8.945 -66.654 32.270
15.681 -65.002 31.334
20.624 -60.797 32.613
23.157 -56.185 36.049
23.108 -50.654 40.438
20.733 -49.674 46.295
17.194 -50.148 52.107
15.158 -55.493 55.912
17.376 -60.067 59.839
32.491 -60.322 49.073
28.344 -65.660 49.127
21.839 -67.247 48.103
15.632 -66.902 47.354
10.351 -62.595 46.493
8.454 -56.816 44.778
9.131 -50.183 42.333
12.006 -48.141 36.426
14.038 -49.070 30.205
96.001 0.883 21.468
96.226 6.786 19.584
97.780 10.286 14.181
97.098 11.103 8.222
94.644 10.240 2.134
90.275 7.818 -1.782
86.531 12.603 -0.692
81.568 14.324 -2.585
76.444 15.455 -0.042
73.966 20.210 4.277
74.093 24.068 10.308
76.863 29.347 11.924
79.103 35.137 11.155
75.261 32.302 -7.078
81.406 30.033 -5.934
87.007 29.609 -3.572
90.169 27.447 1.750
89.627 26.657 9.065
85.885 23.217 13.886
80.718 19.111 15.625
78.424 13.251 14.296
81.109 6.923 13.749
81.543 1.193 10.192
86.524 -2.385 8.057
92.388 -3.645 4.461
98.868 -1.372 4.797
-95.575 6.688 22.832
-92.352 0.547 25.384
-94.462 -5.962 24.287
-96.822 -10.448 20.008
-97.720 -12.619 13.796
-98.399 -12.126 7.063
-94.844 -10.624 1.596
-90.253 -8.282 -1.430
-86.691 -12.465 -0.366
-81.202 -14.527 -2.505
-76.216 -15.567 0.228
-73.704 -20.656 4.163
-74.446 -26.882 6.693
-77.703 -32.303 9.072
-81.109 -37.324 5.751
-87.246 -27.063 -7.387
-91.037 -28.082 -2.555
-92.791 -28.145 3.982
-89.675 -27.121 9.872
-85.479 -23.616 13.833
-80.933 -18.986 15.452
-78.626 -13.405 14.460
-81.055 -7.226 14.128
-81.676 -1.386 10.653
-86.791 1.825 7.996
-92.775 2.086 4.757
-99.424 0.599 5.624
-104.265 -2.213 9.348
-106.146 -4.632 15.787
-14.975 -13.466 -17.267
-8.470 -12.270 -16.621
-3.272 -8.235 -18.221
-2.315 -1.199 -19.166
-4.309 5.180 -19.326
-6.642 10.364 -16.463
-10.954 12.972 -11.652
-11.103 12.376 -5.081
-10.136 8.204 0.563
-5.273 4.893 3.978
1.370 3.352 4.934
7.341 5.436 4.497
13.097 9.058 3.600
14.653 15.774 4.930
11.830 21.792 6.577
8.537 25.488 10.644
11.407 11.994 22.277
4.851 12.178 21.046
-0.342 15.300 18.040
-1.206 18.907 11.972
0.872 21.777 6.321
3.114 21.253 0.361
7.575 17.992 -3.928
7.637 11.653 -6.177
6.592 4.759 -4.598
1.810 0.329 -2.977
-4.889 -1.169 -1.955
-10.886 0.039 -3.749
-16.620 2.418 -6.751
-18.031 3.973 -13.481
-15.297 5.035 -19.680
-11.858 2.903 -24.618
5.819 -7.297 -4.859
12.309 -8.478 -5.490
17.496 -12.527 -3.895
18.451 -19.556 -2.946
16.452 -25.943 -2.780
14.111 -31.120 -5.635
9.796 -33.735 -10.434
9.632 -33.142 -17.016
10.616 -28.961 -22.651
15.480 -25.678 -26.075
22.126 -24.144 -27.051
28.088 -26.228 -26.612
33.836 -29.864 -25.706
35.387 -36.578 -27.030
32.562 -42.591 -28.674
29.254 -46.283 -32.732
32.134 -32.796 -44.382
25.570 -32.968 -43.143
20.382 -36.099 -40.138
19.516 -39.706 -34.059
21.601 -42.572 -28.404
23.860 -42.039 -22.454
28.304 -38.783 -18.165
28.371 -32.450 -15.924
27.332 -25.550 -17.492
22.562 -21.113 -19.124
15.844 -19.639 -20.151
9.859 -20.820 -18.344
4.113 -23.201 -15.350
2.715 -24.744 -8.609
5.449 -25.813 -2.417
8.892 -23.679 2.523
-113.184 23.983 -27.056
-109.971 17.984 -27.148
-103.902 14.488 -28.286
-97.405 14.461 -31.200
-91.756 17.984 -32.337
-87.995 22.700 -30.488
-84.925 25.258 -25.512
-84.683 29.210 -20.352
-86.613 27.891 -13.781
-87.957 24.302 -8.136
-86.986 18.777 -5.076
-83.888 12.906 -4.304
-79.764 8.515 -5.946
-73.935 7.448 -8.718
-67.872 8.580 -10.566
-62.295 11.561 -9.636
-58.297 16.601 -7.991
-69.772 10.306 7.706
-70.989 16.935 5.880
-70.227 21.882 2.058
-70.037 24.513 -4.145
-68.007 24.023 -10.942
-70.197 19.895 -15.769
-74.135 14.861 -18.168
-78.783 10.048 -18.386
-85.142 9.262 -18.001
-91.276 11.564 -17.084
-95.969 15.913 -14.190
-97.685 21.919 -14.218
-98.887 27.782 -17.875
-97.053 32.623 -22.376
-97.193 32.445 -29.062
-98.228 29.918 -34.711
-99.786 25.501 -39.740
14.500 43.779 3.132
15.333 37.293 2.073
13.248 30.991 0.815
9.169 27.416 1.748
11.991 26.851 7.044
-60.288 38.543 -0.727
-53.704 38.403 -2.027
-49.547 43.656 -3.368
-47.709 49.253 -6.944
-49.450 55.417 -7.398
-52.836 61.069 -4.908
-56.604 63.825 -0.104
-58.092 64.552 6.249
-56.464 63.923 12.782
-53.486 60.456 17.971
-48.480 56.686 20.575
-41.851 55.884 20.460
-35.826 57.803 18.351
-31.674 62.642 18.019
-30.174 69.434 18.190
-32.706 75.831 17.099
-45.293 73.723 28.918
-45.990 75.810 22.732
-43.999 76.438 16.275
-40.797 73.757 11.215
-38.238 68.789 7.906
-38.400 62.087 6.671
-39.166 55.719 9.393
-43.431 51.603 12.740
-49.485 49.677 12.645
-55.549 49.509 10.223
-61.468 52.535 7.708
-64.189 55.884 2.853
-64.376 56.254 -3.783
-62.523 54.638 -9.671
-59.462 51.011 -14.484
-56.188 45.603 -16.413
5.296 70.687 10.950
1.314 65.663 12.900
-5.157 66.134 13.787
-10.731 68.278 17.649
-14.364 73.321 17.793
-16.944 79.383 15.167
-16.780 84.023 10.166
-16.391 85.452 3.726
-17.010 83.553 -2.625
-15.979 78.915 -7.749
-16.087 72.740 -10.210
-19.480 66.930 -9.954
-24.611 63.210 -7.791
-31.015 62.909 -7.386
-37.218 65.819 -7.719
-40.959 71.422 -7.421
-31.718 80.628 -18.745
-32.805 82.314 -12.502
-34.462 81.099 -6.036
-34.221 77.212 -0.881
-31.780 72.170 2.501
-26.441 68.170 3.812
-20.989 64.789 1.106
-15.065 65.708 -2.189
-9.978 69.349 -2.194
-6.065 74.071 0.255
-4.942 80.655 2.514
-5.994 85.140 7.305
-6.046 85.421 14.019
-5.757 83.013 19.900
-4.476 78.658 24.673
-2.601 72.499 26.743
2.705 39.709 66.366
3.316 35.158 65.287
8.844 30.534 66.039
15.728 30.294 65.589
20.957 33.281 68.581
23.369 37.944 72.912
22.307 41.187 78.579
19.217 42.233 84.555
15.775 39.003 89.194
13.264 33.842 92.169
13.432 27.542 94.353
17.432 23.012 96.305
31.443 33.908 89.705
32.617 29.032 87.984
28.661 25.005 84.490
22.477 22.008 83.299
15.890 21.972 82.884
10.603 26.119 82.134
7.752 32.165 82.114
7.629 39.032 81.880
10.854 44.188 78.835
15.495 46.170 74.251
19.147 44.564 68.782
19.922 41.646 63.225
27.457 29.862 68.669
28.412 34.150 70.233
34.159 38.472 69.950
41.146 38.368 69.948
46.096 34.886 66.875
47.770 31.075 61.608
46.057 28.726 55.506
41.676 28.239 50.186
38.319 31.904 46.226
37.499 37.287 42.565
38.253 43.959 40.745
42.089 49.281 40.102
53.349 35.110 44.334
56.072 39.734 47.246
53.047 44.442 50.975
47.093 47.623 52.464
40.477 48.281 53.050
35.086 44.388 54.064
32.011 38.457 53.618
31.827 31.552 53.376
34.963 26.046 55.843
39.533 23.408 60.101
43.488 24.036 65.509
44.442 25.897 71.503
-40.333 72.295 8.623
-36.249 68.547 11.015
-30.001 67.262 13.262
-24.871 70.325 15.677
-20.194 75.203 16.914
-19.343 81.281 18.445
-22.261 86.831 21.071
-27.323 88.905 25.390
-32.865 88.033 28.914
-36.353 84.156 33.245
-36.756 78.433 37.013
-33.218 73.986 40.764
-27.899 72.266 44.431
-22.945 73.900 48.529
-19.348 78.170 52.218
-29.543 92.117 46.583
-23.925 91.674 44.441
-18.723 88.074 42.011
-17.909 82.313 38.995
-18.911 75.892 37.269
-23.303 71.450 35.035
-29.496 70.590 32.592
-34.823 73.385 29.258
-37.770 78.447 26.075
-37.167 83.363 21.528
-32.854 87.457 17.885
-27.490 87.564 13.736
-24.027 84.197 8.955
-22.092 78.852 5.605
-23.108 73.131 2.578
12.462 24.726 34.653
8.284 20.024 37.368
7.243 18.357 43.654
6.992 21.096 48.996
8.502 24.749 54.116
3.661 21.041 56.599
3.260 14.334 54.596
1.656 7.902 56.200
1.604 4.287 61.654
0.657 5.296 67.605
-2.903 3.012 73.057
226.934 213.571 228.779
228.866 215.861 223.825
235.598 218.734 222.338
240.857 219.168 223.345
246.614 219.254 227.289
249.625 215.396 231.729
250.375 209.255 234.019
248.889 202.528 234.230
247.304 196.005 230.531
248.126 193.199 224.627
250.943 193.173 218.261
256.374 194.919 214.530
262.415 197.262 213.683
268.628 199.030 215.313
274.137 198.603 218.168
277.329 193.631 221.329
276.923 188.421 225.694
273.762 182.984 227.760
270.152 177.387 226.953
267.759 173.346 224.181
268.185 169.436 217.702
284.360 178.717 216.223
280.414 181.383 210.769
274.340 181.807 209.327
267.363 182.065 209.517
262.122 182.012 213.865
260.313 183.052 220.385
261.883 185.904 226.306
264.644 189.003 231.436
266.267 195.149 233.231
266.109 201.418 231.152
262.673 205.572 226.847
259.620 208.233 222.516
254.844 208.991 218.524
248.962 207.199 216.641
243.543 202.680 217.232
238.861 200.622 222.931
237.635 201.947 230.305
238.481 206.088 236.676
240.412 212.509 240.312
240.856 220.095 239.851
238.622 225.127 236.505
225.695 207.921 237.460
226.156 211.087 231.265
231.569 214.377 227.071
237.808 216.946 226.689
244.282 217.432 229.027
249.298 214.943 233.230
251.820 209.892 236.538
252.264 203.086 236.718
250.877 196.898 234.901
248.848 192.701 229.102
248.817 191.455 222.283
252.510 192.381 216.674
257.413 195.423 213.303
263.247 198.450 213.007
269.235 200.735 214.268
274.739 198.899 216.702
278.280 193.724 219.474
279.074 187.776 222.337
277.210 181.252 222.214
274.341 175.990 219.562
271.319 172.185 214.263
271.155 172.943 206.939
274.125 174.977 201.257
279.942 176.422 198.337
286.775 176.705 197.746
284.877 163.432 209.454
288.483 166.922 212.653
290.817 173.225 212.718
288.691 179.373 211.282
285.131 183.822 207.275
278.298 185.473 204.156
273.259 186.295 205.127
266.752 185.844 208.132
263.949 183.675 213.939
263.883 182.322 220.542
265.566 185.180 225.975
267.151 190.267 229.407
267.218 196.464 230.432
265.709 202.702 227.838
262.280 206.460 223.759
257.074 207.986 220.105
250.835 206.732 217.258
245.004 203.989 218.857
240.838 200.309 222.756
238.460 199.435 228.949
239.089 200.210 235.720
240.682 204.565 240.663
242.214 210.915 242.853
241.838 217.742 241.904
238.137 222.450 239.035
273.315 220.871 217.450
274.711 218.611 216.202
5.649 -5.760 7.151
6.803 -0.076 8.275
7.011 5.495 9.514
3.341 9.725 11.592
-1.843 9.229 13.320
-5.953 5.037 13.515
-5.532 -1.056 17.278
-3.612 -5.630 16.645
-7.809 -0.589 16.668
-4.956 -5.676 16.853
-0.506 -8.843 15.174
4.080 -7.345 11.642
7.183 -3.087 9.404
6.123 3.277 12.123
2.884 7.159 14.689
-7.684 -3.641 8.356
-1.720 -7.306 8.099
4.534 -5.973 10.507
6.834 -1.408 8.339
7.013 4.018 7.254
1.212 7.641 9.211
-3.462 8.198 12.130
6.551 4.160 12.879
2.616 -0.046 10.370
-1.445 -5.399 10.379
-5.344 -9.584 13.989
-9.771 -9.548 18.423
-13.553 -8.782 24.145
-16.437 -3.834 27.194
-18.862 1.943 28.423
-19.960 8.756 28.300
-23.831 11.876 24.180
-26.956 12.663 18.333
-26.588 -4.118 12.713
-22.200 -0.034 10.988
-17.914 4.959 10.775
-14.070 9.750 13.351
-9.358 9.449 17.890
-5.867 8.183 23.755
-4.314 3.768 28.532
-0.928 -1.693 28.633
0.755 -8.318 28.282
3.982 -11.951 23.730
6.713 -12.717 17.469
17.123 49.549 -18.898
18.629 43.323 -17.338
21.404 37.663 -17.071
27.470 35.087 -15.608
33.513 35.358 -13.955
38.698 38.760 -11.475
42.021 44.642 -9.836
41.167 49.546 -5.592
38.494 50.743 0.578
33.889 49.429 5.534
32.102 45.299 10.300
32.997 39.676 13.814
37.825 35.515 16.424
43.706 32.652 16.698
50.483 33.717 16.966
56.286 36.522 16.142
60.178 42.161 17.735
60.969 47.776 21.062
59.774 52.770 25.127
56.088 56.443 29.674
61.800 36.968 33.490
55.100 36.422 32.996
49.368 39.876 33.121
45.472 44.774 31.216
44.070 50.265 27.278
46.469 53.533 22.192
49.768 53.729 16.348
51.951 50.897 10.989
51.935 45.270 7.360
52.086 39.027 5.254
47.256 34.762 4.077
41.561 31.556 4.019
34.838 32.065 3.909
29.154 35.770 4.741
26.934 41.584 2.199
27.532 48.158 0.303
30.376 52.047 -4.532
34.453 53.218 -9.711
37.173 50.944 -15.414
37.134 46.945 -20.751
18.357 70.828 35.194
20.342 77.040 33.722
23.586 82.357 33.476
29.885 84.552 32.115
35.822 83.918 30.079
40.756 80.266 27.431
43.647 74.224 25.476
42.255 69.440 21.248
39.376 68.469 15.101
34.707 70.143 10.325
33.096 74.488 5.756
34.271 80.007 2.288
39.390 83.889 -0.382
45.455 86.168 -0.891
52.182 84.601 -1.296
57.792 81.372 -0.601
61.185 75.459 -2.421
61.424 69.907 -5.839
59.834 65.070 -9.900
55.763 61.807 -14.472
62.903 80.888 -17.783
56.298 81.941 -17.078
50.256 78.946 -17.249
46.013 74.380 -15.455
44.275 68.892 -11.565
46.434 65.367 -6.623
49.750 64.751 -0.776
52.269 67.355 4.563
52.811 72.833 8.347
53.568 78.928 10.549
49.196 83.633 11.866
43.786 87.351 12.071
36.996 87.463 12.265
30.980 84.287 11.650
28.333 78.496 14.105
28.548 71.879 15.875
31.333 67.585 20.509
35.359 66.077 25.510
38.304 67.973 31.248
38.676 71.818 36.592
155.739 142.038 86.160
160.553 146.401 88.722
161.229 153.764 89.385
158.742 159.931 88.979
153.306 163.466 90.570
147.687 164.472 93.961
143.035 162.672 98.710
142.073 159.571 104.532
144.151 155.868 109.593
149.132 154.072 113.890
155.499 155.275 115.924
160.000 159.537 117.829
162.022 165.814 119.858
160.231 171.776 122.040
155.516 175.802 124.776
150.004 176.604 128.276
143.861 173.814 130.574
140.873 168.047 132.415
141.422 162.130 135.018
144.278 157.686 138.312
150.155 155.856 141.537
154.037 157.483 146.883
155.251 161.514 152.220
152.647 165.620 157.228
147.295 165.785 161.517
141.385 163.023 164.061
136.763 157.942 164.563
135.140 152.046 163.617
136.839 145.909 161.768
141.760 141.844 160.952
147.907 139.656 162.633
152.197 138.862 167.937
153.313 137.916 174.246
150.724 134.821 179.589
146.518 130.703 182.152
141.009 126.800 182.272
136.633 122.877 178.979
134.536 119.587 173.739
134.971 118.068 167.295
139.299 117.676 161.918
145.454 115.087 160.734
150.585 111.396 162.243
153.137 105.690 164.832
152.116 99.435 166.610
148.018 94.109 167.140
143.038 90.781 164.423
136.980 90.316 160.528
134.502 92.762 155.340
134.826 95.915 149.802
137.803 97.786 144.505
143.198 97.551 140.456
148.917 94.595 138.371
151.289 88.740 136.326
150.186 82.690 134.088
146.315 77.669 132.098
141.817 75.754 128.597
136.078 75.692 124.932
131.675 79.200 121.199
129.641 84.671 118.642
130.393 91.366 118.143
135.249 96.240 117.404
141.524 97.262 114.796
145.911 96.241 109.988
146.590 94.385 103.602
144.032 93.888 97.849
139.221 93.359 93.124
133.601 96.546 90.744
129.711 101.428 90.756
126.373 106.272 93.466
126.619 111.395 98.223
131.072 115.616 101.029
136.945 119.199 100.297
140.815 122.436 96.118
142.085 125.133 90.221
139.786 127.961 84.713
134.996 131.218 81.604
129.075 134.457 81.694
123.356 136.812 84.718
120.671 138.637 90.434
120.818 140.900 96.126
124.564 141.443 101.535
130.000 145.227 103.870
135.182 149.247 102.599
136.624 155.541 100.484
134.316 161.549 98.994
129.624 166.141 98.611
124.397 169.030 101.479
118.430 168.568 105.161
116.092 165.521 110.349
116.225 161.305 114.962
120.124 159.421 120.637
126.361 159.181 123.615
130.354 163.230 127.067
131.028 168.890 130.431
129.046 173.215 133.260
123.836 176.731 136.909
118.423 176.271 140.490
112.678 173.033 142.282
108.547 167.563 142.287
108.275 161.169 143.923
111.218 155.250 145.220
116.575 152.113 147.310
122.124 151.529 151.307
124.641 153.426 157.238
124.481 156.001 162.999
120.587 156.289 168.871
116.071 154.124 172.881
110.971 149.800 174.607
107.175 144.621 172.317
105.746 139.626 167.691
108.532 134.909 164.479
113.506 131.331 162.516
119.408 128.189 163.944
124.478 126.745 168.506
125.193 123.488 173.965
123.060 119.352 178.671
118.855 114.515 180.402
113.516 110.604 179.483
109.290 107.325 175.208
106.857 107.432 168.858
107.407 107.523 162.590
111.641 108.709 157.259
117.467 106.263 154.791
122.471 101.631 154.639
124.139 95.207 155.852
121.958 88.917 156.092
116.542 84.769 155.885
109.982 83.509 152.515
105.714 85.400 147.507
104.365 88.949 142.260
105.229 92.498 137.007
109.799 95.760 133.061
115.591 94.759 129.778
120.324 90.289 127.395
120.567 85.016 123.671
118.003 80.244 119.936
113.318 78.282 115.640
108.213 79.629 111.972
103.612 84.094 109.482
101.757 90.596 108.276
103.845 96.979 107.466
108.581 101.377 105.813
114.356 102.836 102.881
119.603 101.068 99.131
121.448 98.872 93.260
120.803 94.870 87.586
116.051 92.953 82.979
110.447 93.586 79.961
105.396 98.110 78.815
101.708 102.252 77.989
100.883 108.825 78.112
103.277 115.456 77.918
107.800 119.932 76.026
112.287 121.611 71.186
115.681 119.593 65.893
115.403 114.752 61.056
110.954 110.928 57.029
104.416 109.709 53.915
98.371 112.632 52.365
93.921 117.769 50.928
93.336 123.804 49.604
96.494 130.170 49.529
102.287 135.115 49.092
106.356 135.960 44.407
110.768 133.159 39.838
110.971 129.746 33.946
108.336 127.933 27.695
103.635 129.250 23.131
98.050 132.614 20.290
95.933 138.821 19.346
95.942 145.459 21.552
99.770 150.794 23.156
105.922 154.352 23.230
112.271 155.369 20.446
103.819 149.979 6.195
107.401 143.407 8.178
112.443 141.824 12.883
114.360 142.197 19.466
113.223 144.425 26.117
108.097 146.060 30.684
101.436 145.481 32.565
95.607 142.291 31.740
93.150 136.382 31.366
93.255 129.543 31.220
97.104 123.738 32.638
103.169 120.759 34.286
108.388 122.239 39.235
111.287 125.007 43.898
110.976 126.802 50.090
107.317 128.818 55.678
101.842 128.603 59.605
97.552 124.672 62.845
96.126 117.949 63.235
97.191 111.522 61.611
102.555 107.065 62.444
108.921 105.425 64.174
114.992 105.739 66.623
118.275 107.938 71.910
118.459 110.928 77.973
115.110 113.414 83.543
110.508 111.686 88.290
105.948 107.712 90.630
103.806 102.566 91.031
103.590 96.801 91.498
106.160 91.414 90.132
110.386 86.991 92.585
117.016 86.063 96.174
120.418 88.299 101.158
121.325 92.030 106.795
118.878 96.227 111.475
113.290 98.465 114.934
107.336 97.090 117.271
102.401 92.697 118.827
100.731 86.686 121.223
102.656 81.720 125.034
107.127 77.767 128.689
111.968 77.671 132.766
117.827 79.880 135.967
121.174 85.283 137.884
120.993 91.869 138.378
117.072 96.722 140.183
111.131 98.609 143.082
106.137 96.929 147.506
104.594 93.693 153.264
106.647 91.044 159.260
111.836 90.921 163.997
118.036 93.702 167.345
121.782 98.769 167.683
123.954 104.260 166.752
123.098 110.125 163.161
117.985 114.347 161.264
111.881 116.683 162.643
107.063 117.969 167.294
105.448 119.774 173.512
107.456 123.616 178.165
111.344 128.444 180.885
116.309 132.651 180.539
121.768 135.761 177.835
124.237 138.135 172.293
124.051 138.253 165.456
119.829 138.773 160.418
113.074 141.131 158.792
107.956 145.168 159.440
105.239 151.272 160.594
106.440 157.843 162.020
109.744 163.007 162.382
115.283 166.155 160.198
120.391 166.392 156.522
125.461 163.595 152.491
125.884 159.453 147.087
123.103 157.225 141.731
117.864 156.923 137.231
112.359 160.008 134.761
110.356 165.086 131.842
111.113 170.911 128.871
114.832 175.854 126.370
120.011 177.910 123.246
125.707 177.028 120.034
130.691 173.518 117.207
133.379 167.192 116.252
132.203 160.546 116.738
127.176 156.159 114.687
121.178 155.025 111.758
117.274 155.392 106.377
116.921 156.355 99.767
119.796 157.541 94.052
124.624 156.466 89.656
130.409 153.370 87.726
134.967 148.712 89.021
138.317 144.494 93.310
136.942 139.341 96.933
132.445 135.690 100.184
126.528 132.216 99.453
123.409 128.084 95.330
122.347 125.020 89.425
125.051 122.075 84.193
129.973 118.507 81.975
135.786 115.376 82.616
140.943 113.220 86.398
143.316 111.325 92.109
142.757 110.394 98.138
138.788 109.837 103.382
133.152 106.384 105.565
127.993 102.292 104.204
126.602 95.830 102.584
129.122 89.804 101.774
133.498 85.163 102.405
138.768 82.366 105.306
143.948 82.446 109.973
146.582 85.475 115.182
146.363 90.191 119.642
142.262 93.764 123.763
135.956 93.986 126.477
131.430 90.606 129.554
129.942 85.799 133.846
132.292 81.749 138.182
136.757 79.399 142.295
142.354 79.287 145.556
147.527 81.677 148.295
151.434 87.271 149.125
152.358 93.734 148.938
149.614 99.578 148.804
143.951 102.948 150.004
138.009 103.633 153.156
134.261 102.481 158.510
133.834 101.188 164.927
136.293 101.043 170.956
140.553 103.946 175.220
146.225 107.761 177.013
149.371 112.688 175.825
151.296 117.847 173.050
150.565 121.790 167.639
145.722 124.499 163.384
140.008 128.482 164.413
134.704 130.418 168.430
133.548 134.102 173.575
135.360 138.863 177.396
139.369 143.689 179.588
144.821 147.785 178.560
149.364 150.135 174.507
152.221 150.426 168.435
152.118 149.373 162.187
148.234 147.616 156.741
142.472 149.383 153.532
137.536 153.926 152.571
135.853 160.459 152.983
137.719 166.840 153.125
143.159 171.107 151.245
148.809 172.033 147.511
154.258 170.700 143.785
157.829 166.261 139.400
156.509 160.624 135.383
151.839 157.676 131.346
146.574 158.851 127.457
142.613 163.229 124.014
142.323 168.656 120.647
145.531 173.208 116.675
150.101 173.666 112.070
156.165 171.889 108.934
160.351 166.725 107.388
161.777 160.258 106.753
159.220 154.546 106.853
154.941 149.838 104.397
148.966 148.384 101.593
143.822 149.965 97.595
142.318 152.188 91.528
143.661 155.823 85.745
148.673 158.261 81.793
7.302 18.917 30.711
11.181 22.505 27.360
13.875 29.104 26.146
15.991 34.727 29.068
18.736 37.205 34.562
22.057 36.820 39.861
25.409 33.981 45.268
28.636 28.135 46.474
31.822 22.378 45.746
35.531 18.506 42.091
40.164 18.465 36.942
42.900 21.816 31.588
45.271 27.890 30.078
46.859 34.251 31.478
49.540 38.127 36.429
48.115 26.762 49.531
44.196 31.573 48.800
41.575 36.693 44.468
39.604 38.054 38.223
37.451 35.277 32.416
34.482 30.422 29.041
32.111 24.106 27.183
28.005 19.792 30.138
23.915 18.298 35.182
20.545 18.690 40.696
16.220 22.513 44.470
13.314 28.548 45.768
11.169 34.079 42.480
9.304 37.348 36.927
6.335 36.308 30.876
7.385 18.962 30.180
11.239 22.663 27.001
13.942 29.304 25.906
16.055 34.828 28.946
18.967 37.271 34.218
22.945 36.631 39.269
25.729 34.072 45.147
28.798 28.290 46.357
32.021 22.510 45.428
35.795 19.309 41.448
40.137 19.167 36.090
42.882 22.680 30.778
45.393 28.703 29.821
47.042 34.996 31.580
49.583 38.665 36.652
48.006 26.921 49.446
44.068 31.630 48.630
41.427 36.969 44.548
39.586 38.539 38.327
37.211 36.200 32.652
33.634 32.275 29.344
33.747 32.317 29.283
30.502 26.513 26.941
32.449 25.801 27.389
27.831 20.273 29.693
26.899 21.873 29.611
23.986 18.393 34.782
20.774 19.105 40.368
16.745 22.786 44.323
13.631 28.802 45.753
11.126 34.067 42.438
9.168 37.258 36.850
6.398 36.352 30.809
-20.785 2.372 13.857
-16.794 3.438 18.623
-10.419 2.702 21.195
-3.430 3.927 19.575
0.931 5.200 14.684
2.495 7.276 8.336
1.319 12.139 4.089
-1.790 18.369 2.760
-4.952 23.611 5.235
-5.773 27.822 10.270
-4.089 29.661 16.689
1.666 32.009 20.923
7.845 34.174 20.898
13.689 34.913 17.934
18.791 34.960 13.300
20.225 37.515 7.414
18.103 42.998 3.728
15.228 47.523 1.060
12.145 53.131 2.103
16.100 50.742 20.353
9.502 50.930 19.764
5.147 48.419 16.205
2.477 45.544 10.602
2.691 42.137 5.602
5.727 37.978 0.950
9.244 32.445 0.645
11.446 27.025 3.890
11.953 23.755 9.889
12.292 22.470 16.401
7.159 20.550 20.428
0.516 21.089 22.160
-5.664 20.657 19.630
-10.084 20.459 14.807
-12.702 17.159 9.745
-12.011 12.293 5.792
-7.160 8.278 2.201
-5.606 1.967 4.066
-3.050 -2.603 8.437
39.409 11.716 14.226
36.702 12.286 7.071
32.134 10.038 2.745
24.930 8.839 0.991
19.186 5.313 2.462
14.428 6.563 7.527
13.141 7.773 14.164
13.490 13.479 18.166
15.256 19.886 19.678
14.593 25.825 17.003
14.184 31.557 13.027
8.423 33.378 9.305
1.939 32.828 8.446
-1.985 21.007 19.042
-2.084 19.333 12.383
1.498 20.244 6.425
6.707 22.109 2.769
12.949 25.257 2.112
18.882 24.677 5.825
22.140 24.015 12.006
23.219 18.888 16.532
22.203 12.575 18.990
22.219 6.370 17.346
22.004 0.393 13.888
25.889 -2.795 9.506
32.188 -2.246 6.780
-17.188 44.787 -48.340
-14.308 42.103 -43.314
-18.543 37.142 -41.806
-22.989 31.971 -42.675
-29.706 34.807 -41.947
-33.383 35.934 -35.956
-39.219 40.094 -35.705
-42.957 38.669 -40.711
-46.749 39.799 -45.479
-44.790 44.280 -49.189
-44.115 52.955 -57.279
-46.999 57.700 -60.414
-42.784 58.734 -65.495
-38.321 57.416 -70.580
-31.621 58.405 -67.819
-27.943 64.491 -67.279
-22.116 65.146 -63.165
-18.369 60.037 -64.122
-14.566 55.404 -62.563
-16.505 52.124 -57.745
-15.587 -21.405 -25.556
-15.618 -21.485 -25.722
-16.299 -15.502 -22.205
-15.567 -15.506 -22.823
-13.080 -11.718 -17.862
-11.295 -9.972 -11.569
-5.268 -8.946 -9.581
0.972 -10.205 -7.366
7.084 -12.362 -9.457
11.638 -11.590 -14.293
13.274 -8.908 -19.796
13.020 -5.301 -25.614
1.331 3.542 -13.420
-1.636 3.831 -19.615
-2.122 -0.359 -24.579
-0.806 -6.141 -26.990
1.018 -12.786 -26.150
5.165 -17.715 -23.573
4.456 -21.186 -18.012
1.499 -23.170 -12.720
1.307 -23.056 -12.636
-3.757 -23.836 -8.854
-3.465 -22.610 -7.924
-9.604 -23.658 -7.217
-9.819 -22.370 -6.730
-15.923 -21.730 -25.465
-15.822 -15.842 -22.649
-16.675 -15.855 -21.923
-13.222 -12.048 -17.799
-11.286 -10.214 -11.531
-5.241 -9.366 -9.529
1.015 -11.822 -7.423
6.853 -13.201 -9.537
6.856 -14.075 -9.798
11.426 -11.810 -14.127
13.149 -8.876 -19.486
12.781 -5.728 -25.559
1.156 3.849 -13.351
-1.680 3.490 -19.436
-2.136 -0.574 -24.451
-0.927 -6.424 -26.928
0.811 -13.005 -26.355
4.916 -18.004 -23.637
4.171 -21.424 -18.424
1.362 -23.288 -12.883
1.709 -23.011 -12.535
-3.292 -22.981 -8.183
-3.579 -23.966 -8.791
-9.556 -23.075 -6.721
-16.096 -21.983 -25.085
-16.199 -16.099 -22.000
-16.304 -16.092 -21.914
-13.506 -12.172 -17.511
-11.443 -10.164 -11.302
-5.514 -9.350 -9.326
0.792 -11.047 -7.149
0.778 -11.129 -7.093
6.570 -13.667 -9.849
6.699 -13.428 -9.388
11.373 -12.113 -13.670
13.109 -9.482 -19.366
12.707 -5.997 -25.186
1.010 3.807 -13.027
-1.885 3.169 -19.196
-2.274 -0.915 -24.156
-0.998 -6.629 -26.942
0.414 -13.291 -26.131
2.044 -12.871 -27.223
4.685 -18.372 -23.620
3.793 -18.426 -23.859
3.558 -21.756 -18.441
1.308 -23.484 -12.113
-3.571 -23.567 -7.729
-9.733 -23.620 -6.593
5.380 -22.196 24.762
5.013 -20.040 31.022
3.844 -13.699 31.963
-1.950 -13.204 33.502
-4.646 -7.267 33.369
-8.800 -6.847 29.298
2.319 -2.142 20.688
-3.264 -4.274 18.524
-4.658 -10.614 19.023
-8.366 -11.688 23.696
-9.185 -17.672 25.917
-6.926 -17.527 31.519
34.235 -9.894 123.272
28.582 -13.019 121.829
22.835 -13.362 120.054
17.103 -11.017 117.323
15.998 -5.721 113.103
17.061 -0.238 109.911
21.203 3.354 106.212
27.450 5.237 103.873
32.950 4.002 100.662
34.035 -0.530 95.682
34.406 -6.524 92.648
17.493 -10.038 100.266
23.289 -12.699 102.000
28.948 -13.558 103.484
34.480 -10.960 106.576
36.112 -5.404 110.414
34.895 0.102 113.381
30.767 3.502 117.124
24.502 5.357 119.447
19.013 4.046 122.673
17.831 -0.459 127.690
17.482 -6.536 130.739
19.262 20.402 4.828
13.231 22.678 6.348
6.233 21.952 5.197
1.710 17.704 7.535
0.432 12.791 11.257
1.332 8.020 15.713
4.758 5.349 20.903
7.384 6.467 26.639
11.271 9.952 31.323
68.980 107.615 26.475
73.572 110.462 29.903
80.239 112.668 29.971
85.496 114.729 26.553
87.152 118.938 21.503
86.614 122.598 15.896
82.963 127.153 13.076
77.957 131.322 13.424
72.460 134.543 15.594
69.298 137.432 20.604
70.450 141.032 26.202
74.484 142.853 31.491
80.472 144.820 32.602
86.950 145.361 31.262
91.103 148.192 27.217
92.425 152.275 21.732
90.314 156.002 16.600
85.720 159.971 13.490
82.059 164.988 14.927
77.466 168.182 18.751
78.623 173.241 23.155
82.084 176.442 28.027
87.665 179.058 30.145
93.230 181.742 27.749
97.330 184.272 23.433
81.667 183.950 13.156
86.484 180.961 9.988
92.050 177.277 10.753
96.751 174.276 14.331
97.684 171.592 20.443
96.027 169.635 26.364
91.163 166.456 29.972
84.668 165.122 32.263
79.521 162.279 29.701
76.171 158.391 25.687
75.178 156.091 19.241
78.109 152.069 15.066
82.126 146.681 14.473
87.432 142.968 17.043
89.608 139.673 22.296
87.290 136.462 27.876
82.566 133.531 31.506
76.377 131.103 33.483
71.575 127.750 30.507
69.304 124.660 24.910
67.862 122.767 18.755
70.745 118.980 14.134
75.646 115.430 11.108
80.965 111.708 13.056
85.854 109.538 17.161
3.762 6.272 32.157
6.917 9.554 27.251
10.044 8.635 21.481
11.369 4.662 16.499
13.493 -1.050 13.397
10.500 -6.517 11.364
5.695 -9.992 9.835
-0.400 -12.039 8.887
-7.082 -12.172 9.865
-11.900 -8.275 7.779
-14.235 -1.983 6.382
-13.115 3.191 2.170
-9.126 6.619 -2.176
-6.102 7.201 -7.876
-4.994 4.882 -14.066
-13.459 -13.062 -10.106
-7.420 -11.960 -7.958
-1.315 -8.637 -8.853
2.202 -3.146 -9.117
3.848 0.660 -3.858
1.116 4.707 0.506
-3.638 7.250 4.462
-7.197 6.178 10.003
-9.034 2.511 15.146
-7.970 -2.207 19.513
-4.234 -7.166 22.215
1.459 -10.707 22.291
8.020 -11.393 21.302
14.180 -8.448 21.281
18.185 -3.535 21.984
4.130 6.852 31.580
7.477 9.759 26.515
10.616 8.540 20.914
12.466 4.697 16.137
14.115 -1.047 12.706
11.052 -6.450 10.540
6.231 -9.939 9.326
0.083 -11.931 8.369
-6.594 -12.196 9.338
-11.524 -8.438 7.343
-13.637 -2.339 4.789
-12.557 3.480 1.455
-9.404 7.111 -3.135
-6.259 7.576 -8.844
-4.634 4.789 -14.650
-13.724 -12.605 -9.857
-7.730 -11.643 -7.580
-1.475 -8.493 -8.393
2.294 -3.361 -9.202
4.322 0.694 -4.257
1.468 4.657 0.177
-3.263 7.127 4.053
-6.804 6.177 9.598
-8.417 2.525 14.863
-7.356 -2.340 19.162
-3.368 -7.168 21.808
2.075 -10.926 22.000
8.707 -11.614 22.112
14.914 -8.920 22.424
18.954 -3.991 22.733
