6.717 -54.640 -92.949
12.694 -51.304 -93.721
15.804 -46.627 -91.261
16.746 -40.815 -87.396
14.927 -37.237 -82.471
12.537 -38.351 -76.026
8.442 -42.025 -71.829
7.528 -47.762 -69.051
9.603 -53.503 -67.155
13.890 -56.668 -64.439
20.075 -58.310 -62.552
26.038 -55.394 -60.824
29.261 -51.133 -57.696
30.063 -46.447 -53.379
27.826 -40.835 -49.907
23.141 -38.621 -46.441
16.265 -38.486 -44.934
12.606 -43.643 -42.173
12.455 -50.036 -39.777
16.274 -54.395 -35.888
20.539 -55.580 -31.100
22.332 -53.622 -24.880
23.750 -50.051 -19.984
20.773 -46.384 -15.612
16.212 -41.718 -13.392
11.337 -40.142 -12.638
4.924 -38.088 -14.546
0.524 -41.032 -18.834
-1.958 -47.058 -19.976
-3.654 -53.103 -17.904
-3.703 -57.710 -12.880
-4.974 -59.500 -6.638
-8.163 -58.329 -1.545
-12.890 -54.264 2.850
-16.815 -49.312 2.832
-21.477 -45.668 -0.126
-24.247 -43.068 -5.429
-26.469 -43.794 -11.171
-26.472 -46.540 -17.583
-29.907 -51.848 -19.827
-32.248 -58.234 -18.779
-37.167 -61.162 -16.388
-43.539 -60.288 -14.127
-48.881 -56.649 -13.878
-52.681 -52.029 -15.472
-54.389 -45.786 -18.019
-52.857 -41.254 -22.654
-49.368 -40.844 -28.514
-47.649 -43.911 -34.003
-47.636 -49.195 -38.216
-51.025 -54.481 -40.992
-56.922 -56.356 -42.683
-63.349 -54.947 -44.581
-67.861 -50.862 -46.950
-69.578 -44.400 -49.510
-66.848 -38.123 -51.082
-61.711 -35.198 -53.700
-56.391 -34.901 -57.368
-50.943 -38.644 -59.661
-49.348 -44.348 -63.325
-50.550 -48.329 -68.602
-52.312 -48.385 -74.771
-52.832 -45.256 -80.770
-53.725 -39.898 -84.654
-50.874 -34.562 -86.051
-46.860 -29.466 -85.514
-42.955 -25.575 -81.259
-37.180 -26.603 -78.291
-32.301 -30.680 -76.344
-28.139 -35.919 -77.532
-24.592 -38.285 -82.665
-22.702 -38.718 -89.040
-20.150 -34.873 -93.733
-17.774 -29.612 -95.764
-14.900 -23.915 -95.054
-11.515 -19.098 -91.794
-10.069 -15.868 -86.249
-7.701 -17.096 -80.220
-7.034 -21.681 -75.426
-2.796 -26.921 -74.045
1.591 -31.773 -76.012
7.636 -32.402 -79.057
13.339 -29.447 -80.318
17.508 -24.695 -79.523
20.027 -18.837 -77.203
20.705 -15.231 -71.807
19.090 -13.710 -65.727
13.947 -14.163 -60.989
11.814 -18.360 -56.360
11.631 -24.980 -54.523
15.956 -29.706 -52.732
21.532 -31.381 -49.461
25.958 -29.808 -45.010
27.557 -26.111 -40.204
27.795 -20.978 -36.292
25.577 -16.134 -33.106
20.629 -12.286 -30.736
14.183 -12.386 -28.861
7.939 -14.086 -30.952
4.593 -19.447 -29.299
4.636 -26.209 -27.576
6.212 -29.657 -22.237
8.636 -31.166 -16.114
8.533 -29.422 -9.987
6.581 -25.231 -4.941
3.105 -20.193 -2.965
-2.365 -17.159 -2.835
-8.010 -14.367 -5.232
-12.894 -15.362 -10.226
-16.220 -20.649 -12.619
-18.125 -27.137 -12.390
-18.724 -32.691 -8.324
-21.291 -34.800 -3.180
-25.931 -33.673 1.400
-30.727 -30.713 4.251
-35.335 -25.931 3.981
-38.778 -21.093 0.952
-40.262 -17.916 -4.813
-39.930 -18.114 -11.116
-40.315 -20.609 -16.790
-40.694 -26.194 -20.915
-44.704 -31.734 -21.735
-50.197 -35.562 -19.900
-55.978 -35.226 -20.030
-62.186 -32.746 -19.811
-65.568 -28.106 -21.337
-66.713 -21.814 -23.191
-64.421 -16.839 -26.671
-60.373 -14.102 -30.988
-56.290 -13.469 -36.213
-52.476 -16.131 -41.502
-53.733 -20.268 -46.114
-56.490 -25.976 -48.760
-62.686 -26.246 -52.636
-66.936 -22.997 -55.761
-70.177 -18.346 -58.753
-70.219 -12.716 -61.397
-66.625 -8.141 -64.493
-60.643 -5.095 -65.747
-54.678 -6.458 -67.793
-49.509 -10.694 -68.754
-47.412 -16.024 -71.534
-48.381 -20.930 -76.171
-50.833 -22.374 -82.123
-54.695 -21.761 -87.418
-56.226 -5.253 -84.133
-61.183 -8.477 -83.973
-63.448 -14.444 -81.995
-63.649 -19.772 -78.114
-60.344 -24.273 -74.252
-56.854 -23.633 -68.515
-51.955 -20.553 -64.797
-51.277 -15.283 -60.817
-53.202 -10.170 -57.457
-57.382 -6.736 -54.072
-62.971 -6.067 -50.642
-67.646 -9.767 -47.862
-70.291 -14.822 -44.978
-70.030 -20.286 -41.465
-67.262 -26.312 -40.210
-62.317 -29.325 -38.170
-55.345 -29.505 -38.118
-51.343 -25.122 -34.806
-50.573 -19.123 -31.338
-53.011 -15.841 -26.379
-56.191 -15.937 -20.290
-57.802 -18.206 -15.220
-57.838 -22.909 -10.300
-54.767 -27.280 -7.540
-50.370 -32.414 -6.948
-44.712 -34.590 -7.384
-38.800 -35.767 -11.079
-35.284 -31.983 -15.108
-33.183 -25.806 -15.252
-30.901 -20.088 -12.218
-30.336 -16.482 -6.383
-28.256 -16.351 -0.305
-24.075 -19.031 4.407
-19.356 -23.267 6.267
-14.913 -27.940 4.912
-11.548 -31.307 0.507
-9.300 -32.202 -5.507
-7.993 -30.413 -11.599
-8.416 -26.202 -16.809
-5.037 -20.476 -18.217
-2.190 -14.487 -16.091
3.064 -12.393 -13.008
9.657 -13.635 -12.182
14.751 -17.589 -13.376
17.543 -21.745 -17.511
18.004 -27.680 -20.725
16.606 -29.267 -26.851
11.874 -29.152 -32.025
9.627 -25.112 -36.318
9.224 -19.130 -39.284
12.238 -13.425 -41.449
17.446 -11.940 -44.186
23.585 -12.263 -46.501
28.181 -15.053 -49.435
29.760 -18.687 -54.266
28.889 -23.588 -58.613
25.400 -28.055 -61.991
19.812 -30.720 -63.220
13.045 -29.978 -61.973
8.612 -25.161 -63.131
6.836 -18.671 -64.765
7.482 -14.086 -69.224
7.342 -13.071 -75.778
8.129 -14.764 -82.002
7.912 -19.067 -87.034
4.455 -23.809 -89.669
0.258 -28.868 -89.505
-3.297 -33.376 -85.757
-8.256 -33.096 -81.725
-12.692 -29.649 -77.726
-16.366 -23.990 -77.237
-20.362 -20.313 -80.849
-24.084 -19.159 -86.377
-27.226 -21.471 -91.052
-30.146 -26.723 -94.364
-33.014 -32.019 -94.230
-35.121 -37.841 -92.178
-35.796 -42.295 -87.124
-36.729 -42.205 -80.720
-36.719 -39.188 -74.987
-41.262 -34.494 -71.732
-45.972 -29.753 -71.837
-52.433 -28.759 -73.490
-58.130 -31.701 -73.914
-62.517 -36.870 -74.304
-63.862 -43.427 -72.905
-63.470 -47.791 -67.895
-60.238 -50.657 -63.827
-55.599 -51.017 -58.707
-51.830 -47.292 -54.530
-52.333 -41.339 -50.940
-56.592 -37.484 -47.344
-61.101 -37.275 -42.639
-64.502 -40.995 -37.833
-65.645 -46.604 -34.057
-63.527 -52.175 -31.320
-58.218 -57.364 -29.750
-51.962 -58.095 -29.517
-45.691 -55.944 -31.230
-41.524 -50.741 -29.048
-41.371 -44.509 -26.445
-42.673 -41.871 -19.880
-43.511 -42.411 -13.362
-42.733 -46.265 -8.074
-39.961 -51.197 -4.836
-36.148 -56.293 -4.472
-30.541 -59.223 -5.338
-24.948 -60.520 -8.813
-21.192 -58.433 -14.310
-18.477 -52.382 -15.678
-16.632 -46.218 -14.409
-15.521 -41.607 -9.537
-11.256 -40.982 -4.569
-5.843 -43.051 -1.200
-1.122 -46.775 1.171
3.257 -50.914 -1.610
5.990 -54.875 -6.012
6.703 -56.953 -12.176
5.759 -55.756 -18.861
4.669 -51.811 -23.822
4.495 -45.367 -26.690
8.649 -39.934 -26.805
14.165 -37.150 -26.054
20.618 -36.627 -25.598
26.008 -39.037 -28.029
29.349 -44.401 -30.478
29.780 -48.694 -34.252
27.231 -53.303 -38.869
21.845 -55.434 -41.970
17.531 -54.686 -46.772
12.820 -51.021 -50.508
13.179 -45.576 -53.930
15.515 -39.560 -55.895
20.271 -38.656 -60.649
24.694 -41.116 -65.059
26.420 -44.769 -69.195
25.824 -49.393 -73.753
21.895 -54.397 -76.060
15.557 -57.087 -76.783
8.969 -55.633 -76.965
4.172 -51.043 -76.968
2.103 -45.052 -78.641
2.454 -39.612 -82.261
4.189 -36.772 -88.434
7.268 -37.043 -94.529
58.994 38.513 34.688
63.579 42.730 33.029
62.300 48.245 30.330
64.875 50.170 25.560
63.252 53.404 21.359
42.088 43.005 -13.949
35.920 44.268 -12.179
35.115 49.005 -7.771
32.063 48.359 -2.919
32.600 47.591 3.761
2.869 26.398 23.532
5.110 29.668 28.710
11.048 28.851 30.857
12.627 27.587 36.466
16.474 23.493 39.559
13.266 20.539 44.562
7.791 23.091 46.538
6.296 24.346 51.979
-1.420 11.350 0.321
4.767 8.830 2.557
-0.069 4.087 5.189
-4.343 0.139 2.597
-7.932 -3.490 -2.042
-10.479 -4.719 -7.520
-8.364 1.872 -6.979
-7.405 -1.253 -12.819
-3.698 -4.338 -17.549
0.760 -0.232 -16.837
-1.559 5.512 -16.870
2.870 4.225 -15.125
8.293 -0.064 -16.818
12.764 -3.037 -12.090
14.635 -5.218 -6.489
15.534 1.511 -5.089
12.335 -1.934 -0.953
7.198 -4.502 3.088
1.335 -7.991 3.648
-2.424 -11.684 -1.070
-2.668 -13.756 -7.792
2.027 -11.913 -12.204
6.052 -8.881 -16.294
-43.914 -25.977 40.329
-40.547 -29.540 44.887
-34.497 -31.175 47.583
-28.374 -29.402 49.906
-24.813 -23.637 52.072
-25.445 -17.196 53.944
-29.999 -12.490 56.170
-35.617 -11.183 59.681
-37.854 -12.193 65.750
-37.771 -14.924 72.004
-34.733 -18.035 76.841
-28.894 -19.203 80.360
-21.492 -17.909 81.894
-16.262 -14.810 79.204
-13.596 -8.555 76.033
-15.763 -2.684 73.668
-19.623 2.829 76.491
-22.352 6.488 80.995
-22.048 9.090 87.581
-19.015 10.925 92.738
-13.089 12.903 94.719
-6.462 13.173 94.080
-1.177 12.810 90.472
1.540 13.148 84.766
0.216 16.110 78.388
-2.661 19.345 73.488
-7.837 23.894 72.246
-8.672 30.147 73.318
-8.080 36.164 73.653
-3.091 41.469 74.974
2.327 44.042 75.017
8.677 42.506 72.776
13.589 38.046 70.888
15.861 34.322 65.018
13.020 31.798 59.902
9.986 31.984 53.978
5.444 34.880 50.097
1.641 40.640 48.222
1.487 46.219 47.095
4.431 50.234 42.910
10.102 52.912 40.325
14.223 52.652 36.697
20.199 49.184 35.904
23.192 43.231 32.786
22.770 37.126 30.659
18.371 32.267 28.880
12.715 30.352 26.900
6.527 32.961 24.571
3.476 34.028 19.342
4.700 36.373 12.964
4.227 34.054 7.352
9.667 32.155 3.132
11.228 26.484 0.966
12.992 20.300 2.243
14.379 14.564 6.032
11.706 11.113 9.811
5.764 9.578 12.974
-1.115 9.548 12.613
-5.489 7.922 8.235
-7.954 4.572 3.639
-7.848 0.732 -1.711
-4.098 -4.141 -4.424
-0.615 -9.894 -3.391
4.153 -13.108 0.448
5.163 -16.697 5.604
2.824 -17.730 11.703
-1.405 -16.606 16.954
-7.546 -17.203 19.266
-14.103 -19.326 18.010
-18.026 -23.151 17.519
-19.146 -30.522 17.028
-18.385 -35.896 18.021
-16.563 -40.983 21.224
-12.368 -42.550 25.879
-7.470 -41.206 30.635
-3.992 -35.938 33.567
-5.976 -31.734 38.225
-10.911 -27.604 40.528
-17.145 -28.416 43.663
-20.400 -30.719 48.033
-21.485 -35.917 52.285
-18.884 -39.355 57.075
-15.370 -42.547 61.165
-8.865 -43.321 61.539
-3.825 -41.400 63.681
0.564 -36.761 63.945
2.356 -30.316 62.265
0.406 -24.512 63.770
-5.118 -19.754 65.220
-6.953 -18.100 71.763
-8.818 -18.592 78.045
-6.625 -20.556 83.895
-1.718 -20.916 88.314
3.623 -18.806 90.822
10.199 -18.715 89.268
13.927 -16.332 83.685
14.992 -10.702 80.117
13.741 -5.266 77.971
9.687 0.576 77.791
6.390 4.725 81.522
6.781 8.487 86.368
10.371 11.947 90.565
15.348 15.630 92.514
21.435 17.326 90.038
27.689 14.847 88.215
30.337 13.926 82.132
29.895 12.470 75.267
25.754 13.136 70.116
21.705 17.415 66.635
20.241 23.980 65.288
22.236 30.099 65.973
25.663 35.175 65.016
32.795 36.449 62.599
38.708 34.913 61.545
43.159 30.451 57.971
42.525 24.254 53.720
39.619 21.927 48.301
34.954 19.291 43.785
29.860 22.636 39.291
28.667 28.576 36.681
45.286 32.268 36.775
40.916 37.292 39.194
35.004 36.924 42.275
28.684 34.935 44.424
26.210 30.452 48.279
27.313 23.352 49.869
31.668 19.312 53.839
37.149 19.245 57.544
39.214 20.792 63.491
39.411 25.305 68.921
35.768 28.302 73.895
29.909 28.837 77.720
22.740 28.893 77.076
16.500 24.586 77.603
15.446 18.147 75.050
17.251 12.048 73.590
21.620 7.076 75.550
25.280 4.571 81.012
24.794 3.436 87.329
21.802 2.399 93.284
16.332 -1.737 94.661
9.690 -2.089 95.765
4.193 -2.519 92.266
0.608 -2.742 85.863
0.754 -5.543 80.312
4.061 -8.968 75.259
8.309 -13.521 74.537
10.614 -19.543 76.158
8.946 -26.197 77.430
5.006 -30.271 81.225
-1.761 -32.798 79.935
-7.277 -32.932 76.946
-12.900 -30.731 73.514
-13.995 -27.708 68.796
-12.346 -23.764 62.779
-7.969 -25.050 58.205
-3.698 -28.312 53.896
-0.762 -34.078 52.598
-2.963 -39.669 50.170
-6.776 -44.959 48.655
-12.329 -46.361 45.501
-18.237 -45.658 43.341
-21.297 -42.283 39.096
-22.489 -35.631 38.091
-20.804 -32.445 33.318
-16.803 -26.926 34.290
-10.512 -26.029 31.996
-5.025 -28.841 28.645
-3.199 -32.645 24.050
-2.606 -33.896 17.742
-4.294 -33.204 11.899
-7.553 -31.365 6.367
-9.999 -25.844 3.979
-13.051 -19.632 4.406
-14.472 -14.324 8.654
-10.593 -9.736 12.032
-4.602 -7.844 14.260
2.441 -8.065 13.414
7.897 -7.376 9.223
10.094 -3.636 4.544
8.664 -0.199 -1.729
5.253 3.478 -5.373
2.296 9.594 -4.534
-1.582 13.542 -1.305
-4.592 17.017 3.927
-1.278 19.498 9.378
2.991 18.592 14.662
9.305 19.264 16.981
15.694 21.528 15.668
19.852 25.327 13.163
20.260 31.465 11.343
18.564 38.285 10.318
14.043 42.211 13.425
10.348 45.123 18.021
8.099 45.645 23.861
5.620 40.656 28.385
7.916 35.950 32.899
13.203 32.714 36.287
18.186 34.341 39.920
20.031 38.130 44.055
21.252 41.849 47.297
19.314 46.740 51.502
15.089 49.642 54.914
9.385 50.515 57.769
3.114 48.594 57.825
0.147 43.694 57.482
-0.859 37.241 56.609
1.596 32.335 58.911
5.878 27.487 62.942
9.233 27.373 67.844
10.133 29.347 74.357
8.093 31.562 80.255
4.594 31.185 85.474
-1.989 29.644 88.019
-9.486 29.839 86.514
-13.732 26.861 82.541
-13.547 21.396 78.200
-11.490 15.853 76.292
-7.980 9.804 77.345
-3.599 6.377 81.410
-4.438 2.808 87.112
-7.811 -0.955 90.917
-13.896 -2.771 93.147
-19.836 -5.150 92.955
-25.793 -3.343 89.494
-28.387 -2.460 83.620
-27.922 -2.591 76.175
-23.341 -3.321 70.851
-20.198 -8.895 68.453
-18.238 -15.554 67.825
-19.767 -21.389 68.762
-24.907 -26.304 69.829
-31.561 -28.047 69.511
-37.062 -27.136 65.174
-41.630 -21.824 62.122
-41.335 -17.679 57.194
-38.100 -15.233 51.653
-32.714 -14.081 46.376
-28.356 -17.673 42.586
-25.762 -24.479 40.808
86.112 119.414 111.126
89.595 117.178 116.170
91.864 120.970 110.900
97.512 119.819 107.121
103.942 117.912 105.555
106.582 112.939 107.938
108.484 108.139 106.995
109.733 101.352 104.236
106.258 95.994 102.212
100.214 93.177 100.876
94.685 93.312 97.354
91.785 96.628 92.065
89.984 102.245 89.367
93.700 106.387 84.895
98.232 105.962 79.840
100.732 102.028 75.071
101.258 97.182 70.182
98.696 94.982 65.852
93.448 91.132 63.313
87.409 91.771 62.248
83.099 96.486 61.735
79.901 100.638 66.217
78.780 107.691 64.363
80.473 113.737 65.495
84.551 118.516 63.881
89.542 121.639 61.417
91.223 122.713 54.924
90.997 121.428 47.880
89.609 117.063 43.964
83.924 116.387 40.041
76.950 115.724 39.336
71.100 117.366 41.055
67.169 123.122 41.970
66.812 129.522 41.931
84.570 129.994 37.685
83.714 132.724 42.752
80.241 133.778 48.107
76.897 130.584 52.248
73.217 124.734 53.803
70.872 118.547 52.126
74.252 112.725 51.776
79.352 108.837 49.906
84.978 107.594 48.626
90.449 107.559 50.861
96.120 110.143 54.157
96.458 111.573 60.774
93.653 114.838 66.826
90.405 112.315 71.090
87.512 106.252 74.235
83.586 101.810 74.434
84.682 95.850 77.446
87.690 90.838 79.380
92.780 87.040 81.005
99.001 86.597 83.395
104.102 90.744 83.894
107.257 96.234 86.129
107.119 103.098 87.475
104.398 108.292 90.047
99.974 110.665 94.799
94.894 109.535 98.810
90.580 104.241 101.821
91.967 101.752 108.163
94.229 99.236 112.013
97.059 101.656 117.980
100.480 106.341 119.216
104.987 111.240 119.897
107.011 117.260 120.113
105.455 122.161 123.874
101.712 125.580 127.769
106.068 125.593 131.932
107.743 128.082 138.417
103.710 132.016 142.539
97.411 134.175 144.514
91.460 133.160 146.805
87.757 129.964 151.106
87.180 125.756 156.182
89.455 122.954 161.755
94.070 120.762 165.445
99.418 121.832 168.609
105.268 125.345 169.672
108.526 131.364 168.880
107.943 137.426 170.533
104.659 142.191 173.800
98.283 144.569 174.835
136.099 62.787 65.051
139.704 66.097 68.828
145.272 69.661 69.720
149.329 73.050 67.082
152.289 75.572 60.984
151.119 77.332 54.708
147.272 80.575 49.987
140.845 82.136 48.968
135.068 82.519 49.774
130.543 84.621 52.382
128.345 88.998 57.476
131.256 93.212 61.655
137.500 95.444 64.671
140.120 101.234 63.497
143.058 105.593 59.401
145.982 106.963 53.718
143.741 110.615 49.853
140.446 114.978 45.686
136.387 120.295 47.153
130.841 122.864 50.178
128.097 124.875 55.575
125.997 124.257 61.924
127.688 123.523 68.092
132.828 124.421 72.638
139.349 125.639 73.925
144.360 129.731 72.812
144.896 136.149 73.575
142.990 141.688 75.369
140.119 145.984 77.736
137.847 146.903 82.996
132.244 145.633 86.621
126.831 143.583 87.138
125.068 136.764 89.428
126.162 130.802 88.848
130.042 125.862 92.299
134.455 125.002 97.344
136.969 126.229 102.499
140.974 130.792 106.674
138.024 133.523 112.061
135.084 135.412 116.204
130.912 132.666 121.276
127.739 127.152 122.251
123.296 122.632 122.006
121.059 116.606 121.492
122.075 111.988 125.376
125.362 107.916 129.906
119.803 107.844 133.049
117.479 105.311 139.097
120.452 100.863 143.489
126.078 98.629 146.687
131.706 99.574 149.883
133.962 102.327 155.132
134.273 106.095 160.438
130.888 108.497 165.661
125.903 111.072 168.321
120.082 109.535 170.713
114.193 106.480 170.659
110.807 100.865 169.899
111.542 94.801 171.870
114.801 88.797 172.675
119.283 86.316 177.116
143.919 114.900 116.295
139.958 117.367 120.835
138.037 113.049 114.434
132.782 114.479 110.503
127.175 116.495 107.612
123.209 121.140 110.323
122.126 126.538 107.664
121.070 133.438 105.965
124.632 139.156 104.652
130.294 142.168 103.556
136.562 142.142 101.121
141.056 139.040 98.105
142.920 134.241 93.956
141.272 130.796 88.920
136.667 127.961 84.865
131.718 129.682 80.771
127.066 133.272 77.569
125.666 137.506 73.312
127.042 140.281 67.546
130.707 141.417 63.385
134.571 138.086 59.597
140.401 134.917 57.951
143.475 129.361 59.087
144.215 123.437 60.890
142.688 117.640 64.438
137.385 113.622 65.398
131.794 111.227 62.880
127.577 109.528 57.820
125.204 108.313 52.612
127.089 103.708 48.075
132.115 101.133 43.717
138.961 100.459 43.228
143.925 98.017 46.595
147.085 95.397 51.849
147.549 92.673 57.933
143.939 91.669 64.054
139.721 88.556 66.950
137.502 81.915 67.320
133.628 76.858 64.701
132.052 73.744 60.234
134.283 70.359 54.486
140.060 68.246 50.884
146.110 67.727 49.849
151.528 64.935 53.193
154.115 62.267 58.834
98.129 128.216 183.785
92.146 129.817 180.129
90.328 132.618 175.814
89.955 136.193 170.255
93.009 138.988 164.840
98.228 139.106 160.785
104.170 136.332 159.192
107.034 131.751 157.617
107.417 125.068 156.170
104.481 119.215 156.189
98.768 116.343 154.495
94.647 115.531 150.791
91.064 117.140 144.488
89.150 121.813 141.082
91.217 124.172 136.076
95.262 126.355 130.870
118.504 102.755 185.490
125.110 101.751 182.676
127.717 98.226 178.609
129.257 95.465 173.130
127.387 92.951 166.886
122.982 93.131 161.815
118.026 96.506 158.979
115.300 101.058 157.731
114.132 107.907 157.662
116.913 113.146 156.735
122.901 116.083 157.129
127.438 116.762 153.439
132.105 115.379 148.651
135.182 111.562 144.660
134.200 108.943 138.925
130.946 106.712 133.746
114.801 93.889 101.238
112.075 95.959 95.416
112.986 100.953 91.426
115.904 106.434 88.944
120.812 109.689 92.205
125.983 111.060 90.167
132.710 110.824 87.886
137.641 106.823 86.702
140.191 100.203 85.603
139.017 94.548 82.682
135.915 90.977 78.042
129.512 90.372 75.639
125.712 93.395 69.671
125.858 98.284 64.842
145.942 97.910 66.182
142.098 102.499 68.130
136.795 107.346 69.313
130.385 107.702 70.694
124.959 104.637 73.713
122.372 100.750 78.422
123.140 95.623 83.330
126.881 92.274 87.823
130.822 92.915 92.878
131.818 95.444 97.756
129.956 99.916 102.734
125.114 104.328 104.117
121.984 109.027 104.270
115.940 111.853 103.662
111.302 110.452 107.461
90.479 138.157 66.058
94.318 133.568 68.047
99.606 128.738 69.275
106.000 128.381 70.700
111.390 131.486 73.715
113.891 135.363 78.463
113.047 140.528 83.355
109.296 143.809 87.857
105.342 143.156 92.864
104.290 140.639 97.711
106.269 136.242 102.720
111.040 131.878 104.185
114.127 127.066 104.262
120.165 124.235 103.677
124.738 125.680 107.620
121.339 142.239 101.197
124.133 140.147 95.460
123.036 135.198 91.458
120.317 129.665 88.963
115.473 126.411 92.218
110.207 125.164 90.250
103.470 125.308 88.001
98.588 129.328 86.654
96.012 135.864 85.513
97.242 141.538 82.615
100.355 145.109 77.991
106.779 145.712 75.625
110.631 142.707 69.679
110.569 137.786 64.870
122.181 121.221 122.978
128.583 120.714 123.384
133.977 124.378 125.304
136.879 129.557 128.385
136.412 135.411 131.330
134.341 139.042 136.078
129.898 139.393 141.479
125.359 137.573 145.357
122.626 131.803 147.883
123.486 125.150 149.267
127.720 119.325 149.544
133.324 117.143 151.400
140.112 117.562 152.881
136.110 132.796 160.318
140.972 133.544 155.033
142.200 130.476 149.593
141.137 125.926 144.523
137.121 120.914 145.460
133.408 119.751 141.617
126.768 119.489 139.306
121.887 123.194 138.841
119.279 128.521 136.510
119.213 133.907 133.976
122.225 139.175 130.394
126.551 140.516 126.181
128.454 138.682 120.428
129.945 134.727 115.182
113.760 115.330 122.889
107.509 115.308 123.481
101.822 111.966 125.551
99.249 106.445 128.256
99.331 100.583 131.319
101.837 97.103 135.825
105.960 96.201 141.313
110.734 98.556 145.367
113.404 104.305 147.896
112.510 110.946 149.239
108.496 116.880 149.580
102.763 119.132 151.477
96.203 118.689 153.539
100.022 103.117 160.146
95.261 102.759 154.734
94.303 105.742 149.404
95.627 110.587 144.444
98.475 116.658 144.143
103.179 116.721 139.739
109.833 116.387 140.069
114.036 113.163 138.514
117.069 107.911 136.525
117.135 101.753 134.165
113.921 97.006 130.280
109.259 95.454 126.289
107.898 97.346 120.390
106.170 101.416 115.266
112.102 90.324 96.328
114.673 94.009 101.460
111.105 96.136 95.827
112.983 100.881 91.662
115.958 106.585 89.221
120.985 109.661 92.175
126.140 110.714 90.040
132.759 110.704 87.940
137.874 106.608 86.477
140.527 100.752 85.723
138.875 94.175 83.065
136.088 90.843 78.428
130.111 90.055 74.987
126.593 93.585 69.386
126.588 97.775 64.249
145.350 98.646 65.665
142.211 102.152 68.289
136.950 107.374 69.292
130.519 107.254 70.764
125.401 104.723 73.907
122.313 100.577 78.530
123.040 96.268 83.444
127.281 91.941 87.405
131.089 92.912 93.047
132.355 95.414 97.474
130.114 99.605 102.577
125.512 103.906 104.081
121.811 109.213 104.038
116.365 111.749 103.808
111.916 110.604 107.541
109.057 107.340 111.334
108.833 112.645 115.305
106.244 115.411 121.393
101.576 112.047 125.629
98.807 106.555 128.437
98.617 100.723 131.285
101.236 97.217 136.066
104.839 96.234 141.362
107.698 98.625 146.916
110.869 103.144 150.235
110.470 108.948 152.539
108.570 115.273 153.036
103.341 119.393 152.282
97.485 119.806 154.337
91.568 117.656 156.667
87.542 111.819 159.264
90.937 137.459 65.655
94.073 133.937 68.302
99.316 128.692 69.360
105.780 128.839 70.743
110.893 131.351 73.907
113.926 135.514 78.590
113.212 139.838 83.501
109.016 144.220 87.402
105.157 143.296 93.026
103.922 140.827 97.466
106.018 136.576 102.573
110.638 132.333 104.101
114.338 126.928 103.992
119.810 124.411 103.891
124.231 125.543 107.631
127.309 129.135 111.308
127.702 123.683 115.263
130.062 120.854 121.277
134.644 124.092 125.574
137.392 129.620 128.480
137.484 135.487 131.269
134.778 139.032 135.978
131.154 139.693 141.448
128.063 137.410 146.904
125.084 133.146 150.159
125.439 127.144 152.723
127.362 120.881 153.082
132.832 116.919 152.477
138.914 116.865 154.389
145.164 119.867 155.248
148.036 123.994 159.535
124.122 145.802 96.313
121.503 142.189 101.440
125.088 140.030 95.877
123.225 135.304 91.668
120.228 129.537 89.278
115.222 126.450 92.201
110.021 125.480 90.023
103.431 125.436 88.127
98.304 129.592 86.521
95.731 135.429 85.732
97.400 142.000 83.012
100.228 145.306 78.390
106.218 146.034 74.953
109.697 142.459 69.372
109.706 138.250 64.265
131.680 126.436 168.150
133.905 132.299 164.878
137.654 133.590 160.353
140.646 134.288 154.765
143.138 131.403 148.887
142.505 126.174 144.433
138.218 121.795 142.166
133.242 120.087 140.596
126.307 120.306 140.137
121.711 123.416 139.266
119.454 129.651 139.144
119.532 135.463 136.233
121.722 137.891 130.298
125.762 139.958 126.073
128.450 138.259 120.574
130.183 134.381 115.626
103.825 109.884 167.733
101.401 103.885 164.795
98.364 102.447 160.150
95.353 101.825 154.560
92.946 104.504 148.764
94.461 108.967 144.018
97.767 114.679 142.360
102.927 116.461 140.596
109.543 115.891 139.716
114.806 112.502 139.900
116.801 106.275 138.820
116.682 102.517 134.633
114.493 98.327 130.143
110.070 96.186 126.133
107.849 97.961 120.591
105.738 101.544 115.579
