2.462 30.510 21.342
3.838 33.578 15.959
-0.945 30.188 14.396
-7.493 28.392 13.229
-11.156 24.741 8.942
-10.418 20.175 4.971
-7.740 14.905 1.188
-3.355 11.024 -1.839
1.683 7.241 -0.013
7.393 5.133 2.921
9.897 2.800 8.655
-8.693 1.254 12.952
-5.676 4.410 18.255
-0.500 8.917 18.617
5.270 11.664 16.052
9.157 14.101 11.209
9.710 16.556 5.045
7.137 20.442 0.443
2.855 24.136 -1.578
-1.843 29.401 -3.067
-2.628 32.153 -3.905
-0.815 32.555 -5.979
86.112 119.414 111.126
89.595 117.178 116.170
91.864 120.970 110.900
97.512 119.819 107.121
103.942 117.912 105.555
106.582 112.939 107.938
108.484 108.139 106.995
109.733 101.352 104.236
106.258 95.994 102.212
100.214 93.177 100.876
94.685 93.312 97.354
91.785 96.628 92.065
89.984 102.245 89.367
93.700 106.387 84.895
98.232 105.962 79.840
100.732 102.028 75.071
101.258 97.182 70.182
98.696 94.982 65.852
93.448 91.132 63.313
87.409 91.771 62.248
83.099 96.486 61.735
79.901 100.638 66.217
78.780 107.691 64.363
80.473 113.737 65.495
84.551 118.516 63.881
89.542 121.639 61.417
91.223 122.713 54.924
90.997 121.428 47.880
89.609 117.063 43.964
83.924 116.387 40.041
76.950 115.724 39.336
71.100 117.366 41.055
67.169 123.122 41.970
66.812 129.522 41.931
84.570 129.994 37.685
83.714 132.724 42.752
80.241 133.778 48.107
76.897 130.584 52.248
73.217 124.734 53.803
70.872 118.547 52.126
74.252 112.725 51.776
79.352 108.837 49.906
84.978 107.594 48.626
90.449 107.559 50.861
96.120 110.143 54.157
96.458 111.573 60.774
93.653 114.838 66.826
90.405 112.315 71.090
87.512 106.252 74.235
83.586 101.810 74.434
84.682 95.850 77.446
87.690 90.838 79.380
92.780 87.040 81.005
99.001 86.597 83.395
104.102 90.744 83.894
107.257 96.234 86.129
107.119 103.098 87.475
104.398 108.292 90.047
99.974 110.665 94.799
94.894 109.535 98.810
90.580 104.241 101.821
91.967 101.752 108.163
94.229 99.236 112.013
97.059 101.656 117.980
100.480 106.341 119.216
104.987 111.240 119.897
107.011 117.260 120.113
105.455 122.161 123.874
101.712 125.580 127.769
106.068 125.593 131.932
107.743 128.082 138.417
103.710 132.016 142.539
97.411 134.175 144.514
91.460 133.160 146.805
87.757 129.964 151.106
87.180 125.756 156.182
89.455 122.954 161.755
94.070 120.762 165.445
99.418 121.832 168.609
105.268 125.345 169.672
108.526 131.364 168.880
107.943 137.426 170.533
104.659 142.191 173.800
98.283 144.569 174.835
136.099 62.787 65.051
139.704 66.097 68.828
145.272 69.661 69.720
149.329 73.050 67.082
152.289 75.572 60.984
151.119 77.332 54.708
147.272 80.575 49.987
140.845 82.136 48.968
135.068 82.519 49.774
130.543 84.621 52.382
128.345 88.998 57.476
131.256 93.212 61.655
137.500 95.444 64.671
140.120 101.234 63.497
143.058 105.593 59.401
145.982 106.963 53.718
143.741 110.615 49.853
140.446 114.978 45.686
136.387 120.295 47.153
130.841 122.864 50.178
128.097 124.875 55.575
125.997 124.257 61.924
127.688 123.523 68.092
132.828 124.421 72.638
139.349 125.639 73.925
144.360 129.731 72.812
144.896 136.149 73.575
142.990 141.688 75.369
140.119 145.984 77.736
137.847 146.903 82.996
132.244 145.633 86.621
126.831 143.583 87.138
125.068 136.764 89.428
126.162 130.802 88.848
130.042 125.862 92.299
134.455 125.002 97.344
136.969 126.229 102.499
140.974 130.792 106.674
138.024 133.523 112.061
135.084 135.412 116.204
130.912 132.666 121.276
127.739 127.152 122.251
123.296 122.632 122.006
121.059 116.606 121.492
122.075 111.988 125.376
125.362 107.916 129.906
119.803 107.844 133.049
117.479 105.311 139.097
120.452 100.863 143.489
126.078 98.629 146.687
131.706 99.574 149.883
133.962 102.327 155.132
134.273 106.095 160.438
130.888 108.497 165.661
125.903 111.072 168.321
120.082 109.535 170.713
114.193 106.480 170.659
110.807 100.865 169.899
111.542 94.801 171.870
114.801 88.797 172.675
119.283 86.316 177.116
143.919 114.900 116.295
139.958 117.367 120.835
138.037 113.049 114.434
132.782 114.479 110.503
127.175 116.495 107.612
123.209 121.140 110.323
122.126 126.538 107.664
121.070 133.438 105.965
124.632 139.156 104.652
130.294 142.168 103.556
136.562 142.142 101.121
141.056 139.040 98.105
142.920 134.241 93.956
141.272 130.796 88.920
136.667 127.961 84.865
131.718 129.682 80.771
127.066 133.272 77.569
125.666 137.506 73.312
127.042 140.281 67.546
130.707 141.417 63.385
134.571 138.086 59.597
140.401 134.917 57.951
143.475 129.361 59.087
144.215 123.437 60.890
142.688 117.640 64.438
137.385 113.622 65.398
131.794 111.227 62.880
127.577 109.528 57.820
125.204 108.313 52.612
127.089 103.708 48.075
132.115 101.133 43.717
138.961 100.459 43.228
143.925 98.017 46.595
147.085 95.397 51.849
147.549 92.673 57.933
143.939 91.669 64.054
139.721 88.556 66.950
137.502 81.915 67.320
133.628 76.858 64.701
132.052 73.744 60.234
134.283 70.359 54.486
140.060 68.246 50.884
146.110 67.727 49.849
151.528 64.935 53.193
154.115 62.267 58.834
98.129 128.216 183.785
92.146 129.817 180.129
90.328 132.618 175.814
89.955 136.193 170.255
93.009 138.988 164.840
98.228 139.106 160.785
104.170 136.332 159.192
107.034 131.751 157.617
107.417 125.068 156.170
104.481 119.215 156.189
98.768 116.343 154.495
94.647 115.531 150.791
91.064 117.140 144.488
89.150 121.813 141.082
91.217 124.172 136.076
95.262 126.355 130.870
118.504 102.755 185.490
125.110 101.751 182.676
127.717 98.226 178.609
129.257 95.465 173.130
127.387 92.951 166.886
122.982 93.131 161.815
118.026 96.506 158.979
115.300 101.058 157.731
114.132 107.907 157.662
116.913 113.146 156.735
122.901 116.083 157.129
127.438 116.762 153.439
132.105 115.379 148.651
135.182 111.562 144.660
134.200 108.943 138.925
130.946 106.712 133.746
114.801 93.889 101.238
112.075 95.959 95.416
112.986 100.953 91.426
115.904 106.434 88.944
120.812 109.689 92.205
125.983 111.060 90.167
132.710 110.824 87.886
137.641 106.823 86.702
140.191 100.203 85.603
139.017 94.548 82.682
135.915 90.977 78.042
129.512 90.372 75.639
125.712 93.395 69.671
125.858 98.284 64.842
145.942 97.910 66.182
142.098 102.499 68.130
136.795 107.346 69.313
130.385 107.702 70.694
124.959 104.637 73.713
122.372 100.750 78.422
123.140 95.623 83.330
126.881 92.274 87.823
130.822 92.915 92.878
131.818 95.444 97.756
129.956 99.916 102.734
125.114 104.328 104.117
121.984 109.027 104.270
115.940 111.853 103.662
111.302 110.452 107.461
90.479 138.157 66.058
94.318 133.568 68.047
99.606 128.738 69.275
106.000 128.381 70.700
111.390 131.486 73.715
113.891 135.363 78.463
113.047 140.528 83.355
109.296 143.809 87.857
105.342 143.156 92.864
104.290 140.639 97.711
106.269 136.242 102.720
111.040 131.878 104.185
114.127 127.066 104.262
120.165 124.235 103.677
124.738 125.680 107.620
121.339 142.239 101.197
124.133 140.147 95.460
123.036 135.198 91.458
120.317 129.665 88.963
115.473 126.411 92.218
110.207 125.164 90.250
103.470 125.308 88.001
98.588 129.328 86.654
96.012 135.864 85.513
97.242 141.538 82.615
100.355 145.109 77.991
106.779 145.712 75.625
110.631 142.707 69.679
110.569 137.786 64.870
122.181 121.221 122.978
128.583 120.714 123.384
133.977 124.378 125.304
136.879 129.557 128.385
136.412 135.411 131.330
134.341 139.042 136.078
129.898 139.393 141.479
125.359 137.573 145.357
122.626 131.803 147.883
123.486 125.150 149.267
127.720 119.325 149.544
133.324 117.143 151.400
140.112 117.562 152.881
136.110 132.796 160.318
140.972 133.544 155.033
142.200 130.476 149.593
141.137 125.926 144.523
137.121 120.914 145.460
133.408 119.751 141.617
126.768 119.489 139.306
121.887 123.194 138.841
119.279 128.521 136.510
119.213 133.907 133.976
122.225 139.175 130.394
126.551 140.516 126.181
128.454 138.682 120.428
129.945 134.727 115.182
113.760 115.330 122.889
107.509 115.308 123.481
101.822 111.966 125.551
99.249 106.445 128.256
99.331 100.583 131.319
101.837 97.103 135.825
105.960 96.201 141.313
110.734 98.556 145.367
113.404 104.305 147.896
112.510 110.946 149.239
108.496 116.880 149.580
102.763 119.132 151.477
96.203 118.689 153.539
100.022 103.117 160.146
95.261 102.759 154.734
94.303 105.742 149.404
95.627 110.587 144.444
98.475 116.658 144.143
103.179 116.721 139.739
109.833 116.387 140.069
114.036 113.163 138.514
117.069 107.911 136.525
117.135 101.753 134.165
113.921 97.006 130.280
109.259 95.454 126.289
107.898 97.346 120.390
106.170 101.416 115.266
112.102 90.324 96.328
114.673 94.009 101.460
111.105 96.136 95.827
112.983 100.881 91.662
115.958 106.585 89.221
120.985 109.661 92.175
126.140 110.714 90.040
132.759 110.704 87.940
137.874 106.608 86.477
140.527 100.752 85.723
138.875 94.175 83.065
136.088 90.843 78.428
130.111 90.055 74.987
126.593 93.585 69.386
126.588 97.775 64.249
145.350 98.646 65.665
142.211 102.152 68.289
136.950 107.374 69.292
130.519 107.254 70.764
125.401 104.723 73.907
122.313 100.577 78.530
123.040 96.268 83.444
127.281 91.941 87.405
131.089 92.912 93.047
132.355 95.414 97.474
130.114 99.605 102.577
125.512 103.906 104.081
121.811 109.213 104.038
116.365 111.749 103.808
111.916 110.604 107.541
109.057 107.340 111.334
108.833 112.645 115.305
106.244 115.411 121.393
101.576 112.047 125.629
98.807 106.555 128.437
98.617 100.723 131.285
101.236 97.217 136.066
104.839 96.234 141.362
107.698 98.625 146.916
110.869 103.144 150.235
110.470 108.948 152.539
108.570 115.273 153.036
103.341 119.393 152.282
97.485 119.806 154.337
91.568 117.656 156.667
87.542 111.819 159.264
90.937 137.459 65.655
94.073 133.937 68.302
99.316 128.692 69.360
105.780 128.839 70.743
110.893 131.351 73.907
113.926 135.514 78.590
113.212 139.838 83.501
109.016 144.220 87.402
105.157 143.296 93.026
103.922 140.827 97.466
106.018 136.576 102.573
110.638 132.333 104.101
114.338 126.928 103.992
119.810 124.411 103.891
124.231 125.543 107.631
127.309 129.135 111.308
127.702 123.683 115.263
130.062 120.854 121.277
134.644 124.092 125.574
137.392 129.620 128.480
137.484 135.487 131.269
134.778 139.032 135.978
131.154 139.693 141.448
128.063 137.410 146.904
125.084 133.146 150.159
125.439 127.144 152.723
127.362 120.881 153.082
132.832 116.919 152.477
138.914 116.865 154.389
145.164 119.867 155.248
148.036 123.994 159.535
124.122 145.802 96.313
121.503 142.189 101.440
125.088 140.030 95.877
123.225 135.304 91.668
120.228 129.537 89.278
115.222 126.450 92.201
110.021 125.480 90.023
103.431 125.436 88.127
98.304 129.592 86.521
95.731 135.429 85.732
97.400 142.000 83.012
100.228 145.306 78.390
106.218 146.034 74.953
109.697 142.459 69.372
109.706 138.250 64.265
131.680 126.436 168.150
133.905 132.299 164.878
137.654 133.590 160.353
140.646 134.288 154.765
143.138 131.403 148.887
142.505 126.174 144.433
138.218 121.795 142.166
133.242 120.087 140.596
126.307 120.306 140.137
121.711 123.416 139.266
119.454 129.651 139.144
119.532 135.463 136.233
121.722 137.891 130.298
125.762 139.958 126.073
128.450 138.259 120.574
130.183 134.381 115.626
103.825 109.884 167.733
101.401 103.885 164.795
98.364 102.447 160.150
95.353 101.825 154.560
92.946 104.504 148.764
94.461 108.967 144.018
97.767 114.679 142.360
102.927 116.461 140.596
109.543 115.891 139.716
114.806 112.502 139.900
116.801 106.275 138.820
116.682 102.517 134.633
114.493 98.327 130.143
110.070 96.186 126.133
107.849 97.961 120.591
105.738 101.544 115.579
2.597 -0.379 92.949
8.925 -3.314 92.411
12.657 -8.002 90.017
13.432 -14.615 87.025
11.861 -17.914 81.290
9.609 -17.196 74.953
6.181 -14.054 70.263
5.376 -8.456 67.108
6.586 -2.209 65.787
12.096 1.020 63.287
18.445 2.314 61.562
23.981 0.694 60.189
28.396 -4.061 57.459
29.779 -7.871 52.785
28.323 -13.855 49.335
23.556 -17.067 46.030
16.730 -17.310 44.743
12.721 -12.351 41.570
12.303 -5.787 39.341
15.221 -1.313 35.326
19.810 0.243 30.603
23.418 -1.834 25.155
24.291 -5.349 19.983
22.334 -11.179 15.555
16.561 -15.770 13.732
10.415 -16.932 13.760
3.880 -15.828 16.667
0.035 -10.530 17.601
-0.820 -3.344 15.990
-0.230 0.871 10.996
-0.353 2.618 4.523
-3.314 1.048 -1.205
-6.753 -3.148 -5.557
-11.433 -8.342 -5.576
-15.392 -13.297 -2.744
-19.338 -14.902 2.075
-22.267 -12.787 8.172
-23.675 -8.861 12.807
-26.177 -2.798 13.675
-29.324 1.835 12.178
-34.424 5.715 8.369
-40.740 4.060 4.473
-45.644 -0.407 4.533
-48.883 -5.344 6.641
-50.557 -10.916 9.876
-50.773 -15.195 14.947
-47.170 -16.134 21.377
-45.612 -11.729 26.771
-48.242 -7.339 30.888
-50.144 -1.279 32.411
-55.402 2.091 33.418
-61.892 1.547 35.113
-67.096 -1.981 36.934
-70.722 -8.169 38.253
-70.346 -12.584 43.772
-67.750 -18.511 45.340
-63.166 -21.231 48.890
-56.549 -20.697 50.622
-52.105 -16.486 53.476
-50.843 -10.921 56.696
-52.486 -6.341 61.582
-54.893 -6.348 67.281
-56.708 -8.823 73.362
-57.171 -13.893 77.677
-54.758 -19.910 79.835
-50.776 -25.028 79.424
-46.001 -28.622 76.007
-40.089 -27.798 73.649
-35.259 -23.798 71.545
-31.409 -18.357 72.850
-28.080 -15.369 77.963
-26.386 -14.734 84.495
-24.641 -18.196 89.648
-22.418 -23.908 92.463
-19.713 -29.745 92.292
-15.988 -34.630 89.895
-14.212 -38.671 84.547
-11.629 -37.524 78.431
-10.326 -33.156 73.531
-5.745 -28.151 72.331
-1.470 -23.294 74.660
4.379 -22.706 78.072
10.237 -25.651 79.643
14.335 -30.544 79.352
16.434 -37.019 78.094
17.011 -41.048 73.102
16.246 -42.418 66.712
11.879 -41.727 61.337
10.355 -37.443 56.468
10.547 -30.906 54.627
15.235 -26.225 53.146
20.984 -24.602 50.835
24.807 -26.074 45.893
28.358 -29.869 42.200
28.758 -34.626 37.968
26.529 -39.912 34.403
21.714 -44.194 31.804
15.506 -44.147 29.853
9.094 -41.831 30.737
6.149 -36.731 28.865
6.647 -29.601 27.273
8.397 -26.265 21.800
12.034 -25.091 16.002
12.264 -27.429 10.021
10.805 -32.847 5.148
7.450 -36.487 2.361
1.086 -40.534 1.825
-4.519 -42.784 3.983
-9.269 -41.280 8.895
-13.022 -35.917 10.398
-15.139 -29.544 9.561
-15.244 -24.051 5.546
-17.216 -21.555 -0.082
-21.855 -22.504 -5.335
-25.846 -25.908 -8.831
-30.696 -31.486 -8.681
-33.782 -36.439 -5.529
-36.143 -39.489 0.236
-37.028 -39.035 7.105
-36.671 -35.545 12.690
-38.555 -30.161 16.129
-42.430 -24.377 15.638
-48.893 -21.718 15.265
-55.402 -22.853 13.201
-59.947 -28.371 12.811
-62.290 -35.508 14.283
-60.659 -41.043 18.319
-57.960 -43.219 23.931
-55.683 -42.965 30.266
-52.669 -39.246 34.934
-53.702 -34.814 40.742
-58.317 -29.158 40.270
-63.870 -29.120 43.524
-68.484 -31.852 47.246
-71.430 -36.306 51.804
-71.559 -42.269 54.160
-67.876 -47.752 58.030
-61.925 -49.925 60.134
-54.951 -48.753 60.960
-50.486 -43.908 62.609
-49.254 -38.160 65.959
-50.945 -33.590 70.314
-54.072 -31.753 75.995
-57.551 -33.130 81.488
-62.681 -37.778 83.908
-50.795 -51.811 76.872
-58.307 -50.195 75.986
-63.667 -47.181 76.846
-66.494 -40.634 74.425
-66.483 -34.575 71.602
-62.905 -30.349 67.944
-58.384 -30.808 62.005
-54.124 -33.688 58.128
-52.258 -38.881 54.513
-53.922 -44.678 51.777
-57.876 -48.099 47.713
-62.829 -49.252 44.172
-68.009 -46.439 40.470
-70.038 -41.480 36.750
-69.679 -36.578 33.205
-67.044 -30.598 30.521
-61.459 -26.009 31.166
-54.764 -26.620 32.371
-50.279 -31.135 29.209
-48.580 -36.810 26.048
-49.607 -41.006 20.821
-52.293 -41.510 14.399
-54.515 -38.334 8.904
-53.499 -33.646 2.885
-49.064 -27.599 1.774
-43.001 -23.726 1.609
-37.110 -21.073 5.197
-32.649 -23.708 9.412
-29.908 -30.156 11.004
-27.860 -36.145 8.570
-26.319 -39.969 3.078
-23.819 -40.662 -2.847
-19.950 -38.580 -8.036
-14.881 -34.540 -9.618
-10.206 -28.912 -7.684
-7.407 -25.101 -3.348
-5.237 -24.285 3.420
-4.369 -26.197 9.434
-5.458 -30.132 14.939
-3.232 -35.940 16.680
-0.386 -42.121 15.282
5.482 -44.322 13.176
11.983 -43.231 12.568
17.456 -39.724 14.333
20.224 -34.815 17.697
20.367 -28.980 21.421
18.531 -27.153 27.285
13.070 -26.611 32.160
10.476 -30.835 36.265
9.555 -36.706 39.218
12.215 -42.409 41.660
17.109 -44.426 45.082
22.551 -44.232 48.326
27.294 -41.827 51.921
28.688 -37.721 56.871
27.573 -32.718 60.805
24.081 -28.321 63.650
17.826 -25.363 64.073
11.130 -25.832 61.900
6.696 -30.533 62.785
4.279 -36.777 64.475
4.128 -41.149 69.223
4.007 -42.401 75.794
3.953 -40.380 82.100
3.508 -35.721 86.910
-0.354 -30.866 88.874
-4.034 -25.429 88.019
-6.935 -21.038 83.534
-11.737 -21.352 78.880
-15.417 -24.955 74.818
-19.388 -30.761 74.219
-23.556 -34.707 77.900
-27.683 -35.062 82.735
-31.562 -32.224 87.276
-34.926 -27.174 90.081
-38.405 -21.733 89.414
-39.676 -15.404 86.872
-39.645 -11.593 81.395
-39.969 -11.597 74.893
-39.642 -15.265 69.337
-43.493 -20.209 66.133
-48.358 -25.170 65.975
-54.986 -25.856 66.869
-60.702 -23.074 66.748
-65.123 -17.721 67.198
-66.071 -11.974 64.804
-66.104 -7.428 59.691
-61.391 -3.956 55.802
-57.021 -4.293 50.942
-53.071 -8.152 46.985
-52.926 -14.315 44.274
-56.467 -18.650 40.186
-61.148 -19.261 35.359
-62.508 -17.164 30.543
-65.360 -12.875 26.252
-63.360 -7.854 23.032
-61.254 -1.390 21.366
-55.405 2.332 20.407
-48.956 2.245 21.588
-43.492 0.109 23.821
-39.363 -5.515 22.809
-38.571 -11.411 19.633
-39.195 -14.332 13.377
-38.130 -13.947 7.328
-37.058 -10.741 1.070
-35.160 -6.601 -2.817
-30.401 -0.660 -2.685
-24.832 1.987 -1.263
-21.424 4.928 4.151
-18.102 2.196 9.629
-15.750 -3.509 12.520
-12.979 -9.718 11.585
-11.145 -14.938 7.651
-7.073 -16.329 2.603
-1.260 -15.351 -0.255
4.295 -11.464 -1.322
8.273 -6.335 0.563
9.998 -1.495 5.165
9.839 0.256 11.632
8.313 -0.580 17.995
5.303 -4.818 22.670
6.923 -10.835 25.369
10.599 -16.096 26.254
16.635 -19.137 26.654
23.161 -17.484 28.653
28.175 -12.687 29.549
29.043 -6.230 32.336
26.499 -2.077 36.906
22.074 -0.093 41.517
17.751 -0.758 46.059
12.472 -4.979 49.362
12.713 -10.212 52.876
15.602 -16.283 54.421
19.982 -17.325 59.663
23.337 -14.859 65.178
24.295 -11.188 69.693
23.713 -4.773 73.100
19.329 -0.686 75.583
12.917 2.107 75.950
6.322 0.257 75.105
1.399 -3.996 75.412
-1.027 -9.961 77.110
-0.785 -15.397 80.946
0.353 -18.103 86.884
4.004 -18.170 92.864
6.328 -0.015 -93.231
12.854 3.240 -93.807
16.602 8.883 -91.383
17.265 15.016 -87.109
15.232 18.286 -81.972
12.574 17.044 -75.579
8.484 13.241 -71.416
7.280 7.691 -68.642
9.302 1.933 -66.232
13.667 -2.092 -63.796
19.779 -4.054 -62.243
25.844 -1.945 -60.267
29.365 2.488 -56.827
30.474 6.445 -51.893
28.517 12.399 -48.147
23.564 15.951 -45.973
16.764 15.902 -44.582
12.528 11.020 -42.333
11.730 4.306 -40.150
14.294 -0.467 -35.979
18.625 -1.646 -30.655
22.001 0.217 -25.195
22.015 4.120 -19.648
19.325 8.848 -15.805
13.662 13.368 -13.717
7.416 15.279 -14.137
1.245 13.816 -17.499
-1.823 8.487 -19.578
-3.265 1.535 -17.897
-3.632 -2.714 -12.762
-4.277 -4.503 -6.423
-7.405 -3.014 -0.543
-11.894 0.297 2.982
-15.951 6.385 3.257
-20.663 9.667 0.423
-23.261 12.636 -5.334
-25.826 11.090 -11.672
-26.597 8.133 -16.983
-29.124 2.488 -19.790
-31.751 -3.440 -18.298
-37.101 -6.491 -15.643
-44.288 -6.681 -13.399
-49.471 -2.994 -12.311
-52.837 2.776 -14.414
-53.253 8.997 -16.193
-52.669 13.531 -22.238
-49.569 14.470 -27.432
-47.409 11.410 -33.703
-47.673 6.189 -37.555
-50.761 0.595 -40.429
-56.387 -2.349 -41.819
-62.742 -1.110 -44.002
-67.792 2.173 -45.278
-70.158 5.899 -49.192
-70.211 12.174 -50.653
-67.099 17.499 -55.128
-61.503 20.820 -54.831
-55.795 20.463 -56.852
-50.743 16.225 -59.446
-49.146 10.500 -63.098
-50.634 6.453 -68.475
-52.478 6.570 -74.558
-53.300 9.744 -80.436
-53.530 14.858 -84.594
-50.930 20.638 -86.159
-46.701 25.418 -85.348
-42.716 29.401 -81.077
-36.962 28.240 -78.267
-32.370 24.070 -76.074
-28.372 18.750 -77.279
-24.769 15.885 -82.325
-22.469 15.898 -88.563
-20.101 19.528 -93.420
-17.147 24.853 -95.485
-14.366 30.663 -94.906
-11.127 35.488 -91.908
-10.088 38.946 -86.112
-7.475 37.807 -80.164
-7.279 33.080 -75.271
-2.772 27.973 -73.984
1.695 23.179 -75.878
7.847 22.438 -78.638
13.640 25.601 -79.966
17.716 30.400 -79.284
19.880 36.596 -77.112
20.461 40.207 -71.822
19.240 41.526 -65.269
14.004 40.917 -60.655
11.943 36.652 -56.292
11.864 29.974 -54.267
16.198 25.179 -52.807
21.571 23.600 -49.526
25.940 24.707 -45.050
27.810 27.977 -39.726
28.406 33.669 -36.021
26.097 38.236 -32.523
21.117 42.250 -29.945
14.609 42.628 -28.849
8.337 40.612 -30.340
4.885 35.188 -29.212
5.016 28.162 -28.053
6.227 24.407 -22.031
8.849 23.257 -16.152
8.867 25.205 -9.761
7.621 30.210 -4.746
4.239 34.954 -2.468
-1.585 38.001 -2.339
-7.762 40.450 -4.857
-12.602 39.573 -9.855
-16.015 34.421 -12.374
-18.297 27.838 -11.956
-18.681 22.287 -8.317
-21.022 20.021 -2.617
-25.970 20.884 2.239
-30.608 23.970 5.375
-35.137 29.128 4.642
-37.913 34.335 1.488
-39.516 37.369 -4.500
-39.947 37.535 -11.060
-39.287 34.576 -17.041
-40.811 28.907 -20.845
-45.058 23.687 -21.463
-50.756 20.491 -20.330
-57.729 21.402 -20.190
-62.512 27.280 -20.050
-63.065 34.093 -20.671
-63.294 38.948 -25.110
-59.604 42.220 -30.565
-56.044 41.904 -36.177
-51.962 39.267 -40.942
-52.997 34.559 -45.832
-56.302 29.659 -48.817
-62.193 28.783 -52.181
-67.074 32.419 -55.294
-69.709 36.733 -58.464
-70.166 42.621 -61.664
-66.494 47.436 -64.545
-60.539 50.465 -65.704
-53.576 48.985 -68.136
-48.947 44.619 -69.034
-46.912 38.573 -71.433
-47.946 34.201 -76.194
-50.507 32.332 -81.971
-54.162 33.258 -87.698
-56.609 38.557 -91.740
-48.314 51.732 -82.229
-55.391 51.453 -84.948
-60.980 47.100 -84.749
-63.870 40.897 -81.472
-63.589 35.427 -78.234
-60.195 30.783 -74.175
-56.159 31.323 -67.936
-51.265 34.596 -64.895
-50.574 40.044 -60.656
-52.494 45.182 -57.445
-56.649 49.039 -54.395
-62.060 49.336 -50.590
-67.038 45.729 -47.658
-69.918 40.874 -45.109
-69.968 35.030 -41.471
-67.425 29.695 -39.267
-62.013 25.447 -38.431
-55.180 25.783 -38.547
-51.002 30.472 -35.100
-49.796 36.010 -31.510
-51.506 39.884 -26.076
-55.182 40.189 -20.279
-57.287 37.202 -14.706
-56.475 32.639 -10.005
-52.862 26.455 -7.742
-47.233 21.750 -7.018
-40.529 19.834 -9.888
-36.176 22.252 -14.082
-32.700 28.573 -14.857
-30.737 34.609 -12.088
-29.912 38.236 -6.447
-27.954 38.395 -0.030
-23.877 36.521 4.715
-19.691 31.079 6.728
-14.672 26.867 5.934
-11.514 23.339 1.461
-9.270 22.395 -5.212
-7.942 24.167 -11.007
-8.209 28.895 -16.276
-5.210 34.615 -17.572
-1.931 40.222 -15.788
3.590 42.699 -12.861
9.863 41.400 -12.043
15.381 36.833 -12.832
17.854 32.289 -16.187
18.153 26.511 -20.113
16.872 24.933 -25.993
12.145 25.198 -31.785
10.050 29.519 -36.191
9.486 35.786 -38.977
12.547 41.530 -40.576
18.509 43.452 -43.387
23.833 42.774 -45.971
28.316 40.208 -49.613
29.663 36.787 -54.451
29.711 31.748 -58.707
25.956 27.482 -62.020
19.867 24.494 -63.342
13.251 24.824 -61.471
8.785 29.949 -62.795
6.933 36.440 -64.386
7.329 40.859 -69.009
7.570 41.899 -75.574
8.183 40.408 -81.905
7.967 36.162 -86.900
4.723 31.229 -89.405
0.620 25.797 -89.176
-3.023 21.483 -85.317
-7.980 21.660 -81.268
-12.207 25.257 -77.495
-16.049 30.997 -76.924
-20.180 34.767 -80.677
-23.443 35.772 -86.244
-27.004 33.109 -90.824
-29.900 28.159 -94.101
-33.158 22.694 -94.160
-35.209 16.730 -91.994
-35.777 12.700 -86.720
-36.886 12.419 -80.381
-36.863 15.774 -74.519
-41.083 20.420 -71.482
-45.759 25.359 -71.718
-52.236 26.295 -73.121
-57.891 23.628 -73.590
-62.531 18.535 -74.918
-64.195 12.689 -72.794
-64.011 7.802 -67.852
-60.143 4.054 -63.542
-55.774 4.016 -58.483
-52.115 7.969 -54.110
-52.415 14.108 -50.644
-56.330 17.725 -46.969
-61.070 18.038 -43.018
-63.327 16.559 -38.111
-66.715 11.132 -34.323
-66.149 6.244 -31.601
-63.071 0.680 -29.348
-57.434 -2.998 -29.023
-51.096 -3.120 -29.065
-45.007 -0.771 -30.953
-41.640 4.621 -28.522
-40.966 11.249 -25.629
-41.382 13.589 -19.475
-41.131 12.618 -13.053
-42.057 8.711 -7.259
-39.573 4.050 -3.891
-35.752 -1.924 -2.975
-29.653 -4.765 -4.304
-24.540 -6.344 -8.621
-20.952 -3.659 -13.689
-18.583 2.384 -15.688
-16.128 8.291 -13.918
-14.881 13.416 -9.649
-11.020 14.237 -4.076
-5.734 13.413 -0.457
-0.608 8.959 0.964
3.469 4.246 -1.265
6.233 -0.873 -6.118
6.061 -2.950 -12.172
5.571 -1.435 -19.084
3.297 2.969 -23.878
5.139 9.050 -26.454
9.111 14.368 -26.524
15.057 17.683 -26.033
21.416 15.955 -26.790
26.648 10.608 -28.586
27.836 4.463 -31.048
25.292 -0.239 -36.197
20.797 -1.499 -41.398
17.640 -0.197 -46.324
12.676 3.886 -50.096
13.112 9.462 -53.356
16.119 15.196 -55.484
21.289 16.120 -60.056
25.292 14.424 -64.314
27.164 10.272 -69.205
26.070 5.108 -73.430
21.735 0.072 -76.270
15.319 -2.594 -76.510
9.028 -0.908 -76.690
4.220 4.009 -76.509
2.244 9.965 -78.169
2.744 15.429 -81.923
4.332 18.100 -88.061
8.082 18.340 -93.888
-2.539 -0.278 -92.460
-9.154 -3.924 -92.732
-12.471 -9.187 -90.426
-13.120 -15.479 -86.830
-11.789 -18.556 -81.685
-9.462 -17.844 -75.144
-6.659 -14.458 -70.327
-5.205 -8.641 -67.197
-7.674 -2.655 -65.798
-12.470 0.359 -63.552
-18.594 2.298 -61.660
-24.828 0.036 -60.602
-28.745 -4.551 -57.641
-30.128 -8.976 -53.411
-28.328 -14.534 -49.144
-23.560 -17.476 -45.840
-16.904 -17.273 -44.282
-12.891 -12.389 -41.814
-12.789 -5.677 -39.451
-15.685 -1.681 -35.314
-20.394 -0.066 -30.799
-24.043 -1.808 -25.615
-24.871 -5.721 -19.924
-22.868 -10.881 -15.906
-17.621 -15.621 -13.697
-11.149 -17.830 -13.931
-4.548 -15.952 -16.473
-0.640 -10.905 -17.408
0.713 -3.884 -15.781
0.091 0.479 -10.755
-0.655 2.057 -4.353
1.980 0.268 1.865
6.217 -3.250 5.931
10.373 -8.904 6.138
13.757 -13.634 3.437
18.669 -14.856 -1.483
22.933 -13.646 -7.507
22.858 -9.452 -12.333
26.654 -4.120 -14.891
28.858 1.276 -12.088
33.589 4.687 -8.308
39.699 3.801 -4.514
44.744 -0.436 -4.089
48.494 -5.343 -5.947
49.406 -10.951 -8.936
50.048 -15.080 -15.370
46.882 -15.661 -20.769
45.711 -12.099 -26.917
46.527 -6.912 -30.501
49.511 -1.172 -32.769
54.987 1.999 -33.443
61.773 0.462 -34.303
66.179 -2.443 -36.433
69.869 -6.736 -39.467
70.743 -13.595 -41.920
67.642 -17.518 -47.122
62.000 -21.047 -47.142
56.623 -20.124 -50.466
52.026 -15.430 -52.836
50.388 -10.608 -56.509
52.593 -6.070 -61.208
54.728 -5.976 -67.228
56.399 -8.918 -72.974
57.216 -13.807 -77.118
54.672 -19.531 -79.588
50.541 -25.012 -79.169
45.469 -28.238 -76.076
39.755 -27.369 -73.335
35.150 -23.692 -71.255
31.304 -18.468 -72.702
28.136 -15.415 -77.773
26.251 -15.336 -84.112
24.414 -18.468 -89.320
22.008 -23.970 -92.345
19.405 -29.869 -92.230
16.418 -34.957 -89.477
14.305 -38.829 -84.024
11.884 -37.696 -78.171
10.287 -33.381 -73.345
5.819 -28.516 -72.191
1.554 -23.902 -74.417
-4.450 -23.226 -77.815
-9.896 -26.044 -79.827
-14.097 -31.146 -79.625
-16.391 -37.257 -77.600
-16.725 -41.416 -72.834
-16.108 -42.837 -66.513
-11.808 -42.159 -61.050
-10.356 -37.976 -56.148
-10.773 -31.456 -54.166
-15.406 -26.975 -52.908
-21.125 -25.552 -50.344
-26.007 -27.073 -46.581
-28.198 -30.308 -41.762
-29.278 -36.233 -38.668
-26.765 -40.393 -34.643
-21.851 -44.478 -31.794
-15.746 -44.651 -29.811
-9.471 -42.251 -30.157
-6.201 -37.134 -28.577
-6.347 -30.377 -26.682
-8.964 -26.682 -21.736
-11.915 -25.517 -15.989
-11.859 -27.894 -9.549
-11.123 -32.379 -4.723
-7.388 -36.926 -1.991
-1.889 -40.459 -0.875
3.994 -43.196 -4.138
9.141 -41.543 -8.336
12.927 -36.303 -10.020
15.183 -30.018 -9.334
15.566 -24.570 -5.444
16.881 -22.190 0.614
21.795 -23.506 5.962
26.332 -26.524 9.188
31.160 -31.578 8.601
34.101 -36.850 6.037
35.978 -39.846 -0.225
37.102 -39.621 -6.721
36.514 -36.129 -12.493
38.225 -30.578 -15.886
43.349 -26.263 -16.545
48.300 -22.481 -14.810
55.119 -23.027 -13.454
60.199 -28.461 -12.330
61.601 -35.188 -13.759
60.685 -40.748 -17.646
57.409 -43.436 -23.625
55.854 -42.867 -30.154
52.454 -39.563 -35.077
53.227 -34.509 -40.502
57.429 -29.399 -40.372
63.279 -28.393 -43.316
67.608 -31.549 -47.061
71.244 -35.707 -50.364
71.022 -40.907 -54.008
67.846 -46.579 -56.222
62.177 -49.162 -59.643
55.707 -48.315 -61.134
50.810 -44.044 -62.690
49.217 -38.006 -65.897
50.980 -33.577 -70.292
54.007 -31.643 -75.592
57.354 -32.526 -81.472
61.102 -37.121 -84.996
51.080 -51.214 -75.856
58.789 -50.350 -76.201
64.028 -46.850 -76.543
67.108 -40.672 -74.193
66.641 -35.208 -71.090
62.615 -30.434 -67.318
58.771 -30.772 -62.135
54.193 -33.453 -57.907
52.214 -39.152 -54.720
53.408 -44.165 -51.363
57.657 -48.784 -47.468
63.341 -49.495 -44.857
67.469 -46.204 -40.594
69.381 -42.066 -36.684
69.305 -35.941 -32.884
66.648 -30.652 -30.447
61.339 -26.038 -30.593
54.803 -26.812 -31.917
50.172 -31.543 -29.228
48.462 -36.882 -25.918
49.744 -41.013 -20.775
52.825 -41.911 -14.779
54.793 -38.860 -8.924
53.888 -34.545 -3.977
49.073 -29.167 -1.743
44.378 -24.225 -1.715
37.730 -22.160 -4.499
33.562 -24.307 -9.227
29.604 -30.100 -10.456
27.827 -36.344 -8.377
26.737 -40.292 -3.268
23.863 -40.552 2.905
20.051 -38.772 7.678
15.038 -34.648 9.330
11.073 -29.566 8.278
7.295 -26.183 3.288
5.492 -24.661 -3.202
4.979 -26.357 -9.305
5.693 -30.733 -14.647
2.969 -36.322 -16.339
0.162 -42.412 -14.985
-5.930 -45.085 -12.710
-12.070 -43.831 -12.356
-17.470 -39.483 -13.210
-20.399 -35.356 -17.531
-20.528 -29.501 -21.000
-18.518 -27.146 -26.265
-13.705 -27.298 -31.616
-10.856 -31.255 -35.910
-9.679 -37.220 -39.123
-12.042 -42.744 -41.222
-17.449 -44.826 -44.967
-22.216 -44.627 -48.134
-26.603 -42.474 -52.328
-28.812 -38.770 -56.621
-27.503 -33.471 -60.670
-23.556 -28.586 -62.885
-18.024 -25.851 -63.644
-11.369 -26.480 -61.742
-6.765 -30.963 -62.758
-4.423 -37.237 -64.159
-4.036 -41.507 -68.928
-3.887 -42.880 -75.288
-4.082 -41.064 -81.651
-3.274 -36.494 -86.520
0.423 -31.316 -88.672
4.071 -25.773 -87.553
6.963 -21.640 -83.343
11.652 -21.808 -78.788
15.466 -25.388 -74.594
19.646 -30.800 -73.982
23.982 -34.255 -77.512
27.803 -34.921 -82.624
31.947 -32.284 -87.232
34.974 -27.043 -89.744
38.212 -21.638 -88.919
39.669 -15.208 -86.536
39.501 -11.670 -81.236
39.881 -11.645 -74.610
39.837 -14.924 -68.962
43.345 -19.874 -65.783
48.054 -24.835 -66.093
54.428 -25.613 -66.649
60.301 -23.002 -65.428
64.980 -17.975 -66.208
66.095 -12.171 -64.484
65.859 -7.181 -59.847
61.542 -3.996 -55.269
56.788 -4.074 -50.709
52.547 -7.824 -46.824
52.634 -14.044 -43.815
56.124 -18.364 -40.155
60.367 -19.300 -35.561
61.797 -18.153 -30.097
63.697 -12.795 -25.174
63.038 -7.378 -23.122
60.390 -1.585 -20.905
54.942 1.636 -19.559
48.357 2.454 -21.463
43.507 -0.680 -24.252
39.669 -5.933 -22.299
38.289 -11.964 -19.176
38.746 -14.864 -13.573
39.200 -14.729 -7.729
37.440 -11.975 -0.917
34.873 -7.152 2.331
30.844 -2.204 3.194
24.779 1.337 1.391
20.600 3.680 -3.506
17.610 1.469 -9.283
14.943 -4.098 -12.072
12.120 -10.333 -11.175
11.062 -15.400 -6.977
5.954 -17.136 -2.160
0.261 -16.450 0.123
-5.070 -11.926 1.123
-8.754 -6.648 -0.377
-10.401 -1.529 -4.980
-10.252 0.157 -11.299
-8.480 -0.844 -17.814
-6.114 -5.066 -22.799
-7.520 -10.994 -25.607
-11.042 -16.362 -26.153
-17.062 -19.356 -26.690
-24.238 -17.737 -28.524
-28.385 -12.278 -29.791
-29.293 -6.497 -32.378
-26.720 -1.516 -36.870
-21.914 -0.490 -41.870
-18.207 -1.466 -46.007
-12.618 -5.160 -49.325
-12.421 -10.620 -52.836
-15.034 -16.528 -55.348
-19.425 -17.431 -60.264
-23.488 -15.840 -64.973
-24.011 -12.012 -69.856
-23.751 -6.089 -73.509
-19.250 -1.333 -75.693
-13.166 0.867 -76.279
-6.749 -0.208 -75.547
-1.415 -4.536 -75.547
0.820 -10.421 -76.830
0.676 -15.716 -80.681
-0.281 -18.384 -86.826
-3.522 -18.739 -92.726
-0.428 0.115 -90.662
-7.060 -3.367 -91.068
-10.446 -8.683 -88.968
-12.001 -14.768 -85.830
-10.080 -18.244 -80.702
-7.839 -17.707 -74.218
-5.285 -14.670 -69.017
-3.723 -9.114 -65.816
-5.798 -2.881 -63.994
-10.268 0.340 -61.606
-16.776 2.420 -60.393
-23.036 1.080 -59.824
-27.139 -2.880 -56.137
-29.133 -6.483 -51.564
-28.197 -13.150 -48.338
-23.541 -16.335 -45.317
-16.716 -16.840 -43.788
-12.572 -12.203 -40.967
-11.637 -5.634 -38.365
-14.264 -0.935 -34.589
-19.009 0.582 -29.780
-22.746 -1.507 -24.678
-24.427 -5.155 -19.614
-22.270 -9.209 -14.651
-17.850 -14.761 -12.945
-11.953 -16.318 -12.905
-5.221 -15.317 -15.461
-1.023 -10.320 -15.879
0.502 -3.257 -14.273
0.074 1.094 -9.297
-0.237 2.614 -2.845
1.774 0.284 3.176
5.816 -3.366 6.946
9.806 -8.862 7.777
13.359 -13.700 4.937
17.742 -15.342 -0.087
20.908 -13.319 -6.296
22.964 -9.722 -10.378
25.565 -3.545 -12.336
28.865 1.290 -10.225
33.015 4.927 -6.135
39.605 3.675 -2.772
44.335 -0.542 -1.800
47.913 -5.950 -3.334
49.302 -11.241 -5.941
50.057 -15.380 -12.251
47.370 -15.835 -17.757
46.028 -12.933 -24.510
46.859 -8.166 -28.183
49.622 -1.682 -29.917
55.297 1.111 -30.868
61.547 -0.278 -32.945
66.570 -2.984 -34.924
69.793 -7.715 -37.766
70.269 -15.023 -37.851
67.985 -19.218 -43.826
62.697 -22.841 -44.420
56.785 -22.207 -47.321
52.538 -17.467 -50.288
51.412 -11.666 -53.565
53.166 -7.581 -58.887
55.888 -7.405 -64.489
57.472 -10.052 -70.454
58.013 -15.165 -74.540
56.123 -21.273 -76.457
51.845 -26.225 -76.355
47.163 -29.814 -72.692
41.146 -28.727 -70.908
36.180 -24.621 -69.019
32.129 -19.467 -70.538
29.374 -16.832 -75.963
28.193 -16.245 -82.471
26.648 -19.635 -87.910
24.208 -25.420 -90.422
21.344 -31.189 -90.297
17.669 -36.013 -87.519
15.104 -39.545 -82.177
12.188 -38.310 -76.577
10.564 -33.970 -71.617
6.620 -28.484 -70.778
2.601 -23.533 -73.164
-3.215 -22.819 -76.999
-8.766 -25.292 -78.973
-13.593 -29.754 -77.758
-16.278 -36.075 -76.360
-16.952 -40.124 -71.597
-16.005 -41.880 -65.333
-11.434 -41.213 -60.023
-10.217 -36.951 -55.206
-10.440 -30.227 -53.365
-14.777 -25.701 -51.535
-20.471 -23.925 -49.306
-25.428 -25.734 -45.736
-28.211 -28.972 -41.457
-30.084 -34.375 -38.059
-27.585 -39.274 -34.276
-22.805 -43.494 -31.604
-16.744 -43.221 -28.904
-10.034 -41.187 -29.430
-7.160 -36.056 -27.416
-7.309 -28.867 -26.204
-9.473 -25.648 -20.712
-12.605 -24.773 -14.885
-13.014 -27.193 -8.738
-12.215 -31.320 -3.687
-8.565 -36.056 -0.909
-3.453 -40.394 -0.523
2.751 -43.033 -2.924
7.777 -41.513 -7.775
11.741 -36.258 -8.593
13.842 -29.871 -7.474
14.030 -24.803 -3.165
16.195 -22.942 2.483
20.586 -24.153 7.856
24.760 -27.465 11.351
29.254 -32.780 10.643
32.912 -37.302 8.060
34.144 -40.873 1.719
35.516 -40.315 -4.627
35.622 -36.743 -10.262
37.219 -30.709 -13.531
41.420 -25.618 -12.923
47.120 -23.405 -11.426
53.703 -23.901 -10.533
59.725 -28.542 -10.160
61.284 -35.121 -10.634
59.971 -40.986 -14.084
57.466 -44.208 -19.638
54.808 -43.465 -26.077
51.580 -40.372 -31.542
52.960 -34.131 -35.384
57.142 -30.408 -37.757
63.246 -29.132 -40.469
67.460 -32.603 -43.967
70.633 -37.251 -46.193
70.814 -42.965 -48.945
67.870 -47.440 -52.335
62.507 -49.707 -55.233
55.739 -48.727 -56.354
51.485 -44.552 -58.449
49.769 -38.839 -62.470
51.673 -34.962 -67.169
54.876 -32.697 -72.407
58.846 -33.911 -77.913
61.911 -38.889 -81.452
52.049 -52.808 -72.293
59.605 -52.562 -73.127
64.175 -48.123 -71.760
67.519 -42.172 -70.452
67.056 -36.583 -67.705
63.756 -31.751 -63.551
59.479 -31.008 -58.990
54.863 -33.193 -54.656
52.047 -38.511 -51.114
53.200 -44.043 -48.019
56.912 -49.082 -44.052
62.486 -50.417 -40.773
66.717 -46.934 -36.444
68.749 -43.033 -32.229
69.435 -36.370 -28.857
66.296 -31.208 -26.988
60.882 -26.740 -27.055
53.995 -27.146 -27.645
49.213 -32.176 -25.953
47.499 -38.046 -22.473
49.441 -41.931 -16.821
52.248 -42.158 -10.601
53.519 -39.005 -4.553
51.277 -34.710 -0.097
47.683 -28.918 0.971
42.387 -24.809 0.858
36.370 -22.399 -2.441
32.242 -24.621 -6.960
28.807 -30.737 -8.591
26.534 -36.816 -6.406
25.165 -40.916 -1.243
22.526 -41.657 4.735
18.181 -39.942 9.240
13.080 -35.877 10.951
9.117 -30.728 10.190
5.322 -27.398 5.365
4.518 -24.532 -1.491
3.773 -26.096 -7.156
4.833 -30.037 -12.977
2.088 -35.677 -15.110
-1.199 -41.707 -14.177
-7.279 -43.888 -12.057
-13.581 -42.700 -11.456
-18.105 -38.242 -12.839
-21.393 -34.298 -17.119
-21.474 -28.379 -20.934
-19.577 -26.243 -25.854
-13.982 -25.858 -30.934
-11.127 -29.916 -35.134
-10.195 -36.258 -37.937
-12.423 -41.997 -40.261
-17.369 -43.845 -44.431
-22.551 -43.617 -47.753
-26.052 -40.280 -52.100
-29.095 -36.100 -55.532
-27.273 -31.347 -59.751
-23.492 -26.252 -61.749
-17.520 -24.860 -63.456
-11.124 -25.314 -60.733
-6.146 -30.115 -61.779
-4.010 -36.772 -63.006
-4.055 -40.961 -67.753
-3.807 -42.457 -74.211
-3.460 -40.566 -80.420
-1.971 -36.355 -85.368
1.894 -31.470 -87.272
5.696 -25.932 -86.348
8.480 -21.586 -81.946
13.051 -22.394 -77.235
16.604 -26.000 -72.967
20.287 -31.604 -72.146
24.935 -35.434 -75.071
29.065 -36.163 -80.031
33.066 -33.877 -84.732
36.617 -28.901 -87.131
39.652 -23.125 -86.505
41.234 -16.948 -84.181
40.588 -12.932 -78.952
40.901 -12.792 -72.439
40.920 -16.243 -66.737
44.398 -21.171 -63.348
48.939 -26.103 -63.030
55.348 -26.976 -63.842
61.171 -24.689 -63.341
66.155 -19.830 -62.780
67.695 -13.946 -60.990
66.547 -9.044 -56.511
62.069 -5.368 -52.619
57.430 -5.829 -48.294
52.992 -9.722 -44.641
53.022 -15.291 -40.863
56.378 -19.975 -37.259
60.791 -20.249 -32.519
63.247 -18.228 -27.554
64.704 -12.908 -22.553
63.877 -7.462 -20.143
60.636 -2.286 -17.858
54.809 0.960 -17.014
48.477 2.350 -19.662
42.575 -0.392 -20.891
39.385 -6.278 -19.780
37.455 -12.228 -16.960
36.996 -14.801 -11.393
37.536 -14.873 -4.805
36.136 -12.297 1.040
33.006 -7.668 4.412
29.827 -1.614 5.450
23.589 1.362 3.471
20.222 4.073 -2.117
17.176 1.319 -7.364
14.472 -4.031 -10.268
11.846 -10.274 -9.707
9.835 -15.502 -6.248
4.453 -16.418 -1.892
-1.028 -15.549 1.540
-6.132 -10.887 2.556
-9.581 -5.536 0.510
-10.318 -0.416 -4.172
-9.908 1.157 -10.399
-8.195 0.061 -16.900
-5.262 -4.546 -21.415
-6.962 -10.530 -24.087
-10.940 -15.572 -25.272
-17.097 -18.359 -25.308
-23.882 -16.421 -27.303
-27.867 -11.449 -28.690
-28.740 -5.529 -31.651
-25.477 -0.629 -35.723
-20.622 0.784 -40.506
-16.979 -0.614 -45.004
-11.815 -4.647 -48.341
-12.280 -10.088 -51.662
-15.374 -16.306 -53.209
-19.359 -17.165 -58.500
-22.490 -14.975 -63.709
-22.575 -10.883 -68.848
-21.562 -5.354 -72.498
-16.796 -0.701 -75.328
-10.721 1.977 -74.047
-4.506 0.062 -73.569
0.711 -4.875 -73.395
2.597 -10.374 -75.801
2.447 -15.782 -79.466
1.753 -18.365 -85.692
-1.359 -18.209 -91.723
22.652 32.043 3.577
22.191 29.780 9.664
21.668 31.195 16.416
17.504 33.297 21.760
11.845 34.140 23.958
5.392 32.874 23.797
-0.232 29.905 21.275
-2.312 23.990 18.828
-1.164 17.292 18.132
0.697 11.924 17.944
1.023 7.834 21.491
-0.879 5.419 26.213
-4.106 4.524 30.964
-9.775 5.756 32.167
-15.582 8.255 33.278
-19.876 11.537 31.990
-23.840 12.367 26.941
-26.295 16.009 21.499
-25.025 15.792 14.863
-21.750 12.393 10.132
-16.682 8.511 7.336
-17.028 2.283 5.950
-18.733 -4.434 6.569
-21.939 -9.588 9.863
-28.279 -11.301 11.727
-34.755 -10.485 14.577
-34.989 4.234 4.305
-35.736 4.946 11.620
-34.100 2.359 17.583
-30.114 -2.154 20.923
-24.017 -3.750 21.885
-17.476 -2.949 21.560
-12.635 1.625 19.235
-10.518 6.293 14.390
-9.405 12.294 16.449
-9.615 18.178 17.374
-10.041 22.623 20.993
-8.514 23.908 26.775
-5.137 23.500 31.125
-0.391 22.443 34.438
5.442 21.479 33.059
10.920 19.390 31.064
14.776 17.195 27.233
16.585 17.224 20.556
14.475 17.679 14.137
9.705 19.386 9.731
7.090 24.932 7.448
4.718 31.006 7.604
3.230 36.971 11.320
6.842 41.664 14.420
12.766 44.418 16.174
19.399 44.856 16.921
20.886 -34.218 -1.939
22.471 -32.022 -7.806
22.446 -32.784 -14.604
18.640 -33.284 -20.473
13.377 -34.008 -23.699
6.623 -33.666 -24.118
0.686 -31.143 -21.854
-2.071 -25.702 -19.281
-1.852 -19.020 -18.324
-0.393 -13.486 -18.244
0.126 -9.020 -21.614
-1.503 -6.265 -26.250
-4.635 -5.275 -31.123
-10.021 -6.686 -32.414
-15.713 -9.186 -33.926
-20.024 -12.546 -32.552
-24.065 -13.297 -27.664
-26.541 -16.272 -21.903
-25.110 -16.133 -15.266
-21.863 -13.221 -10.442
-17.560 -8.818 -7.311
-17.908 -2.530 -6.187
-19.286 4.255 -7.490
-22.254 8.999 -11.140
-28.627 11.178 -13.102
-35.038 9.774 -15.439
-34.177 -4.260 -3.943
-35.399 -5.444 -11.338
-34.144 -3.869 -17.274
-29.948 -0.801 -21.984
-24.056 1.655 -23.261
-17.423 1.779 -22.481
-12.363 -2.204 -19.743
-9.642 -6.830 -17.412
-9.549 -13.308 -16.339
-10.052 -18.799 -17.592
-10.240 -23.142 -21.268
-8.393 -24.460 -26.857
-4.925 -24.068 -31.010
-0.015 -23.098 -34.268
5.570 -21.692 -33.058
10.862 -19.620 -31.254
14.524 -17.664 -27.042
15.925 -17.696 -20.322
13.813 -17.989 -13.920
9.126 -20.031 -9.552
6.543 -25.627 -7.627
4.424 -31.909 -8.163
2.981 -37.765 -11.663
6.843 -42.408 -14.373
12.855 -45.045 -16.195
19.738 -44.481 -16.712
25.973 -41.731 -13.274
-14.305 -43.664 0.060
-18.562 -39.041 2.665
-21.553 -36.116 8.476
-20.859 -35.893 15.340
-17.594 -35.864 20.726
-11.769 -34.929 23.916
-5.004 -34.307 24.270
-0.139 -30.184 21.988
1.767 -24.279 19.468
1.513 -18.669 17.448
-0.312 -13.464 17.553
-0.525 -9.273 21.278
1.797 -7.109 25.879
5.256 -6.171 30.557
10.626 -7.914 31.707
16.299 -10.453 32.586
20.820 -13.813 31.788
25.135 -14.975 26.589
26.668 -18.139 20.643
25.099 -16.234 14.579
21.120 -14.052 9.663
17.639 -9.012 7.418
18.569 -2.150 6.316
19.640 4.335 8.344
23.251 8.713 11.109
28.858 10.932 14.991
36.477 -5.380 11.794
35.037 -3.817 17.881
30.600 -0.776 22.194
24.484 1.615 23.226
18.166 1.811 22.528
12.816 -2.008 20.443
9.603 -6.954 17.386
9.681 -13.595 16.994
10.174 -18.934 17.446
10.345 -23.528 20.928
8.754 -25.391 26.249
5.203 -25.212 30.552
0.339 -24.156 33.826
-5.142 -22.571 32.588
-10.668 -20.283 31.294
-14.328 -18.320 26.988
-16.159 -18.411 20.339
-14.157 -18.695 13.879
-9.507 -20.932 9.454
-6.395 -26.449 7.714
-1.837 -31.439 9.029
-1.119 -37.651 11.895
-4.009 -42.494 15.807
-9.273 -45.734 18.438
-15.716 -47.816 18.675
-22.092 -48.030 14.693
16.203 17.842 -41.695
15.770 11.687 -38.249
17.983 6.118 -35.639
22.440 2.394 -33.364
29.000 0.034 -32.675
34.368 2.397 -29.702
38.678 7.388 -27.246
38.527 12.485 -23.233
35.235 15.485 -18.123
29.675 17.977 -15.029
23.669 15.535 -11.962
20.264 10.683 -9.480
20.078 6.964 -4.334
22.376 1.477 -0.758
28.495 0.428 2.406
34.131 2.226 5.181
37.150 6.355 9.076
36.841 12.323 12.866
20.652 16.603 8.264
25.584 20.126 5.818
31.131 20.208 3.209
35.394 16.204 -0.531
37.972 9.976 -1.478
37.220 4.090 -4.279
35.427 1.233 -9.308
29.615 -0.910 -13.558
23.222 1.026 -15.358
19.875 6.290 -17.513
20.636 11.788 -20.943
24.092 17.466 -23.232
26.912 18.923 -29.144
31.738 18.121 -34.486
34.867 14.020 -38.051
33.821 9.590 -42.648
30.511 4.189 -44.811
23.676 3.328 -46.095
-7.748 2.727 -4.296
-5.241 -0.424 -10.016
-5.153 -5.035 -14.614
-8.048 -9.505 -18.698
-13.298 -13.409 -20.465
-19.366 -12.454 -22.379
-25.453 -9.540 -22.951
-27.784 -3.527 -24.959
-26.530 2.611 -28.015
-22.483 7.829 -29.552
-16.885 9.852 -33.010
-11.777 8.574 -36.808
-10.100 7.139 -42.993
-9.571 2.387 -47.797
-14.555 -1.018 -51.468
-20.356 -1.666 -53.905
-25.317 1.450 -57.034
-27.808 7.256 -59.807
-15.100 17.792 -53.704
-21.264 18.077 -51.116
-26.383 15.092 -48.863
-27.889 8.948 -45.938
-27.236 2.303 -45.588
-23.946 -2.975 -44.909
-20.552 -6.225 -40.951
-13.833 -7.098 -39.058
-9.276 -3.230 -35.057
-8.693 1.966 -30.824
-11.727 4.585 -25.707
-16.912 6.494 -21.216
-19.723 4.394 -15.912
-23.089 -0.399 -11.934
-23.558 -6.533 -10.190
-20.285 -11.941 -7.888
-14.610 -15.715 -7.866
-7.771 -15.099 -7.096
-15.555 34.974 -22.365
-14.969 31.326 -27.999
-15.581 26.910 -33.023
-20.110 24.057 -36.859
-34.326 19.857 -9.239
-28.436 22.267 -6.422
-22.353 19.785 -5.377
-17.908 15.252 -6.815
-15.638 10.089 -9.472
-13.629 7.229 -13.550
-34.267 29.679 -27.602
-31.893 23.899 -25.992
-27.604 18.558 -26.338
-22.174 17.122 -23.830
-27.163 12.195 -25.320
-29.314 6.924 -21.622
-28.573 3.794 -15.426
-26.576 2.173 -9.333
-26.132 4.458 -2.349
-26.227 8.991 2.358
17.389 -0.003 -23.006
19.825 1.503 -17.100
20.605 8.251 -19.105
16.890 14.428 -18.126
13.158 17.642 -13.794
8.090 18.016 -9.117
7.156 16.175 -2.997
8.918 14.073 2.972
12.834 11.699 8.130
19.464 13.258 9.627
25.495 15.846 8.428
29.474 20.783 6.568
30.121 27.473 6.454
27.648 33.000 8.440
23.651 37.376 11.255
18.083 39.849 14.405
15.531 39.201 20.566
29.834 38.610 27.786
30.999 33.565 24.477
27.901 27.394 24.180
21.342 24.846 23.935
16.158 24.585 20.014
11.741 27.478 15.466
12.156 29.580 9.325
14.833 30.123 3.346
19.197 29.438 -1.926
23.312 23.994 -3.466
26.250 18.153 -2.317
26.124 11.754 -0.508
22.318 6.237 -0.276
16.907 3.601 -2.445
10.568 2.953 -4.352
5.616 4.255 -8.682
3.258 6.745 -14.574
-37.222 -13.998 -1.652
-42.645 -14.396 -6.319
-48.411 -10.395 -8.057
-48.236 -4.417 -12.292
-43.719 0.119 -14.714
-37.588 1.440 -18.851
-31.916 -1.621 -22.354
-29.470 -5.521 -25.752
-28.679 -11.009 -29.909
-30.338 -17.459 -31.243
-34.891 -21.114 -34.095
-41.574 -21.010 -37.423
-44.376 -19.084 -42.913
-45.549 -12.949 -47.241
-43.505 -7.267 -50.915
2.657 7.956 0.111
-3.473 5.185 -2.120
-10.646 5.179 -4.790
-15.449 8.748 -8.941
-15.876 13.404 -13.465
-13.229 18.101 -16.982
-6.743 20.855 -18.786
0.384 19.179 -21.372
3.345 14.573 -25.436
3.759 9.337 -29.075
3.307 3.008 -31.058
-1.655 -1.862 -34.002
-6.776 -2.087 -39.000
-10.677 0.564 -44.020
-12.302 6.446 -47.631
-10.305 10.760 -51.028
-7.226 14.297 -55.104
12.206 2.672 -56.027
8.758 3.265 -51.712
7.130 8.099 -48.554
4.541 13.944 -46.503
-1.854 17.750 -44.163
-6.873 16.950 -39.611
-12.686 14.090 -37.555
-15.967 8.903 -33.622
-14.361 3.088 -29.362
-8.632 -0.081 -25.823
-1.901 0.598 -22.662
2.025 4.444 -19.771
4.639 10.195 -16.784
4.174 15.931 -13.618
1.025 20.794 -10.519
-3.129 24.004 -7.620
-8.324 23.703 -3.273
-13.285 21.666 0.213
-26.553 -18.028 -52.482
-26.627 -12.617 -50.023
-29.283 -6.141 -47.162
-34.864 -2.593 -43.485
-40.134 -2.357 -38.410
-45.569 -4.597 -35.555
-49.444 -10.812 -33.328
-48.349 -16.669 -30.493
-43.223 -19.857 -26.238
-36.763 -19.672 -22.994
-32.324 -15.997 -19.525
-28.822 -10.307 -16.123
-29.167 -4.948 -12.625
-31.867 0.031 -10.695
-36.426 3.383 -7.920
-41.862 3.260 -3.485
3.530 0.099 -91.617
8.845 2.820 -91.915
12.757 6.984 -90.148
14.256 13.449 -86.747
13.093 17.225 -81.335
10.289 18.222 -75.117
7.357 14.972 -70.186
5.829 9.189 -66.815
7.762 3.129 -65.624
12.504 -0.530 -62.932
18.506 -1.911 -60.953
25.257 -0.436 -59.410
29.084 4.559 -57.427
30.423 9.319 -54.012
28.264 14.393 -49.715
23.869 16.860 -45.187
17.900 16.256 -42.980
12.929 11.984 -41.213
12.239 5.015 -39.481
15.120 1.361 -34.817
19.709 -0.495 -30.145
23.513 1.742 -24.669
24.540 5.240 -19.741
22.584 10.307 -15.833
17.790 14.960 -13.887
11.793 16.612 -13.608
4.731 15.837 -14.606
0.347 10.254 -16.918
0.067 4.226 -14.912
-0.153 -0.820 -9.929
-1.473 -2.289 -4.482
-4.275 -0.702 1.572
-8.196 3.311 5.560
-11.606 9.393 6.427
-16.474 13.031 3.507
-20.282 15.338 -1.523
-23.465 14.085 -7.001
-24.297 10.796 -12.656
-27.069 4.684 -14.448
-29.275 -1.006 -12.248
-34.360 -3.463 -9.351
-40.126 -2.435 -6.243
-45.112 0.906 -5.075
-49.241 6.433 -7.314
-50.482 12.072 -10.324
-50.461 15.136 -16.035
-47.691 16.697 -21.966
-46.657 13.259 -27.661
-46.655 7.524 -31.109
-50.511 2.082 -32.900
-55.853 -0.844 -34.746
-62.147 0.656 -36.909
-66.884 3.494 -38.268
-70.659 8.551 -39.898
-70.671 14.957 -43.623
-67.790 19.883 -46.045
-62.230 22.065 -49.620
-56.419 21.450 -50.655
-51.665 17.060 -52.920
-50.537 11.357 -56.512
-52.823 7.427 -61.123
-54.136 7.314 -67.532
-55.752 9.943 -73.235
-57.688 14.969 -77.456
-54.543 20.565 -79.889
-50.219 25.593 -79.511
-45.553 29.241 -76.212
-39.351 28.526 -73.571
-34.576 24.438 -71.908
-31.043 18.781 -73.306
-28.336 15.505 -78.405
-26.156 15.635 -84.870
-23.828 18.856 -89.356
-21.438 24.078 -92.008
-18.772 29.845 -92.054
-16.102 35.822 -90.113
-13.777 38.660 -84.171
-11.929 37.500 -78.308
-9.472 33.641 -73.482
-4.824 28.341 -72.259
-0.609 23.560 -74.621
5.393 23.215 -77.304
10.801 25.284 -79.110
15.706 29.914 -78.996
17.146 36.403 -77.491
17.594 41.151 -72.678
15.343 42.688 -66.717
11.657 41.518 -60.885
10.161 37.134 -56.262
11.137 30.697 -54.069
15.995 26.209 -52.038
21.693 25.390 -49.162
26.535 27.690 -46.152
28.968 31.254 -42.228
29.189 36.637 -38.465
26.500 41.070 -35.128
22.619 43.474 -31.292
16.443 44.099 -29.734
9.877 42.174 -30.349
7.056 36.739 -28.421
6.479 30.203 -27.229
8.921 26.087 -22.356
11.565 25.468 -16.050
12.924 27.926 -9.963
11.364 31.475 -4.644
8.005 36.823 -1.926
2.117 39.819 -1.006
-3.305 42.569 -3.520
-8.460 41.372 -8.159
-12.546 36.545 -9.993
-14.946 30.037 -9.165
-15.519 24.198 -5.568
-17.898 22.176 0.024
-21.768 23.281 5.169
-25.942 27.149 9.158
-30.598 31.959 8.763
-33.986 37.240 5.660
-36.436 39.777 -0.003
-37.025 40.271 -6.582
-35.499 36.740 -12.669
-38.291 31.358 -15.455
-42.426 26.200 -16.073
-48.736 23.467 -14.556
-54.866 24.940 -13.573
-59.569 29.657 -12.959
-61.551 36.005 -15.442
-60.876 40.795 -19.175
-58.202 43.942 -23.751
-55.072 44.546 -30.137
-51.698 40.638 -35.161
-53.306 35.773 -39.281
-57.308 30.205 -40.539
-62.956 29.686 -44.007
-67.584 32.553 -47.332
-70.774 36.834 -50.950
-70.285 42.845 -53.881
-65.694 48.314 -56.687
-59.251 50.458 -56.130
-53.982 48.919 -59.706
-49.648 44.529 -61.982
-48.483 38.819 -66.418
-50.435 34.352 -70.479
-54.523 33.155 -76.042
-58.832 36.184 -80.751
-54.629 52.663 -76.163
-60.198 50.521 -75.766
-64.135 45.747 -74.101
-65.626 38.697 -71.545
-63.587 33.380 -67.612
-58.684 31.216 -62.523
-54.241 33.726 -58.119
-51.897 38.993 -54.496
-52.815 44.975 -51.869
-57.317 48.169 -47.469
-62.415 50.223 -44.951
-66.857 47.964 -40.293
-69.219 43.153 -36.274
-69.602 37.455 -33.557
-66.351 31.395 -32.400
-61.154 27.955 -30.272
-54.844 28.017 -29.776
-49.614 32.305 -28.967
-48.334 39.069 -26.458
-49.590 42.307 -20.709
-51.935 43.012 -14.430
-53.325 39.247 -8.674
-52.935 35.250 -3.914
-49.482 29.829 -1.587
-44.673 24.957 -2.178
-39.274 23.345 -3.935
-33.199 24.350 -7.218
-29.988 30.289 -10.210
-28.320 35.841 -8.144
-25.606 40.289 -3.143
-22.814 41.565 2.018
-18.874 39.042 7.001
-14.268 34.325 8.594
-10.226 28.946 7.780
-6.241 25.924 3.077
-4.985 24.286 -3.260
-3.876 26.087 -9.247
-4.891 30.116 -14.543
-2.741 36.289 -16.377
0.375 41.899 -15.015
6.351 44.314 -13.343
12.767 43.124 -12.319
17.851 39.628 -13.632
20.567 34.720 -17.901
21.035 29.401 -21.624
18.972 27.019 -27.248
13.708 26.739 -31.767
10.911 30.602 -36.050
10.079 36.609 -39.222
13.143 42.158 -41.689
17.972 44.763 -45.069
22.814 43.636 -49.044
26.475 41.630 -52.992
29.321 37.501 -57.039
28.334 31.645 -59.807
24.278 26.710 -61.647
18.409 25.143 -62.882
12.256 25.716 -62.769
7.134 30.256 -62.562
5.028 36.581 -64.270
5.563 41.245 -68.975
5.135 42.468 -75.124
4.439 40.866 -81.662
4.530 36.060 -86.649
0.653 30.956 -88.716
-3.380 25.929 -87.766
-6.308 21.204 -83.588
-10.976 21.368 -78.644
-15.113 25.271 -75.340
-19.031 30.844 -74.441
-23.411 34.587 -77.865
-27.069 35.648 -83.111
-31.353 32.861 -87.057
-34.058 27.369 -90.148
-37.512 22.270 -89.131
-39.634 16.055 -86.971
-39.937 12.395 -81.227
-39.493 12.540 -75.034
-39.221 16.191 -69.612
-43.574 21.106 -65.906
-48.233 25.785 -66.078
-54.578 27.093 -67.165
-60.552 24.938 -67.032
-65.191 19.992 -65.659
-66.313 13.116 -65.231
-64.634 7.575 -61.242
-60.828 4.971 -56.109
-56.312 5.796 -51.177
-52.761 9.519 -47.176
-52.402 15.489 -44.055
-56.268 19.659 -40.313
-60.469 19.954 -35.104
-64.434 16.877 -31.065
-65.588 13.087 -26.852
-64.466 7.318 -23.509
-60.784 2.275 -22.442
-56.135 -1.171 -21.085
-49.647 -1.474 -21.556
-43.636 0.969 -24.110
-40.031 6.091 -22.657
-39.176 12.490 -20.431
-39.761 15.478 -14.473
-39.287 15.426 -7.722
-38.548 12.331 -1.887
-35.792 7.482 1.998
-31.847 1.936 2.592
-26.787 -0.473 1.231
-22.496 -2.984 -3.387
-18.954 -1.015 -9.334
-15.572 4.053 -11.936
-12.787 10.526 -10.985
-11.330 15.876 -7.152
-6.595 16.876 -3.040
-1.024 15.736 0.013
4.100 11.272 2.381
8.811 6.267 -0.058
9.950 1.528 -4.739
10.209 -0.295 -10.923
8.482 0.113 -17.358
5.343 4.577 -22.194
7.000 10.561 -24.886
10.865 15.697 -25.852
17.319 18.142 -26.215
23.162 16.970 -27.860
27.723 12.482 -29.418
28.819 6.345 -32.771
26.931 2.636 -37.588
23.103 -0.228 -41.741
17.742 0.099 -46.321
12.891 4.455 -49.207
13.025 10.132 -52.218
16.132 16.312 -54.012
20.157 17.412 -59.509
23.676 15.083 -64.559
24.675 11.477 -69.652
23.782 5.533 -72.884
19.587 1.649 -74.957
13.288 -1.409 -75.111
6.913 0.154 -74.787
2.164 4.510 -75.593
-0.537 10.489 -77.184
-0.267 16.006 -80.804
2.416 18.797 -86.651
5.632 18.154 -92.474
