8.131 20.467 37.588
7.086 18.818 43.918
6.868 21.689 49.193
8.168 25.471 54.191
3.539 21.726 56.635
3.286 15.005 54.734
1.829 8.618 56.403
1.854 4.986 61.863
1.039 6.029 67.816
-2.252 3.779 73.419
8.131 20.083 37.106
7.386 18.527 43.581
7.074 21.215 48.862
8.474 24.910 54.038
3.781 21.179 56.412
3.325 14.474 54.316
1.783 8.046 56.047
1.887 4.477 61.573
1.014 5.714 67.457
-2.971 3.158 72.995
101.276 53.175 -4.696
95.893 50.205 -4.616
92.378 44.725 -2.480
91.833 39.133 1.362
93.650 35.758 6.785
95.758 36.973 13.060
99.099 40.704 17.614
100.284 46.754 20.115
97.499 52.151 22.424
92.837 55.930 23.607
86.611 57.279 25.738
80.980 55.292 27.598
77.045 51.032 30.597
75.729 47.073 35.348
77.212 41.042 38.477
81.904 38.118 41.859
88.741 37.889 42.985
92.663 42.725 46.124
93.614 49.046 48.435
90.800 53.953 51.648
85.815 55.864 56.575
81.994 53.214 61.513
81.321 49.932 67.854
83.824 44.607 72.241
89.309 39.594 74.060
95.172 37.923 73.785
102.027 39.879 71.280
105.029 45.078 70.286
106.594 52.043 71.906
105.876 56.647 76.748
106.513 57.955 84.060
109.164 55.930 89.512
112.678 52.375 93.604
116.706 46.539 93.531
120.788 42.175 91.069
124.484 40.508 85.686
127.261 41.650 80.342
128.976 46.023 74.966
133.408 50.946 73.514
135.923 56.708 75.299
139.949 59.359 79.342
145.673 57.405 82.883
150.507 53.632 83.296
154.232 48.972 81.131
155.925 43.051 78.000
156.435 40.225 71.972
152.438 38.712 66.477
151.834 42.516 60.835
152.152 47.952 56.962
155.887 53.503 55.531
161.008 56.511 53.717
167.053 56.131 52.097
172.541 53.163 50.544
175.363 48.829 46.720
176.130 42.279 45.032
173.475 37.861 39.433
168.351 34.105 38.150
161.455 34.963 37.758
157.230 39.258 34.696
155.991 44.846 31.223
157.293 48.851 25.921
159.704 48.939 20.150
161.336 46.565 14.522
162.404 41.486 10.332
159.584 36.072 7.926
155.563 31.046 8.172
151.363 26.863 11.716
145.301 27.643 14.064
140.496 31.362 16.340
136.464 36.828 14.921
132.953 39.138 9.833
131.608 40.030 3.428
129.529 36.446 -1.595
127.048 30.884 -4.304
124.388 25.104 -4.053
121.689 19.802 -1.436
119.831 16.287 4.065
117.112 16.850 9.834
115.586 21.171 14.659
110.945 26.535 15.939
106.753 31.166 13.655
100.838 31.323 10.555
95.419 28.708 9.266
91.036 23.522 8.821
88.913 17.750 10.987
87.586 13.962 16.273
88.281 12.774 22.520
93.137 12.869 27.590
95.179 17.343 32.261
94.869 23.883 34.327
90.434 28.596 35.523
85.092 30.176 38.393
80.536 28.744 42.851
77.410 24.343 47.152
77.224 20.089 51.057
79.456 15.317 55.054
83.942 11.783 57.928
90.268 10.893 59.105
96.683 13.125 58.375
99.850 18.442 60.056
100.210 25.147 61.644
98.568 28.829 66.930
96.122 29.344 73.106
94.835 27.186 79.098
96.496 23.141 84.338
100.111 18.405 86.780
105.820 14.278 87.036
110.783 11.481 84.281
116.184 13.289 80.606
120.203 18.164 78.253
122.155 24.750 78.809
122.410 30.414 81.988
124.856 32.709 88.107
129.020 32.075 92.930
133.847 28.319 94.877
138.446 23.481 95.821
141.232 17.831 92.781
142.602 14.572 86.975
144.086 14.627 80.333
142.976 18.110 74.511
145.061 23.731 71.429
149.146 29.020 71.374
154.897 32.052 72.333
161.556 30.307 73.040
166.054 25.238 74.318
167.936 18.889 72.482
167.001 14.075 67.731
164.328 12.015 62.328
161.431 11.822 56.523
157.907 15.003 51.323
159.668 19.802 46.868
163.711 25.395 46.004
168.951 25.404 42.343
173.753 22.599 38.733
177.048 17.788 35.965
176.762 12.282 33.150
173.580 7.751 29.114
167.817 5.567 26.866
161.424 6.843 25.144
156.504 11.180 24.101
154.883 16.987 21.315
156.260 22.045 16.948
158.888 23.323 11.082
162.851 22.596 5.658
163.326 5.571 9.602
168.978 9.172 9.903
171.464 15.139 11.792
171.280 20.449 15.733
168.015 24.764 19.961
164.264 24.315 25.392
159.303 21.252 28.858
157.962 15.734 32.364
159.603 9.949 35.038
163.961 6.691 38.860
169.218 5.403 42.116
173.023 8.267 46.297
175.498 12.487 50.238
175.450 17.974 53.703
172.823 24.142 55.858
167.522 27.468 56.249
160.632 27.902 55.299
156.067 23.392 57.704
154.371 17.440 60.814
156.050 13.468 65.697
158.838 13.040 72.102
160.254 15.863 77.716
160.428 19.982 82.850
155.832 24.850 85.448
150.698 30.380 84.981
144.915 31.563 83.117
139.698 30.245 78.426
136.157 24.478 77.579
134.454 17.862 79.178
133.555 14.032 84.693
130.843 14.181 90.862
126.252 15.976 94.731
121.302 20.160 97.177
117.785 25.818 95.492
115.325 30.176 90.719
112.993 30.556 84.481
112.375 28.066 78.399
112.072 23.546 73.841
109.250 17.840 71.688
105.498 12.433 73.277
100.268 10.306 75.763
93.941 11.486 75.855
88.721 15.902 74.855
86.306 20.827 71.670
85.955 25.788 67.569
87.912 28.620 61.853
92.650 28.393 56.956
95.505 24.146 52.623
96.166 18.163 49.826
93.207 12.595 47.280
87.990 10.461 44.215
82.544 11.221 41.336
78.608 13.338 37.609
77.019 17.105 32.362
78.281 22.630 28.699
81.971 26.324 25.545
87.870 29.519 24.950
94.380 28.879 26.603
98.825 24.051 25.931
100.945 17.895 24.113
100.848 13.204 19.560
100.988 12.203 13.082
101.353 13.813 6.674
102.006 18.083 1.926
105.302 23.324 -0.350
109.187 28.586 0.531
111.988 33.182 4.596
116.863 33.055 9.085
120.617 29.504 13.379
124.908 24.321 13.861
129.757 21.370 10.131
132.995 20.056 4.737
136.774 22.917 0.523
139.640 28.253 -2.355
142.236 33.989 -1.818
144.433 39.503 1.097
144.527 43.564 6.364
145.830 43.682 12.633
144.939 40.171 18.432
148.905 34.974 21.677
153.596 30.339 21.495
160.048 29.676 20.462
165.877 32.239 20.523
170.013 37.902 20.897
171.340 43.495 22.775
170.454 48.696 27.261
167.481 50.557 32.447
162.072 50.868 36.844
158.672 47.067 40.779
158.318 40.790 43.584
162.089 36.609 46.802
166.442 35.493 51.495
168.175 37.700 57.450
170.268 43.580 60.745
168.869 47.528 64.411
166.239 53.237 66.377
161.249 56.031 67.654
154.309 56.784 66.983
148.744 54.116 63.762
145.364 49.008 65.545
144.286 42.425 68.246
143.995 40.331 74.839
143.775 39.934 80.452
143.968 43.207 86.244
140.475 47.675 89.902
136.406 53.167 90.404
131.020 56.319 88.992
127.003 58.836 83.896
123.910 56.833 78.390
120.696 51.755 75.677
117.877 44.721 76.273
116.004 40.437 80.712
112.076 38.501 85.201
106.588 39.734 88.747
101.273 44.099 89.066
97.329 49.259 87.053
95.679 54.304 82.613
95.616 55.999 76.100
97.154 55.078 69.801
100.339 50.951 65.178
98.985 44.481 62.347
94.892 39.586 61.478
88.704 36.641 60.972
82.353 38.438 59.825
77.850 43.009 58.653
76.903 49.196 55.387
79.350 53.020 50.468
83.830 55.038 45.856
88.357 54.107 41.187
93.223 49.966 38.254
92.557 44.220 35.249
89.433 38.397 33.151
85.744 37.577 27.852
81.631 40.458 22.991
80.401 43.340 18.454
81.580 47.860 13.986
85.657 52.575 11.515
92.030 55.318 11.378
98.421 54.063 11.761
103.795 50.201 12.054
106.055 43.877 11.355
105.843 38.656 7.392
105.104 36.120 1.321
101.606 35.523 -4.721
38.686 89.731 -100.238
36.109 95.191 -100.390
33.503 99.693 -97.491
33.599 102.658 -92.616
36.233 104.812 -87.991
41.209 106.827 -86.732
46.639 108.859 -86.828
51.134 110.455 -90.284
54.984 111.667 -95.111
56.541 112.304 -100.444
53.270 114.233 -106.530
47.825 113.466 -110.669
41.668 112.760 -111.038
35.438 114.755 -108.320
32.099 117.488 -104.313
44.726 126.023 -98.938
41.308 122.034 -93.670
39.742 116.081 -93.509
38.415 109.900 -96.290
39.181 105.633 -100.364
42.999 102.019 -104.664
47.180 97.688 -102.506
49.383 94.439 -98.109
49.927 91.786 -92.671
46.566 89.572 -88.308
42.764 88.442 -83.801
36.991 88.567 -82.462
30.820 88.434 -84.563
24.769 90.421 -87.266
23.113 92.173 -93.790
32.850 10.771 21.805
34.116 17.531 19.728
40.122 19.952 22.008
45.733 18.390 24.295
43.748 22.691 19.828
49.001 25.501 15.823
44.609 27.158 10.996
40.314 27.369 6.382
42.391 32.255 1.751
41.884 55.356 -26.479
47.830 55.611 -29.440
55.255 55.492 -29.315
60.572 54.219 -25.644
64.019 51.012 -20.685
66.019 48.536 -15.062
65.099 43.477 -10.558
61.326 38.496 -8.566
57.510 33.310 -9.996
55.249 27.863 -13.711
56.238 24.283 -19.135
59.899 22.107 -23.700
65.879 21.112 -26.322
71.660 19.371 -25.314
76.359 25.050 -8.400
76.174 29.412 -13.031
75.757 31.539 -19.632
71.150 34.182 -24.840
65.178 34.202 -27.744
58.447 32.527 -27.651
52.117 34.595 -24.654
50.476 36.510 -18.475
50.924 39.414 -12.150
51.630 45.108 -9.611
53.693 50.888 -8.669
54.178 56.899 -10.934
52.711 63.042 -15.600
51.825 65.747 -16.433
51.585 67.408 -13.924
6.717 -54.640 -92.949
12.694 -51.304 -93.721
15.804 -46.627 -91.261
16.746 -40.815 -87.396
14.927 -37.237 -82.471
12.537 -38.351 -76.026
8.442 -42.025 -71.829
7.528 -47.762 -69.051
9.603 -53.503 -67.155
13.890 -56.668 -64.439
20.075 -58.310 -62.552
26.038 -55.394 -60.824
29.261 -51.133 -57.696
30.063 -46.447 -53.379
27.826 -40.835 -49.907
23.141 -38.621 -46.441
16.265 -38.486 -44.934
12.606 -43.643 -42.173
12.455 -50.036 -39.777
16.274 -54.395 -35.888
20.539 -55.580 -31.100
22.332 -53.622 -24.880
23.750 -50.051 -19.984
20.773 -46.384 -15.612
16.212 -41.718 -13.392
11.337 -40.142 -12.638
4.924 -38.088 -14.546
0.524 -41.032 -18.834
-1.958 -47.058 -19.976
-3.654 -53.103 -17.904
-3.703 -57.710 -12.880
-4.974 -59.500 -6.638
-8.163 -58.329 -1.545
-12.890 -54.264 2.850
-16.815 -49.312 2.832
-21.477 -45.668 -0.126
-24.247 -43.068 -5.429
-26.469 -43.794 -11.171
-26.472 -46.540 -17.583
-29.907 -51.848 -19.827
-32.248 -58.234 -18.779
-37.167 -61.162 -16.388
-43.539 -60.288 -14.127
-48.881 -56.649 -13.878
-52.681 -52.029 -15.472
-54.389 -45.786 -18.019
-52.857 -41.254 -22.654
-49.368 -40.844 -28.514
-47.649 -43.911 -34.003
-47.636 -49.195 -38.216
-51.025 -54.481 -40.992
-56.922 -56.356 -42.683
-63.349 -54.947 -44.581
-67.861 -50.862 -46.950
-69.578 -44.400 -49.510
-66.848 -38.123 -51.082
-61.711 -35.198 -53.700
-56.391 -34.901 -57.368
-50.943 -38.644 -59.661
-49.348 -44.348 -63.325
-50.550 -48.329 -68.602
-52.312 -48.385 -74.771
-52.832 -45.256 -80.770
-53.725 -39.898 -84.654
-50.874 -34.562 -86.051
-46.860 -29.466 -85.514
-42.955 -25.575 -81.259
-37.180 -26.603 -78.291
-32.301 -30.680 -76.344
-28.139 -35.919 -77.532
-24.592 -38.285 -82.665
-22.702 -38.718 -89.040
-20.150 -34.873 -93.733
-17.774 -29.612 -95.764
-14.900 -23.915 -95.054
-11.515 -19.098 -91.794
-10.069 -15.868 -86.249
-7.701 -17.096 -80.220
-7.034 -21.681 -75.426
-2.796 -26.921 -74.045
1.591 -31.773 -76.012
7.636 -32.402 -79.057
13.339 -29.447 -80.318
17.508 -24.695 -79.523
20.027 -18.837 -77.203
20.705 -15.231 -71.807
19.090 -13.710 -65.727
13.947 -14.163 -60.989
11.814 -18.360 -56.360
11.631 -24.980 -54.523
15.956 -29.706 -52.732
21.532 -31.381 -49.461
25.958 -29.808 -45.010
27.557 -26.111 -40.204
27.795 -20.978 -36.292
25.577 -16.134 -33.106
20.629 -12.286 -30.736
14.183 -12.386 -28.861
7.939 -14.086 -30.952
4.593 -19.447 -29.299
4.636 -26.209 -27.576
6.212 -29.657 -22.237
8.636 -31.166 -16.114
8.533 -29.422 -9.987
6.581 -25.231 -4.941
3.105 -20.193 -2.965
-2.365 -17.159 -2.835
-8.010 -14.367 -5.232
-12.894 -15.362 -10.226
-16.220 -20.649 -12.619
-18.125 -27.137 -12.390
-18.724 -32.691 -8.324
-21.291 -34.800 -3.180
-25.931 -33.673 1.400
-30.727 -30.713 4.251
-35.335 -25.931 3.981
-38.778 -21.093 0.952
-40.262 -17.916 -4.813
-39.930 -18.114 -11.116
-40.315 -20.609 -16.790
-40.694 -26.194 -20.915
-44.704 -31.734 -21.735
-50.197 -35.562 -19.900
-55.978 -35.226 -20.030
-62.186 -32.746 -19.811
-65.568 -28.106 -21.337
-66.713 -21.814 -23.191
-64.421 -16.839 -26.671
-60.373 -14.102 -30.988
-56.290 -13.469 -36.213
-52.476 -16.131 -41.502
-53.733 -20.268 -46.114
-56.490 -25.976 -48.760
-62.686 -26.246 -52.636
-66.936 -22.997 -55.761
-70.177 -18.346 -58.753
-70.219 -12.716 -61.397
-66.625 -8.141 -64.493
-60.643 -5.095 -65.747
-54.678 -6.458 -67.793
-49.509 -10.694 -68.754
-47.412 -16.024 -71.534
-48.381 -20.930 -76.171
-50.833 -22.374 -82.123
-54.695 -21.761 -87.418
-56.226 -5.253 -84.133
-61.183 -8.477 -83.973
-63.448 -14.444 -81.995
-63.649 -19.772 -78.114
-60.344 -24.273 -74.252
-56.854 -23.633 -68.515
-51.955 -20.553 -64.797
-51.277 -15.283 -60.817
-53.202 -10.170 -57.457
-57.382 -6.736 -54.072
-62.971 -6.067 -50.642
-67.646 -9.767 -47.862
-70.291 -14.822 -44.978
-70.030 -20.286 -41.465
-67.262 -26.312 -40.210
-62.317 -29.325 -38.170
-55.345 -29.505 -38.118
-51.343 -25.122 -34.806
-50.573 -19.123 -31.338
-53.011 -15.841 -26.379
-56.191 -15.937 -20.290
-57.802 -18.206 -15.220
-57.838 -22.909 -10.300
-54.767 -27.280 -7.540
-50.370 -32.414 -6.948
-44.712 -34.590 -7.384
-38.800 -35.767 -11.079
-35.284 -31.983 -15.108
-33.183 -25.806 -15.252
-30.901 -20.088 -12.218
-30.336 -16.482 -6.383
-28.256 -16.351 -0.305
-24.075 -19.031 4.407
-19.356 -23.267 6.267
-14.913 -27.940 4.912
-11.548 -31.307 0.507
-9.300 -32.202 -5.507
-7.993 -30.413 -11.599
-8.416 -26.202 -16.809
-5.037 -20.476 -18.217
-2.190 -14.487 -16.091
3.064 -12.393 -13.008
9.657 -13.635 -12.182
14.751 -17.589 -13.376
17.543 -21.745 -17.511
18.004 -27.680 -20.725
16.606 -29.267 -26.851
11.874 -29.152 -32.025
9.627 -25.112 -36.318
9.224 -19.130 -39.284
12.238 -13.425 -41.449
17.446 -11.940 -44.186
23.585 -12.263 -46.501
28.181 -15.053 -49.435
29.760 -18.687 -54.266
28.889 -23.588 -58.613
25.400 -28.055 -61.991
19.812 -30.720 -63.220
13.045 -29.978 -61.973
8.612 -25.161 -63.131
6.836 -18.671 -64.765
7.482 -14.086 -69.224
7.342 -13.071 -75.778
8.129 -14.764 -82.002
7.912 -19.067 -87.034
4.455 -23.809 -89.669
0.258 -28.868 -89.505
-3.297 -33.376 -85.757
-8.256 -33.096 -81.725
-12.692 -29.649 -77.726
-16.366 -23.990 -77.237
-20.362 -20.313 -80.849
-24.084 -19.159 -86.377
-27.226 -21.471 -91.052
-30.146 -26.723 -94.364
-33.014 -32.019 -94.230
-35.121 -37.841 -92.178
-35.796 -42.295 -87.124
-36.729 -42.205 -80.720
-36.719 -39.188 -74.987
-41.262 -34.494 -71.732
-45.972 -29.753 -71.837
-52.433 -28.759 -73.490
-58.130 -31.701 -73.914
-62.517 -36.870 -74.304
-63.862 -43.427 -72.905
-63.470 -47.791 -67.895
-60.238 -50.657 -63.827
-55.599 -51.017 -58.707
-51.830 -47.292 -54.530
-52.333 -41.339 -50.940
-56.592 -37.484 -47.344
-61.101 -37.275 -42.639
-64.502 -40.995 -37.833
-65.645 -46.604 -34.057
-63.527 -52.175 -31.320
-58.218 -57.364 -29.750
-51.962 -58.095 -29.517
-45.691 -55.944 -31.230
-41.524 -50.741 -29.048
-41.371 -44.509 -26.445
-42.673 -41.871 -19.880
-43.511 -42.411 -13.362
-42.733 -46.265 -8.074
-39.961 -51.197 -4.836
-36.148 -56.293 -4.472
-30.541 -59.223 -5.338
-24.948 -60.520 -8.813
-21.192 -58.433 -14.310
-18.477 -52.382 -15.678
-16.632 -46.218 -14.409
-15.521 -41.607 -9.537
-11.256 -40.982 -4.569
-5.843 -43.051 -1.200
-1.122 -46.775 1.171
3.257 -50.914 -1.610
5.990 -54.875 -6.012
6.703 -56.953 -12.176
5.759 -55.756 -18.861
4.669 -51.811 -23.822
4.495 -45.367 -26.690
8.649 -39.934 -26.805
14.165 -37.150 -26.054
20.618 -36.627 -25.598
26.008 -39.037 -28.029
29.349 -44.401 -30.478
29.780 -48.694 -34.252
27.231 -53.303 -38.869
21.845 -55.434 -41.970
17.531 -54.686 -46.772
12.820 -51.021 -50.508
13.179 -45.576 -53.930
15.515 -39.560 -55.895
20.271 -38.656 -60.649
24.694 -41.116 -65.059
26.420 -44.769 -69.195
25.824 -49.393 -73.753
21.895 -54.397 -76.060
15.557 -57.087 -76.783
8.969 -55.633 -76.965
4.172 -51.043 -76.968
2.103 -45.052 -78.641
2.454 -39.612 -82.261
4.189 -36.772 -88.434
7.268 -37.043 -94.529
58.994 38.513 34.688
63.579 42.730 33.029
62.300 48.245 30.330
64.875 50.170 25.560
63.252 53.404 21.359
42.088 43.005 -13.949
35.920 44.268 -12.179
35.115 49.005 -7.771
32.063 48.359 -2.919
32.600 47.591 3.761
2.869 26.398 23.532
5.110 29.668 28.710
11.048 28.851 30.857
12.627 27.587 36.466
16.474 23.493 39.559
13.266 20.539 44.562
7.791 23.091 46.538
6.296 24.346 51.979
65.089 -4.478 64.327
68.168 -6.444 58.612
69.217 0.098 58.922
72.560 2.224 53.904
69.028 5.741 51.538
69.592 7.537 45.646
64.528 5.796 42.776
64.358 5.541 36.169
64.728 0.340 34.317
62.143 0.273 29.000
61.189 6.431 28.912
63.900 9.224 23.904
68.730 13.662 22.472
75.347 13.352 22.154
80.709 9.872 20.997
83.989 4.454 19.322
65.686 4.936 1.827
69.564 4.245 5.465
69.028 -0.212 10.651
72.000 -5.026 15.590
75.753 -4.410 20.975
78.886 -0.514 25.745
79.692 5.621 28.639
77.169 9.441 33.245
79.426 3.277 34.962
76.626 -2.210 33.308
74.131 -5.534 38.416
68.372 -5.913 38.459
64.946 -6.722 43.553
61.397 -1.740 44.045
58.283 -0.326 49.679
60.207 4.149 53.195
10.693 16.971 -160.698
5.062 20.343 -158.298
1.829 23.705 -153.773
2.716 28.024 -148.736
5.616 30.536 -142.997
11.391 33.327 -141.218
18.637 31.911 -157.839
21.064 28.875 -152.186
20.312 25.939 -146.322
16.708 21.142 -143.656
10.462 18.807 -141.499
4.970 15.666 -143.435
