28.898 15.717 -0.348
23.625 11.666 1.053
21.062 5.140 2.890
22.234 -0.829 3.971
26.285 -6.407 5.199
31.520 -8.274 8.943
36.144 -7.046 13.724
38.772 -3.221 18.716
37.372 1.070 23.470
33.750 4.737 27.656
29.191 4.940 31.388
24.265 4.949 36.150
20.788 0.612 40.111
20.080 -5.868 42.464
21.928 -12.242 43.526
26.347 -17.803 43.011
32.903 -19.189 43.682
38.905 -17.426 46.748
42.799 -12.761 49.936
43.248 -8.742 54.812
41.024 -6.109 60.588
36.114 -4.758 65.315
30.968 -7.460 68.766
29.671 -12.842 71.999
29.770 -19.364 73.843
33.299 -25.126 74.432
38.934 -27.054 77.102
47.723 -10.904 77.744
49.194 -15.274 72.654
47.361 -19.875 68.326
43.111 -22.646 64.456
37.113 -23.123 61.296
30.441 -21.429 60.726
26.235 -16.152 60.435
25.584 -10.266 58.179
27.795 -3.959 56.428
31.506 -1.675 51.595
35.971 -1.638 46.907
39.361 -4.705 41.542
38.337 -8.941 36.510
34.001 -12.692 32.944
27.913 -13.537 30.786
21.466 -13.125 30.843
21.481 -13.180 30.939
23.152 -10.034 25.626
18.957 -4.866 21.709
19.784 1.240 19.531
23.244 7.052 18.380
28.690 9.118 15.678
35.323 9.223 13.814
39.012 5.751 9.087
40.495 0.213 5.215
37.479 -2.784 -0.142
32.193 -3.277 -4.250
26.954 -0.607 -7.715
12.403 40.305 81.278
17.742 36.398 80.047
20.194 29.978 78.197
19.016 23.912 76.717
14.890 18.298 75.575
9.600 16.200 72.012
4.851 17.506 67.243
2.283 21.450 62.366
3.697 25.507 57.484
7.318 29.297 53.298
11.786 29.469 49.418
16.662 29.305 44.588
20.256 25.173 40.791
21.114 18.699 38.127
19.231 12.296 37.390
14.776 6.689 37.868
8.181 5.310 37.287
2.207 7.180 34.156
-1.702 11.672 30.924
-2.085 15.930 26.152
0.132 18.483 20.246
5.084 20.022 15.636
9.955 17.163 11.949
11.306 11.793 8.793
11.503 5.164 7.148
7.963 -0.569 6.442
2.400 -2.556 3.833
-6.711 13.584 3.178
-8.135 9.392 8.258
-6.316 4.813 12.567
-2.151 1.803 16.304
3.984 1.441 19.599
10.620 3.141 20.102
14.927 8.387 20.295
15.569 14.213 22.825
13.435 20.582 24.486
9.745 22.934 29.307
5.362 22.970 34.035
1.805 19.973 39.309
2.767 15.681 44.332
7.137 11.956 47.918
13.237 11.122 49.950
19.846 11.408 50.518
18.359 14.482 55.473
22.176 19.847 59.313
21.325 25.999 61.387
17.889 31.831 62.463
12.330 33.898 65.091
5.807 33.920 67.253
2.012 30.513 71.953
0.724 25.100 76.023
3.815 21.747 81.062
9.222 21.186 85.232
14.195 23.928 88.697
20.039 6.535 46.964
15.466 10.811 48.888
9.103 13.573 48.718
3.102 11.723 51.303
-0.329 7.243 55.222
-3.971 12.815 52.538
-7.059 17.728 56.139
-10.375 20.314 61.341
-12.710 21.547 67.790
-9.978 22.117 74.152
-4.599 22.080 78.279
1.418 24.387 78.849
6.930 27.519 76.799
10.679 31.258 72.401
10.734 36.464 68.035
-7.341 37.779 69.318
-4.370 36.092 63.530
-0.132 32.026 60.539
4.403 26.916 61.092
7.643 22.013 64.761
6.639 17.114 69.196
3.039 13.163 73.277
-2.305 9.731 73.337
-8.504 7.701 71.348
12.873 -2.420 60.189
9.229 -5.120 55.813
5.523 -4.574 50.221
3.129 -1.110 45.008
4.090 3.911 40.165
15.756 11.127 48.912
9.400 13.883 49.233
3.534 11.967 51.683
0.111 7.540 55.471
-3.765 12.869 52.648
-6.572 17.773 56.294
-9.770 20.123 61.755
-11.988 21.321 68.028
-9.375 21.991 74.364
-4.235 21.939 78.717
1.923 24.302 79.305
7.544 27.360 77.315
11.444 30.691 73.036
11.358 36.190 69.232
-6.958 37.203 69.907
-3.828 35.439 64.291
0.797 31.926 61.087
5.099 26.615 61.732
8.059 21.694 65.270
7.258 17.090 70.021
3.494 13.220 73.976
-1.864 9.681 73.895
-7.997 8.103 71.710
13.707 -2.097 60.807
10.121 -4.873 56.346
6.684 -4.525 50.777
4.754 -1.492 45.419
4.537 3.681 40.594
-11.168 4.749 67.492
-12.457 2.175 66.578
-12.218 0.533 68.871
