28.898 15.717 -0.348
23.625 11.666 1.053
21.062 5.140 2.890
22.234 -0.829 3.971
26.285 -6.407 5.199
31.520 -8.274 8.943
36.144 -7.046 13.724
38.772 -3.221 18.716
37.372 1.070 23.470
33.750 4.737 27.656
29.191 4.940 31.388
24.265 4.949 36.150
20.788 0.612 40.111
20.080 -5.868 42.464
21.928 -12.242 43.526
26.347 -17.803 43.011
32.903 -19.189 43.682
38.905 -17.426 46.748
42.799 -12.761 49.936
43.248 -8.742 54.812
41.024 -6.109 60.588
36.114 -4.758 65.315
30.968 -7.460 68.766
29.671 -12.842 71.999
29.770 -19.364 73.843
33.299 -25.126 74.432
38.934 -27.054 77.102
47.723 -10.904 77.744
49.194 -15.274 72.654
47.361 -19.875 68.326
43.111 -22.646 64.456
37.113 -23.123 61.296
30.441 -21.429 60.726
26.235 -16.152 60.435
25.584 -10.266 58.179
27.795 -3.959 56.428
31.506 -1.675 51.595
35.971 -1.638 46.907
39.361 -4.705 41.542
38.337 -8.941 36.510
34.001 -12.692 32.944
27.913 -13.537 30.786
21.466 -13.125 30.843
21.481 -13.180 30.939
23.152 -10.034 25.626
18.957 -4.866 21.709
19.784 1.240 19.531
23.244 7.052 18.380
28.690 9.118 15.678
35.323 9.223 13.814
39.012 5.751 9.087
40.495 0.213 5.215
37.479 -2.784 -0.142
32.193 -3.277 -4.250
26.954 -0.607 -7.715
12.403 40.305 81.278
17.742 36.398 80.047
20.194 29.978 78.197
19.016 23.912 76.717
14.890 18.298 75.575
9.600 16.200 72.012
4.851 17.506 67.243
2.283 21.450 62.366
3.697 25.507 57.484
7.318 29.297 53.298
11.786 29.469 49.418
16.662 29.305 44.588
20.256 25.173 40.791
21.114 18.699 38.127
19.231 12.296 37.390
14.776 6.689 37.868
8.181 5.310 37.287
2.207 7.180 34.156
-1.702 11.672 30.924
-2.085 15.930 26.152
0.132 18.483 20.246
5.084 20.022 15.636
9.955 17.163 11.949
11.306 11.793 8.793
11.503 5.164 7.148
7.963 -0.569 6.442
2.400 -2.556 3.833
-6.711 13.584 3.178
-8.135 9.392 8.258
-6.316 4.813 12.567
-2.151 1.803 16.304
3.984 1.441 19.599
10.620 3.141 20.102
14.927 8.387 20.295
15.569 14.213 22.825
13.435 20.582 24.486
9.745 22.934 29.307
5.362 22.970 34.035
1.805 19.973 39.309
2.767 15.681 44.332
7.137 11.956 47.918
13.237 11.122 49.950
19.846 11.408 50.518
18.359 14.482 55.473
22.176 19.847 59.313
21.325 25.999 61.387
17.889 31.831 62.463
12.330 33.898 65.091
5.807 33.920 67.253
2.012 30.513 71.953
0.724 25.100 76.023
3.815 21.747 81.062
9.222 21.186 85.232
14.195 23.928 88.697
20.039 6.535 46.964
15.466 10.811 48.888
9.103 13.573 48.718
3.102 11.723 51.303
-0.329 7.243 55.222
-3.971 12.815 52.538
-7.059 17.728 56.139
-10.375 20.314 61.341
-12.710 21.547 67.790
-9.978 22.117 74.152
-4.599 22.080 78.279
1.418 24.387 78.849
6.930 27.519 76.799
10.679 31.258 72.401
10.734 36.464 68.035
-7.341 37.779 69.318
-4.370 36.092 63.530
-0.132 32.026 60.539
4.403 26.916 61.092
7.643 22.013 64.761
6.639 17.114 69.196
3.039 13.163 73.277
-2.305 9.731 73.337
-8.504 7.701 71.348
12.873 -2.420 60.189
9.229 -5.120 55.813
5.523 -4.574 50.221
3.129 -1.110 45.008
4.090 3.911 40.165
15.756 11.127 48.912
9.400 13.883 49.233
3.534 11.967 51.683
0.111 7.540 55.471
-3.765 12.869 52.648
-6.572 17.773 56.294
-9.770 20.123 61.755
-11.988 21.321 68.028
-9.375 21.991 74.364
-4.235 21.939 78.717
1.923 24.302 79.305
7.544 27.360 77.315
11.444 30.691 73.036
11.358 36.190 69.232
-6.958 37.203 69.907
-3.828 35.439 64.291
0.797 31.926 61.087
5.099 26.615 61.732
8.059 21.694 65.270
7.258 17.090 70.021
3.494 13.220 73.976
-1.864 9.681 73.895
-7.997 8.103 71.710
13.707 -2.097 60.807
10.121 -4.873 56.346
6.684 -4.525 50.777
4.754 -1.492 45.419
4.537 3.681 40.594
-11.168 4.749 67.492
-12.457 2.175 66.578
-12.218 0.533 68.871
-16.250 -10.029 38.282
-13.140 -11.860 32.765
-11.078 -11.145 26.088
-9.134 -7.068 21.270
-4.040 -3.689 20.451
-4.956 -8.564 15.868
-0.614 -11.346 11.688
5.287 -12.873 9.520
12.121 -13.592 8.990
17.348 -14.590 13.335
20.246 -15.370 19.502
18.924 -18.439 25.348
14.725 -21.366 29.813
9.927 -25.794 31.480
7.872 -31.660 29.418
16.068 -31.156 13.642
9.906 -29.504 13.958
3.992 -27.644 16.922
2.237 -23.142 22.003
3.806 -18.839 26.754
8.044 -13.610 28.348
12.643 -8.946 27.038
13.830 -4.348 22.963
13.653 -0.872 17.201
-3.820 2.414 37.878
-7.496 6.123 34.084
-12.005 6.741 29.267
-16.260 4.046 24.967
-20.337 -1.217 23.496
10.038 3.038 12.006
9.261 5.689 11.484
11.542 6.896 12.772
40.802 16.916 -5.246
34.987 18.694 -3.440
27.805 17.860 -2.736
22.629 13.992 -2.195
20.962 9.845 2.468
18.020 15.910 0.566
12.748 19.773 2.960
8.611 21.092 7.961
5.552 21.160 14.066
7.904 21.794 20.513
12.860 22.410 25.293
18.505 25.318 26.492
23.612 29.249 24.456
27.301 32.330 19.512
26.116 38.726 17.719
8.702 38.343 20.726
10.606 37.274 14.621
15.437 34.988 10.136
19.866 30.319 9.799
24.965 26.138 12.086
25.379 21.125 16.467
22.606 16.165 19.992
18.241 11.518 19.567
12.956 8.320 17.438
37.380 4.338 7.035
34.703 0.462 2.495
31.194 -0.095 -3.073
28.064 2.595 -8.253
27.588 7.669 -12.619
1.886 50.286 22.713
-0.602 47.826 16.960
-0.502 44.182 11.560
0.565 38.682 8.824
2.711 33.020 8.892
3.642 28.035 10.898
-6.642 32.843 25.612
-1.926 30.119 28.924
4.732 30.614 28.887
9.873 31.764 25.497
13.388 34.657 20.387
15.834 37.279 15.610
15.199 41.941 10.398
11.586 46.852 7.408
199.958 242.164 252.078
199.013 239.634 252.469
196.343 238.723 252.222
178.724 198.677 219.459
176.989 199.775 221.174
177.843 202.020 222.649
204.851 213.663 234.975
202.370 212.833 235.746
200.410 214.575 236.877
185.883 313.740 160.905
181.913 308.241 161.237
178.427 302.860 158.468
179.312 297.982 154.070
182.652 293.621 150.150
188.403 290.064 148.593
194.329 287.461 151.405
198.115 286.096 156.977
198.179 285.221 163.866
194.567 284.784 169.787
188.506 282.619 172.746
182.295 279.655 172.656
179.604 273.998 170.661
178.611 268.808 166.292
182.050 263.540 164.893
187.340 259.250 164.974
191.907 256.656 169.299
194.272 255.192 175.521
192.945 254.138 182.189
188.935 253.303 187.710
183.735 250.722 190.873
177.411 248.170 190.044
166.101 240.710 209.407
168.677 234.882 205.370
171.126 229.037 208.479
175.207 225.177 211.770
181.356 223.821 214.732
185.434 225.657 219.388
188.263 230.017 223.605
187.211 233.686 228.939
183.881 237.961 233.045
177.239 239.052 235.074
170.920 236.669 234.663
187.839 242.878 177.933
181.218 242.029 174.926
177.021 246.928 174.306
174.450 252.561 176.465
175.350 258.051 181.493
180.688 262.088 184.798
186.710 264.751 184.764
191.621 267.243 181.011
195.937 267.755 175.824
197.150 267.778 169.259
195.019 269.136 163.081
189.812 270.304 158.672
184.392 274.220 157.563
180.623 279.255 159.892
180.023 285.189 163.322
183.260 290.145 166.879
189.272 293.904 167.009
195.245 295.909 164.274
197.830 298.004 158.206
196.598 299.825 151.504
192.084 301.850 146.762
185.323 302.878 144.740
8.837 -10.209 24.060
9.136 -6.816 18.434
7.248 -2.151 14.358
13.135 -3.657 13.110
18.465 0.411 9.392
24.904 1.280 9.815
31.111 0.021 12.253
35.111 -4.524 14.782
23.009 -18.567 9.690
22.525 -17.200 16.205
24.500 -13.824 21.722
27.054 -8.525 25.030
27.594 -1.757 25.087
24.266 3.527 23.756
19.996 6.989 22.638
13.863 9.677 23.784
7.936 7.712 26.473
-7.545 -52.021 26.002
-1.812 -50.258 22.808
0.519 -47.609 17.113
0.478 -44.492 11.660
-0.533 -38.761 8.873
-2.713 -33.174 8.988
-3.572 -27.990 10.678
6.552 -32.986 25.487
2.090 -30.215 28.786
-4.722 -30.675 28.764
-9.827 -32.227 25.512
-13.579 -34.693 20.232
-15.732 -37.382 15.179
-15.020 -42.186 10.247
-11.259 -46.880 7.471
-2.525 -22.244 15.264
-2.400 -19.430 16.424
-1.612 -17.694 14.035
-0.046 -15.426 -37.529
-4.378 -13.002 -32.981
-4.333 -11.525 -26.896
-0.820 -10.224 -21.489
-7.643 -8.110 -21.848
-10.106 -2.134 -20.994
-9.998 4.154 -18.290
-6.988 9.437 -14.694
7.828 6.288 -22.458
6.998 5.965 -16.310
4.382 3.795 -11.824
2.213 0.105 -8.643
13.786 -17.655 -27.524
11.298 -21.680 -23.545
5.098 -24.650 -22.669
5.047 -24.625 -22.677
-1.329 -23.827 -22.313
-1.278 -25.375 -22.801
-0.096 -15.221 -37.596
-4.665 -12.925 -33.000
-4.211 -11.227 -26.927
-0.743 -9.928 -21.461
-7.505 -7.810 -21.676
-10.202 -1.862 -20.911
-10.185 4.345 -18.280
-7.137 9.661 -14.678
7.715 6.464 -22.441
6.983 6.090 -16.356
4.459 3.813 -11.847
4.564 3.828 -11.898
2.403 0.171 -8.619
13.845 -17.332 -27.367
11.365 -21.488 -23.606
5.146 -24.510 -22.716
5.087 -24.487 -22.667
-1.377 -24.058 -22.336
-1.340 -24.992 -22.631
3.832 -3.167 -6.120
6.365 -2.145 -5.349
3.274 -0.914 -7.803
3.760 -3.124 -6.086
6.344 -2.094 -5.342
-64.752 -2.580 -29.356
-64.113 -5.871 -23.604
-63.142 -8.475 -17.988
-59.915 -8.380 -11.916
-56.657 -4.511 -8.107
-54.686 1.438 -5.407
-53.153 7.902 -4.834
-55.044 14.067 -5.644
-59.004 19.290 -7.781
-65.066 21.635 -9.119
-73.607 6.693 -2.483
-73.192 8.006 -9.373
-70.140 10.665 -14.603
-64.732 12.960 -17.898
-58.162 13.005 -18.566
-52.588 9.692 -19.076
-49.354 4.098 -18.947
61.863 5.335 9.500
55.496 2.604 7.564
49.086 1.414 9.775
44.520 1.061 14.139
43.533 7.055 12.661
39.929 12.256 16.828
40.245 18.734 17.630
42.671 24.841 16.336
45.318 28.864 12.041
40.142 16.728 -1.876
46.728 16.380 -0.499
52.013 18.047 3.204
55.265 21.186 8.022
55.246 21.804 14.529
53.806 18.649 19.869
52.468 14.163 23.445
53.467 8.059 25.696
54.235 1.594 24.695
53.772 -4.320 20.995
-5.845 30.658 -27.134
-2.990 25.026 -25.599
1.306 19.746 -26.433
6.628 17.909 -24.233
1.394 13.101 -25.525
-1.159 8.145 -21.726
-0.646 4.674 -15.752
1.401 2.651 -9.869
2.031 4.750 -3.525
1.234 8.600 1.531
-6.000 20.644 -9.510
-0.220 22.836 -6.463
5.811 20.146 -5.357
10.308 15.585 -6.765
12.805 10.514 -9.842
13.842 35.672 -20.969
13.769 32.998 -27.410
13.168 29.050 -32.644
8.772 25.774 -36.466
30.691 -17.404 -20.488
31.693 -13.115 -25.064
27.920 -8.916 -28.390
21.676 -7.209 -29.935
14.923 -8.199 -30.966
15.699 -17.186 -16.034
12.861 -20.453 -21.451
13.508 -20.022 -28.292
17.004 -19.893 -33.496
15.578 8.284 -14.579
18.112 8.011 -16.424
20.085 8.536 -14.556
-9.658 15.690 -37.486
-3.840 16.337 -35.125
1.097 20.445 -35.211
4.724 24.923 -38.744
5.135 30.663 -42.599
2.864 36.262 -45.511
-1.957 41.256 -46.147
-7.540 44.878 -43.319
-11.289 45.689 -37.110
-12.713 43.922 -30.202
-9.331 43.117 -24.629
-4.563 44.153 -20.146
-2.871 57.911 -32.798
2.712 53.505 -34.218
5.800 47.774 -32.113
5.397 42.181 -29.402
1.014 37.655 -26.131
-4.643 34.644 -27.643
-10.346 33.579 -31.631
-13.274 33.224 -37.331
-13.194 33.107 -44.488
-8.833 31.197 -49.335
-3.830 28.257 -52.057
-0.605 24.411 -54.959
-4.318 21.449 -57.699
-7.615 17.241 -60.521
-10.141 15.636 -63.940
-14.828 12.679 -66.472
-18.717 8.328 -66.776
-23.688 4.551 -64.132
-29.275 4.508 -60.830
-33.858 8.253 -58.237
-36.531 14.296 -57.631
-37.883 20.543 -60.003
-38.346 24.620 -65.203
-42.564 8.099 -73.247
-37.133 10.661 -75.944
-32.212 15.387 -75.746
-28.998 20.027 -72.364
-27.355 23.284 -66.423
-26.364 22.538 -59.932
-25.829 19.181 -54.640
-24.388 12.902 -51.657
-21.568 6.765 -51.495
-16.735 3.349 -54.372
-32.600 -13.281 15.476
-27.183 -13.977 18.837
-24.458 -18.213 22.849
-25.280 -22.684 27.895
-28.334 -28.324 30.476
-32.179 -33.847 30.371
-35.598 -38.818 26.818
-36.686 -42.431 20.688
-33.873 -43.300 14.020
-29.065 -41.622 8.797
-22.546 -40.958 8.256
-16.123 -42.100 9.522
-25.831 -55.594 18.391
-23.587 -51.160 23.739
-19.921 -45.501 24.932
-17.820 -39.959 23.011
-17.683 -35.500 17.512
-22.152 -32.413 13.842
-28.622 -31.184 11.512
-34.977 -30.671 12.424
-40.709 -30.398 16.663
-42.046 -28.362 23.017
-41.273 -25.490 28.708
-41.634 -21.598 32.966
-46.030 -18.465 31.495
-50.093 -14.266 30.493
-54.560 -11.739 30.938
-58.964 -9.539 28.106
-61.417 -5.070 25.016
-62.096 -1.286 19.467
-62.693 -1.243 12.996
-63.326 -5.008 7.807
-64.537 -11.031 5.313
-67.366 -17.260 5.609
-72.092 -21.155 8.273
-80.573 -4.034 9.456
-79.625 -6.699 15.439
-76.827 -11.585 19.236
-72.391 -16.423 19.792
-66.699 -19.854 17.653
-60.864 -19.273 14.665
-56.106 -16.041 12.003
-52.619 -9.882 11.421
-50.694 -3.860 13.666
-50.066 -0.451 19.204
34.798 52.260 -49.982
37.763 57.956 -53.346
41.917 59.756 -58.605
46.846 58.270 -62.304
50.597 54.313 -66.097
52.454 47.963 -68.349
51.024 41.308 -71.238
45.761 36.548 -72.117
38.829 36.841 -74.427
32.451 40.012 -75.816
30.373 45.811 -79.457
30.508 50.753 -84.374
44.226 37.515 -89.532
47.327 43.755 -87.383
46.979 49.992 -84.532
43.000 54.334 -81.103
36.871 54.251 -77.270
34.421 50.965 -72.060
33.001 45.827 -67.546
36.347 41.306 -63.977
41.685 38.552 -60.157
47.582 40.286 -58.332
51.633 45.409 -56.797
61.592 38.883 -37.216
58.870 37.348 -30.729
53.213 38.146 -26.097
46.149 36.381 -24.668
39.981 32.807 -26.615
37.588 28.517 -30.012
37.325 22.917 -34.607
41.254 17.263 -35.414
40.921 15.103 -18.800
47.683 17.362 -19.191
51.380 19.610 -24.595
53.476 22.290 -31.427
52.248 23.577 -37.393
47.646 27.240 -40.104
43.850 32.006 -40.984
40.806 37.052 -39.277
40.785 42.707 -35.134
-14.676 99.999 -79.995
-17.605 94.212 -76.481
-21.738 88.664 -77.577
-26.398 85.958 -80.776
-29.832 84.344 -86.252
-31.280 85.123 -93.067
-29.365 85.568 -100.168
-23.819 86.942 -104.636
-16.847 84.736 -104.922
-10.582 82.041 -102.306
-8.784 76.242 -98.523
-9.016 69.649 -96.312
-22.686 71.270 -111.246
-26.196 70.470 -104.910
-26.281 70.145 -98.046
-22.604 71.083 -92.435
-16.488 74.299 -90.376
-13.729 80.237 -90.735
-11.969 86.557 -93.205
-15.019 92.014 -95.695
-19.929 96.833 -96.871
-26.174 97.912 -94.758
-30.507 97.051 -89.772
-39.278 115.674 -88.477
-39.024 122.445 -87.610
-35.556 126.729 -85.073
-29.880 130.385 -83.079
-22.609 130.108 -85.043
-17.537 128.641 -88.478
-15.709 127.072 -94.749
-17.971 127.689 -102.317
-22.131 144.824 -96.966
-28.242 141.931 -97.689
-31.312 136.659 -98.760
-30.493 129.375 -100.206
-29.084 123.750 -100.881
-24.276 118.906 -97.891
-21.875 117.904 -91.126
-20.214 117.591 -84.240
-23.476 119.496 -78.340
40.505 111.838 -56.079
39.658 105.224 -53.277
41.209 101.008 -47.901
45.277 99.448 -43.370
49.573 100.599 -38.389
53.733 104.891 -34.759
55.080 111.022 -30.949
52.700 117.780 -29.889
46.155 120.808 -28.598
38.905 121.058 -28.668
33.655 116.747 -26.531
30.320 111.994 -22.705
46.615 116.885 -13.603
47.464 110.221 -16.337
45.296 104.965 -20.252
40.677 102.956 -24.789
35.855 105.883 -29.383
35.779 110.373 -34.204
37.358 116.078 -37.931
42.834 119.156 -40.151
49.301 120.021 -42.858
54.463 116.106 -44.155
56.467 110.084 -46.018
68.070 122.840 -62.957
65.356 122.942 -69.758
61.845 121.270 -74.345
57.614 123.409 -76.604
51.814 127.194 -75.028
47.013 131.382 -72.909
43.980 135.944 -69.363
47.084 141.200 -66.566
48.568 142.601 -83.173
56.144 141.892 -81.166
61.341 141.513 -75.922
62.592 140.277 -69.337
60.168 138.269 -62.719
55.942 133.415 -61.197
50.741 129.169 -60.517
47.793 123.738 -63.751
49.275 117.847 -66.024
-23.410 73.591 -31.478
-24.941 79.637 -35.243
-27.559 86.156 -34.412
-31.395 90.134 -31.376
-34.232 92.854 -26.010
-35.807 92.788 -19.195
-34.069 92.153 -12.008
-29.159 89.583 -7.546
-21.835 90.003 -7.278
-15.081 90.868 -9.978
-11.768 95.723 -13.878
-10.236 102.043 -16.422
-21.861 104.698 -1.344
-25.250 106.206 -7.644
-25.599 106.137 -14.526
-22.695 103.869 -20.218
-17.963 98.797 -22.273
-17.210 92.282 -21.602
-17.290 85.865 -18.767
-21.837 81.828 -15.810
-27.939 78.811 -14.362
-34.298 79.631 -16.142
-38.477 81.468 -20.947
-49.016 61.454 -21.650
-47.287 55.697 -24.214
-43.833 50.863 -26.950
-39.413 45.728 -26.358
-33.891 44.482 -22.932
-29.853 44.233 -18.024
-28.603 46.886 -11.872
-31.918 49.856 -5.013
-39.804 34.648 -7.576
-44.439 39.155 -9.800
-47.071 45.272 -9.262
-45.444 51.511 -9.674
-41.252 56.855 -8.109
-36.534 59.864 -12.549
-30.796 59.412 -15.867
-29.031 55.774 -21.408
-30.684 54.028 -28.054
-34.488 -29.656 26.628
-31.553 -23.814 24.970
-27.018 -18.624 26.103
-21.441 -17.313 23.954
-26.435 -12.416 25.454
-28.780 -7.413 21.548
-28.203 -4.097 15.548
-26.003 -2.016 9.655
-25.435 -4.235 3.309
-25.434 -4.296 3.293
-26.801 -7.662 -1.687
-25.893 -8.494 -1.768
-33.580 -20.242 9.212
-27.713 -22.231 6.471
-21.722 -19.629 5.200
-17.231 -15.177 6.642
-14.878 -10.150 9.583
-14.836 -10.180 9.527
-12.913 -7.724 13.955
-14.773 -34.927 21.315
-14.886 -31.883 27.582
-15.679 -27.708 32.637
-20.281 -24.779 36.355
-9.580 -7.934 16.457
-7.586 -8.564 14.624
-12.054 -7.927 14.655
-9.843 -7.696 16.410
-8.154 -8.552 14.370
8.909 -3.245 -38.919
6.926 2.950 -37.821
2.788 7.493 -34.952
-2.290 8.953 -30.680
-7.091 7.053 -25.983
-9.994 1.952 -22.352
-9.631 -3.560 -18.311
-6.105 -6.997 -13.573
-1.359 -7.201 -8.644
-0.257 10.958 -9.292
5.128 7.134 -10.927
7.524 1.735 -14.231
6.586 -3.728 -18.250
2.064 -7.699 -22.060
-4.154 -8.060 -24.921
-8.945 -5.091 -28.837
-10.322 -0.814 -33.859
-8.513 1.990 -39.745
28.380 4.117 13.066
34.419 3.525 14.973
36.139 4.301 8.717
35.771 8.774 3.779
38.816 8.482 -2.322
42.307 4.832 -6.033
44.410 -1.268 -8.485
45.931 -7.305 -9.179
43.323 -13.565 -8.309
39.588 -18.657 -5.847
33.617 -21.158 -4.810
25.269 -6.615 -11.707
25.393 -7.631 -4.796
28.517 -10.543 0.525
34.058 -12.775 3.645
40.591 -13.161 4.514
46.110 -9.714 5.155
49.214 -4.335 5.451
50.563 2.451 6.878
40.956 9.567 -4.627
34.901 11.141 -2.809
27.889 10.483 -2.549
22.705 6.528 -2.434
20.493 1.953 0.491
17.479 7.372 1.611
12.403 11.316 3.208
8.286 13.479 7.910
5.327 14.013 14.099
7.590 14.674 20.565
12.469 15.532 25.365
18.389 18.631 25.960
24.364 20.712 23.172
27.194 25.481 19.550
26.053 31.563 16.958
8.392 31.517 19.890
10.904 30.393 13.723
15.188 27.823 9.522
20.340 23.057 9.284
24.835 19.097 12.392
24.978 13.876 16.613
22.224 8.906 20.174
17.841 4.344 19.847
12.501 1.017 17.944
37.134 -2.935 7.341
34.545 -6.643 2.737
31.243 -7.374 -2.829
28.457 -4.640 -8.233
28.056 0.436 -12.490
40.872 9.394 -4.861
34.777 11.197 -2.847
27.749 10.684 -2.633
22.588 6.667 -1.876
20.689 3.566 2.960
17.670 9.160 0.279
12.529 12.690 3.140
8.631 14.096 8.307
5.576 14.130 14.411
7.897 14.739 20.870
12.858 15.353 25.486
18.738 18.486 26.111
24.713 20.748 23.381
27.718 25.304 19.637
26.831 31.298 16.736
9.059 32.099 19.990
11.780 30.853 13.787
15.710 27.988 9.611
20.820 23.195 9.366
25.113 19.056 12.403
25.322 13.881 16.654
22.731 8.838 20.216
18.345 4.293 19.822
12.832 1.188 17.525
37.570 -2.768 7.301
34.869 -6.494 2.799
31.391 -7.133 -2.753
28.066 -4.461 -7.914
27.378 0.565 -12.300
13.819 9.789 -4.064
7.998 11.399 -2.472
0.923 10.715 -2.314
-4.309 6.555 -2.325
-6.443 1.620 0.493
-10.562 6.869 0.261
-15.108 10.980 3.089
-19.031 12.961 7.865
-21.995 13.638 14.066
-19.646 14.641 20.346
-14.840 15.391 25.238
-8.700 18.420 25.801
-3.184 21.030 23.409
-0.206 25.529 19.310
-1.524 31.483 16.930
-19.043 31.004 19.531
-16.873 29.659 13.500
-12.206 27.488 9.253
-7.040 22.944 9.355
-2.611 18.903 12.217
-2.407 13.825 16.349
-5.106 8.945 20.216
-9.321 4.381 20.032
-14.800 0.846 18.257
9.974 -2.794 7.653
7.325 -6.431 3.006
4.024 -7.006 -2.660
1.229 -4.165 -8.041
0.977 0.827 -12.247
-18.205 -3.116 12.290
-18.826 -6.043 11.659
-18.248 -7.181 14.150
27.875 4.483 13.591
33.735 3.814 15.250
33.792 3.841 15.407
33.784 6.424 9.920
35.333 8.872 3.825
35.297 8.874 3.823
38.568 8.428 -2.049
38.526 8.441 -2.045
41.865 4.657 -6.020
43.682 -1.319 -8.530
45.462 -7.542 -9.184
43.228 -13.780 -8.070
39.405 -18.715 -5.680
33.341 -21.056 -4.789
25.287 -6.392 -11.707
25.258 -7.470 -4.820
28.165 -10.336 0.442
33.601 -12.854 3.639
40.239 -12.957 4.511
40.103 -13.181 4.597
45.983 -9.720 4.973
45.485 -9.531 5.323
49.312 -4.702 2.682
49.069 -4.475 5.075
51.201 2.093 4.642
52.719 4.187 5.952
54.897 2.618 7.038
27.692 4.627 13.173
33.353 3.731 15.182
33.195 3.663 15.461
33.952 6.244 9.695
33.904 6.055 9.662
35.132 8.728 3.860
35.125 8.737 3.884
35.233 8.679 3.942
38.280 8.353 -2.033
38.280 8.357 -2.024
41.640 4.605 -5.917
43.263 -1.311 -8.478
45.277 -7.506 -9.022
42.915 -13.685 -8.103
39.127 -18.608 -5.597
33.089 -20.936 -4.748
25.148 -6.296 -11.671
25.009 -7.450 -4.783
27.930 -10.228 0.439
33.327 -12.825 3.699
39.896 -13.117 4.621
45.375 -9.528 5.163
45.401 -9.533 5.154
48.680 -4.467 4.621
48.872 -4.340 4.921
49.219 -5.253 2.207
50.971 2.036 4.637
52.527 4.145 5.891
54.592 2.550 6.967
28.053 4.454 13.383
34.274 3.847 15.036
34.170 4.102 15.735
33.924 6.774 9.877
34.742 5.406 9.451
35.506 9.050 3.847
35.592 8.976 3.943
35.683 8.827 3.992
38.813 8.588 -2.026
38.737 8.594 -2.050
42.055 4.673 -6.018
42.136 4.607 -6.015
43.899 -1.280 -8.513
45.769 -7.536 -9.172
43.417 -13.764 -8.195
39.562 -18.784 -5.740
33.578 -21.167 -4.830
25.448 -6.412 -11.659
25.433 -7.579 -4.778
28.394 -10.352 0.515
33.571 -12.967 3.828
40.034 -13.228 4.548
40.137 -13.146 4.510
45.598 -9.603 5.039
45.854 -9.604 5.245
49.167 -4.275 4.681
49.373 -4.106 4.623
49.241 -4.408 4.767
51.105 1.558 3.817
51.476 2.134 4.694
53.054 4.219 5.961
55.139 2.661 7.125
52.955 4.141 6.177
55.331 2.711 7.186
28.001 4.278 13.391
33.867 3.752 15.086
33.755 3.728 15.306
33.630 5.538 9.280
34.119 5.848 9.760
35.177 9.049 3.737
35.378 8.703 3.913
35.256 8.816 3.848
38.359 8.458 -2.170
38.378 8.376 -2.106
41.712 4.623 -5.976
41.713 4.628 -5.969
43.480 -1.248 -8.504
45.386 -7.475 -9.055
42.991 -13.634 -8.171
39.233 -18.627 -5.738
33.193 -20.966 -4.761
25.162 -6.340 -11.632
25.175 -7.478 -4.759
28.038 -10.306 0.501
33.551 -12.703 3.647
40.016 -13.001 4.633
40.008 -13.008 4.640
45.599 -9.626 5.101
45.669 -9.622 5.030
49.086 -4.175 4.747
48.984 -4.028 4.554
48.823 -4.047 4.796
50.581 1.494 3.783
51.043 2.045 4.552
52.588 4.150 5.825
54.729 2.642 6.945
52.524 4.035 6.060
54.938 2.744 7.116
27.819 4.503 13.420
33.526 3.878 15.443
33.479 3.891 15.536
33.593 6.209 9.462
34.706 5.448 10.158
35.362 8.854 3.897
35.238 8.910 3.948
35.473 8.694 3.993
38.458 8.465 -2.073
38.463 8.518 -2.029
41.817 4.657 -5.940
43.513 -1.301 -8.489
45.423 -7.499 -9.089
43.108 -13.696 -8.088
39.330 -18.708 -5.816
33.316 -21.035 -4.725
25.227 -6.327 -11.625
25.236 -7.494 -4.753
28.101 -10.272 0.501
33.548 -12.763 3.727
40.074 -13.018 4.668
45.623 -9.615 5.143
45.614 -9.645 5.168
48.868 -3.865 4.388
48.858 -4.189 4.738
50.693 1.536 3.621
52.551 4.125 6.037
54.939 2.718 7.055
51.063 2.091 4.541
52.639 4.157 5.894
54.891 2.701 7.010
28.029 4.695 13.355
33.840 3.972 15.307
33.843 3.981 15.339
34.487 5.500 9.750
33.634 6.397 9.291
35.535 8.868 3.898
35.397 9.018 3.792
35.578 8.774 3.966
38.600 8.452 -2.138
38.642 8.516 -2.049
41.964 4.696 -5.983
43.772 -1.214 -8.646
45.581 -7.475 -9.138
43.295 -13.736 -8.174
39.478 -18.708 -5.747
33.439 -21.102 -4.795
25.427 -6.400 -11.647
25.331 -7.520 -4.784
28.295 -10.254 0.440
33.747 -12.820 3.631
40.238 -13.052 4.599
45.847 -9.637 5.073
45.774 -9.626 5.079
49.336 -4.162 4.697
48.831 -3.774 4.452
49.167 -4.256 4.761
50.885 1.578 3.646
52.702 4.183 5.989
55.030 2.742 7.023
51.277 2.137 4.549
52.825 4.215 5.850
54.994 2.715 6.993
27.709 4.314 13.036
33.921 3.834 15.376
34.603 5.622 10.062
34.554 5.776 10.190
35.134 8.858 3.836
35.305 8.962 3.837
35.333 8.737 3.961
35.383 8.904 3.816
38.596 8.595 -1.995
38.441 8.397 -2.132
41.841 4.688 -5.950
41.806 4.690 -5.771
43.501 -1.230 -8.500
45.501 -7.607 -9.082
43.223 -13.792 -7.915
39.463 -18.765 -5.325
33.356 -21.074 -4.742
25.395 -6.334 -11.734
25.324 -6.332 -11.773
25.252 -7.388 -4.775
28.048 -10.300 0.466
33.516 -12.713 3.778
40.142 -13.056 4.596
40.068 -13.114 4.634
45.882 -9.623 4.956
45.410 -9.465 5.412
48.960 -4.302 5.002
49.091 -4.480 4.910
48.637 -4.108 5.459
48.920 -4.797 5.501
50.903 1.542 3.787
50.134 1.837 5.638
52.687 4.119 6.203
55.352 2.766 7.092
51.311 2.173 4.645
52.894 4.221 5.915
55.046 2.635 6.988
27.582 4.858 13.261
33.858 3.964 15.290
33.841 3.954 15.337
34.181 5.814 10.222
34.127 5.884 10.238
35.060 8.792 3.916
35.029 8.836 3.917
35.114 8.760 4.032
35.115 8.759 4.033
38.280 8.427 -1.951
38.300 8.426 -1.962
41.544 4.582 -5.919
41.446 4.528 -5.809
43.487 -1.286 -8.491
43.495 -1.293 -8.499
45.250 -7.537 -8.991
42.976 -13.718 -8.052
39.194 -18.666 -5.515
33.092 -20.914 -4.784
25.146 -6.216 -11.813
25.101 -6.208 -11.840
25.100 -7.499 -4.884
27.833 -10.431 0.508
33.244 -12.672 3.760
33.054 -12.657 3.817
39.765 -12.952 4.717
39.570 -12.990 4.984
45.357 -9.568 5.123
45.048 -9.499 5.563
48.817 -4.371 4.654
48.724 -4.203 4.789
48.244 -4.463 5.634
48.594 -4.401 5.003
50.522 1.497 3.896
49.703 1.950 5.910
52.468 4.066 6.186
54.894 2.534 6.990
51.017 2.202 4.756
52.695 4.224 5.971
54.868 2.625 6.937
27.748 4.270 13.286
34.092 3.810 14.887
34.080 3.808 15.125
33.809 6.515 9.902
34.564 5.649 10.273
34.087 5.786 9.617
35.096 9.030 3.773
35.325 8.824 3.962
35.226 8.912 3.879
35.323 8.814 3.892
38.590 8.553 -1.961
38.389 8.423 -2.064
41.864 4.693 -6.084
41.610 4.577 -5.799
43.395 -1.279 -8.526
45.414 -7.562 -9.018
43.093 -13.689 -8.046
39.288 -18.667 -5.559
33.236 -21.008 -4.779
25.195 -6.302 -11.736
25.188 -6.291 -11.759
25.120 -7.492 -4.835
27.955 -10.319 0.472
33.454 -12.712 3.814
40.027 -13.145 4.558
39.813 -13.184 4.757
45.492 -9.557 5.122
45.138 -9.530 5.609
48.880 -4.271 4.526
49.895 -4.868 2.466
48.557 -4.570 5.572
48.829 -4.315 4.912
50.726 1.661 3.644
50.158 1.761 5.441
52.643 4.195 6.072
55.001 2.652 7.013
51.235 2.352 4.594
52.851 4.257 5.942
54.955 2.628 6.905
27.954 4.535 13.246
34.046 3.519 15.084
34.445 5.936 10.290
34.443 5.935 10.292
34.447 5.936 10.289
35.248 8.904 3.958
35.269 8.898 3.949
35.296 8.888 3.920
38.486 8.552 -1.996
38.499 8.536 -1.985
41.843 4.627 -5.948
43.472 -1.299 -8.530
45.571 -7.620 -8.995
43.208 -13.720 -8.023
39.469 -18.720 -5.519
33.323 -21.044 -4.740
25.352 -6.300 -11.756
25.332 -6.285 -11.782
25.262 -7.498 -4.867
28.048 -10.340 0.490
33.555 -12.784 3.659
40.080 -13.069 4.642
45.644 -9.596 5.077
45.706 -9.564 5.082
48.957 -4.318 4.717
49.172 -4.190 4.458
49.130 -4.307 5.065
48.793 -4.607 5.313
49.368 -5.051 1.899
51.001 1.494 3.856
49.820 2.007 6.026
52.763 4.187 6.016
55.099 2.716 7.024
51.300 2.131 4.535
52.882 4.219 5.874
55.067 2.701 6.947
27.852 4.109 13.246
34.067 3.542 15.157
33.913 5.901 10.029
33.922 5.904 10.023
33.989 5.922 9.984
35.004 9.009 3.955
35.082 8.947 3.807
35.147 8.834 3.891
38.371 8.461 -1.863
38.183 8.386 -2.107
41.786 4.662 -6.044
41.304 4.537 -5.734
43.334 -1.268 -8.495
45.226 -7.513 -9.060
43.000 -13.668 -8.049
39.113 -18.567 -5.572
33.126 -20.902 -4.743
25.300 -6.199 -11.701
25.183 -6.213 -11.750
25.007 -7.446 -4.811
27.897 -10.328 0.524
33.362 -12.593 3.872
39.961 -12.866 4.611
39.958 -13.045 4.587
45.697 -9.616 4.928
45.451 -9.507 5.094
48.970 -4.145 4.480
48.689 -4.033 4.621
48.983 -4.355 4.824
48.735 -3.865 4.450
50.559 1.714 3.885
49.791 1.877 5.568
52.498 4.060 6.172
54.951 2.652 7.006
50.972 2.207 4.741
52.647 4.131 6.009
54.847 2.567 6.970
28.036 4.481 13.233
34.423 3.615 14.852
34.390 3.640 14.800
35.576 4.962 9.691
35.272 4.493 8.809
35.457 8.802 3.868
38.482 8.435 -2.183
42.001 4.763 -5.972
43.698 -1.226 -8.360
45.435 -7.297 -9.115
43.226 -13.717 -8.036
39.310 -18.583 -5.722
33.368 -21.027 -4.675
25.246 -6.300 -11.595
25.207 -6.288 -11.627
25.217 -7.453 -4.745
28.145 -10.274 0.467
33.655 -12.719 3.665
40.173 -13.013 4.627
45.736 -9.652 5.194
49.229 -4.430 5.284
49.273 -4.473 5.276
50.109 1.923 6.171
50.600 0.551 7.788
52.382 3.977 5.577
54.928 2.526 6.801
27.893 4.338 12.903
33.964 3.799 14.954
34.612 5.738 10.117
35.133 8.890 3.892
38.470 8.563 -2.082
41.725 4.585 -5.975
43.689 -1.246 -8.320
45.314 -7.463 -8.805
42.936 -13.620 -7.923
39.268 -18.626 -5.392
33.224 -20.958 -4.693
25.285 -6.376 -11.713
25.046 -7.515 -4.805
27.904 -10.316 0.523
33.247 -12.911 3.756
39.845 -13.168 4.751
45.332 -9.700 5.377
48.205 -4.401 5.730
50.783 2.435 4.543
52.523 4.351 5.925
54.690 2.742 6.987
27.992 4.624 13.294
33.855 3.810 15.318
33.823 3.808 15.455
33.733 6.696 9.824
35.491 8.804 3.886
35.500 8.797 3.879
38.662 8.467 -2.086
38.669 8.435 -2.002
42.019 4.591 -5.938
42.035 4.618 -5.962
43.869 -1.285 -8.439
45.635 -7.409 -8.940
43.283 -13.679 -8.242
39.487 -18.640 -5.742
33.392 -21.118 -4.752
25.222 -6.457 -11.714
25.214 -7.608 -4.831
28.140 -10.446 0.456
33.591 -13.038 3.708
40.169 -13.230 4.644
40.153 -13.256 4.649
45.606 -9.637 5.237
45.521 -9.797 5.382
49.469 -4.649 2.876
48.664 -4.417 5.550
51.103 2.377 4.566
52.803 4.333 5.963
54.935 2.709 6.984
28.249 4.297 13.215
34.066 3.778 15.227
34.053 3.770 15.293
33.933 6.470 9.602
35.723 8.815 3.802
35.744 8.803 3.795
38.884 8.397 -2.087
38.893 8.391 -2.065
42.106 4.539 -5.924
42.115 4.559 -5.948
44.020 -1.280 -8.474
45.771 -7.545 -9.057
43.218 -13.655 -8.235
39.564 -18.663 -5.772
33.551 -21.153 -4.994
25.059 -6.619 -11.721
25.308 -7.691 -4.873
28.337 -10.593 0.455
33.874 -13.060 3.577
40.401 -13.268 4.440
40.398 -13.287 4.445
45.874 -9.631 5.088
45.862 -9.658 5.107
49.543 -4.668 3.305
48.910 -4.461 5.448
47.798 -4.487 6.488
51.263 2.374 4.596
52.938 4.372 5.985
55.042 2.724 7.028
28.074 4.599 13.277
34.031 3.891 15.395
34.042 3.888 15.383
33.811 6.690 9.883
35.518 8.838 3.874
35.516 8.839 3.875
38.729 8.478 -2.037
38.707 8.438 -2.022
42.068 4.663 -5.939
42.021 4.619 -5.886
43.832 -1.264 -8.443
45.581 -7.493 -8.925
43.355 -13.722 -8.112
39.553 -18.689 -5.754
33.465 -21.120 -4.767
25.374 -6.479 -11.713
25.302 -7.603 -4.813
28.152 -10.418 0.580
33.573 -13.126 3.750
40.157 -13.287 4.643
40.138 -13.308 4.651
45.628 -9.697 5.217
45.651 -9.889 5.221
49.399 -4.702 3.380
48.632 -4.206 5.547
47.151 -4.012 7.050
51.100 2.473 4.499
52.801 4.418 5.934
54.919 2.751 6.941
28.078 4.557 13.188
33.893 3.783 15.253
34.117 3.879 15.387
33.956 6.069 9.703
35.622 8.830 3.883
35.652 8.810 3.871
38.815 8.473 -2.091
38.823 8.425 -2.019
42.028 4.581 -5.930
42.019 4.596 -5.938
43.981 -1.291 -8.420
45.740 -7.511 -8.783
43.267 -13.730 -8.021
39.462 -18.669 -5.637
33.410 -21.125 -4.762
25.234 -6.516 -11.828
25.227 -7.724 -4.897
28.168 -10.497 0.470
33.639 -13.090 3.674
40.221 -13.273 4.613
40.276 -13.300 4.625
45.685 -9.622 5.232
45.691 -9.656 5.248
49.484 -4.711 3.276
48.973 -4.516 5.069
51.346 2.330 4.531
53.001 4.325 5.893
55.102 2.686 6.911
27.825 4.563 13.192
33.718 3.911 15.447
33.743 3.905 15.392
33.605 6.290 9.707
35.250 8.765 3.895
35.265 8.760 3.892
38.496 8.406 -1.890
38.480 8.398 -1.917
41.681 4.486 -6.028
41.671 4.500 -5.995
43.633 -1.296 -8.367
45.420 -7.507 -8.664
42.899 -13.607 -7.990
39.211 -18.641 -5.320
33.122 -20.988 -4.699
24.898 -6.378 -11.780
24.960 -7.590 -4.867
27.843 -10.532 0.437
33.260 -13.076 3.704
39.813 -13.206 4.719
39.792 -13.231 4.728
45.177 -9.545 5.403
45.187 -9.546 5.405
48.763 -4.348 4.807
48.461 -4.579 5.309
51.046 2.324 4.526
52.721 4.317 5.892
54.762 2.664 6.904
27.919 4.636 13.135
33.668 3.801 15.317
33.896 6.103 9.705
35.368 8.809 3.900
35.381 8.837 3.886
38.635 8.480 -1.898
38.619 8.462 -1.923
41.859 4.592 -5.912
41.850 4.585 -5.917
43.816 -1.277 -8.330
45.473 -7.503 -8.650
43.072 -13.681 -7.918
39.389 -18.712 -5.333
33.271 -21.056 -4.661
25.149 -6.446 -11.777
25.127 -7.632 -4.859
27.922 -10.579 0.452
33.295 -13.207 3.732
39.835 -13.280 4.842
39.806 -13.314 4.853
45.245 -9.539 5.486
45.247 -9.600 5.525
49.227 -4.574 3.410
48.464 -4.610 5.406
51.279 2.365 4.470
52.905 4.356 5.896
54.973 2.706 6.878
27.952 4.595 13.301
33.918 3.845 15.451
33.929 3.840 15.439
33.826 6.521 9.785
35.589 8.816 3.888
38.808 8.493 -2.041
41.830 4.569 -5.918
43.937 -1.325 -8.516
45.769 -7.550 -8.832
43.317 -13.646 -8.053
39.459 -18.613 -5.574
33.443 -21.131 -4.721
25.171 -6.469 -11.734
25.255 -7.643 -4.829
28.168 -10.528 0.509
33.676 -13.148 3.684
40.223 -13.223 4.663
40.217 -13.225 4.660
45.718 -9.607 5.299
45.676 -9.666 5.376
49.826 -4.842 2.268
48.855 -4.514 5.200
51.257 2.332 4.631
52.947 4.298 6.015
55.039 2.651 7.113
27.862 4.541 13.171
33.713 3.912 15.471
33.710 3.912 15.509
33.677 6.457 9.776
35.364 8.799 3.906
35.341 8.763 3.905
38.554 8.400 -1.971
41.745 4.690 -5.923
43.643 -1.334 -8.431
45.583 -7.510 -8.741
43.162 -13.679 -7.963
39.331 -18.697 -5.542
33.268 -21.055 -4.712
25.121 -6.392 -11.793
25.096 -7.614 -4.855
27.949 -10.515 0.456
33.399 -13.091 3.738
39.969 -13.186 4.716
39.966 -13.186 4.715
45.340 -9.592 5.476
45.306 -9.627 5.519
49.715 -5.120 2.343
48.698 -4.510 5.319
51.031 2.298 4.613
52.728 4.284 6.007
54.842 2.628 7.065
28.045 4.443 13.178
33.975 3.920 15.508
33.984 3.919 15.507
33.915 6.446 9.764
35.645 8.824 3.925
35.636 8.831 3.931
38.855 8.467 -1.990
38.854 8.492 -2.011
42.086 4.592 -5.946
43.926 -1.325 -8.422
45.841 -7.574 -8.761
43.313 -13.715 -8.008
39.469 -18.645 -5.545
33.449 -21.181 -4.726
25.222 -6.502 -11.819
25.212 -7.696 -4.858
28.184 -10.573 0.483
33.690 -13.152 3.705
40.224 -13.245 4.700
40.195 -13.232 4.731
45.626 -9.581 5.438
45.580 -9.649 5.388
50.011 -5.093 2.507
49.025 -4.378 5.236
51.405 2.276 4.625
53.075 4.329 6.016
55.173 2.675 7.084
