28.898 15.717 -0.348
23.625 11.666 1.053
21.062 5.140 2.890
22.234 -0.829 3.971
26.285 -6.407 5.199
31.520 -8.274 8.943
36.144 -7.046 13.724
38.772 -3.221 18.716
37.372 1.070 23.470
33.750 4.737 27.656
29.191 4.940 31.388
24.265 4.949 36.150
20.788 0.612 40.111
20.080 -5.868 42.464
21.928 -12.242 43.526
26.347 -17.803 43.011
32.903 -19.189 43.682
38.905 -17.426 46.748
42.799 -12.761 49.936
43.248 -8.742 54.812
41.024 -6.109 60.588
36.114 -4.758 65.315
30.968 -7.460 68.766
29.671 -12.842 71.999
29.770 -19.364 73.843
33.299 -25.126 74.432
38.934 -27.054 77.102
47.723 -10.904 77.744
49.194 -15.274 72.654
47.361 -19.875 68.326
43.111 -22.646 64.456
37.113 -23.123 61.296
30.441 -21.429 60.726
26.235 -16.152 60.435
25.584 -10.266 58.179
27.795 -3.959 56.428
31.506 -1.675 51.595
35.971 -1.638 46.907
39.361 -4.705 41.542
38.337 -8.941 36.510
34.001 -12.692 32.944
27.913 -13.537 30.786
21.466 -13.125 30.843
21.481 -13.180 30.939
23.152 -10.034 25.626
18.957 -4.866 21.709
19.784 1.240 19.531
23.244 7.052 18.380
28.690 9.118 15.678
35.323 9.223 13.814
39.012 5.751 9.087
40.495 0.213 5.215
37.479 -2.784 -0.142
32.193 -3.277 -4.250
26.954 -0.607 -7.715
12.403 40.305 81.278
17.742 36.398 80.047
20.194 29.978 78.197
19.016 23.912 76.717
14.890 18.298 75.575
9.600 16.200 72.012
4.851 17.506 67.243
2.283 21.450 62.366
3.697 25.507 57.484
7.318 29.297 53.298
11.786 29.469 49.418
16.662 29.305 44.588
20.256 25.173 40.791
21.114 18.699 38.127
19.231 12.296 37.390
14.776 6.689 37.868
8.181 5.310 37.287
2.207 7.180 34.156
-1.702 11.672 30.924
-2.085 15.930 26.152
0.132 18.483 20.246
5.084 20.022 15.636
9.955 17.163 11.949
11.306 11.793 8.793
11.503 5.164 7.148
7.963 -0.569 6.442
2.400 -2.556 3.833
-6.711 13.584 3.178
-8.135 9.392 8.258
-6.316 4.813 12.567
-2.151 1.803 16.304
3.984 1.441 19.599
10.620 3.141 20.102
14.927 8.387 20.295
15.569 14.213 22.825
13.435 20.582 24.486
9.745 22.934 29.307
5.362 22.970 34.035
1.805 19.973 39.309
2.767 15.681 44.332
7.137 11.956 47.918
13.237 11.122 49.950
19.846 11.408 50.518
18.359 14.482 55.473
22.176 19.847 59.313
21.325 25.999 61.387
17.889 31.831 62.463
12.330 33.898 65.091
5.807 33.920 67.253
2.012 30.513 71.953
0.724 25.100 76.023
3.815 21.747 81.062
9.222 21.186 85.232
14.195 23.928 88.697
20.039 6.535 46.964
15.466 10.811 48.888
9.103 13.573 48.718
3.102 11.723 51.303
-0.329 7.243 55.222
-3.971 12.815 52.538
-7.059 17.728 56.139
-10.375 20.314 61.341
-12.710 21.547 67.790
-9.978 22.117 74.152
-4.599 22.080 78.279
1.418 24.387 78.849
6.930 27.519 76.799
10.679 31.258 72.401
10.734 36.464 68.035
-7.341 37.779 69.318
-4.370 36.092 63.530
-0.132 32.026 60.539
4.403 26.916 61.092
7.643 22.013 64.761
6.639 17.114 69.196
3.039 13.163 73.277
-2.305 9.731 73.337
-8.504 7.701 71.348
12.873 -2.420 60.189
9.229 -5.120 55.813
5.523 -4.574 50.221
3.129 -1.110 45.008
4.090 3.911 40.165
15.756 11.127 48.912
9.400 13.883 49.233
3.534 11.967 51.683
0.111 7.540 55.471
-3.765 12.869 52.648
-6.572 17.773 56.294
-9.770 20.123 61.755
-11.988 21.321 68.028
-9.375 21.991 74.364
-4.235 21.939 78.717
1.923 24.302 79.305
7.544 27.360 77.315
11.444 30.691 73.036
11.358 36.190 69.232
-6.958 37.203 69.907
-3.828 35.439 64.291
0.797 31.926 61.087
5.099 26.615 61.732
8.059 21.694 65.270
7.258 17.090 70.021
3.494 13.220 73.976
-1.864 9.681 73.895
-7.997 8.103 71.710
13.707 -2.097 60.807
10.121 -4.873 56.346
6.684 -4.525 50.777
4.754 -1.492 45.419
4.537 3.681 40.594
-11.168 4.749 67.492
-12.457 2.175 66.578
-12.218 0.533 68.871
-16.250 -10.029 38.282
-13.140 -11.860 32.765
-11.078 -11.145 26.088
-9.134 -7.068 21.270
-4.040 -3.689 20.451
-4.956 -8.564 15.868
-0.614 -11.346 11.688
5.287 -12.873 9.520
12.121 -13.592 8.990
17.348 -14.590 13.335
20.246 -15.370 19.502
18.924 -18.439 25.348
14.725 -21.366 29.813
9.927 -25.794 31.480
7.872 -31.660 29.418
16.068 -31.156 13.642
9.906 -29.504 13.958
3.992 -27.644 16.922
2.237 -23.142 22.003
3.806 -18.839 26.754
8.044 -13.610 28.348
12.643 -8.946 27.038
13.830 -4.348 22.963
13.653 -0.872 17.201
-3.820 2.414 37.878
-7.496 6.123 34.084
-12.005 6.741 29.267
-16.260 4.046 24.967
-20.337 -1.217 23.496
10.038 3.038 12.006
9.261 5.689 11.484
11.542 6.896 12.772
40.802 16.916 -5.246
34.987 18.694 -3.440
27.805 17.860 -2.736
22.629 13.992 -2.195
20.962 9.845 2.468
18.020 15.910 0.566
12.748 19.773 2.960
8.611 21.092 7.961
5.552 21.160 14.066
7.904 21.794 20.513
12.860 22.410 25.293
18.505 25.318 26.492
23.612 29.249 24.456
27.301 32.330 19.512
26.116 38.726 17.719
8.702 38.343 20.726
10.606 37.274 14.621
15.437 34.988 10.136
19.866 30.319 9.799
24.965 26.138 12.086
25.379 21.125 16.467
22.606 16.165 19.992
18.241 11.518 19.567
12.956 8.320 17.438
37.380 4.338 7.035
34.703 0.462 2.495
31.194 -0.095 -3.073
28.064 2.595 -8.253
27.588 7.669 -12.619
1.886 50.286 22.713
-0.602 47.826 16.960
-0.502 44.182 11.560
0.565 38.682 8.824
2.711 33.020 8.892
3.642 28.035 10.898
-6.642 32.843 25.612
-1.926 30.119 28.924
4.732 30.614 28.887
9.873 31.764 25.497
13.388 34.657 20.387
15.834 37.279 15.610
15.199 41.941 10.398
11.586 46.852 7.408
199.958 242.164 252.078
199.013 239.634 252.469
196.343 238.723 252.222
178.724 198.677 219.459
176.989 199.775 221.174
177.843 202.020 222.649
204.851 213.663 234.975
202.370 212.833 235.746
200.410 214.575 236.877
185.883 313.740 160.905
181.913 308.241 161.237
178.427 302.860 158.468
179.312 297.982 154.070
182.652 293.621 150.150
188.403 290.064 148.593
194.329 287.461 151.405
198.115 286.096 156.977
198.179 285.221 163.866
194.567 284.784 169.787
188.506 282.619 172.746
182.295 279.655 172.656
179.604 273.998 170.661
178.611 268.808 166.292
182.050 263.540 164.893
187.340 259.250 164.974
191.907 256.656 169.299
194.272 255.192 175.521
192.945 254.138 182.189
188.935 253.303 187.710
183.735 250.722 190.873
177.411 248.170 190.044
166.101 240.710 209.407
168.677 234.882 205.370
171.126 229.037 208.479
175.207 225.177 211.770
181.356 223.821 214.732
185.434 225.657 219.388
188.263 230.017 223.605
187.211 233.686 228.939
183.881 237.961 233.045
177.239 239.052 235.074
170.920 236.669 234.663
187.839 242.878 177.933
181.218 242.029 174.926
177.021 246.928 174.306
174.450 252.561 176.465
175.350 258.051 181.493
180.688 262.088 184.798
186.710 264.751 184.764
191.621 267.243 181.011
195.937 267.755 175.824
197.150 267.778 169.259
195.019 269.136 163.081
189.812 270.304 158.672
184.392 274.220 157.563
180.623 279.255 159.892
180.023 285.189 163.322
183.260 290.145 166.879
189.272 293.904 167.009
195.245 295.909 164.274
197.830 298.004 158.206
196.598 299.825 151.504
192.084 301.850 146.762
185.323 302.878 144.740
8.837 -10.209 24.060
9.136 -6.816 18.434
7.248 -2.151 14.358
13.135 -3.657 13.110
18.465 0.411 9.392
24.904 1.280 9.815
31.111 0.021 12.253
35.111 -4.524 14.782
23.009 -18.567 9.690
22.525 -17.200 16.205
24.500 -13.824 21.722
27.054 -8.525 25.030
27.594 -1.757 25.087
24.266 3.527 23.756
19.996 6.989 22.638
13.863 9.677 23.784
7.936 7.712 26.473
-7.545 -52.021 26.002
-1.812 -50.258 22.808
0.519 -47.609 17.113
0.478 -44.492 11.660
-0.533 -38.761 8.873
-2.713 -33.174 8.988
-3.572 -27.990 10.678
6.552 -32.986 25.487
2.090 -30.215 28.786
-4.722 -30.675 28.764
-9.827 -32.227 25.512
-13.579 -34.693 20.232
-15.732 -37.382 15.179
-15.020 -42.186 10.247
-11.259 -46.880 7.471
-2.525 -22.244 15.264
-2.400 -19.430 16.424
-1.612 -17.694 14.035
-0.046 -15.426 -37.529
-4.378 -13.002 -32.981
-4.333 -11.525 -26.896
-0.820 -10.224 -21.489
-7.643 -8.110 -21.848
-10.106 -2.134 -20.994
-9.998 4.154 -18.290
-6.988 9.437 -14.694
7.828 6.288 -22.458
6.998 5.965 -16.310
4.382 3.795 -11.824
2.213 0.105 -8.643
13.786 -17.655 -27.524
11.298 -21.680 -23.545
5.098 -24.650 -22.669
5.047 -24.625 -22.677
-1.329 -23.827 -22.313
-1.278 -25.375 -22.801
-0.096 -15.221 -37.596
-4.665 -12.925 -33.000
-4.211 -11.227 -26.927
-0.743 -9.928 -21.461
-7.505 -7.810 -21.676
-10.202 -1.862 -20.911
-10.185 4.345 -18.280
-7.137 9.661 -14.678
7.715 6.464 -22.441
6.983 6.090 -16.356
4.459 3.813 -11.847
4.564 3.828 -11.898
2.403 0.171 -8.619
13.845 -17.332 -27.367
11.365 -21.488 -23.606
5.146 -24.510 -22.716
5.087 -24.487 -22.667
-1.377 -24.058 -22.336
-1.340 -24.992 -22.631
3.832 -3.167 -6.120
6.365 -2.145 -5.349
3.274 -0.914 -7.803
3.760 -3.124 -6.086
6.344 -2.094 -5.342
-64.752 -2.580 -29.356
-64.113 -5.871 -23.604
-63.142 -8.475 -17.988
-59.915 -8.380 -11.916
-56.657 -4.511 -8.107
-54.686 1.438 -5.407
-53.153 7.902 -4.834
-55.044 14.067 -5.644
-59.004 19.290 -7.781
-65.066 21.635 -9.119
-73.607 6.693 -2.483
-73.192 8.006 -9.373
-70.140 10.665 -14.603
-64.732 12.960 -17.898
-58.162 13.005 -18.566
-52.588 9.692 -19.076
-49.354 4.098 -18.947
