8.909 -3.245 -38.919
6.926 2.950 -37.821
2.788 7.493 -34.952
-2.290 8.953 -30.680
-7.091 7.053 -25.983
-9.994 1.952 -22.352
-9.631 -3.560 -18.311
-6.105 -6.997 -13.573
-1.359 -7.201 -8.644
-0.257 10.958 -9.292
5.128 7.134 -10.927
7.524 1.735 -14.231
6.586 -3.728 -18.250
2.064 -7.699 -22.060
-4.154 -8.060 -24.921
-8.945 -5.091 -28.837
-10.322 -0.814 -33.859
-8.513 1.990 -39.745
2.219 0.481 -89.875
7.421 3.767 -91.292
10.833 9.333 -89.082
11.904 15.824 -85.895
10.419 18.626 -80.334
8.343 18.410 -73.679
5.975 14.882 -68.840
4.983 9.658 -65.597
6.936 3.665 -63.968
11.490 0.456 -61.922
17.238 -1.636 -60.132
23.226 -0.192 -58.640
27.350 3.666 -55.482
29.851 9.323 -52.135
28.488 14.827 -48.498
24.067 18.248 -45.556
17.155 18.551 -43.795
13.113 13.697 -40.935
12.357 7.168 -38.135
15.337 2.816 -34.264
20.396 1.420 -29.625
24.373 3.558 -24.732
25.671 7.529 -19.934
23.222 11.531 -14.553
18.712 16.345 -12.685
12.498 17.942 -12.254
6.015 16.988 -15.022
2.005 11.504 -15.567
0.725 4.745 -14.052
1.651 0.199 -9.272
1.816 -1.123 -2.710
-0.608 0.332 2.977
-4.249 3.941 7.236
-9.068 9.008 7.839
-12.996 13.868 5.241
-17.330 15.176 0.197
-20.277 13.427 -5.606
-22.109 9.603 -10.132
-23.744 3.366 -11.699
-27.655 -1.702 -10.074
-31.511 -4.971 -5.977
-37.583 -4.130 -2.944
-42.974 -0.486 -1.962
-47.027 4.982 -4.019
-49.822 9.902 -7.488
-49.801 13.901 -13.354
-46.564 14.818 -18.711
-45.064 11.381 -24.756
-44.950 5.889 -28.269
-47.817 0.099 -30.509
-52.316 -4.620 -30.554
-58.294 -4.815 -31.185
-63.307 -1.990 -33.588
-66.710 2.064 -35.837
-68.958 8.080 -37.846
-66.813 13.576 -41.571
-62.251 18.107 -43.543
-56.850 18.367 -46.867
-51.692 15.218 -49.845
-50.247 9.420 -53.345
-51.743 4.813 -57.979
-54.070 4.277 -63.557
-55.685 6.564 -69.839
-57.154 11.664 -74.069
-55.619 18.732 -76.252
-52.118 23.824 -75.169
-47.316 27.470 -72.669
-40.969 26.783 -70.069
-35.785 22.808 -68.790
-31.723 17.841 -70.379
-28.472 15.437 -75.810
-27.329 15.218 -82.341
-25.807 18.792 -87.706
-23.821 24.412 -89.939
-21.194 30.237 -90.041
-17.472 35.310 -87.615
-15.769 39.182 -82.113
-12.656 38.111 -76.511
-11.253 33.741 -71.563
-6.518 28.600 -70.622
-2.226 23.993 -73.038
3.346 23.325 -76.598
8.963 26.010 -78.505
13.286 30.921 -77.407
15.708 37.423 -76.382
15.992 41.690 -71.632
15.070 43.342 -65.400
10.952 42.239 -60.245
9.591 37.917 -55.277
10.210 31.438 -53.202
14.938 27.004 -51.457
20.694 26.043 -48.773
25.357 28.225 -44.802
27.504 33.277 -40.824
28.602 39.789 -39.618
26.519 43.872 -35.478
21.850 45.352 -31.396
15.436 45.567 -29.242
9.301 42.940 -29.233
6.441 37.454 -27.268
6.689 30.733 -25.919
9.175 27.333 -20.488
12.808 26.641 -14.767
13.472 29.638 -8.418
11.346 33.440 -3.496
7.976 38.430 -0.962
2.298 41.749 -0.681
-3.620 44.177 -2.985
-8.625 42.687 -7.775
-11.467 36.878 -9.379
-13.728 30.791 -7.483
-13.827 25.724 -2.786
-15.690 23.875 3.059
-20.159 24.849 7.622
-24.591 28.038 11.726
-30.077 32.283 10.504
-33.117 37.654 7.482
-34.887 40.573 1.587
-35.747 39.628 -5.101
-35.645 35.896 -10.341
-37.402 30.001 -13.631
-41.329 24.517 -13.501
-46.993 22.140 -12.015
-53.519 22.521 -11.144
-59.217 26.870 -10.569
-61.347 33.298 -10.369
-60.651 39.137 -13.699
-57.528 42.059 -19.105
-55.831 41.434 -25.941
-52.627 38.094 -30.872
-52.940 32.244 -35.065
-56.770 28.182 -38.027
-62.829 25.445 -39.146
-67.003 28.744 -43.588
-69.704 33.608 -47.118
-69.869 39.655 -49.213
-67.098 44.282 -53.390
-61.384 47.135 -56.135
-54.255 46.543 -55.929
-50.294 42.304 -58.813
-48.996 36.167 -62.731
-51.397 31.852 -67.127
-55.161 30.608 -72.392
-58.645 32.535 -77.722
-61.543 36.841 -81.744
-53.389 50.600 -72.114
-59.683 50.432 -72.822
-64.599 45.697 -71.390
-67.024 40.458 -70.255
-66.703 34.807 -66.945
-63.365 30.334 -62.821
-58.795 28.969 -58.761
-54.036 31.955 -53.838
-50.943 37.180 -51.374
-52.150 42.001 -47.457
-56.423 46.471 -43.752
-61.380 45.896 -39.930
-65.806 43.112 -36.032
-70.173 38.664 -32.984
-69.678 33.581 -28.931
-66.491 28.801 -26.946
-60.935 24.561 -27.066
-54.139 25.605 -26.793
-49.160 30.477 -25.946
-47.816 36.012 -22.241
-50.055 40.119 -16.560
-52.723 40.166 -10.258
-53.510 37.345 -4.541
-50.586 32.685 -0.164
-46.787 27.448 1.424
-41.713 23.879 0.839
-35.752 21.445 -2.604
-31.350 24.487 -6.447
-28.526 30.245 -8.384
-27.062 36.799 -6.516
-25.948 40.892 -1.225
-23.554 42.035 4.442
-19.346 40.695 9.311
-13.757 37.233 10.948
-9.322 32.384 10.133
-5.320 29.234 5.667
-4.441 26.655 -0.615
-3.636 27.702 -6.855
-4.731 31.249 -12.968
-2.329 36.917 -15.031
0.476 42.952 -14.114
6.486 45.582 -12.511
12.831 44.686 -11.524
17.662 41.346 -14.067
20.941 36.309 -17.043
21.299 30.333 -20.577
19.152 27.754 -25.786
13.503 27.226 -30.397
10.483 31.627 -34.799
9.517 37.460 -37.949
11.311 43.189 -40.687
15.621 45.463 -44.720
21.070 45.770 -48.168
24.899 43.234 -52.144
27.337 38.602 -55.915
27.016 32.890 -59.299
23.111 28.341 -62.063
17.422 26.253 -62.903
11.135 26.529 -61.009
6.173 31.105 -61.623
3.500 37.442 -62.926
3.214 41.649 -67.481
2.796 43.052 -74.129
2.607 40.980 -80.197
1.768 36.541 -85.233
-2.163 31.860 -87.021
-5.446 26.078 -86.146
-8.314 21.627 -81.812
-12.626 22.207 -76.964
-16.385 25.544 -72.832
-20.486 31.166 -72.044
-25.004 34.693 -75.299
-29.587 35.016 -80.089
-33.317 32.109 -84.337
-36.661 27.319 -86.982
-39.713 21.445 -86.243
-40.379 15.194 -84.092
-39.938 11.321 -78.779
-39.760 11.319 -72.162
-40.153 14.543 -66.236
-43.873 19.036 -62.740
-49.009 23.590 -62.762
-55.503 24.255 -63.635
-61.035 20.804 -62.612
-65.689 15.677 -61.946
-66.877 10.190 -58.701
-64.777 4.517 -55.363
-59.928 1.792 -51.882
-54.528 2.164 -47.765
-50.966 6.831 -44.424
-51.660 12.654 -40.751
-55.877 16.300 -36.841
-59.953 16.147 -31.949
-62.748 12.991 -26.919
-63.882 7.533 -22.845
-62.725 2.870 -19.632
-58.153 -1.065 -17.399
-52.399 -3.990 -17.482
-46.286 -3.636 -18.933
-41.226 -0.181 -21.554
-38.189 5.018 -20.003
-37.908 11.608 -18.270
-37.342 14.284 -12.032
-37.323 13.731 -4.952
-35.107 11.473 0.625
-32.147 6.918 4.554
-27.871 1.637 5.144
-22.348 -1.250 3.567
-18.386 -4.132 -1.764
-16.069 -1.319 -7.526
-13.732 4.402 -10.135
-11.330 10.641 -9.375
-9.030 15.865 -5.674
-3.898 17.241 -2.146
1.636 16.469 1.968
6.631 12.319 3.104
10.344 7.040 0.797
11.469 1.902 -3.868
10.579 0.327 -10.141
9.849 1.415 -16.595
6.557 5.958 -21.030
7.895 11.927 -24.069
11.738 17.171 -25.111
17.566 20.311 -25.499
24.294 18.660 -27.047
28.436 13.589 -28.645
29.469 7.459 -31.252
26.285 3.001 -35.762
21.936 1.478 -40.377
17.946 2.324 -44.773
12.727 5.936 -48.097
12.773 11.397 -51.601
15.415 17.217 -53.805
19.847 18.306 -59.080
23.149 16.026 -64.126
24.418 11.818 -68.864
22.290 6.620 -72.974
17.590 2.121 -74.981
11.499 -1.176 -73.586
5.105 0.584 -73.380
0.480 5.099 -73.215
-2.207 10.716 -75.515
-2.122 16.078 -79.131
-1.870 18.737 -85.239
2.049 19.045 -90.922
0.450 37.979 26.201
1.268 41.669 31.851
1.142 41.528 38.642
-0.131 39.388 44.191
-0.043 34.852 48.731
0.999 28.896 51.201
5.480 24.012 51.955
9.881 19.752 48.509
15.974 21.135 45.937
21.360 25.290 46.129
24.749 30.096 47.635
26.895 34.905 52.018
26.937 37.558 57.900
29.412 36.027 63.805
29.101 32.059 69.588
31.214 25.687 70.498
36.678 23.718 53.750
32.101 19.459 56.720
27.052 19.026 60.837
21.403 21.778 63.250
17.855 27.309 65.623
15.477 32.673 62.705
14.683 36.782 56.981
15.650 38.185 50.296
15.893 36.154 43.817
14.838 31.315 39.306
10.523 27.018 36.685
5.471 22.178 37.413
-0.941 22.337 39.102
-6.491 26.188 39.662
-10.433 31.412 41.567
-12.713 36.926 39.243
-16.149 -9.865 38.064
-12.847 -11.636 32.703
-10.889 -11.021 25.980
-8.989 -6.897 21.259
-4.130 -2.376 20.981
-4.836 -7.438 16.123
-0.741 -10.718 12.061
5.322 -12.618 9.978
12.151 -13.709 9.138
17.608 -14.740 13.177
20.559 -15.503 19.272
19.503 -18.747 25.119
15.289 -21.129 29.846
10.860 -25.939 31.509
9.010 -31.820 29.593
16.590 -31.221 13.753
10.342 -29.789 14.083
4.614 -27.582 17.120
2.728 -23.338 22.010
4.615 -19.150 27.040
8.611 -13.924 28.455
12.987 -8.963 26.972
13.950 -4.373 22.694
13.865 -1.265 16.898
8.211 1.362 13.494
-3.546 2.722 37.849
-7.406 6.450 33.984
-11.799 6.947 29.134
-16.096 4.163 24.972
-20.145 -0.982 23.525
11.610 6.627 11.578
41.102 9.788 -4.613
35.249 11.563 -2.864
28.284 10.990 -2.875
23.132 6.998 -2.157
21.323 3.211 2.470
17.454 8.978 0.581
12.517 12.039 3.154
8.343 13.921 8.180
5.079 13.870 14.239
7.503 14.740 20.605
12.432 15.458 25.245
18.343 18.635 25.896
24.112 21.099 23.333
27.009 25.735 19.734
25.959 31.734 17.187
8.629 31.896 19.920
11.104 30.896 13.774
15.272 28.072 9.569
20.283 23.441 9.275
24.664 19.369 12.401
24.744 14.284 16.763
22.316 9.032 20.218
17.980 4.420 19.812
12.396 1.220 17.535
9.975 -0.788 12.363
37.506 -2.662 7.533
34.895 -6.354 2.862
31.444 -6.878 -2.746
28.437 -4.023 -7.938
27.927 0.821 -12.155
8.416 -7.337 13.776
41.240 9.722 -5.110
35.396 11.622 -2.918
28.392 11.199 -2.510
23.137 7.138 -2.052
21.638 2.860 2.693
17.899 8.577 0.771
12.562 11.503 3.089
8.740 13.712 8.115
5.431 13.942 14.142
7.634 14.665 20.629
12.462 15.371 25.398
18.189 18.737 26.094
24.207 20.767 23.501
27.191 25.563 19.803
26.477 31.447 16.465
8.823 32.239 19.973
11.220 31.364 13.860
15.322 27.972 9.741
20.685 23.649 9.473
24.810 19.461 12.555
25.129 14.264 16.861
22.558 9.046 20.298
18.236 4.442 19.848
12.691 1.170 18.043
37.478 -2.761 7.398
34.807 -6.418 2.803
31.454 -6.840 -2.810
28.333 -3.971 -7.982
27.634 1.008 -12.249
9.441 -3.077 11.429
8.714 -5.796 11.197
9.045 -7.027 13.649
36.536 -0.110 -5.385
32.053 4.283 -3.485
25.614 6.921 -3.773
19.871 5.110 -0.901
16.351 0.674 2.789
12.693 6.029 -0.113
9.782 10.975 3.336
6.642 13.392 9.000
4.396 14.392 15.267
7.069 14.976 21.743
12.329 15.011 26.132
18.627 16.959 26.458
24.111 20.150 24.307
28.186 23.067 19.888
27.987 28.903 16.491
9.790 29.762 17.648
12.764 28.627 11.728
17.306 25.109 8.380
21.016 19.329 8.868
24.335 14.639 12.665
23.550 10.182 17.609
19.735 6.163 21.345
14.036 2.703 21.184
8.277 1.433 18.477
30.167 -8.831 7.990
26.659 -11.639 3.460
23.160 -11.237 -2.094
21.330 -8.318 -7.557
20.331 -3.553 -12.437
5.033 -2.051 15.082
4.032 -4.650 14.044
4.205 -6.290 16.348
-15.904 -9.362 37.328
-12.927 -11.107 31.806
-11.086 -10.502 24.939
-9.512 -6.599 19.816
-5.030 -3.116 18.539
-5.677 -9.780 16.182
-0.799 -12.919 12.381
4.641 -13.678 9.795
11.617 -13.973 8.935
16.968 -15.012 13.283
20.039 -15.625 19.554
18.620 -18.802 25.350
14.338 -21.621 29.957
9.573 -26.316 31.156
7.879 -32.396 28.844
15.960 -31.197 13.038
9.826 -29.609 13.413
3.847 -27.856 16.518
2.262 -23.500 21.861
3.675 -19.272 26.949
7.730 -14.180 28.571
11.904 -9.134 27.105
13.082 -4.547 23.049
12.713 -1.174 17.172
-4.673 2.639 36.652
-8.572 6.572 32.947
-12.678 7.341 27.847
-17.302 4.552 23.946
-21.378 -0.984 22.795
9.037 2.606 13.002
8.432 5.243 12.278
10.456 6.430 13.545
-15.873 -9.250 36.890
-12.938 -10.999 31.285
-10.850 -10.163 24.524
-9.202 -6.244 19.309
-4.668 -3.075 18.512
-5.586 -9.713 16.099
-1.143 -13.139 12.283
5.035 -13.892 9.725
11.714 -13.979 8.903
17.165 -14.893 13.165
19.949 -15.640 19.350
18.399 -18.693 25.139
14.021 -21.144 29.743
9.631 -26.031 30.977
7.759 -32.074 28.629
15.607 -30.894 12.962
9.444 -29.396 13.320
3.551 -27.526 16.490
2.056 -22.993 21.594
3.594 -18.650 26.500
7.881 -13.767 28.291
12.143 -8.969 26.723
13.338 -4.250 22.383
12.380 -1.603 16.593
-4.121 2.445 36.238
-8.226 6.523 32.873
-12.434 7.426 27.808
-16.786 4.611 23.433
-20.827 -0.820 22.611
9.707 2.442 13.021
8.959 5.009 12.234
10.967 6.362 13.518
-15.587 -21.405 -25.556
-15.618 -21.485 -25.722
-16.299 -15.502 -22.205
-15.567 -15.506 -22.823
-13.080 -11.718 -17.862
-11.295 -9.972 -11.569
-5.268 -8.946 -9.581
0.972 -10.205 -7.366
7.084 -12.362 -9.457
11.638 -11.590 -14.293
13.274 -8.908 -19.796
13.020 -5.301 -25.614
1.331 3.542 -13.420
-1.636 3.831 -19.615
-2.122 -0.359 -24.579
-0.806 -6.141 -26.990
1.018 -12.786 -26.150
5.165 -17.715 -23.573
4.456 -21.186 -18.012
1.499 -23.170 -12.720
1.307 -23.056 -12.636
-3.757 -23.836 -8.854
-3.465 -22.610 -7.924
-9.604 -23.658 -7.217
-9.819 -22.370 -6.730
-15.923 -21.730 -25.465
-15.822 -15.842 -22.649
-16.675 -15.855 -21.923
-13.222 -12.048 -17.799
-11.286 -10.214 -11.531
-5.241 -9.366 -9.529
1.015 -11.822 -7.423
6.853 -13.201 -9.537
6.856 -14.075 -9.798
11.426 -11.810 -14.127
13.149 -8.876 -19.486
12.781 -5.728 -25.559
1.156 3.849 -13.351
-1.680 3.490 -19.436
-2.136 -0.574 -24.451
-0.927 -6.424 -26.928
0.811 -13.005 -26.355
4.916 -18.004 -23.637
4.171 -21.424 -18.424
1.362 -23.288 -12.883
1.709 -23.011 -12.535
-3.292 -22.981 -8.183
-3.579 -23.966 -8.791
-9.556 -23.075 -6.721
-16.096 -21.983 -25.085
-16.199 -16.099 -22.000
-16.304 -16.092 -21.914
-13.506 -12.172 -17.511
-11.443 -10.164 -11.302
-5.514 -9.350 -9.326
0.792 -11.047 -7.149
0.778 -11.129 -7.093
6.570 -13.667 -9.849
6.699 -13.428 -9.388
11.373 -12.113 -13.670
13.109 -9.482 -19.366
12.707 -5.997 -25.186
1.010 3.807 -13.027
-1.885 3.169 -19.196
-2.274 -0.915 -24.156
-0.998 -6.629 -26.942
0.414 -13.291 -26.131
2.044 -12.871 -27.223
4.685 -18.372 -23.620
3.793 -18.426 -23.859
3.558 -21.756 -18.441
1.308 -23.484 -12.113
-3.571 -23.567 -7.729
-9.733 -23.620 -6.593
-68.910 30.192 -39.752
-63.928 29.520 -44.372
-61.014 25.383 -48.740
-58.116 19.587 -50.993
-57.991 19.672 -50.980
-60.529 14.650 -53.864
-60.512 15.502 -55.020
-65.356 11.751 -58.147
-71.075 10.376 -60.068
-76.459 12.824 -63.426
-78.956 18.000 -66.167
-79.468 23.947 -69.060
-59.867 22.266 -70.238
-61.698 27.994 -67.887
-65.760 30.659 -63.663
-71.095 30.170 -60.110
-75.467 27.312 -56.340
-79.058 22.175 -53.802
-78.282 17.450 -50.062
-78.401 15.816 -51.350
-74.564 12.785 -46.989
-68.864 10.082 -44.612
-63.463 11.265 -41.273
202.195 108.983 93.365
197.391 108.268 98.104
194.525 104.001 102.468
191.731 98.201 104.729
194.143 93.940 108.829
199.036 90.488 112.348
204.557 89.357 114.764
210.836 91.663 116.872
212.611 96.849 120.019
212.588 102.782 122.754
193.042 100.187 124.027
193.292 100.775 124.188
194.710 104.476 120.738
195.148 107.106 122.238
197.998 108.236 116.639
198.965 109.023 117.349
204.036 108.564 114.562
203.097 106.922 112.442
208.698 105.845 110.039
212.623 100.712 107.629
212.929 100.967 107.678
212.074 94.657 104.978
211.862 96.168 103.934
208.235 91.269 101.003
202.403 88.736 98.626
196.971 89.972 95.531
203.191 30.701 58.072
198.458 30.159 63.065
195.234 25.773 66.972
192.203 19.886 68.745
194.549 15.552 72.814
194.294 14.960 71.813
199.241 11.756 75.858
204.978 10.107 77.659
203.999 11.159 78.463
209.746 12.524 81.330
208.730 12.571 81.650
211.516 17.721 85.159
212.601 17.780 84.502
213.280 23.783 87.415
193.870 22.805 88.181
195.942 27.785 85.315
200.166 30.596 81.702
199.908 30.673 81.687
204.943 30.310 78.113
209.522 27.027 74.437
213.265 21.749 72.084
213.279 21.770 72.084
212.451 15.803 69.100
212.467 16.459 68.952
208.640 13.461 64.445
202.899 10.617 62.177
197.569 12.400 58.799
-202.529 -68.603 128.640
-197.703 -68.058 133.416
-194.603 -63.939 137.698
-191.742 -58.140 140.041
-194.214 -53.265 143.080
-198.589 -49.115 146.225
-204.689 -49.206 149.275
-210.793 -51.645 151.121
-212.437 -56.085 154.804
-212.952 -62.061 158.027
-193.666 -60.189 158.767
-193.724 -60.777 159.123
-195.392 -66.734 157.197
-195.518 -65.102 155.306
-198.979 -68.763 152.560
-199.776 -69.389 152.790
-203.919 -68.431 148.172
-204.785 -68.962 149.206
-209.296 -65.766 145.150
-212.701 -60.590 142.734
-211.825 -55.443 138.947
-208.048 -50.814 135.920
-202.157 -48.456 133.690
-196.702 -49.923 130.321
8.560 -69.371 -21.487
9.736 -64.670 -26.065
14.184 -61.896 -30.199
20.129 -59.277 -32.425
24.431 -61.895 -36.212
27.919 -66.741 -39.455
29.350 -73.289 -41.688
26.509 -78.290 -44.933
21.800 -80.040 -48.674
15.572 -80.775 -51.483
19.611 -61.426 -51.848
14.329 -62.784 -49.101
9.747 -66.385 -45.993
9.729 -66.319 -45.999
9.085 -72.087 -42.675
9.407 -71.664 -41.900
12.027 -76.334 -38.304
16.772 -80.515 -35.951
22.264 -79.621 -32.511
26.138 -76.193 -28.901
29.058 -70.790 -26.121
27.703 -66.115 -21.980
40.779 16.515 -5.000
34.662 18.486 -3.041
27.703 17.632 -2.635
22.417 13.716 -2.111
20.492 10.412 2.640
17.458 16.437 0.258
12.439 19.947 2.981
8.579 21.498 8.260
5.466 21.202 14.358
7.700 21.816 20.802
12.692 22.501 25.425
18.549 25.681 26.095
24.476 27.757 23.221
27.185 32.752 19.633
26.241 38.845 17.016
8.728 38.848 20.050
10.802 38.053 13.776
15.275 35.170 9.588
20.338 30.383 9.360
24.748 26.339 12.461
25.117 21.291 16.780
22.474 16.191 20.269
18.055 11.580 19.799
12.774 8.549 17.784
37.121 4.295 7.267
34.532 0.468 2.737
31.078 -0.158 -2.794
27.847 2.516 -7.979
27.193 7.599 -12.122
40.641 16.429 -4.175
34.484 18.304 -2.568
27.427 17.623 -2.294
22.114 13.615 -2.058
20.168 9.544 2.452
17.453 15.771 0.458
12.601 19.459 3.173
8.356 21.002 7.899
5.233 21.208 13.959
7.494 22.028 20.389
12.482 22.624 25.171
18.439 25.797 25.867
24.261 28.077 23.338
27.066 32.827 19.573
25.815 38.988 17.533
8.280 37.885 19.583
10.575 36.600 13.642
15.471 34.875 9.223
20.582 30.192 9.288
24.945 26.024 12.306
25.152 21.033 16.725
22.282 16.058 20.163
17.818 11.569 19.765
12.613 8.352 17.691
36.680 4.081 7.314
33.960 0.302 2.781
30.634 -0.301 -2.804
27.626 2.676 -8.069
27.601 7.757 -12.425
36.678 8.339 -5.467
31.725 12.112 -3.919
24.958 14.001 -4.093
19.456 12.041 -1.413
16.187 7.721 2.386
12.454 13.049 -0.320
9.709 18.046 3.366
6.868 20.359 8.978
4.356 21.649 15.092
7.119 22.201 21.517
12.314 22.179 25.932
18.542 24.395 26.590
23.954 27.492 24.567
28.087 30.534 19.963
28.123 36.054 16.350
9.976 37.227 17.404
12.514 35.182 11.903
17.172 32.079 8.484
21.317 26.756 9.034
24.465 21.942 12.502
23.417 17.205 17.266
19.897 13.433 21.321
14.398 9.997 21.217
8.447 8.422 18.469
30.082 -1.724 7.897
26.525 -4.481 3.467
23.071 -4.158 -2.093
21.090 -1.357 -7.658
20.456 3.458 -12.432
5.067 5.313 14.768
3.928 2.736 13.795
4.202 1.291 16.279
39.202 17.752 -7.183
34.293 19.588 -4.109
27.385 19.013 -2.187
22.324 15.021 -0.992
21.190 11.494 3.930
18.423 17.893 2.409
14.102 21.392 6.317
10.991 22.701 11.916
9.621 22.675 18.542
13.322 23.372 24.279
19.077 23.915 27.732
25.156 26.820 27.331
30.119 29.840 23.701
32.603 33.189 18.696
31.889 39.261 16.398
14.802 40.276 22.836
15.523 39.090 16.730
18.836 36.409 11.570
23.620 31.458 10.237
28.293 27.151 12.272
29.330 22.066 16.554
27.469 17.247 20.606
22.960 12.802 21.240
17.109 9.766 20.169
38.722 5.665 5.100
35.432 1.872 1.105
30.657 1.236 -3.521
26.574 3.724 -7.891
24.088 8.975 -11.753
12.618 5.567 14.975
11.651 2.800 14.627
12.758 1.592 16.974
-17.398 19.913 -77.810
-21.416 21.077 -73.625
-23.280 25.356 -68.499
-22.295 27.700 -61.723
-18.659 31.498 -58.653
-11.664 32.431 -57.193
-6.042 35.045 -59.593
-1.688 36.846 -64.915
-2.054 39.420 -71.154
-5.068 43.716 -75.351
-8.083 49.435 -76.473
-10.861 55.598 -74.306
-11.363 59.875 -69.199
-9.602 62.322 -63.355
-5.523 62.766 -57.509
0.373 61.591 -55.172
6.877 60.142 -55.107
11.866 58.284 -59.369
14.948 59.581 -65.463
16.661 64.637 -69.516
18.053 71.370 -70.323
18.650 77.671 -67.700
21.094 81.327 -62.760
24.546 82.646 -56.894
29.114 80.131 -53.438
32.329 74.794 -50.410
36.100 69.444 -51.946
38.425 65.494 -56.981
41.167 65.743 -63.364
44.691 69.488 -67.659
50.053 73.549 -68.610
56.168 74.390 -66.257
61.653 73.528 -62.199
64.701 71.746 -56.091
65.834 66.671 -52.571
63.736 60.768 -49.416
61.569 55.180 -51.138
57.775 51.152 -55.523
58.705 49.095 -62.015
63.113 47.866 -67.213
68.116 45.191 -68.430
74.833 43.411 -67.745
78.432 40.461 -63.019
79.034 36.046 -58.018
77.358 31.964 -52.579
72.912 27.702 -50.753
66.017 26.469 -50.245
61.578 23.855 -54.380
59.470 21.538 -60.506
60.857 17.603 -65.657
64.432 12.098 -68.000
68.592 7.318 -66.636
66.820 1.449 -65.048
67.588 -3.554 -60.030
64.832 -5.812 -54.778
60.440 -6.001 -49.213
54.932 -4.056 -47.639
49.986 0.738 -48.116
45.750 2.561 -52.945
43.206 1.845 -59.432
41.355 -3.000 -63.434
38.194 -8.807 -64.225
34.830 -13.829 -61.937
31.468 -17.885 -57.514
27.771 -17.839 -51.820
24.663 -14.490 -47.113
22.602 -9.186 -43.543
22.508 -2.158 -43.992
20.464 2.354 -48.458
17.946 4.542 -54.721
12.351 3.730 -57.707
6.012 0.812 -58.819
0.819 -1.824 -55.601
-3.292 -1.733 -50.984
-6.149 -0.785 -44.688
-6.354 3.190 -39.344
-3.997 8.828 -35.793
-1.267 14.434 -36.788
1.326 19.288 -40.084
-0.396 23.611 -45.914
-4.436 25.150 -50.724
-10.883 27.420 -51.942
-16.186 30.402 -49.737
-20.329 33.243 -44.897
-20.381 35.034 -38.304
-16.645 37.089 -32.890
-10.572 39.515 -30.405
-4.842 42.485 -31.554
-0.131 45.530 -35.311
1.620 47.348 -41.703
-0.069 52.438 -45.521
-2.468 58.407 -46.413
-3.646 64.805 -44.210
-1.386 68.709 -40.814
-0.514 71.685 -34.643
3.611 71.291 -29.590
8.625 69.306 -25.281
14.437 66.711 -25.361
18.239 61.255 -27.384
22.445 61.041 -32.346
23.795 62.426 -39.093
26.718 67.893 -42.240
29.538 73.969 -41.794
32.111 79.087 -38.552
36.356 81.624 -33.657
41.015 80.069 -29.561
44.269 76.231 -24.558
46.428 70.529 -23.311
46.430 63.564 -24.674
48.472 59.562 -29.620
51.758 58.353 -35.493
55.401 61.024 -40.970
61.534 63.284 -41.264
67.637 63.100 -39.514
73.193 61.563 -35.634
75.222 58.279 -30.194
74.509 53.224 -25.414
71.880 47.802 -23.877
66.629 43.443 -24.133
61.896 41.078 -28.737
62.397 37.392 -34.398
65.888 34.373 -39.418
72.033 31.658 -41.687
76.618 27.573 -39.325
79.024 23.398 -34.449
78.044 19.230 -29.505
74.233 15.644 -24.709
68.388 14.087 -22.398
61.450 14.400 -22.811
56.169 13.880 -27.448
55.372 10.620 -33.346
57.931 6.183 -38.275
59.605 0.138 -38.248
59.662 -6.158 -36.282
59.567 -10.715 -30.777
55.671 -12.628 -26.756
50.406 -12.346 -22.820
44.681 -8.723 -20.482
39.281 -6.018 -22.025
34.562 -3.293 -26.619
31.647 -4.948 -32.239
30.117 -8.950 -37.770
27.876 -14.831 -39.707
28.218 -21.931 -40.475
19.192 -16.505 -24.548
25.103 -19.943 -22.964
31.486 -20.375 -23.550
37.068 -22.260 -27.491
40.281 -20.704 -33.558
41.111 -16.034 -38.886
41.915 -9.285 -39.860
42.325 -3.121 -36.785
41.883 0.924 -31.265
44.122 1.765 -24.703
49.266 0.084 -21.007
55.497 -1.708 -19.426
62.049 -1.893 -21.180
67.213 -2.784 -25.928
70.042 0.923 -29.755
70.427 5.035 -35.490
67.755 10.251 -38.768
64.112 16.070 -38.800
60.407 20.298 -34.698
60.237 22.541 -28.111
64.410 25.478 -24.008
70.485 28.389 -22.353
76.694 30.795 -24.166
79.876 34.689 -28.052
80.731 38.750 -33.896
76.934 41.710 -38.263
71.748 45.334 -40.491
65.325 46.824 -39.729
60.504 47.270 -34.751
59.730 49.697 -28.331
62.178 53.855 -23.497
64.433 59.939 -21.975
64.239 66.604 -23.724
61.878 70.949 -27.169
59.277 74.377 -32.605
54.297 74.768 -37.040
49.636 71.357 -40.848
44.733 67.408 -40.031
41.285 62.483 -36.292
38.590 62.544 -30.045
36.574 65.856 -24.388
32.257 70.304 -22.795
28.634 76.245 -23.712
25.111 79.381 -28.261
20.851 79.118 -33.431
18.362 76.887 -39.610
15.270 71.852 -41.546
15.794 64.996 -42.992
14.390 59.335 -39.424
12.328 56.343 -33.576
8.048 56.853 -28.642
1.799 57.853 -26.425
-4.298 58.571 -27.049
-9.988 58.944 -29.465
-13.862 57.490 -35.039
-15.292 55.059 -40.322
-12.901 51.435 -45.592
-10.978 45.856 -48.219
-5.031 42.517 -47.767
-1.689 39.045 -42.676
-2.406 35.995 -36.407
-6.398 32.260 -32.500
-11.265 27.733 -31.908
-15.550 23.489 -34.780
-17.515 19.207 -39.495
-17.043 16.316 -45.971
-13.027 14.477 -50.187
-7.391 14.744 -53.794
-0.348 15.489 -53.000
4.603 14.411 -48.343
7.034 12.182 -42.022
7.605 6.333 -39.424
6.542 -0.554 -38.381
5.837 -6.339 -41.690
6.464 -10.004 -47.216
9.007 -11.654 -53.197
12.399 -10.403 -59.138
17.719 -7.087 -61.049
22.582 -2.503 -60.732
26.655 0.888 -56.605
30.702 -0.032 -51.048
32.979 -3.838 -45.841
36.611 -9.417 -44.625
41.188 -13.706 -47.032
44.927 -16.357 -52.255
47.384 -15.778 -58.751
48.897 -11.181 -63.790
49.797 -4.896 -65.387
50.769 1.805 -64.329
52.273 6.288 -59.861
53.129 8.022 -53.324
58.554 7.575 -49.258
64.551 6.932 -48.303
70.603 7.382 -50.356
74.787 9.871 -53.730
76.887 13.589 -58.361
76.795 17.063 -64.426
73.419 21.815 -67.655
69.218 26.585 -67.694
63.038 28.766 -65.700
61.453 32.641 -60.557
61.921 33.918 -53.784
66.205 37.686 -50.371
71.632 41.755 -49.829
75.625 46.365 -51.995
77.599 51.125 -56.694
75.900 54.965 -61.910
71.038 57.331 -66.370
64.956 58.613 -67.641
58.174 57.267 -66.439
53.339 57.113 -61.772
50.794 59.948 -56.050
51.979 63.969 -50.273
52.039 69.826 -49.255
51.708 76.609 -50.564
49.597 80.764 -55.112
45.747 82.776 -60.467
40.638 81.325 -63.927
35.631 77.712 -67.157
33.147 71.296 -67.335
31.810 65.781 -63.369
27.785 64.880 -57.892
23.948 67.012 -52.476
19.171 71.637 -50.280
14.141 74.781 -53.109
9.471 76.666 -57.906
5.985 75.275 -63.289
4.153 71.595 -69.140
5.027 65.581 -71.535
6.064 58.650 -71.391
7.454 53.417 -66.896
4.237 51.048 -61.753
-0.851 51.053 -56.922
-7.189 52.659 -56.719
-12.902 51.388 -59.131
-17.553 48.598 -63.481
-19.221 45.535 -69.503
-16.307 40.996 -73.728
-10.985 37.151 -76.175
-7.690 32.420 -74.108
-3.893 29.427 -69.831
-4.586 24.553 -64.109
-8.380 22.092 -59.476
-13.675 17.920 -58.047
-19.174 14.429 -60.368
31.408 5.853 55.582
36.383 8.696 59.017
41.890 9.145 61.919
48.001 9.204 60.560
53.360 9.681 57.080
56.664 10.991 51.311
55.362 14.652 45.853
51.403 19.024 42.947
47.002 24.008 43.002
45.099 29.564 46.458
43.984 33.343 52.268
46.517 35.872 57.701
51.789 38.390 60.666
62.820 31.592 48.941
61.616 27.632 54.328
58.249 26.061 60.310
51.946 25.541 61.935
45.875 24.260 60.073
40.335 23.307 56.063
39.021 20.236 50.101
40.785 16.241 44.953
44.262 11.456 42.278
46.500 5.310 43.004
47.729 0.130 47.680
48.776 -2.363 53.829
45.234 -3.934 59.408
41.717 -17.429 87.577
41.400 -12.467 82.813
37.539 -8.918 78.432
34.261 -3.239 80.124
29.739 0.608 82.853
28.029 4.182 87.961
30.675 6.503 93.845
35.968 7.239 97.683
42.663 8.017 98.509
48.350 10.498 95.721
52.593 12.129 90.361
53.324 15.079 84.572
51.999 20.617 81.382
37.648 24.504 91.662
36.637 20.614 86.445
38.172 17.120 80.618
42.414 12.041 79.372
45.800 7.095 81.677
48.877 2.889 86.215
47.207 -0.148 92.098
42.507 -1.626 96.793
36.390 -2.687 98.711
30.234 -4.707 97.245
26.191 -6.999 92.759
24.555 -8.948 86.584
20.872 -36.603 -19.128
18.841 -33.076 -24.773
22.170 -28.814 -26.222
24.142 -22.181 -23.949
24.333 -18.773 -19.881
22.867 -14.456 -15.528
18.892 -8.224 -14.873
14.398 -4.511 -13.005
7.138 -4.097 -13.805
33.222 -33.126 -65.171
31.982 -36.173 -58.841
33.884 -36.297 -52.574
36.244 -34.152 -47.523
38.742 -29.039 -43.549
41.962 -22.458 -43.531
38.792 -17.417 -42.471
33.812 -12.306 -43.716
26.318 -11.408 -41.892
20.142 -14.426 -39.434
2.235 -13.893 -18.519
5.010 -8.801 -22.520
9.458 -6.795 -25.624
15.196 -4.715 -25.542
21.232 -3.974 -24.052
26.723 -7.956 -25.048
28.864 -14.810 -24.110
31.201 -17.921 -27.926
29.654 -24.214 -31.023
25.967 -26.118 -37.194
22.876 -24.912 -44.000
24.031 -21.982 -49.806
29.099 -18.092 -53.272
35.460 -17.071 -54.944
41.801 -19.919 -54.730
45.860 -24.694 -53.076
46.877 -30.020 -55.249
42.693 -8.041 73.122
46.828 -8.927 67.394
47.511 -12.842 62.416
47.219 -18.553 59.155
43.187 -22.675 56.689
37.486 -25.769 56.806
30.806 -26.283 58.026
24.772 -22.645 58.037
21.212 -16.888 57.690
22.669 0.485 13.719
25.718 3.033 20.263
23.841 5.131 26.622
19.614 3.969 32.006
14.457 0.866 35.233
11.020 -5.439 35.866
12.763 -11.112 37.480
16.053 -17.019 36.506
22.095 -19.537 36.877
28.651 -17.943 38.131
32.238 -16.164 43.017
34.839 -11.891 47.149
34.159 -9.191 52.410
31.284 -7.915 58.300
28.526 -11.573 63.416
29.285 -16.989 67.117
31.591 -22.687 69.068
37.619 -25.665 70.260
44.412 -26.589 69.227
49.591 -22.812 70.892
20.530 -10.317 51.010
22.993 -4.936 48.488
27.000 -3.400 43.458
29.753 -5.210 37.200
29.005 -8.672 31.714
24.536 -11.963 27.277
18.329 -12.505 25.075
11.879 -9.972 24.418
7.516 -4.304 26.105
6.806 1.808 23.744
120.536 43.877 -43.202
120.315 41.279 -48.047
122.923 42.262 -54.996
126.461 46.340 -58.992
129.983 50.800 -60.279
135.013 54.928 -58.326
139.121 57.220 -53.899
142.924 56.678 -48.781
146.488 52.889 -44.989
149.828 47.597 -44.676
90.673 49.125 -33.628
91.194 50.248 -40.135
93.788 53.918 -45.019
97.130 59.063 -47.494
102.931 62.615 -47.231
108.812 62.773 -44.877
113.719 61.096 -40.018
116.380 55.407 -37.617
117.772 49.009 -38.831
144.444 42.858 -59.832
142.106 38.698 -55.079
139.508 39.411 -49.032
137.110 43.494 -43.771
135.239 49.244 -41.366
131.358 54.442 -43.319
128.869 59.119 -47.268
124.643 59.406 -52.964
120.102 57.904 -55.315
114.675 53.599 -56.848
110.651 48.549 -54.768
108.072 45.632 -49.920
107.528 44.849 -43.493
107.465 47.101 -37.411
107.110 52.218 -32.905
105.637 58.431 -31.531
101.848 63.809 -33.104
97.194 67.127 -37.076
91.221 65.979 -38.809
62.964 4.735 45.660
68.228 5.203 50.059
69.618 4.724 56.370
68.596 3.171 62.365
64.761 1.378 67.631
59.521 -2.845 68.918
55.305 -7.463 67.369
54.134 -13.312 64.314
56.596 -18.891 61.854
61.783 -22.881 60.415
67.652 -25.648 62.341
73.012 -26.340 65.546
71.198 -32.834 64.035
56.669 -17.785 96.134
61.548 -19.130 94.364
66.542 -16.330 94.316
69.790 -10.773 93.450
72.665 -6.007 89.668
70.792 0.068 87.835
66.748 4.982 86.240
60.551 8.033 87.680
66.514 2.812 105.746
60.908 -0.500 105.541
55.956 -1.985 101.698
53.235 -2.418 95.648
53.051 -1.100 88.907
55.795 -1.804 83.111
59.848 -4.988 79.408
63.683 -9.890 77.940
65.060 -15.551 77.672
71.153 -14.045 75.739
73.723 -13.247 69.846
74.132 -13.839 63.466
71.072 -13.428 58.013
66.010 -12.957 53.857
59.579 -10.394 53.353
54.534 -6.984 55.550
51.845 -1.919 59.006
52.688 4.438 60.472
81.650 -93.191 61.049
81.454 -93.028 54.197
77.148 -92.464 49.355
71.583 -91.327 46.770
64.885 -90.414 46.757
60.159 -87.319 50.650
58.194 -83.544 55.461
59.065 -77.968 58.987
61.557 -71.785 59.178
65.133 -66.807 56.563
66.601 -62.999 51.210
67.278 -61.611 45.045
66.445 -55.505 48.236
35.095 -74.913 37.141
39.131 -72.370 34.805
42.686 -73.772 30.626
46.504 -78.285 27.798
52.231 -81.818 27.212
53.839 -88.023 28.723
53.746 -93.779 32.054
49.449 -98.386 35.242
38.189 -91.978 20.055
34.358 -89.931 24.967
33.890 -89.780 31.423
36.724 -90.040 37.442
41.852 -91.400 41.698
47.887 -89.954 43.545
52.800 -85.897 43.426
55.570 -80.207 42.436
55.105 -74.095 42.496
60.261 -74.252 38.762
66.552 -74.273 40.226
71.749 -73.383 43.937
74.272 -74.148 49.599
74.565 -75.378 56.071
71.579 -79.177 61.076
67.295 -83.535 63.221
63.756 -89.181 62.563
63.921 -95.234 60.123
28.971 -20.056 16.791
25.138 -19.930 10.899
31.825 -20.106 12.066
37.064 -16.919 9.911
40.222 -12.885 6.875
40.570 -7.244 3.987
39.325 -1.265 2.016
35.776 3.623 4.409
32.490 6.582 8.528
30.004 8.183 14.013
30.214 8.051 20.711
88.323 -98.419 42.669
82.799 -99.224 38.532
76.407 -97.562 39.020
70.930 -95.764 41.706
68.672 -91.303 46.147
69.015 -86.544 50.736
71.648 -80.800 52.547
74.848 -75.283 51.236
78.619 -71.293 47.275
78.532 -67.853 41.373
78.000 -67.186 35.510
78.942 -60.932 37.385
60.969 -89.681 41.852
64.572 -86.515 37.820
65.911 -81.933 35.117
65.742 -76.021 34.697
71.906 -79.454 32.957
78.394 -79.778 33.910
82.960 -80.829 38.355
84.443 -81.761 44.997
83.911 -83.015 50.968
79.839 -87.493 54.870
75.730 -92.299 55.558
74.273 -98.434 54.411
43.482 -76.729 36.286
49.314 -77.121 40.658
48.110 -76.009 34.014
49.055 -77.695 29.439
52.876 -81.645 25.333
57.194 -86.069 24.477
59.041 -92.548 26.173
57.783 -98.791 28.972
53.692 -102.473 32.793
47.727 -104.595 35.379
41.191 -105.142 33.944
24.634 -7.331 -1.369
28.691 -10.192 -3.440
32.165 -14.625 -4.770
33.832 -20.093 -5.285
37.218 -17.894 -11.276
37.334 -17.222 -17.534
32.992 -16.436 -23.039
27.399 -15.720 -25.749
21.452 -13.868 -25.880
16.978 -9.902 -22.806
15.713 -4.720 -18.861
18.113 0.881 -15.828
30.485 0.922 -29.762
33.933 1.152 -24.133
32.574 -0.155 -17.715
29.107 -1.665 -12.519
24.264 -5.836 -10.721
19.937 -10.417 -10.867
18.210 -16.210 -13.484
19.684 -21.804 -16.440
23.987 -25.971 -19.559
29.740 -29.351 -19.123
35.670 -29.774 -17.466
33.680 -36.421 -17.497
47.464 0.213 17.807
43.982 -2.700 20.824
38.334 -4.689 22.862
31.836 -5.067 22.185
27.245 -5.101 17.563
24.089 -2.900 11.679
23.987 -2.869 5.250
45.356 -98.119 15.852
42.243 -94.228 20.435
38.915 -92.265 25.394
39.114 -91.611 31.788
43.297 -91.777 37.117
49.082 -94.072 40.693
55.227 -93.928 41.334
-9.699 37.730 -25.186
-10.771 32.174 -24.018
-10.849 25.848 -21.174
-8.521 21.486 -17.038
-7.386 20.453 -10.842
-5.619 21.797 -4.321
-6.081 27.296 -0.312
-7.216 33.011 2.198
-11.292 38.146 2.959
-17.529 40.172 3.158
19.999 10.434 -3.088
14.315 14.299 -3.883
12.808 20.429 -6.488
14.483 26.489 -9.777
17.635 28.215 -14.996
20.737 28.398 -20.601
21.865 24.987 -26.266
20.910 19.852 -30.382
17.161 15.216 -33.551
-23.720 24.180 -3.303
-23.723 29.667 -7.142
-21.069 35.449 -9.248
-15.507 38.915 -10.066
-8.678 39.194 -9.698
-2.446 37.438 -7.101
33.781 -12.678 -25.161
33.352 -18.142 -23.561
33.887 -24.260 -20.194
36.666 -27.947 -15.660
37.907 -28.348 -9.476
39.618 -26.279 -3.127
38.640 -20.556 0.449
36.945 -14.862 2.520
32.357 -10.112 3.003
25.990 -8.740 3.115
64.130 -39.036 -2.778
58.218 -35.459 -3.682
56.521 -29.401 -6.345
58.028 -23.302 -9.656
61.158 -21.506 -14.834
64.276 -21.271 -20.406
65.619 -24.636 -26.060
64.918 -29.890 -30.107
61.362 -34.737 -33.171
21.116 -25.197 -2.569
20.750 -19.943 -6.678
23.175 -14.148 -9.055
28.574 -10.454 -10.036
35.320 -9.655 -9.821
41.665 -10.893 -7.198
3.360 33.566 -9.607
4.601 27.929 -12.725
4.366 24.346 -17.833
3.853 24.622 -24.303
3.883 18.245 -22.152
6.223 12.369 -22.181
12.276 10.173 -21.342
18.712 10.188 -21.211
24.749 12.631 -20.547
28.060 17.872 -18.131
28.214 23.510 -13.945
25.627 27.561 -9.130
47.815 -14.574 -9.698
49.204 -20.356 -12.348
49.085 -24.322 -17.204
47.886 -24.900 -23.927
47.768 -31.421 -21.884
50.189 -37.297 -21.856
56.294 -39.407 -21.030
62.726 -39.293 -20.918
68.765 -36.774 -20.251
71.978 -31.490 -17.839
72.045 -25.802 -13.739
69.426 -21.740 -8.957
-34.600 16.230 20.505
-40.476 17.558 21.184
-36.464 12.522 22.968
-35.842 6.459 20.845
-37.711 1.319 17.057
-41.842 -1.269 12.166
-44.492 -1.384 6.537
-44.878 0.867 0.515
-43.655 5.394 -4.497
-41.096 11.167 -6.881
-35.216 14.447 -7.827
-29.042 15.571 -6.914
-22.573 13.984 -4.530
-18.115 9.069 -5.795
-16.590 3.123 -8.370
-16.917 -0.333 -13.649
-18.904 -2.670 -19.524
-19.762 -0.329 -25.770
-19.852 4.623 -30.056
-17.498 9.821 -33.054
14.363 -2.886 -18.192
8.534 -4.591 -19.429
12.946 0.947 -20.336
13.102 6.707 -17.227
10.633 11.316 -13.174
6.139 13.014 -8.179
3.459 12.462 -2.661
3.142 9.757 3.131
4.794 4.999 7.864
7.891 -0.626 9.861
13.989 -3.466 10.671
20.341 -3.721 10.307
26.644 -2.174 8.560
30.560 2.443 10.206
31.829 8.743 12.067
30.741 12.782 16.824
29.366 15.050 22.416
28.768 13.523 28.860
28.869 9.053 33.734
31.351 4.214 37.162
-4.295 5.731 -11.176
-3.848 8.202 -16.585
-2.915 8.055 -21.920
-6.613 13.233 -19.470
-11.724 17.279 -19.835
-18.223 16.906 -20.926
-23.916 14.464 -22.777
-28.304 9.825 -22.952
-30.501 4.270 -20.124
-29.980 -0.362 -15.506
-28.216 -2.586 -9.185
44.628 6.025 14.240
45.364 4.443 20.433
45.571 5.006 25.783
41.892 -0.400 23.823
36.849 -4.461 24.378
30.365 -4.186 25.477
24.608 -1.697 26.969
20.144 2.815 26.655
17.917 8.088 23.423
18.360 12.361 18.443
20.622 14.279 12.083
-28.361 -1.829 -0.982
-25.573 3.045 2.660
-27.776 8.626 4.826
-30.698 14.677 4.655
-37.081 16.668 5.395
-43.934 16.854 4.363
-49.239 13.175 5.429
20.551 13.384 5.233
22.942 8.519 0.847
20.828 3.056 -1.641
18.113 -3.080 -1.919
11.764 -5.221 -2.849
4.982 -5.762 -1.813
-0.436 -2.109 -2.488
-44.462 20.527 23.133
-40.832 17.809 23.407
-36.474 12.118 23.283
-36.418 6.495 20.492
-38.191 1.368 16.879
-41.906 -1.246 12.139
-44.449 -1.311 6.312
-44.697 0.826 0.601
-43.620 5.422 -4.413
-41.133 11.162 -6.655
-35.285 14.010 -7.803
-29.038 15.104 -6.952
-22.631 13.981 -4.543
-18.456 8.816 -5.292
-16.936 2.615 -7.801
-16.982 -0.549 -13.405
-18.893 -2.739 -19.208
-19.880 -0.513 -25.397
-19.962 4.434 -29.737
-17.906 9.654 -32.662
-4.449 5.109 -10.598
-4.198 7.914 -16.171
-3.475 7.641 -21.826
-6.808 13.038 -19.115
-11.988 16.947 -19.462
-18.672 16.760 -20.489
-24.348 14.309 -22.167
-28.662 9.450 -22.684
-30.692 3.696 -19.773
-30.181 -0.810 -15.028
-28.484 -2.846 -8.957
5.306 -7.204 -20.902
8.801 -4.244 -20.944
12.672 1.724 -20.162
12.340 7.069 -16.980
10.181 11.693 -12.854
6.187 13.538 -8.007
3.557 12.944 -2.245
3.382 10.344 3.245
4.765 5.400 7.862
7.638 -0.311 9.696
13.683 -2.875 10.617
19.894 -3.403 10.536
26.412 -2.026 8.095
30.315 3.032 10.033
31.743 8.963 11.961
30.728 12.906 17.120
28.847 15.293 22.596
28.517 13.475 28.946
28.862 8.845 33.653
31.336 3.994 36.799
44.496 6.521 13.922
44.831 4.963 20.104
45.256 5.713 25.646
42.136 0.046 23.280
37.106 -4.031 23.788
30.443 -4.068 24.873
24.641 -1.908 26.546
20.089 2.762 26.681
17.855 8.284 23.565
18.093 12.567 18.613
20.073 14.464 12.464
-29.159 -1.770 -0.694
-25.990 2.849 2.928
-28.153 8.587 5.171
-30.991 14.690 4.836
-37.060 16.665 5.525
-43.899 16.862 4.332
-49.149 13.782 5.695
19.350 13.079 5.777
22.488 8.993 0.667
20.486 3.405 -1.929
17.779 -2.769 -2.110
11.753 -4.872 -2.959
4.915 -5.323 -1.806
-0.426 -2.227 -2.839
