8.909 -3.245 -38.919
6.926 2.950 -37.821
2.788 7.493 -34.952
-2.290 8.953 -30.680
-7.091 7.053 -25.983
-9.994 1.952 -22.352
-9.631 -3.560 -18.311
-6.105 -6.997 -13.573
-1.359 -7.201 -8.644
-0.257 10.958 -9.292
5.128 7.134 -10.927
7.524 1.735 -14.231
6.586 -3.728 -18.250
2.064 -7.699 -22.060
-4.154 -8.060 -24.921
-8.945 -5.091 -28.837
-10.322 -0.814 -33.859
-8.513 1.990 -39.745
2.219 0.481 -89.875
7.421 3.767 -91.292
10.833 9.333 -89.082
11.904 15.824 -85.895
10.419 18.626 -80.334
8.343 18.410 -73.679
5.975 14.882 -68.840
4.983 9.658 -65.597
6.936 3.665 -63.968
11.490 0.456 -61.922
17.238 -1.636 -60.132
23.226 -0.192 -58.640
27.350 3.666 -55.482
29.851 9.323 -52.135
28.488 14.827 -48.498
24.067 18.248 -45.556
17.155 18.551 -43.795
13.113 13.697 -40.935
12.357 7.168 -38.135
15.337 2.816 -34.264
20.396 1.420 -29.625
24.373 3.558 -24.732
25.671 7.529 -19.934
23.222 11.531 -14.553
18.712 16.345 -12.685
12.498 17.942 -12.254
6.015 16.988 -15.022
2.005 11.504 -15.567
0.725 4.745 -14.052
1.651 0.199 -9.272
1.816 -1.123 -2.710
-0.608 0.332 2.977
-4.249 3.941 7.236
-9.068 9.008 7.839
-12.996 13.868 5.241
-17.330 15.176 0.197
-20.277 13.427 -5.606
-22.109 9.603 -10.132
-23.744 3.366 -11.699
-27.655 -1.702 -10.074
-31.511 -4.971 -5.977
-37.583 -4.130 -2.944
-42.974 -0.486 -1.962
-47.027 4.982 -4.019
-49.822 9.902 -7.488
-49.801 13.901 -13.354
-46.564 14.818 -18.711
-45.064 11.381 -24.756
-44.950 5.889 -28.269
-47.817 0.099 -30.509
-52.316 -4.620 -30.554
-58.294 -4.815 -31.185
-63.307 -1.990 -33.588
-66.710 2.064 -35.837
-68.958 8.080 -37.846
-66.813 13.576 -41.571
-62.251 18.107 -43.543
-56.850 18.367 -46.867
-51.692 15.218 -49.845
-50.247 9.420 -53.345
-51.743 4.813 -57.979
-54.070 4.277 -63.557
-55.685 6.564 -69.839
-57.154 11.664 -74.069
-55.619 18.732 -76.252
-52.118 23.824 -75.169
-47.316 27.470 -72.669
-40.969 26.783 -70.069
-35.785 22.808 -68.790
-31.723 17.841 -70.379
-28.472 15.437 -75.810
-27.329 15.218 -82.341
-25.807 18.792 -87.706
-23.821 24.412 -89.939
-21.194 30.237 -90.041
-17.472 35.310 -87.615
-15.769 39.182 -82.113
-12.656 38.111 -76.511
-11.253 33.741 -71.563
-6.518 28.600 -70.622
-2.226 23.993 -73.038
3.346 23.325 -76.598
8.963 26.010 -78.505
13.286 30.921 -77.407
15.708 37.423 -76.382
15.992 41.690 -71.632
15.070 43.342 -65.400
10.952 42.239 -60.245
9.591 37.917 -55.277
10.210 31.438 -53.202
14.938 27.004 -51.457
20.694 26.043 -48.773
25.357 28.225 -44.802
27.504 33.277 -40.824
28.602 39.789 -39.618
26.519 43.872 -35.478
21.850 45.352 -31.396
15.436 45.567 -29.242
9.301 42.940 -29.233
6.441 37.454 -27.268
6.689 30.733 -25.919
9.175 27.333 -20.488
12.808 26.641 -14.767
13.472 29.638 -8.418
11.346 33.440 -3.496
7.976 38.430 -0.962
2.298 41.749 -0.681
-3.620 44.177 -2.985
-8.625 42.687 -7.775
-11.467 36.878 -9.379
-13.728 30.791 -7.483
-13.827 25.724 -2.786
-15.690 23.875 3.059
-20.159 24.849 7.622
-24.591 28.038 11.726
-30.077 32.283 10.504
-33.117 37.654 7.482
-34.887 40.573 1.587
-35.747 39.628 -5.101
-35.645 35.896 -10.341
-37.402 30.001 -13.631
-41.329 24.517 -13.501
-46.993 22.140 -12.015
-53.519 22.521 -11.144
-59.217 26.870 -10.569
-61.347 33.298 -10.369
-60.651 39.137 -13.699
-57.528 42.059 -19.105
-55.831 41.434 -25.941
-52.627 38.094 -30.872
-52.940 32.244 -35.065
-56.770 28.182 -38.027
-62.829 25.445 -39.146
-67.003 28.744 -43.588
-69.704 33.608 -47.118
-69.869 39.655 -49.213
-67.098 44.282 -53.390
-61.384 47.135 -56.135
-54.255 46.543 -55.929
-50.294 42.304 -58.813
-48.996 36.167 -62.731
-51.397 31.852 -67.127
-55.161 30.608 -72.392
-58.645 32.535 -77.722
-61.543 36.841 -81.744
-53.389 50.600 -72.114
-59.683 50.432 -72.822
-64.599 45.697 -71.390
-67.024 40.458 -70.255
-66.703 34.807 -66.945
-63.365 30.334 -62.821
-58.795 28.969 -58.761
-54.036 31.955 -53.838
-50.943 37.180 -51.374
-52.150 42.001 -47.457
-56.423 46.471 -43.752
-61.380 45.896 -39.930
-65.806 43.112 -36.032
-70.173 38.664 -32.984
-69.678 33.581 -28.931
-66.491 28.801 -26.946
-60.935 24.561 -27.066
-54.139 25.605 -26.793
-49.160 30.477 -25.946
-47.816 36.012 -22.241
-50.055 40.119 -16.560
-52.723 40.166 -10.258
-53.510 37.345 -4.541
-50.586 32.685 -0.164
-46.787 27.448 1.424
-41.713 23.879 0.839
-35.752 21.445 -2.604
-31.350 24.487 -6.447
-28.526 30.245 -8.384
-27.062 36.799 -6.516
-25.948 40.892 -1.225
-23.554 42.035 4.442
-19.346 40.695 9.311
-13.757 37.233 10.948
-9.322 32.384 10.133
-5.320 29.234 5.667
-4.441 26.655 -0.615
-3.636 27.702 -6.855
-4.731 31.249 -12.968
-2.329 36.917 -15.031
0.476 42.952 -14.114
6.486 45.582 -12.511
12.831 44.686 -11.524
17.662 41.346 -14.067
20.941 36.309 -17.043
21.299 30.333 -20.577
19.152 27.754 -25.786
13.503 27.226 -30.397
10.483 31.627 -34.799
9.517 37.460 -37.949
11.311 43.189 -40.687
15.621 45.463 -44.720
21.070 45.770 -48.168
24.899 43.234 -52.144
27.337 38.602 -55.915
27.016 32.890 -59.299
23.111 28.341 -62.063
17.422 26.253 -62.903
11.135 26.529 -61.009
6.173 31.105 -61.623
3.500 37.442 -62.926
3.214 41.649 -67.481
2.796 43.052 -74.129
2.607 40.980 -80.197
1.768 36.541 -85.233
-2.163 31.860 -87.021
-5.446 26.078 -86.146
-8.314 21.627 -81.812
-12.626 22.207 -76.964
-16.385 25.544 -72.832
-20.486 31.166 -72.044
-25.004 34.693 -75.299
-29.587 35.016 -80.089
-33.317 32.109 -84.337
-36.661 27.319 -86.982
-39.713 21.445 -86.243
-40.379 15.194 -84.092
-39.938 11.321 -78.779
-39.760 11.319 -72.162
-40.153 14.543 -66.236
-43.873 19.036 -62.740
-49.009 23.590 -62.762
-55.503 24.255 -63.635
-61.035 20.804 -62.612
-65.689 15.677 -61.946
-66.877 10.190 -58.701
-64.777 4.517 -55.363
-59.928 1.792 -51.882
-54.528 2.164 -47.765
-50.966 6.831 -44.424
-51.660 12.654 -40.751
-55.877 16.300 -36.841
-59.953 16.147 -31.949
-62.748 12.991 -26.919
-63.882 7.533 -22.845
-62.725 2.870 -19.632
-58.153 -1.065 -17.399
-52.399 -3.990 -17.482
-46.286 -3.636 -18.933
-41.226 -0.181 -21.554
-38.189 5.018 -20.003
-37.908 11.608 -18.270
-37.342 14.284 -12.032
-37.323 13.731 -4.952
-35.107 11.473 0.625
-32.147 6.918 4.554
-27.871 1.637 5.144
-22.348 -1.250 3.567
-18.386 -4.132 -1.764
-16.069 -1.319 -7.526
-13.732 4.402 -10.135
-11.330 10.641 -9.375
-9.030 15.865 -5.674
-3.898 17.241 -2.146
1.636 16.469 1.968
6.631 12.319 3.104
10.344 7.040 0.797
11.469 1.902 -3.868
10.579 0.327 -10.141
9.849 1.415 -16.595
6.557 5.958 -21.030
7.895 11.927 -24.069
11.738 17.171 -25.111
17.566 20.311 -25.499
24.294 18.660 -27.047
28.436 13.589 -28.645
29.469 7.459 -31.252
26.285 3.001 -35.762
21.936 1.478 -40.377
17.946 2.324 -44.773
12.727 5.936 -48.097
12.773 11.397 -51.601
15.415 17.217 -53.805
19.847 18.306 -59.080
23.149 16.026 -64.126
24.418 11.818 -68.864
22.290 6.620 -72.974
17.590 2.121 -74.981
11.499 -1.176 -73.586
5.105 0.584 -73.380
0.480 5.099 -73.215
-2.207 10.716 -75.515
-2.122 16.078 -79.131
-1.870 18.737 -85.239
2.049 19.045 -90.922
0.450 37.979 26.201
1.268 41.669 31.851
1.142 41.528 38.642
-0.131 39.388 44.191
-0.043 34.852 48.731
0.999 28.896 51.201
5.480 24.012 51.955
9.881 19.752 48.509
15.974 21.135 45.937
21.360 25.290 46.129
24.749 30.096 47.635
26.895 34.905 52.018
26.937 37.558 57.900
29.412 36.027 63.805
29.101 32.059 69.588
31.214 25.687 70.498
36.678 23.718 53.750
32.101 19.459 56.720
27.052 19.026 60.837
21.403 21.778 63.250
17.855 27.309 65.623
15.477 32.673 62.705
14.683 36.782 56.981
15.650 38.185 50.296
15.893 36.154 43.817
14.838 31.315 39.306
10.523 27.018 36.685
5.471 22.178 37.413
-0.941 22.337 39.102
-6.491 26.188 39.662
-10.433 31.412 41.567
-12.713 36.926 39.243
-16.149 -9.865 38.064
-12.847 -11.636 32.703
-10.889 -11.021 25.980
-8.989 -6.897 21.259
-4.130 -2.376 20.981
-4.836 -7.438 16.123
-0.741 -10.718 12.061
5.322 -12.618 9.978
12.151 -13.709 9.138
17.608 -14.740 13.177
20.559 -15.503 19.272
19.503 -18.747 25.119
15.289 -21.129 29.846
10.860 -25.939 31.509
9.010 -31.820 29.593
16.590 -31.221 13.753
10.342 -29.789 14.083
4.614 -27.582 17.120
2.728 -23.338 22.010
4.615 -19.150 27.040
8.611 -13.924 28.455
12.987 -8.963 26.972
13.950 -4.373 22.694
13.865 -1.265 16.898
8.211 1.362 13.494
-3.546 2.722 37.849
-7.406 6.450 33.984
-11.799 6.947 29.134
-16.096 4.163 24.972
-20.145 -0.982 23.525
11.610 6.627 11.578
41.102 9.788 -4.613
35.249 11.563 -2.864
28.284 10.990 -2.875
23.132 6.998 -2.157
21.323 3.211 2.470
17.454 8.978 0.581
12.517 12.039 3.154
8.343 13.921 8.180
5.079 13.870 14.239
7.503 14.740 20.605
12.432 15.458 25.245
18.343 18.635 25.896
24.112 21.099 23.333
27.009 25.735 19.734
25.959 31.734 17.187
8.629 31.896 19.920
11.104 30.896 13.774
15.272 28.072 9.569
20.283 23.441 9.275
24.664 19.369 12.401
24.744 14.284 16.763
22.316 9.032 20.218
17.980 4.420 19.812
12.396 1.220 17.535
9.975 -0.788 12.363
37.506 -2.662 7.533
34.895 -6.354 2.862
31.444 -6.878 -2.746
28.437 -4.023 -7.938
27.927 0.821 -12.155
8.416 -7.337 13.776
41.240 9.722 -5.110
35.396 11.622 -2.918
28.392 11.199 -2.510
23.137 7.138 -2.052
21.638 2.860 2.693
17.899 8.577 0.771
12.562 11.503 3.089
8.740 13.712 8.115
5.431 13.942 14.142
7.634 14.665 20.629
12.462 15.371 25.398
18.189 18.737 26.094
24.207 20.767 23.501
27.191 25.563 19.803
26.477 31.447 16.465
8.823 32.239 19.973
11.220 31.364 13.860
15.322 27.972 9.741
20.685 23.649 9.473
24.810 19.461 12.555
25.129 14.264 16.861
22.558 9.046 20.298
18.236 4.442 19.848
12.691 1.170 18.043
37.478 -2.761 7.398
34.807 -6.418 2.803
31.454 -6.840 -2.810
28.333 -3.971 -7.982
27.634 1.008 -12.249
9.441 -3.077 11.429
8.714 -5.796 11.197
9.045 -7.027 13.649
36.536 -0.110 -5.385
32.053 4.283 -3.485
25.614 6.921 -3.773
19.871 5.110 -0.901
16.351 0.674 2.789
12.693 6.029 -0.113
9.782 10.975 3.336
6.642 13.392 9.000
4.396 14.392 15.267
7.069 14.976 21.743
12.329 15.011 26.132
18.627 16.959 26.458
24.111 20.150 24.307
28.186 23.067 19.888
27.987 28.903 16.491
9.790 29.762 17.648
12.764 28.627 11.728
17.306 25.109 8.380
21.016 19.329 8.868
24.335 14.639 12.665
23.550 10.182 17.609
19.735 6.163 21.345
14.036 2.703 21.184
8.277 1.433 18.477
30.167 -8.831 7.990
26.659 -11.639 3.460
23.160 -11.237 -2.094
21.330 -8.318 -7.557
20.331 -3.553 -12.437
5.033 -2.051 15.082
4.032 -4.650 14.044
4.205 -6.290 16.348
-15.904 -9.362 37.328
-12.927 -11.107 31.806
-11.086 -10.502 24.939
-9.512 -6.599 19.816
-5.030 -3.116 18.539
-5.677 -9.780 16.182
-0.799 -12.919 12.381
4.641 -13.678 9.795
11.617 -13.973 8.935
16.968 -15.012 13.283
20.039 -15.625 19.554
18.620 -18.802 25.350
14.338 -21.621 29.957
9.573 -26.316 31.156
7.879 -32.396 28.844
15.960 -31.197 13.038
9.826 -29.609 13.413
3.847 -27.856 16.518
2.262 -23.500 21.861
3.675 -19.272 26.949
7.730 -14.180 28.571
11.904 -9.134 27.105
13.082 -4.547 23.049
12.713 -1.174 17.172
-4.673 2.639 36.652
-8.572 6.572 32.947
-12.678 7.341 27.847
-17.302 4.552 23.946
-21.378 -0.984 22.795
9.037 2.606 13.002
8.432 5.243 12.278
10.456 6.430 13.545
-15.873 -9.250 36.890
-12.938 -10.999 31.285
-10.850 -10.163 24.524
-9.202 -6.244 19.309
-4.668 -3.075 18.512
-5.586 -9.713 16.099
-1.143 -13.139 12.283
5.035 -13.892 9.725
11.714 -13.979 8.903
17.165 -14.893 13.165
19.949 -15.640 19.350
18.399 -18.693 25.139
14.021 -21.144 29.743
9.631 -26.031 30.977
7.759 -32.074 28.629
15.607 -30.894 12.962
9.444 -29.396 13.320
3.551 -27.526 16.490
2.056 -22.993 21.594
3.594 -18.650 26.500
7.881 -13.767 28.291
12.143 -8.969 26.723
13.338 -4.250 22.383
12.380 -1.603 16.593
-4.121 2.445 36.238
-8.226 6.523 32.873
-12.434 7.426 27.808
-16.786 4.611 23.433
-20.827 -0.820 22.611
9.707 2.442 13.021
8.959 5.009 12.234
10.967 6.362 13.518
-15.587 -21.405 -25.556
-15.618 -21.485 -25.722
-16.299 -15.502 -22.205
-15.567 -15.506 -22.823
-13.080 -11.718 -17.862
-11.295 -9.972 -11.569
-5.268 -8.946 -9.581
0.972 -10.205 -7.366
7.084 -12.362 -9.457
11.638 -11.590 -14.293
13.274 -8.908 -19.796
13.020 -5.301 -25.614
1.331 3.542 -13.420
-1.636 3.831 -19.615
-2.122 -0.359 -24.579
-0.806 -6.141 -26.990
1.018 -12.786 -26.150
5.165 -17.715 -23.573
4.456 -21.186 -18.012
1.499 -23.170 -12.720
1.307 -23.056 -12.636
-3.757 -23.836 -8.854
-3.465 -22.610 -7.924
-9.604 -23.658 -7.217
-9.819 -22.370 -6.730
-15.923 -21.730 -25.465
-15.822 -15.842 -22.649
-16.675 -15.855 -21.923
-13.222 -12.048 -17.799
-11.286 -10.214 -11.531
-5.241 -9.366 -9.529
1.015 -11.822 -7.423
6.853 -13.201 -9.537
6.856 -14.075 -9.798
11.426 -11.810 -14.127
13.149 -8.876 -19.486
12.781 -5.728 -25.559
1.156 3.849 -13.351
-1.680 3.490 -19.436
-2.136 -0.574 -24.451
-0.927 -6.424 -26.928
0.811 -13.005 -26.355
4.916 -18.004 -23.637
4.171 -21.424 -18.424
1.362 -23.288 -12.883
1.709 -23.011 -12.535
-3.292 -22.981 -8.183
-3.579 -23.966 -8.791
-9.556 -23.075 -6.721
-16.096 -21.983 -25.085
-16.199 -16.099 -22.000
-16.304 -16.092 -21.914
-13.506 -12.172 -17.511
-11.443 -10.164 -11.302
-5.514 -9.350 -9.326
0.792 -11.047 -7.149
0.778 -11.129 -7.093
6.570 -13.667 -9.849
6.699 -13.428 -9.388
11.373 -12.113 -13.670
13.109 -9.482 -19.366
12.707 -5.997 -25.186
1.010 3.807 -13.027
-1.885 3.169 -19.196
-2.274 -0.915 -24.156
-0.998 -6.629 -26.942
0.414 -13.291 -26.131
2.044 -12.871 -27.223
4.685 -18.372 -23.620
3.793 -18.426 -23.859
3.558 -21.756 -18.441
1.308 -23.484 -12.113
-3.571 -23.567 -7.729
-9.733 -23.620 -6.593
-68.910 30.192 -39.752
-63.928 29.520 -44.372
-61.014 25.383 -48.740
-58.116 19.587 -50.993
-57.991 19.672 -50.980
-60.529 14.650 -53.864
-60.512 15.502 -55.020
-65.356 11.751 -58.147
-71.075 10.376 -60.068
-76.459 12.824 -63.426
-78.956 18.000 -66.167
-79.468 23.947 -69.060
-59.867 22.266 -70.238
-61.698 27.994 -67.887
-65.760 30.659 -63.663
-71.095 30.170 -60.110
-75.467 27.312 -56.340
-79.058 22.175 -53.802
-78.282 17.450 -50.062
-78.401 15.816 -51.350
-74.564 12.785 -46.989
-68.864 10.082 -44.612
-63.463 11.265 -41.273
202.195 108.983 93.365
197.391 108.268 98.104
194.525 104.001 102.468
191.731 98.201 104.729
194.143 93.940 108.829
199.036 90.488 112.348
204.557 89.357 114.764
210.836 91.663 116.872
212.611 96.849 120.019
212.588 102.782 122.754
193.042 100.187 124.027
193.292 100.775 124.188
194.710 104.476 120.738
195.148 107.106 122.238
197.998 108.236 116.639
198.965 109.023 117.349
204.036 108.564 114.562
203.097 106.922 112.442
208.698 105.845 110.039
212.623 100.712 107.629
212.929 100.967 107.678
212.074 94.657 104.978
211.862 96.168 103.934
208.235 91.269 101.003
202.403 88.736 98.626
196.971 89.972 95.531
203.191 30.701 58.072
198.458 30.159 63.065
195.234 25.773 66.972
192.203 19.886 68.745
194.549 15.552 72.814
194.294 14.960 71.813
199.241 11.756 75.858
204.978 10.107 77.659
203.999 11.159 78.463
209.746 12.524 81.330
208.730 12.571 81.650
211.516 17.721 85.159
212.601 17.780 84.502
213.280 23.783 87.415
193.870 22.805 88.181
195.942 27.785 85.315
200.166 30.596 81.702
199.908 30.673 81.687
204.943 30.310 78.113
209.522 27.027 74.437
213.265 21.749 72.084
213.279 21.770 72.084
212.451 15.803 69.100
212.467 16.459 68.952
208.640 13.461 64.445
202.899 10.617 62.177
197.569 12.400 58.799
-202.529 -68.603 128.640
-197.703 -68.058 133.416
-194.603 -63.939 137.698
-191.742 -58.140 140.041
-194.214 -53.265 143.080
-198.589 -49.115 146.225
-204.689 -49.206 149.275
-210.793 -51.645 151.121
-212.437 -56.085 154.804
-212.952 -62.061 158.027
-193.666 -60.189 158.767
-193.724 -60.777 159.123
-195.392 -66.734 157.197
-195.518 -65.102 155.306
-198.979 -68.763 152.560
-199.776 -69.389 152.790
-203.919 -68.431 148.172
-204.785 -68.962 149.206
-209.296 -65.766 145.150
-212.701 -60.590 142.734
-211.825 -55.443 138.947
-208.048 -50.814 135.920
-202.157 -48.456 133.690
-196.702 -49.923 130.321
8.560 -69.371 -21.487
9.736 -64.670 -26.065
14.184 -61.896 -30.199
20.129 -59.277 -32.425
24.431 -61.895 -36.212
27.919 -66.741 -39.455
29.350 -73.289 -41.688
26.509 -78.290 -44.933
21.800 -80.040 -48.674
15.572 -80.775 -51.483
19.611 -61.426 -51.848
14.329 -62.784 -49.101
9.747 -66.385 -45.993
9.729 -66.319 -45.999
9.085 -72.087 -42.675
9.407 -71.664 -41.900
12.027 -76.334 -38.304
16.772 -80.515 -35.951
22.264 -79.621 -32.511
26.138 -76.193 -28.901
29.058 -70.790 -26.121
27.703 -66.115 -21.980
40.779 16.515 -5.000
34.662 18.486 -3.041
27.703 17.632 -2.635
22.417 13.716 -2.111
20.492 10.412 2.640
17.458 16.437 0.258
12.439 19.947 2.981
8.579 21.498 8.260
5.466 21.202 14.358
7.700 21.816 20.802
12.692 22.501 25.425
18.549 25.681 26.095
24.476 27.757 23.221
27.185 32.752 19.633
26.241 38.845 17.016
8.728 38.848 20.050
10.802 38.053 13.776
15.275 35.170 9.588
20.338 30.383 9.360
24.748 26.339 12.461
25.117 21.291 16.780
22.474 16.191 20.269
18.055 11.580 19.799
12.774 8.549 17.784
37.121 4.295 7.267
34.532 0.468 2.737
31.078 -0.158 -2.794
27.847 2.516 -7.979
27.193 7.599 -12.122
40.641 16.429 -4.175
34.484 18.304 -2.568
27.427 17.623 -2.294
22.114 13.615 -2.058
20.168 9.544 2.452
17.453 15.771 0.458
12.601 19.459 3.173
8.356 21.002 7.899
5.233 21.208 13.959
7.494 22.028 20.389
12.482 22.624 25.171
18.439 25.797 25.867
24.261 28.077 23.338
27.066 32.827 19.573
25.815 38.988 17.533
8.280 37.885 19.583
10.575 36.600 13.642
15.471 34.875 9.223
20.582 30.192 9.288
24.945 26.024 12.306
25.152 21.033 16.725
22.282 16.058 20.163
17.818 11.569 19.765
12.613 8.352 17.691
36.680 4.081 7.314
33.960 0.302 2.781
30.634 -0.301 -2.804
27.626 2.676 -8.069
27.601 7.757 -12.425
36.678 8.339 -5.467
31.725 12.112 -3.919
24.958 14.001 -4.093
19.456 12.041 -1.413
16.187 7.721 2.386
12.454 13.049 -0.320
9.709 18.046 3.366
6.868 20.359 8.978
4.356 21.649 15.092
7.119 22.201 21.517
12.314 22.179 25.932
18.542 24.395 26.590
23.954 27.492 24.567
28.087 30.534 19.963
28.123 36.054 16.350
9.976 37.227 17.404
12.514 35.182 11.903
17.172 32.079 8.484
21.317 26.756 9.034
24.465 21.942 12.502
23.417 17.205 17.266
19.897 13.433 21.321
14.398 9.997 21.217
8.447 8.422 18.469
30.082 -1.724 7.897
26.525 -4.481 3.467
23.071 -4.158 -2.093
21.090 -1.357 -7.658
20.456 3.458 -12.432
5.067 5.313 14.768
3.928 2.736 13.795
4.202 1.291 16.279
39.202 17.752 -7.183
34.293 19.588 -4.109
27.385 19.013 -2.187
22.324 15.021 -0.992
21.190 11.494 3.930
18.423 17.893 2.409
14.102 21.392 6.317
10.991 22.701 11.916
9.621 22.675 18.542
13.322 23.372 24.279
19.077 23.915 27.732
25.156 26.820 27.331
30.119 29.840 23.701
32.603 33.189 18.696
31.889 39.261 16.398
14.802 40.276 22.836
15.523 39.090 16.730
18.836 36.409 11.570
23.620 31.458 10.237
28.293 27.151 12.272
29.330 22.066 16.554
27.469 17.247 20.606
22.960 12.802 21.240
17.109 9.766 20.169
38.722 5.665 5.100
35.432 1.872 1.105
30.657 1.236 -3.521
26.574 3.724 -7.891
24.088 8.975 -11.753
12.618 5.567 14.975
11.651 2.800 14.627
12.758 1.592 16.974
-17.398 19.913 -77.810
-21.416 21.077 -73.625
-23.280 25.356 -68.499
-22.295 27.700 -61.723
-18.659 31.498 -58.653
-11.664 32.431 -57.193
-6.042 35.045 -59.593
-1.688 36.846 -64.915
-2.054 39.420 -71.154
-5.068 43.716 -75.351
-8.083 49.435 -76.473
-10.861 55.598 -74.306
-11.363 59.875 -69.199
-9.602 62.322 -63.355
-5.523 62.766 -57.509
0.373 61.591 -55.172
6.877 60.142 -55.107
11.866 58.284 -59.369
14.948 59.581 -65.463
16.661 64.637 -69.516
18.053 71.370 -70.323
18.650 77.671 -67.700
21.094 81.327 -62.760
24.546 82.646 -56.894
29.114 80.131 -53.438
32.329 74.794 -50.410
36.100 69.444 -51.946
38.425 65.494 -56.981
41.167 65.743 -63.364
44.691 69.488 -67.659
50.053 73.549 -68.610
56.168 74.390 -66.257
61.653 73.528 -62.199
64.701 71.746 -56.091
65.834 66.671 -52.571
63.736 60.768 -49.416
61.569 55.180 -51.138
57.775 51.152 -55.523
58.705 49.095 -62.015
63.113 47.866 -67.213
68.116 45.191 -68.430
74.833 43.411 -67.745
78.432 40.461 -63.019
79.034 36.046 -58.018
77.358 31.964 -52.579
72.912 27.702 -50.753
66.017 26.469 -50.245
61.578 23.855 -54.380
59.470 21.538 -60.506
60.857 17.603 -65.657
64.432 12.098 -68.000
68.592 7.318 -66.636
66.820 1.449 -65.048
67.588 -3.554 -60.030
64.832 -5.812 -54.778
60.440 -6.001 -49.213
54.932 -4.056 -47.639
49.986 0.738 -48.116
45.750 2.561 -52.945
43.206 1.845 -59.432
41.355 -3.000 -63.434
38.194 -8.807 -64.225
34.830 -13.829 -61.937
31.468 -17.885 -57.514
27.771 -17.839 -51.820
24.663 -14.490 -47.113
22.602 -9.186 -43.543
22.508 -2.158 -43.992
20.464 2.354 -48.458
17.946 4.542 -54.721
12.351 3.730 -57.707
6.012 0.812 -58.819
0.819 -1.824 -55.601
-3.292 -1.733 -50.984
-6.149 -0.785 -44.688
-6.354 3.190 -39.344
-3.997 8.828 -35.793
-1.267 14.434 -36.788
1.326 19.288 -40.084
-0.396 23.611 -45.914
-4.436 25.150 -50.724
-10.883 27.420 -51.942
-16.186 30.402 -49.737
-20.329 33.243 -44.897
-20.381 35.034 -38.304
-16.645 37.089 -32.890
-10.572 39.515 -30.405
-4.842 42.485 -31.554
-0.131 45.530 -35.311
1.620 47.348 -41.703
-0.069 52.438 -45.521
-2.468 58.407 -46.413
-3.646 64.805 -44.210
-1.386 68.709 -40.814
-0.514 71.685 -34.643
3.611 71.291 -29.590
8.625 69.306 -25.281
14.437 66.711 -25.361
18.239 61.255 -27.384
22.445 61.041 -32.346
23.795 62.426 -39.093
26.718 67.893 -42.240
29.538 73.969 -41.794
32.111 79.087 -38.552
36.356 81.624 -33.657
41.015 80.069 -29.561
44.269 76.231 -24.558
46.428 70.529 -23.311
46.430 63.564 -24.674
48.472 59.562 -29.620
51.758 58.353 -35.493
55.401 61.024 -40.970
61.534 63.284 -41.264
67.637 63.100 -39.514
73.193 61.563 -35.634
75.222 58.279 -30.194
74.509 53.224 -25.414
71.880 47.802 -23.877
66.629 43.443 -24.133
61.896 41.078 -28.737
62.397 37.392 -34.398
65.888 34.373 -39.418
72.033 31.658 -41.687
76.618 27.573 -39.325
79.024 23.398 -34.449
78.044 19.230 -29.505
74.233 15.644 -24.709
68.388 14.087 -22.398
61.450 14.400 -22.811
56.169 13.880 -27.448
55.372 10.620 -33.346
57.931 6.183 -38.275
59.605 0.138 -38.248
59.662 -6.158 -36.282
59.567 -10.715 -30.777
55.671 -12.628 -26.756
50.406 -12.346 -22.820
44.681 -8.723 -20.482
39.281 -6.018 -22.025
34.562 -3.293 -26.619
31.647 -4.948 -32.239
30.117 -8.950 -37.770
27.876 -14.831 -39.707
28.218 -21.931 -40.475
19.192 -16.505 -24.548
25.103 -19.943 -22.964
31.486 -20.375 -23.550
37.068 -22.260 -27.491
40.281 -20.704 -33.558
41.111 -16.034 -38.886
41.915 -9.285 -39.860
42.325 -3.121 -36.785
41.883 0.924 -31.265
44.122 1.765 -24.703
49.266 0.084 -21.007
55.497 -1.708 -19.426
62.049 -1.893 -21.180
67.213 -2.784 -25.928
70.042 0.923 -29.755
70.427 5.035 -35.490
67.755 10.251 -38.768
64.112 16.070 -38.800
60.407 20.298 -34.698
60.237 22.541 -28.111
64.410 25.478 -24.008
70.485 28.389 -22.353
76.694 30.795 -24.166
79.876 34.689 -28.052
80.731 38.750 -33.896
76.934 41.710 -38.263
71.748 45.334 -40.491
65.325 46.824 -39.729
60.504 47.270 -34.751
59.730 49.697 -28.331
62.178 53.855 -23.497
64.433 59.939 -21.975
64.239 66.604 -23.724
61.878 70.949 -27.169
59.277 74.377 -32.605
54.297 74.768 -37.040
49.636 71.357 -40.848
44.733 67.408 -40.031
41.285 62.483 -36.292
38.590 62.544 -30.045
36.574 65.856 -24.388
32.257 70.304 -22.795
28.634 76.245 -23.712
25.111 79.381 -28.261
20.851 79.118 -33.431
18.362 76.887 -39.610
15.270 71.852 -41.546
15.794 64.996 -42.992
14.390 59.335 -39.424
12.328 56.343 -33.576
8.048 56.853 -28.642
1.799 57.853 -26.425
-4.298 58.571 -27.049
-9.988 58.944 -29.465
-13.862 57.490 -35.039
-15.292 55.059 -40.322
-12.901 51.435 -45.592
-10.978 45.856 -48.219
-5.031 42.517 -47.767
-1.689 39.045 -42.676
-2.406 35.995 -36.407
-6.398 32.260 -32.500
-11.265 27.733 -31.908
-15.550 23.489 -34.780
-17.515 19.207 -39.495
-17.043 16.316 -45.971
-13.027 14.477 -50.187
-7.391 14.744 -53.794
-0.348 15.489 -53.000
4.603 14.411 -48.343
7.034 12.182 -42.022
7.605 6.333 -39.424
6.542 -0.554 -38.381
5.837 -6.339 -41.690
6.464 -10.004 -47.216
9.007 -11.654 -53.197
12.399 -10.403 -59.138
17.719 -7.087 -61.049
22.582 -2.503 -60.732
26.655 0.888 -56.605
30.702 -0.032 -51.048
32.979 -3.838 -45.841
36.611 -9.417 -44.625
41.188 -13.706 -47.032
44.927 -16.357 -52.255
47.384 -15.778 -58.751
48.897 -11.181 -63.790
49.797 -4.896 -65.387
50.769 1.805 -64.329
52.273 6.288 -59.861
53.129 8.022 -53.324
58.554 7.575 -49.258
64.551 6.932 -48.303
70.603 7.382 -50.356
74.787 9.871 -53.730
76.887 13.589 -58.361
76.795 17.063 -64.426
73.419 21.815 -67.655
69.218 26.585 -67.694
63.038 28.766 -65.700
61.453 32.641 -60.557
61.921 33.918 -53.784
66.205 37.686 -50.371
71.632 41.755 -49.829
75.625 46.365 -51.995
77.599 51.125 -56.694
75.900 54.965 -61.910
71.038 57.331 -66.370
64.956 58.613 -67.641
58.174 57.267 -66.439
53.339 57.113 -61.772
50.794 59.948 -56.050
51.979 63.969 -50.273
52.039 69.826 -49.255
51.708 76.609 -50.564
49.597 80.764 -55.112
45.747 82.776 -60.467
40.638 81.325 -63.927
35.631 77.712 -67.157
33.147 71.296 -67.335
31.810 65.781 -63.369
27.785 64.880 -57.892
23.948 67.012 -52.476
19.171 71.637 -50.280
14.141 74.781 -53.109
9.471 76.666 -57.906
5.985 75.275 -63.289
4.153 71.595 -69.140
5.027 65.581 -71.535
6.064 58.650 -71.391
7.454 53.417 -66.896
4.237 51.048 -61.753
-0.851 51.053 -56.922
-7.189 52.659 -56.719
-12.902 51.388 -59.131
-17.553 48.598 -63.481
-19.221 45.535 -69.503
-16.307 40.996 -73.728
-10.985 37.151 -76.175
-7.690 32.420 -74.108
-3.893 29.427 -69.831
-4.586 24.553 -64.109
-8.380 22.092 -59.476
-13.675 17.920 -58.047
-19.174 14.429 -60.368
31.408 5.853 55.582
36.383 8.696 59.017
41.890 9.145 61.919
48.001 9.204 60.560
53.360 9.681 57.080
56.664 10.991 51.311
55.362 14.652 45.853
51.403 19.024 42.947
47.002 24.008 43.002
45.099 29.564 46.458
43.984 33.343 52.268
46.517 35.872 57.701
51.789 38.390 60.666
62.820 31.592 48.941
61.616 27.632 54.328
58.249 26.061 60.310
51.946 25.541 61.935
45.875 24.260 60.073
40.335 23.307 56.063
39.021 20.236 50.101
40.785 16.241 44.953
44.262 11.456 42.278
46.500 5.310 43.004
47.729 0.130 47.680
48.776 -2.363 53.829
45.234 -3.934 59.408
41.717 -17.429 87.577
41.400 -12.467 82.813
37.539 -8.918 78.432
34.261 -3.239 80.124
29.739 0.608 82.853
28.029 4.182 87.961
30.675 6.503 93.845
35.968 7.239 97.683
42.663 8.017 98.509
48.350 10.498 95.721
52.593 12.129 90.361
53.324 15.079 84.572
51.999 20.617 81.382
37.648 24.504 91.662
36.637 20.614 86.445
38.172 17.120 80.618
42.414 12.041 79.372
45.800 7.095 81.677
48.877 2.889 86.215
47.207 -0.148 92.098
42.507 -1.626 96.793
36.390 -2.687 98.711
30.234 -4.707 97.245
26.191 -6.999 92.759
24.555 -8.948 86.584
20.872 -36.603 -19.128
18.841 -33.076 -24.773
22.170 -28.814 -26.222
24.142 -22.181 -23.949
24.333 -18.773 -19.881
22.867 -14.456 -15.528
18.892 -8.224 -14.873
14.398 -4.511 -13.005
7.138 -4.097 -13.805
33.222 -33.126 -65.171
31.982 -36.173 -58.841
33.884 -36.297 -52.574
36.244 -34.152 -47.523
38.742 -29.039 -43.549
41.962 -22.458 -43.531
38.792 -17.417 -42.471
33.812 -12.306 -43.716
26.318 -11.408 -41.892
20.142 -14.426 -39.434
2.235 -13.893 -18.519
5.010 -8.801 -22.520
9.458 -6.795 -25.624
15.196 -4.715 -25.542
21.232 -3.974 -24.052
26.723 -7.956 -25.048
28.864 -14.810 -24.110
31.201 -17.921 -27.926
29.654 -24.214 -31.023
25.967 -26.118 -37.194
22.876 -24.912 -44.000
24.031 -21.982 -49.806
29.099 -18.092 -53.272
35.460 -17.071 -54.944
41.801 -19.919 -54.730
45.860 -24.694 -53.076
46.877 -30.020 -55.249
42.693 -8.041 73.122
46.828 -8.927 67.394
47.511 -12.842 62.416
47.219 -18.553 59.155
43.187 -22.675 56.689
37.486 -25.769 56.806
30.806 -26.283 58.026
24.772 -22.645 58.037
21.212 -16.888 57.690
22.669 0.485 13.719
25.718 3.033 20.263
23.841 5.131 26.622
19.614 3.969 32.006
14.457 0.866 35.233
11.020 -5.439 35.866
12.763 -11.112 37.480
16.053 -17.019 36.506
22.095 -19.537 36.877
28.651 -17.943 38.131
32.238 -16.164 43.017
34.839 -11.891 47.149
34.159 -9.191 52.410
31.284 -7.915 58.300
28.526 -11.573 63.416
29.285 -16.989 67.117
31.591 -22.687 69.068
37.619 -25.665 70.260
44.412 -26.589 69.227
49.591 -22.812 70.892
20.530 -10.317 51.010
22.993 -4.936 48.488
27.000 -3.400 43.458
29.753 -5.210 37.200
29.005 -8.672 31.714
24.536 -11.963 27.277
18.329 -12.505 25.075
11.879 -9.972 24.418
7.516 -4.304 26.105
6.806 1.808 23.744
120.536 43.877 -43.202
120.315 41.279 -48.047
122.923 42.262 -54.996
126.461 46.340 -58.992
129.983 50.800 -60.279
135.013 54.928 -58.326
139.121 57.220 -53.899
142.924 56.678 -48.781
146.488 52.889 -44.989
149.828 47.597 -44.676
90.673 49.125 -33.628
91.194 50.248 -40.135
93.788 53.918 -45.019
97.130 59.063 -47.494
102.931 62.615 -47.231
108.812 62.773 -44.877
113.719 61.096 -40.018
116.380 55.407 -37.617
117.772 49.009 -38.831
144.444 42.858 -59.832
142.106 38.698 -55.079
139.508 39.411 -49.032
137.110 43.494 -43.771
135.239 49.244 -41.366
131.358 54.442 -43.319
128.869 59.119 -47.268
124.643 59.406 -52.964
120.102 57.904 -55.315
114.675 53.599 -56.848
110.651 48.549 -54.768
108.072 45.632 -49.920
107.528 44.849 -43.493
107.465 47.101 -37.411
107.110 52.218 -32.905
105.637 58.431 -31.531
101.848 63.809 -33.104
97.194 67.127 -37.076
91.221 65.979 -38.809
62.964 4.735 45.660
68.228 5.203 50.059
69.618 4.724 56.370
68.596 3.171 62.365
64.761 1.378 67.631
59.521 -2.845 68.918
55.305 -7.463 67.369
54.134 -13.312 64.314
56.596 -18.891 61.854
61.783 -22.881 60.415
67.652 -25.648 62.341
73.012 -26.340 65.546
71.198 -32.834 64.035
56.669 -17.785 96.134
61.548 -19.130 94.364
66.542 -16.330 94.316
69.790 -10.773 93.450
72.665 -6.007 89.668
70.792 0.068 87.835
66.748 4.982 86.240
60.551 8.033 87.680
66.514 2.812 105.746
60.908 -0.500 105.541
55.956 -1.985 101.698
53.235 -2.418 95.648
53.051 -1.100 88.907
55.795 -1.804 83.111
59.848 -4.988 79.408
63.683 -9.890 77.940
65.060 -15.551 77.672
71.153 -14.045 75.739
73.723 -13.247 69.846
74.132 -13.839 63.466
71.072 -13.428 58.013
66.010 -12.957 53.857
59.579 -10.394 53.353
54.534 -6.984 55.550
51.845 -1.919 59.006
52.688 4.438 60.472
81.650 -93.191 61.049
81.454 -93.028 54.197
77.148 -92.464 49.355
71.583 -91.327 46.770
64.885 -90.414 46.757
60.159 -87.319 50.650
58.194 -83.544 55.461
59.065 -77.968 58.987
61.557 -71.785 59.178
65.133 -66.807 56.563
66.601 -62.999 51.210
67.278 -61.611 45.045
66.445 -55.505 48.236
35.095 -74.913 37.141
39.131 -72.370 34.805
42.686 -73.772 30.626
46.504 -78.285 27.798
52.231 -81.818 27.212
53.839 -88.023 28.723
53.746 -93.779 32.054
49.449 -98.386 35.242
38.189 -91.978 20.055
34.358 -89.931 24.967
33.890 -89.780 31.423
36.724 -90.040 37.442
41.852 -91.400 41.698
47.887 -89.954 43.545
52.800 -85.897 43.426
55.570 -80.207 42.436
55.105 -74.095 42.496
60.261 -74.252 38.762
66.552 -74.273 40.226
71.749 -73.383 43.937
74.272 -74.148 49.599
74.565 -75.378 56.071
71.579 -79.177 61.076
67.295 -83.535 63.221
63.756 -89.181 62.563
63.921 -95.234 60.123
28.971 -20.056 16.791
25.138 -19.930 10.899
31.825 -20.106 12.066
37.064 -16.919 9.911
40.222 -12.885 6.875
40.570 -7.244 3.987
39.325 -1.265 2.016
35.776 3.623 4.409
32.490 6.582 8.528
30.004 8.183 14.013
30.214 8.051 20.711
88.323 -98.419 42.669
82.799 -99.224 38.532
76.407 -97.562 39.020
70.930 -95.764 41.706
68.672 -91.303 46.147
69.015 -86.544 50.736
71.648 -80.800 52.547
74.848 -75.283 51.236
78.619 -71.293 47.275
78.532 -67.853 41.373
78.000 -67.186 35.510
78.942 -60.932 37.385
60.969 -89.681 41.852
64.572 -86.515 37.820
65.911 -81.933 35.117
65.742 -76.021 34.697
71.906 -79.454 32.957
78.394 -79.778 33.910
82.960 -80.829 38.355
84.443 -81.761 44.997
83.911 -83.015 50.968
79.839 -87.493 54.870
75.730 -92.299 55.558
74.273 -98.434 54.411
43.482 -76.729 36.286
49.314 -77.121 40.658
48.110 -76.009 34.014
49.055 -77.695 29.439
52.876 -81.645 25.333
57.194 -86.069 24.477
59.041 -92.548 26.173
57.783 -98.791 28.972
53.692 -102.473 32.793
47.727 -104.595 35.379
41.191 -105.142 33.944
24.634 -7.331 -1.369
28.691 -10.192 -3.440
32.165 -14.625 -4.770
33.832 -20.093 -5.285
37.218 -17.894 -11.276
37.334 -17.222 -17.534
32.992 -16.436 -23.039
27.399 -15.720 -25.749
21.452 -13.868 -25.880
16.978 -9.902 -22.806
15.713 -4.720 -18.861
18.113 0.881 -15.828
30.485 0.922 -29.762
33.933 1.152 -24.133
32.574 -0.155 -17.715
29.107 -1.665 -12.519
24.264 -5.836 -10.721
19.937 -10.417 -10.867
18.210 -16.210 -13.484
19.684 -21.804 -16.440
23.987 -25.971 -19.559
29.740 -29.351 -19.123
35.670 -29.774 -17.466
33.680 -36.421 -17.497
47.464 0.213 17.807
43.982 -2.700 20.824
38.334 -4.689 22.862
31.836 -5.067 22.185
27.245 -5.101 17.563
24.089 -2.900 11.679
23.987 -2.869 5.250
45.356 -98.119 15.852
42.243 -94.228 20.435
38.915 -92.265 25.394
39.114 -91.611 31.788
43.297 -91.777 37.117
49.082 -94.072 40.693
55.227 -93.928 41.334
-9.699 37.730 -25.186
-10.771 32.174 -24.018
-10.849 25.848 -21.174
-8.521 21.486 -17.038
-7.386 20.453 -10.842
-5.619 21.797 -4.321
-6.081 27.296 -0.312
-7.216 33.011 2.198
-11.292 38.146 2.959
-17.529 40.172 3.158
19.999 10.434 -3.088
14.315 14.299 -3.883
12.808 20.429 -6.488
14.483 26.489 -9.777
17.635 28.215 -14.996
20.737 28.398 -20.601
21.865 24.987 -26.266
20.910 19.852 -30.382
17.161 15.216 -33.551
-23.720 24.180 -3.303
-23.723 29.667 -7.142
-21.069 35.449 -9.248
-15.507 38.915 -10.066
-8.678 39.194 -9.698
-2.446 37.438 -7.101
33.781 -12.678 -25.161
33.352 -18.142 -23.561
33.887 -24.260 -20.194
36.666 -27.947 -15.660
37.907 -28.348 -9.476
39.618 -26.279 -3.127
38.640 -20.556 0.449
36.945 -14.862 2.520
32.357 -10.112 3.003
25.990 -8.740 3.115
64.130 -39.036 -2.778
58.218 -35.459 -3.682
56.521 -29.401 -6.345
58.028 -23.302 -9.656
61.158 -21.506 -14.834
64.276 -21.271 -20.406
65.619 -24.636 -26.060
64.918 -29.890 -30.107
61.362 -34.737 -33.171
21.116 -25.197 -2.569
20.750 -19.943 -6.678
23.175 -14.148 -9.055
28.574 -10.454 -10.036
35.320 -9.655 -9.821
41.665 -10.893 -7.198
3.360 33.566 -9.607
4.601 27.929 -12.725
4.366 24.346 -17.833
3.853 24.622 -24.303
3.883 18.245 -22.152
6.223 12.369 -22.181
12.276 10.173 -21.342
18.712 10.188 -21.211
24.749 12.631 -20.547
28.060 17.872 -18.131
28.214 23.510 -13.945
25.627 27.561 -9.130
47.815 -14.574 -9.698
49.204 -20.356 -12.348
49.085 -24.322 -17.204
47.886 -24.900 -23.927
47.768 -31.421 -21.884
50.189 -37.297 -21.856
56.294 -39.407 -21.030
62.726 -39.293 -20.918
68.765 -36.774 -20.251
71.978 -31.490 -17.839
72.045 -25.802 -13.739
69.426 -21.740 -8.957
-34.600 16.230 20.505
-40.476 17.558 21.184
-36.464 12.522 22.968
-35.842 6.459 20.845
-37.711 1.319 17.057
-41.842 -1.269 12.166
-44.492 -1.384 6.537
-44.878 0.867 0.515
-43.655 5.394 -4.497
-41.096 11.167 -6.881
-35.216 14.447 -7.827
-29.042 15.571 -6.914
-22.573 13.984 -4.530
-18.115 9.069 -5.795
-16.590 3.123 -8.370
-16.917 -0.333 -13.649
-18.904 -2.670 -19.524
-19.762 -0.329 -25.770
-19.852 4.623 -30.056
-17.498 9.821 -33.054
14.363 -2.886 -18.192
8.534 -4.591 -19.429
12.946 0.947 -20.336
13.102 6.707 -17.227
10.633 11.316 -13.174
6.139 13.014 -8.179
3.459 12.462 -2.661
3.142 9.757 3.131
4.794 4.999 7.864
7.891 -0.626 9.861
13.989 -3.466 10.671
20.341 -3.721 10.307
26.644 -2.174 8.560
30.560 2.443 10.206
31.829 8.743 12.067
30.741 12.782 16.824
29.366 15.050 22.416
28.768 13.523 28.860
28.869 9.053 33.734
31.351 4.214 37.162
-4.295 5.731 -11.176
-3.848 8.202 -16.585
-2.915 8.055 -21.920
-6.613 13.233 -19.470
-11.724 17.279 -19.835
-18.223 16.906 -20.926
-23.916 14.464 -22.777
-28.304 9.825 -22.952
-30.501 4.270 -20.124
-29.980 -0.362 -15.506
-28.216 -2.586 -9.185
44.628 6.025 14.240
45.364 4.443 20.433
45.571 5.006 25.783
41.892 -0.400 23.823
36.849 -4.461 24.378
30.365 -4.186 25.477
24.608 -1.697 26.969
20.144 2.815 26.655
17.917 8.088 23.423
18.360 12.361 18.443
20.622 14.279 12.083
-28.361 -1.829 -0.982
-25.573 3.045 2.660
-27.776 8.626 4.826
-30.698 14.677 4.655
-37.081 16.668 5.395
-43.934 16.854 4.363
-49.239 13.175 5.429
20.551 13.384 5.233
22.942 8.519 0.847
20.828 3.056 -1.641
18.113 -3.080 -1.919
11.764 -5.221 -2.849
4.982 -5.762 -1.813
-0.436 -2.109 -2.488
-44.462 20.527 23.133
-40.832 17.809 23.407
-36.474 12.118 23.283
-36.418 6.495 20.492
-38.191 1.368 16.879
-41.906 -1.246 12.139
-44.449 -1.311 6.312
-44.697 0.826 0.601
-43.620 5.422 -4.413
-41.133 11.162 -6.655
-35.285 14.010 -7.803
-29.038 15.104 -6.952
-22.631 13.981 -4.543
-18.456 8.816 -5.292
-16.936 2.615 -7.801
-16.982 -0.549 -13.405
-18.893 -2.739 -19.208
-19.880 -0.513 -25.397
-19.962 4.434 -29.737
-17.906 9.654 -32.662
-4.449 5.109 -10.598
-4.198 7.914 -16.171
-3.475 7.641 -21.826
-6.808 13.038 -19.115
-11.988 16.947 -19.462
-18.672 16.760 -20.489
-24.348 14.309 -22.167
-28.662 9.450 -22.684
-30.692 3.696 -19.773
-30.181 -0.810 -15.028
-28.484 -2.846 -8.957
5.306 -7.204 -20.902
8.801 -4.244 -20.944
12.672 1.724 -20.162
12.340 7.069 -16.980
10.181 11.693 -12.854
6.187 13.538 -8.007
3.557 12.944 -2.245
3.382 10.344 3.245
4.765 5.400 7.862
7.638 -0.311 9.696
13.683 -2.875 10.617
19.894 -3.403 10.536
26.412 -2.026 8.095
30.315 3.032 10.033
31.743 8.963 11.961
30.728 12.906 17.120
28.847 15.293 22.596
28.517 13.475 28.946
28.862 8.845 33.653
31.336 3.994 36.799
44.496 6.521 13.922
44.831 4.963 20.104
45.256 5.713 25.646
42.136 0.046 23.280
37.106 -4.031 23.788
30.443 -4.068 24.873
24.641 -1.908 26.546
20.089 2.762 26.681
17.855 8.284 23.565
18.093 12.567 18.613
20.073 14.464 12.464
-29.159 -1.770 -0.694
-25.990 2.849 2.928
-28.153 8.587 5.171
-30.991 14.690 4.836
-37.060 16.665 5.525
-43.899 16.862 4.332
-49.149 13.782 5.695
19.350 13.079 5.777
22.488 8.993 0.667
20.486 3.405 -1.929
17.779 -2.769 -2.110
11.753 -4.872 -2.959
4.915 -5.323 -1.806
-0.426 -2.227 -2.839
11.204 93.170 22.179
11.177 96.651 27.935
15.469 100.246 31.892
21.533 102.425 33.910
26.747 106.021 31.903
30.162 108.983 26.975
30.008 112.019 20.993
26.438 115.218 15.975
21.879 118.369 13.233
17.763 123.309 14.652
14.049 126.486 19.297
13.992 130.681 24.598
16.705 133.507 29.811
22.165 136.357 32.785
28.046 139.489 31.440
32.135 142.659 27.456
20.473 142.267 14.324
26.180 138.564 13.274
30.404 134.763 16.937
33.066 132.068 22.588
31.002 127.605 26.877
26.786 125.149 31.540
20.753 122.727 32.531
15.936 118.928 30.179
11.332 116.528 25.617
12.084 113.131 19.867
16.145 109.481 15.827
21.309 105.278 15.004
26.887 102.068 16.967
30.314 99.211 22.108
29.207 95.777 27.917
26.040 92.303 31.987
40.365 9.965 -5.314
34.307 12.022 -4.048
27.746 10.533 -2.564
22.358 6.725 -2.028
20.445 3.117 2.522
17.669 9.124 0.604
12.398 12.901 2.892
8.645 14.653 8.093
5.634 14.208 14.203
7.882 14.813 20.703
12.806 15.529 25.434
18.744 18.751 26.003
24.809 20.663 23.360
27.788 25.389 19.848
26.682 31.815 17.907
9.041 31.737 20.231
11.244 31.387 13.921
15.509 28.303 9.809
20.762 23.552 9.562
25.122 19.342 12.597
25.320 14.223 16.712
22.619 9.157 20.179
18.175 4.504 19.781
12.951 1.493 17.543
37.213 -2.733 7.159
34.669 -6.507 2.583
31.231 -7.170 -2.999
27.952 -4.358 -8.309
26.895 0.874 -12.271
11.434 -0.147 -5.349
7.016 4.472 -4.017
0.809 6.158 -2.501
-5.328 5.187 -0.917
-9.037 1.118 2.557
-12.922 6.029 -0.335
-15.662 11.068 3.280
-18.695 13.469 8.898
-20.961 14.549 15.223
-18.306 15.188 21.578
-13.203 15.296 26.030
-6.898 17.213 26.482
-1.369 20.008 24.120
2.256 23.621 19.926
1.913 29.226 16.478
-15.654 30.598 16.915
-12.858 29.006 10.949
-8.266 25.024 8.307
-4.314 19.542 9.098
-0.966 14.748 12.682
-2.130 10.091 17.142
-5.560 6.347 21.247
-11.141 2.837 21.397
-16.997 1.526 18.612
4.560 -9.077 8.019
1.234 -11.709 3.543
-2.177 -11.273 -2.028
-3.985 -8.307 -7.844
-4.581 -3.460 -12.460
-20.185 -2.012 14.843
-21.319 -4.438 13.842
-21.196 -6.085 16.164
41.297 10.450 -3.776
35.060 12.452 -2.822
28.137 11.392 -2.587
22.882 7.410 -2.333
20.526 3.180 1.802
16.667 7.433 -0.104
11.952 11.523 2.876
8.080 13.878 7.835
5.143 14.245 13.994
7.318 15.153 20.475
12.210 15.997 25.263
18.234 19.114 25.751
24.074 21.446 23.107
26.923 26.045 19.269
25.511 32.218 17.110
7.838 31.373 19.544
10.120 30.099 13.589
14.876 28.080 9.124
20.217 23.518 9.002
24.335 19.232 11.978
24.645 14.155 16.417
21.961 9.443 20.342
17.559 4.795 20.170
12.172 1.712 18.441
37.125 -2.259 7.745
34.562 -5.801 3.081
31.316 -6.428 -2.642
28.652 -3.598 -8.119
28.597 1.816 -12.158
8.940 -2.595 12.399
8.230 -5.431 12.148
9.074 -6.587 14.555
40.144 5.305 -6.821
34.577 8.617 -6.072
27.739 8.955 -5.948
21.752 7.078 -5.342
18.504 3.071 -1.593
15.695 8.052 -3.022
11.344 12.262 -0.160
6.981 14.558 4.467
3.276 13.956 10.178
5.065 14.673 16.890
9.217 15.136 22.202
15.414 16.622 24.027
21.206 19.743 23.372
25.584 23.797 19.977
25.404 29.927 17.811
9.221 30.826 26.599
7.370 30.872 19.623
10.138 31.081 13.306
14.656 28.416 9.464
19.983 23.755 8.805
23.231 18.761 11.081
22.552 12.741 13.879
19.525 7.913 17.220
14.660 3.679 16.886
9.506 1.266 14.069
33.514 -5.112 4.669
30.999 -8.295 -0.165
28.239 -8.571 -5.932
26.229 -5.824 -11.901
25.410 -0.235 -15.783
7.040 -2.741 9.631
6.464 -5.471 8.713
6.897 -6.886 11.090
13.229 -35.691 36.710
14.023 -29.626 33.560
17.325 -28.053 28.179
22.817 -28.102 23.353
25.336 -32.551 19.228
24.699 -37.703 15.093
21.777 -42.130 11.995
15.357 -46.025 10.751
9.842 -44.760 9.727
3.610 -41.396 10.717
1.114 -35.745 8.336
0.875 -29.939 3.820
3.072 -26.759 -1.646
6.346 -25.657 -6.777
4.931 -19.963 -8.080
2.521 -15.859 -12.067
18.567 -34.184 0.616
17.292 -28.393 4.071
13.566 -26.453 10.382
8.912 -28.430 14.372
6.097 -33.163 17.771
7.107 -38.333 21.573
10.107 -42.750 24.230
16.437 -46.635 25.855
21.944 -46.141 27.313
28.127 -42.839 28.179
30.694 -37.467 30.960
30.104 -31.194 33.003
24.825 -28.351 43.726
26.367 -22.139 45.717
28.665 -18.275 49.712
36.986 -6.966 100.963
33.884 -12.288 104.012
36.047 -17.770 108.563
41.255 -1.983 132.064
36.114 -6.424 134.609
36.174 -13.166 137.355
38.394 -17.113 140.713
42.377 -20.496 144.814
46.175 -2.145 148.399
51.511 -4.099 144.050
54.448 -9.424 140.758
52.916 -15.278 137.182
47.423 -18.024 134.548
40.970 -18.574 132.771
36.164 -16.464 127.516
34.265 -11.175 124.198
36.508 -6.251 120.716
40.485 -3.178 117.127
45.047 -2.694 113.174
36.635 7.764 -5.594
31.836 12.177 -4.309
25.311 14.385 -4.528
19.666 12.426 -1.637
16.520 8.007 2.397
12.651 13.486 -0.165
9.659 18.343 3.477
6.699 20.707 9.093
4.260 21.903 15.311
7.111 22.556 21.695
12.444 22.428 25.942
18.719 24.515 26.562
24.069 27.777 24.554
28.152 31.115 20.460
28.056 36.454 16.447
9.817 37.404 17.773
12.780 35.936 11.929
17.177 32.317 8.733
21.455 26.908 8.962
24.751 22.081 12.645
23.495 17.525 17.361
19.677 13.795 21.294
14.056 10.410 21.116
8.458 8.647 18.756
29.929 -1.361 7.743
26.426 -4.148 3.228
22.841 -3.829 -2.298
20.909 -0.735 -7.798
20.422 4.056 -12.548
4.932 5.069 14.900
3.717 2.549 13.914
3.975 0.966 16.351
36.804 8.395 -5.706
31.747 12.275 -4.485
25.035 13.954 -4.317
19.353 11.738 -2.036
16.384 8.211 2.492
12.641 13.649 -0.238
9.810 18.451 3.538
6.911 20.855 9.055
4.366 22.059 15.321
7.239 22.540 21.676
12.444 22.599 25.947
18.560 24.802 26.748
24.073 27.793 24.684
28.050 31.196 20.558
27.883 36.773 16.894
9.733 37.157 17.909
12.654 35.742 12.145
17.251 32.435 8.731
21.477 27.122 9.192
24.640 22.287 12.582
23.510 17.553 17.116
19.831 13.732 21.076
14.309 10.434 21.062
8.659 8.557 18.920
5.213 6.317 15.176
30.078 -1.710 7.709
26.539 -4.453 3.224
23.023 -4.234 -2.290
20.924 -1.234 -7.748
20.770 3.345 -12.671
3.898 0.428 15.882
3.948 2.557 13.862
36.531 8.024 -5.793
31.742 12.310 -4.519
25.111 14.171 -4.434
19.570 12.080 -1.901
16.449 8.114 2.413
12.672 13.591 -0.237
9.792 18.372 3.529
6.833 20.776 9.070
4.340 21.952 15.279
7.185 22.478 21.667
12.421 22.524 25.917
18.644 24.596 26.650
24.076 27.652 24.617
28.143 30.934 20.319
27.988 36.566 16.847
9.774 36.978 17.896
12.720 35.554 12.168
17.294 32.191 8.718
21.540 26.941 9.015
24.676 22.178 12.634
23.469 17.407 17.138
19.750 13.739 21.161
14.189 10.380 21.065
8.537 8.716 18.768
8.752 8.531 18.986
5.209 6.273 15.100
30.042 -1.510 7.752
26.555 -4.312 3.237
23.002 -4.031 -2.244
20.939 -1.210 -7.766
20.638 3.572 -12.647
5.011 5.339 14.875
3.874 2.929 13.771
4.177 1.471 16.278
3.946 0.639 16.144
3.826 2.447 13.927
-18.401 -14.826 38.711
-14.391 -17.017 33.857
-12.436 -17.180 27.126
-10.446 -13.487 22.018
-5.359 -9.362 21.335
-6.303 -15.538 18.295
-2.355 -19.202 14.369
3.211 -20.405 10.857
9.898 -20.759 9.487
15.518 -21.307 13.384
18.928 -21.781 19.228
18.234 -24.731 25.327
15.007 -28.049 30.028
10.058 -31.793 32.605
7.299 -37.454 31.519
14.369 -38.823 14.575
8.168 -37.486 15.364
3.043 -34.369 18.425
1.471 -29.919 23.491
3.343 -25.260 27.993
7.443 -20.215 29.088
11.300 -15.042 27.347
12.042 -10.594 22.949
11.036 -7.549 16.978
6.129 -6.352 12.509
-5.127 -2.899 37.635
-8.766 0.816 33.734
-13.344 0.984 28.821
-17.325 -1.837 24.576
-21.149 -7.083 22.713
-18.460 -14.852 38.490
-14.681 -17.227 33.812
-12.067 -17.016 27.151
-10.599 -13.199 21.975
-5.707 -9.700 21.155
-6.804 -15.527 17.830
-2.843 -19.545 14.233
2.794 -20.659 10.946
9.552 -20.816 9.595
15.318 -21.469 13.413
18.610 -21.949 19.176
17.919 -24.811 25.241
14.048 -27.421 30.215
9.516 -31.527 32.605
7.094 -37.489 31.701
14.181 -38.190 14.786
7.918 -37.486 15.646
2.736 -34.411 18.561
1.217 -29.856 23.628
3.115 -25.350 28.265
7.025 -20.197 29.129
11.114 -15.305 27.512
11.867 -10.825 22.921
10.882 -7.807 16.985
6.794 -6.237 12.432
-5.065 -3.158 37.805
-8.789 0.592 33.962
-13.359 0.877 29.177
-17.331 -1.940 24.859
-21.274 -7.039 22.808
36.766 7.125 -5.533
32.066 11.549 -4.706
25.499 12.905 -4.016
20.181 11.800 -1.827
20.187 11.839 -1.842
16.519 7.819 2.405
17.753 10.493 2.076
12.619 13.367 -0.394
9.690 18.149 3.397
6.825 20.381 9.053
4.335 21.385 15.336
7.154 21.933 21.619
12.369 21.984 25.966
18.544 24.080 26.533
24.022 27.253 24.416
27.897 30.402 19.837
27.510 36.190 16.866
9.537 36.831 17.575
12.482 34.781 12.039
17.203 31.895 8.611
21.070 26.377 9.200
24.209 21.641 12.448
23.332 16.966 17.032
19.743 13.180 21.149
14.138 9.788 20.971
8.453 8.003 18.643
4.955 6.012 15.144
30.043 -2.225 7.746
26.669 -4.940 3.338
23.249 -4.706 -2.179
21.260 -1.679 -7.429
21.179 2.605 -12.517
4.179 0.612 16.170
4.243 -0.023 15.739
3.997 2.424 13.976
3.781 1.902 13.562
30.046 -1.209 8.110
26.597 -3.902 3.431
23.103 -3.620 -2.146
20.974 -0.325 -7.282
20.968 4.284 -12.268
9.616 37.142 17.455
12.799 35.331 11.775
16.983 31.694 8.625
21.125 26.618 8.855
24.356 21.857 12.428
23.420 17.477 17.459
19.632 13.715 21.442
14.104 10.300 21.364
8.300 8.650 18.927
36.364 7.806 -5.421
31.898 12.187 -3.715
25.364 14.515 -4.155
19.912 12.740 -1.117
16.601 8.095 2.631
12.590 13.482 0.099
9.662 18.349 3.662
6.653 20.738 9.189
4.223 21.888 15.448
7.074 22.433 21.768
12.415 22.581 25.953
18.700 24.491 26.447
23.942 27.766 24.432
28.071 31.017 20.088
27.966 36.281 16.149
4.944 5.225 14.970
3.763 2.648 14.028
4.022 1.088 16.510
-21.133 -12.483 33.899
-19.644 -17.442 29.399
-16.985 -17.836 23.535
-14.722 -15.510 17.290
-9.693 -12.252 16.020
-10.353 -15.521 9.968
-5.410 -19.586 7.884
1.059 -21.056 6.567
7.848 -21.747 6.258
13.094 -22.582 10.700
15.991 -23.232 16.716
15.633 -24.475 23.160
13.195 -28.088 28.068
7.877 -31.239 31.372
5.437 -37.373 30.049
14.985 -38.725 14.541
8.383 -37.940 14.237
2.907 -35.023 16.486
-0.649 -31.369 21.173
0.433 -26.495 25.446
3.729 -20.684 25.837
7.921 -16.109 24.027
9.299 -11.741 19.341
8.544 -9.437 13.235
-9.451 -3.771 32.215
-12.874 -0.420 28.046
-17.216 -0.242 23.186
-21.964 -2.981 19.249
-25.192 -8.391 17.038
5.934 -5.610 9.649
5.044 -2.967 8.728
7.115 -1.418 10.043
36.691 7.770 -5.575
31.766 11.890 -4.699
25.310 13.670 -5.113
20.521 12.135 -2.012
20.512 12.293 -2.103
16.591 8.426 2.264
17.812 10.954 1.764
12.726 13.797 -0.335
9.825 18.621 3.415
6.860 20.878 9.009
4.347 21.938 15.235
7.182 22.467 21.576
12.336 22.457 25.924
18.475 24.625 26.806
24.123 27.627 24.609
28.195 30.961 20.369
28.022 36.601 16.853
9.643 37.228 17.784
12.594 35.628 12.088
17.305 32.400 8.603
21.510 27.112 8.903
24.489 22.097 12.421
23.450 17.434 17.088
19.810 13.712 21.178
14.335 10.295 21.103
8.569 8.807 18.751
8.590 8.809 18.699
5.166 6.571 15.093
30.347 -1.785 7.943
26.725 -4.493 3.478
23.422 -4.300 -2.140
21.554 -1.254 -7.519
20.916 3.235 -12.563
5.187 5.418 14.785
4.132 2.909 13.739
4.386 1.647 16.365
4.159 0.900 16.081
3.831 2.649 13.867
36.601 7.350 -5.705
31.831 12.016 -4.391
25.392 14.211 -4.701
19.827 12.355 -1.763
19.832 12.319 -1.741
16.659 9.378 2.351
16.429 7.916 2.259
12.509 13.646 -0.263
9.564 18.407 3.435
6.627 20.704 9.064
4.242 21.808 15.304
7.164 22.374 21.711
12.456 22.299 25.974
18.800 24.268 26.564
24.051 27.597 24.375
28.015 31.038 20.524
28.014 36.211 16.246
9.784 37.420 17.569
12.715 35.587 11.843
17.015 31.953 8.666
21.374 26.771 8.923
24.448 21.766 12.429
23.468 17.328 17.297
19.717 13.576 21.272
14.130 10.121 21.203
8.465 8.505 18.669
29.997 -1.653 7.943
26.489 -4.359 3.344
22.969 -4.091 -2.191
21.204 -1.136 -7.738
20.572 3.911 -12.449
4.943 5.045 15.001
3.778 2.580 13.914
4.070 0.989 16.328
-27.508 21.155 -40.673
-33.145 20.365 -38.734
-37.396 16.193 -36.699
-38.840 11.967 -31.941
-36.896 6.605 -28.272
-31.735 3.458 -25.281
-25.246 4.140 -22.813
-21.393 9.194 -19.996
-21.495 14.822 -15.808
-24.772 19.606 -12.999
-29.663 21.870 -9.334
-35.610 20.725 -5.719
-39.370 16.763 -1.725
-40.338 11.510 2.235
-38.303 6.762 6.085
-33.995 2.543 8.899
-27.895 1.358 11.593
-22.635 3.681 14.610
-18.671 8.307 17.565
-19.397 14.539 21.089
-37.594 9.901 25.237
-38.663 15.641 21.553
-34.345 18.644 19.007
-30.386 21.615 16.237
-25.808 20.989 11.654
-21.736 17.834 8.392
-20.459 12.926 4.052
-20.373 6.387 1.889
-24.714 2.935 -1.437
-30.670 1.156 -3.834
-36.028 3.059 -6.666
-40.286 7.301 -9.158
-40.711 12.935 -12.198
-39.306 18.487 -14.710
-34.723 21.601 -18.463
-28.277 21.818 -21.467
-22.911 18.794 -23.881
-20.270 13.282 -26.827
-21.751 7.701 -30.404
-25.549 3.722 -34.399
10.652 56.696 -25.525
6.391 56.732 -30.346
3.454 53.645 -35.329
2.930 48.379 -39.311
3.794 41.817 -40.365
5.910 35.671 -38.139
5.977 31.431 -33.240
4.410 29.384 -26.867
0.440 29.002 -21.417
-5.670 30.588 -19.072
-11.959 32.485 -20.340
-16.957 33.914 -24.820
-19.640 33.763 -31.153
-19.381 30.690 -37.454
-21.709 16.226 -26.363
-14.827 15.558 -26.967
-9.807 16.923 -31.170
-7.475 20.950 -36.009
-7.742 26.567 -39.115
-8.948 33.164 -39.255
-9.420 38.594 -35.326
-9.976 41.465 -28.961
-6.318 43.205 -23.609
-0.417 43.016 -20.516
6.251 41.841 -20.585
11.595 40.509 -23.880
15.503 39.753 -29.103
16.032 41.104 -35.763
14.785 45.018 -41.084
13.337 50.817 -43.331
45.593 112.423 -30.811
51.757 107.978 -31.729
57.543 105.857 -29.560
61.746 102.902 -24.447
62.283 101.436 -17.795
58.816 98.124 -13.027
53.000 94.917 -10.805
47.530 91.102 -12.371
43.885 87.746 -17.281
44.179 84.339 -23.395
47.797 79.706 -26.498
51.803 75.415 -28.227
55.816 70.388 -25.303
58.061 66.850 -20.101
57.505 64.662 -13.761
53.418 63.606 -8.167
47.846 64.000 -4.692
41.115 64.083 -4.606
35.621 64.777 -8.661
32.932 62.405 -14.657
32.060 56.846 -18.146
32.894 49.931 -18.498
32.840 44.060 -15.044
31.662 40.418 -9.721
28.196 39.031 -3.594
23.668 40.957 0.379
18.916 45.304 2.020
14.174 49.542 0.257
11.142 52.564 -5.177
8.657 51.102 -11.543
5.696 46.395 -15.262
1.440 41.026 -15.515
-3.853 38.587 -13.633
-9.058 39.510 -8.684
-12.979 41.880 -4.154
-14.940 46.018 -0.176
-15.045 52.738 1.434
-13.576 59.015 -0.189
-11.037 63.395 -4.998
-12.684 64.808 -11.328
-16.185 63.866 -17.142
-22.354 64.829 -18.563
-29.111 66.098 -17.923
-33.870 68.921 -13.872
-35.094 73.003 -8.708
-33.727 77.787 -4.050
-30.682 83.148 -2.721
-24.373 85.928 -2.268
-20.434 88.915 -6.300
-18.540 91.479 -12.258
-20.794 94.264 -17.952
-24.224 99.020 -20.420
-28.922 104.094 -20.526
-32.758 108.570 -17.885
-32.046 113.417 -13.576
-30.561 116.400 -7.428
-25.647 117.717 -3.121
-19.574 117.524 -1.207
-13.730 113.851 -1.609
-9.487 112.800 -6.798
-7.439 114.046 -13.334
-6.405 118.514 -17.806
-4.823 124.991 -19.188
-2.947 130.919 -17.336
-0.143 135.585 -13.157
3.670 136.570 -8.144
7.817 134.800 -2.838
10.472 129.781 0.827
12.850 123.633 0.863
15.333 118.917 -3.194
18.392 117.201 -9.283
23.947 118.914 -12.240
28.849 122.853 -14.233
34.134 125.965 -11.856
38.020 128.123 -6.697
40.436 127.734 -0.834
41.593 124.118 4.758
41.579 118.654 7.906
39.890 112.409 8.545
38.924 106.679 5.675
40.413 102.677 0.310
44.706 101.610 -5.014
51.202 100.749 -6.374
57.149 99.174 -4.169
61.710 97.712 0.819
62.572 95.557 7.244
59.804 93.335 13.255
54.733 89.841 16.034
48.897 86.216 15.625
45.481 82.003 12.689
43.634 79.504 6.523
45.885 74.697 2.827
49.143 69.166 2.261
51.807 63.650 5.080
52.486 59.902 10.253
51.290 57.620 16.284
47.018 57.285 21.311
41.651 58.156 25.172
35.325 59.860 25.631
30.181 63.832 23.235
25.986 62.765 18.071
24.827 60.889 11.410
23.469 54.643 9.096
22.414 48.673 9.910
20.252 43.416 13.865
17.053 40.040 18.008
12.269 40.550 23.015
7.524 43.792 26.197
5.284 49.937 28.355
2.644 55.422 26.016
0.465 59.187 20.924
-3.114 59.070 15.051
-5.991 55.535 9.685
-11.768 52.477 9.425
-17.851 51.137 11.400
-23.226 51.086 15.092
-26.082 53.981 20.741
-26.272 59.409 24.685
-25.053 65.647 26.236
-20.787 70.887 25.433
-16.903 74.102 20.529
-18.241 77.140 14.611
-21.951 78.553 9.243
-28.444 80.151 7.099
-33.334 83.429 8.827
-36.940 87.257 13.859
-37.578 91.771 18.053
-34.570 96.268 22.500
-29.114 98.865 24.886
-22.807 101.174 24.271
-17.607 101.996 19.642
-17.262 104.681 13.512
-20.103 108.057 8.131
-23.071 113.833 7.524
-24.619 120.046 9.595
-23.898 125.116 13.305
-21.982 128.555 18.295
-16.944 128.976 22.399
-10.909 126.887 25.602
-4.971 124.176 23.763
-0.199 122.562 18.986
2.979 124.484 13.478
3.695 128.443 7.773
4.286 134.444 5.557
3.851 141.446 5.979
4.522 146.466 10.371
14.010 133.219 20.310
9.727 136.109 23.920
3.787 139.213 24.235
-2.005 140.136 21.658
-6.631 140.933 16.330
-8.356 138.521 10.107
-8.629 132.833 6.539
-8.146 126.184 5.809
-6.703 120.113 9.187
-7.005 116.688 14.538
-8.794 116.045 21.474
-13.953 116.981 25.362
-20.628 117.976 26.877
-26.804 116.966 24.534
-31.151 114.443 20.758
-32.847 112.876 14.811
-32.752 106.908 11.168
-28.804 102.411 7.780
-24.215 97.559 8.478
-20.032 94.268 12.729
-19.343 92.506 19.401
-22.599 88.920 24.084
-28.175 85.504 25.956
-32.799 81.433 24.770
-36.022 76.704 20.969
-35.703 72.281 15.538
-31.447 69.092 11.430
-25.555 67.182 9.291
-19.133 67.229 10.043
-14.207 67.773 14.814
-12.763 66.183 21.502
-14.388 62.220 27.049
-15.667 55.801 28.796
-14.283 49.477 27.432
-11.096 44.913 24.012
-7.893 42.353 18.475
-2.446 42.879 14.371
1.711 46.614 10.722
5.786 51.288 10.765
8.058 56.987 14.254
10.498 58.294 20.446
12.649 56.041 26.710
17.490 52.333 28.670
22.590 47.817 28.022
27.458 45.474 23.862
31.075 45.754 18.510
32.998 48.144 12.527
34.954 53.329 9.538
33.051 59.692 8.143
33.637 65.520 10.813
35.060 69.456 16.051
39.416 70.643 21.111
45.764 71.354 22.559
52.093 71.198 21.936
58.138 70.282 18.908
60.655 72.987 13.595
61.429 74.792 6.899
58.596 77.639 1.476
54.565 81.961 -0.694
48.166 84.534 -0.336
45.150 88.325 4.484
45.321 92.046 10.364
48.955 96.582 13.653
52.670 101.947 13.300
55.612 106.942 10.097
56.902 110.848 4.806
55.007 112.962 -1.509
50.334 114.108 -5.647
44.498 111.684 -8.848
38.494 110.596 -7.476
33.427 110.240 -2.775
31.039 112.662 3.351
29.326 118.475 5.423
28.844 125.413 5.667
28.148 130.780 1.649
26.444 133.642 -3.355
24.175 134.657 -9.399
20.402 131.816 -14.603
15.539 128.403 -16.327
11.817 122.606 -15.235
8.752 119.065 -11.128
4.953 118.938 -5.360
1.964 122.707 -0.442
-2.682 127.395 0.445
-7.909 130.659 -2.071
-12.367 132.004 -6.767
-15.309 130.185 -12.902
-15.819 125.403 -17.877
-15.907 118.980 -19.323
-14.444 112.435 -17.642
-15.469 107.239 -12.980
-15.579 105.985 -6.296
-20.563 105.676 -1.845
-26.950 105.374 -0.447
-32.399 103.036 -2.770
-36.124 100.074 -6.744
-37.953 96.607 -12.026
-36.465 91.484 -15.770
-32.494 87.247 -19.511
-27.064 83.432 -19.626
-20.517 82.397 -17.440
-18.426 79.944 -11.577
-18.714 79.408 -4.657
-22.102 75.038 -1.084
-26.371 70.142 -0.260
-29.059 64.328 -1.893
-30.441 58.963 -5.982
-27.186 54.569 -8.967
-22.557 52.362 -13.764
-16.357 53.134 -16.821
-9.916 55.802 -15.288
-5.342 57.030 -10.969
-2.479 55.987 -4.554
-2.982 52.504 1.408
-1.769 46.602 2.907
0.186 40.250 2.140
4.200 35.936 -1.204
7.687 33.776 -6.036
11.570 36.055 -11.081
15.043 40.516 -14.253
17.088 46.960 -15.419
17.252 53.051 -11.934
20.639 55.215 -6.551
24.587 54.527 -0.893
30.164 51.523 1.575
36.130 48.745 -0.234
40.848 47.880 -4.551
44.051 48.945 -10.765
45.442 52.203 -16.227
43.711 57.383 -20.184
41.576 63.814 -21.039
39.322 69.301 -17.441
41.817 72.872 -12.217
46.817 73.980 -7.463
53.282 75.057 -7.846
58.296 77.567 -11.082
61.739 79.824 -15.787
62.352 82.774 -21.366
58.931 85.483 -27.046
53.015 88.091 -29.690
47.614 91.711 -27.761
44.083 95.539 -23.678
43.923 100.304 -18.629
47.453 104.183 -14.217
51.704 108.949 -13.343
57.360 113.135 -14.755
21.577 56.880 81.060
28.874 54.683 80.364
32.786 50.078 78.227
36.943 48.516 72.483
37.774 49.225 65.736
38.233 54.143 61.160
37.685 60.872 59.349
38.314 67.418 61.218
39.879 72.005 66.207
43.517 73.259 72.052
49.543 72.419 74.682
55.377 71.163 75.901
61.456 70.600 72.376
65.209 70.893 66.904
66.419 72.831 60.592
64.772 77.033 55.236
61.150 81.586 52.153
57.488 87.202 52.644
54.321 91.329 57.099
55.384 94.656 63.146
59.888 98.173 66.449
66.195 101.142 66.542
70.977 104.424 62.964
73.207 107.557 57.660
72.069 111.521 51.778
67.652 114.373 48.227
61.305 116.048 47.158
55.361 117.794 49.441
51.722 118.712 55.244
52.143 121.333 61.681
54.809 126.217 65.389
57.292 132.576 65.745
56.418 138.395 64.216
52.693 142.544 59.601
48.328 144.759 55.448
43.422 144.480 51.910
37.455 141.232 50.652
32.981 136.633 52.426
30.980 131.939 57.200
29.499 132.356 63.720
29.152 135.640 69.731
25.302 140.348 71.750
20.652 145.455 71.759
15.384 148.102 68.241
10.851 147.192 63.412
7.095 143.811 58.849
3.877 138.566 57.504
4.808 131.736 56.664
4.818 126.707 60.661
4.174 123.744 66.718
0.978 124.000 72.629
-4.718 124.086 75.485
-11.508 125.291 76.332
-17.590 126.323 74.335
-21.678 123.335 70.168
-23.797 120.824 63.986
-22.721 116.156 59.372
-19.719 111.082 56.965
-13.580 107.878 56.643
-9.904 104.665 61.375
-9.277 101.959 67.781
-12.156 98.530 72.369
-16.631 93.686 74.029
-20.863 89.022 72.328
-23.880 84.571 68.056
-23.335 81.232 62.692
-20.209 78.915 56.933
-14.826 79.428 52.869
-8.358 80.605 52.435
-2.687 80.622 56.012
0.872 78.634 61.765
2.473 72.889 64.404
1.869 66.532 66.060
1.831 60.564 63.176
1.374 56.668 57.571
2.129 54.987 51.673
5.588 55.798 45.911
10.173 58.735 42.742
14.510 63.495 42.146
19.021 67.282 44.823
23.548 67.851 49.958
27.116 64.393 54.707
31.635 59.549 55.422
36.024 55.489 52.758
39.081 52.418 47.353
40.611 52.900 40.742
40.548 56.602 34.837
40.744 62.823 32.166
40.709 69.726 32.677
42.724 74.786 35.643
44.425 77.398 41.833
49.999 77.797 45.195
56.498 77.774 45.290
62.383 78.425 42.016
65.452 80.188 36.646
66.292 82.788 30.668
64.022 86.888 25.985
60.228 91.210 22.587
55.426 95.721 22.659
49.545 97.819 25.673
48.682 101.723 31.088
50.308 103.297 37.745
55.136 107.589 39.880
59.553 111.705 38.896
62.522 116.573 34.953
63.299 121.299 30.941
60.019 125.225 26.240
54.561 127.626 23.485
47.952 126.538 21.859
42.170 126.028 24.848
38.302 125.635 30.303
37.058 128.407 36.475
39.036 132.404 41.934
38.808 138.939 42.548
36.732 144.977 40.995
33.512 149.598 37.686
29.004 150.809 32.533
23.826 148.454 28.985
18.943 144.326 27.672
16.791 137.873 28.191
16.719 132.588 32.844
14.039 131.857 39.012
11.389 133.939 44.746
6.663 138.372 47.424
1.162 140.659 46.178
-4.383 142.166 41.724
-8.992 140.701 37.917
-11.670 136.010 33.444
-11.093 130.164 30.724
-9.737 123.594 30.989
-7.457 118.582 35.300
-9.001 116.732 41.510
-12.885 117.129 47.242
-19.271 116.598 48.327
-25.455 114.586 46.670
-29.623 111.401 43.139
-31.991 108.254 38.142
-30.081 103.959 33.638
-25.433 100.059 29.866
-19.921 96.305 31.115
-15.657 92.942 35.470
-15.207 89.188 40.963
-17.914 86.606 46.852
-22.501 82.814 49.310
-28.658 79.356 49.130
-32.956 76.316 44.918
-17.544 75.683 33.301
-22.629 77.709 30.268
-28.342 81.137 30.745
-31.825 85.436 33.947
-34.323 88.648 39.776
-32.563 90.877 46.065
-27.517 93.849 49.334
-21.554 96.959 49.539
-16.035 99.114 45.627
-13.812 101.473 40.139
-14.840 103.717 33.374
-18.689 107.788 29.982
-23.137 113.005 29.094
-25.278 118.728 31.788
-25.210 123.660 35.711
-24.277 125.695 41.681
-18.835 128.605 44.986
-12.741 127.342 47.899
-6.301 125.953 46.598
-1.747 124.263 41.810
-0.543 124.989 34.995
0.219 129.861 30.415
0.205 136.503 28.953
1.515 142.493 30.452
4.112 147.477 34.468
8.415 149.179 39.707
13.866 147.112 43.001
18.809 143.073 44.425
21.960 137.542 43.182
23.569 133.339 37.972
25.101 133.387 31.083
27.059 137.263 25.550
31.755 141.777 23.676
38.019 143.671 24.600
43.889 143.028 27.396
48.301 141.433 32.459
51.031 136.352 36.148
50.204 130.727 39.664
48.277 124.850 39.447
44.426 120.029 36.039
44.132 117.527 29.741
46.616 117.368 23.208
52.065 115.251 20.676
58.558 113.065 20.650
63.447 109.913 24.225
65.688 106.415 29.169
65.366 103.148 35.025
62.202 98.613 38.091
55.890 96.982 40.000
50.998 93.525 37.671
47.786 90.429 32.680
48.424 86.333 27.346
51.022 80.645 25.366
54.590 75.388 25.368
58.784 70.658 27.913
58.267 66.925 33.183
57.792 65.124 39.909
54.341 65.812 45.656
48.729 66.807 48.322
43.200 70.943 48.591
37.996 71.580 44.193
34.515 69.645 38.467
32.384 64.238 35.182
29.793 58.261 35.709
27.337 53.112 39.025
25.019 49.815 44.377
22.708 50.021 50.887
19.664 53.216 55.468
18.971 59.330 58.956
16.567 65.034 58.014
13.851 69.778 53.742
10.068 70.950 47.966
4.047 69.431 46.349
-2.060 66.099 46.398
-6.635 63.645 50.650
-9.576 63.529 55.882
-11.060 64.786 62.129
-10.020 69.199 67.485
-9.395 75.024 69.544
-6.407 81.248 68.463
-5.408 85.847 64.386
-7.861 89.309 58.946
-12.971 90.138 54.483
-19.344 91.958 54.128
-24.655 94.561 57.301
-27.728 97.265 62.491
-27.210 100.378 68.806
-22.931 102.952 73.643
-17.364 106.275 74.782
-11.176 108.501 72.644
-7.762 112.342 67.810
-7.370 113.354 61.109
-9.902 118.083 57.128
-13.055 123.764 56.229
-13.874 129.488 58.865
-13.120 134.080 62.881
-10.691 137.347 68.002
-5.135 138.758 71.057
0.850 137.534 74.273
6.903 134.816 73.979
10.912 129.713 71.400
13.715 129.418 65.329
13.492 130.181 58.429
15.107 135.432 54.863
17.014 141.582 54.022
20.747 146.826 55.406
24.902 150.752 59.241
30.587 150.130 61.731
35.246 147.188 66.047
38.062 141.484 68.822
39.024 134.639 67.052
40.047 130.283 62.465
41.806 128.666 55.775
43.781 131.136 49.615
49.281 133.252 47.585
55.772 134.967 47.847
61.785 133.813 50.778
65.763 131.825 55.276
66.307 127.092 60.058
64.699 121.646 63.154
60.566 116.367 64.595
55.190 112.994 61.576
54.612 109.215 56.032
56.715 106.696 49.926
62.004 103.770 46.811
67.635 100.124 48.027
71.151 96.323 51.850
72.416 92.692 57.765
70.718 89.591 63.256
65.663 88.327 67.499
59.204 86.681 68.864
53.075 85.644 65.796
50.969 81.774 60.638
52.202 77.216 55.493
54.624 71.159 55.305
55.302 65.427 58.200
55.653 61.125 62.723
54.063 58.871 68.434
50.528 60.204 74.501
45.428 63.710 77.723
39.343 66.384 76.316
33.958 67.478 72.629
29.359 65.323 67.942
27.222 60.472 63.623
25.332 54.304 62.859
25.157 47.248 64.294
