-8.540 83.573 -36.580
-2.832 80.765 -33.724
2.099 81.263 -29.004
6.518 84.607 -25.929
8.118 89.927 -22.057
6.198 95.213 -18.437
2.559 96.685 -13.341
-4.601 96.105 -11.013
-6.140 91.128 -6.341
-7.445 85.242 -3.969
-5.564 79.997 -1.346
-1.200 76.452 1.911
4.261 75.660 5.602
10.029 78.717 8.167
12.169 84.241 11.074
11.581 90.779 12.889
8.913 94.569 17.471
4.955 77.918 23.473
-1.476 79.248 20.724
-5.003 83.630 17.735
-6.001 88.425 12.733
-3.118 94.314 10.055
1.934 94.619 5.747
8.110 92.959 3.133
11.936 88.102 -0.133
10.789 85.337 -5.087
9.087 79.230 -8.284
3.523 77.059 -11.774
-2.586 78.769 -13.833
-7.535 82.527 -15.771
-10.009 87.956 -18.700
-9.615 94.572 -20.681
-5.369 98.240 -23.984
1.315 98.363 -26.932
40.893 28.930 12.361
39.989 35.017 9.587
42.028 40.668 6.372
46.498 44.601 4.554
52.252 46.175 1.616
57.831 44.286 -1.641
60.184 40.783 -6.922
59.657 35.021 -10.593
55.229 33.788 -15.678
49.674 34.195 -18.733
43.517 36.924 -20.540
41.648 42.400 -24.175
41.578 48.036 -26.624
45.572 53.499 -28.799
51.600 54.707 -31.305
57.024 53.302 -34.477
59.518 50.999 -39.785
42.310 50.322 -44.284
42.830 43.589 -42.441
46.546 39.100 -40.356
51.132 36.561 -35.979
57.717 37.678 -33.469
59.602 42.426 -29.042
59.289 47.956 -25.350
56.429 51.663 -20.832
51.851 52.045 -16.120
45.623 50.770 -13.372
42.365 45.524 -10.862
41.540 38.730 -9.676
44.537 32.966 -8.633
48.653 29.531 -4.771
55.189 28.626 -1.996
57.761 30.493 3.456
58.325 35.177 8.508
17.935 138.346 27.497
12.194 138.674 23.960
9.330 136.107 18.600
9.076 132.205 13.158
11.200 126.881 9.610
13.677 120.623 11.069
18.209 117.049 14.993
17.951 113.954 20.920
15.753 112.014 26.487
10.559 109.373 29.505
4.210 108.368 31.043
-0.372 105.022 27.943
-3.192 101.954 23.260
-3.527 97.844 17.906
-0.724 94.668 12.685
3.843 90.660 11.284
10.307 88.952 10.935
13.793 86.969 16.563
13.246 84.984 23.007
10.039 80.600 26.758
5.881 76.416 28.940
3.810 69.356 27.548
2.284 64.471 23.186
5.545 60.444 19.592
10.108 58.020 15.543
15.564 57.619 12.510
22.165 58.948 11.216
26.763 63.131 14.504
28.251 65.213 20.755
30.327 62.765 26.471
30.936 57.776 30.916
32.329 51.887 33.053
33.861 45.651 31.658
39.546 42.861 28.655
43.447 42.160 23.258
48.132 44.862 19.258
50.947 50.291 16.429
53.192 56.302 16.900
53.235 62.765 19.536
56.548 64.975 24.811
58.795 64.234 31.228
63.954 61.488 34.367
70.452 59.670 33.687
75.855 59.208 29.902
79.245 60.789 24.818
80.342 62.623 18.390
79.484 67.978 14.621
75.640 73.682 13.426
74.055 79.121 16.577
74.191 83.259 21.870
77.476 85.981 27.067
83.139 88.371 28.911
89.827 88.849 28.114
94.583 90.589 23.712
96.920 94.881 21.271
96.756 96.475 14.286
93.842 100.404 9.983
88.424 102.415 7.040
81.450 102.119 7.509
77.085 105.172 11.513
75.201 108.405 17.429
76.357 114.010 20.618
78.656 120.439 20.712
80.189 125.771 17.282
79.968 129.831 12.048
76.796 131.709 6.735
72.567 130.841 1.860
68.935 126.404 -1.958
63.227 123.325 -0.790
58.581 121.112 3.466
54.734 122.415 9.007
50.881 127.528 10.949
49.306 134.005 11.761
46.776 138.935 8.220
43.498 140.834 2.779
40.540 140.162 -3.320
37.044 136.824 -7.601
35.805 131.129 -11.469
33.170 125.398 -9.787
33.743 120.311 -4.952
28.994 118.938 -0.186
24.643 120.987 4.826
18.547 123.802 5.522
12.713 125.087 2.515
8.537 124.069 -2.259
5.823 121.992 -8.051
5.657 116.671 -11.802
7.193 110.580 -13.184
11.954 105.883 -12.556
14.662 101.259 -8.624
14.742 99.337 -1.972
10.369 97.565 2.845
4.681 94.855 4.393
0.149 90.416 3.178
-1.553 85.219 -0.520
-1.788 81.453 -5.672
1.147 77.199 -9.892
5.764 75.656 -14.808
12.052 74.040 -14.554
18.493 76.064 -12.857
21.730 74.203 -7.453
21.821 72.729 -0.663
20.465 67.009 2.725
17.087 61.211 4.367
17.911 54.809 2.579
20.231 49.755 -1.349
23.118 47.720 -7.011
28.967 47.538 -9.683
34.718 49.987 -12.343
39.133 55.477 -11.797
42.909 57.267 -6.379
44.460 57.292 0.065
44.643 53.275 5.833
47.440 48.011 8.078
52.589 43.965 6.890
57.107 40.040 3.769
61.688 40.786 -0.992
65.447 43.810 -5.698
66.611 49.335 -8.938
66.729 56.060 -9.031
67.122 61.788 -6.244
67.216 66.162 -0.847
70.970 66.784 4.818
76.388 65.035 8.419
82.500 64.542 8.158
88.511 63.884 5.300
92.098 65.513 -0.178
93.123 68.992 -5.444
91.307 72.323 -11.213
86.548 76.222 -13.912
82.748 81.387 -13.970
78.709 86.450 -11.327
79.759 91.216 -7.072
82.788 93.799 -1.560
88.449 97.586 -1.610
93.318 100.860 -4.636
96.915 103.472 -9.241
96.664 106.634 -15.054
92.426 109.787 -19.244
86.258 109.894 -22.564
80.264 112.279 -21.017
75.173 113.389 -16.960
73.159 116.302 -11.420
74.015 121.040 -6.913
76.052 127.427 -6.192
80.445 132.642 -6.101
81.440 128.440 -23.556
86.794 128.127 -20.487
89.110 124.979 -15.065
89.296 123.670 -8.209
86.311 119.601 -3.877
82.653 113.729 -3.989
77.772 110.009 -7.046
77.124 105.656 -11.821
79.002 102.047 -16.842
83.459 99.033 -20.898
88.961 95.575 -21.580
93.830 92.970 -17.879
96.393 89.955 -12.737
96.121 86.642 -7.064
93.517 85.541 -0.729
88.113 83.468 1.987
80.986 83.498 1.851
77.456 79.891 -2.604
77.347 75.823 -8.305
79.899 70.978 -11.464
82.745 65.046 -12.385
83.963 59.375 -9.614
84.531 55.180 -4.391
81.823 52.679 0.934
77.004 52.043 5.223
71.013 52.391 7.686
65.181 55.985 8.972
61.406 59.416 4.584
59.607 60.402 -1.690
57.412 57.055 -6.733
56.185 51.495 -10.328
54.287 45.078 -10.744
50.550 40.106 -7.939
45.810 38.195 -3.862
41.030 39.816 0.063
37.311 44.136 3.800
35.700 50.498 5.301
34.258 56.377 3.338
34.915 61.924 -0.775
31.589 63.249 -6.360
29.076 61.318 -12.598
23.494 58.097 -14.815
17.114 57.274 -13.359
11.757 58.781 -9.607
8.893 62.168 -4.865
9.018 65.415 1.318
9.973 71.978 2.309
14.594 77.076 2.486
16.751 81.426 -1.836
17.204 84.153 -7.888
14.015 85.921 -13.723
8.365 88.767 -15.030
2.225 90.974 -14.689
-1.928 94.445 -12.272
-3.486 99.349 -8.358
-2.890 103.255 -3.272
0.758 106.690 0.766
6.590 108.002 3.668
13.461 106.527 3.087
17.668 107.965 -1.948
19.383 109.474 -8.374
18.318 113.821 -13.129
18.587 120.572 -14.119
18.102 126.787 -12.179
17.921 131.948 -7.951
21.450 134.574 -3.039
25.771 134.218 1.979
29.192 130.331 6.598
34.396 126.421 6.115
38.511 122.557 2.550
42.132 122.127 -3.401
45.955 125.795 -7.296
49.733 131.221 -8.143
53.006 136.290 -5.798
56.259 139.424 -1.039
59.209 139.550 4.825
62.078 137.013 9.955
62.091 132.184 15.023
63.843 125.864 14.990
62.873 119.915 11.433
67.398 116.865 7.003
72.115 117.058 1.968
78.482 118.805 0.865
84.415 119.965 3.546
88.299 119.613 9.057
90.775 118.158 14.826
89.370 114.444 20.318
87.226 108.849 22.836
81.249 105.033 23.234
79.362 99.406 20.164
78.744 96.593 13.773
82.705 92.829 9.830
88.059 89.051 9.236
91.813 84.740 11.155
93.441 80.651 15.436
91.750 76.964 20.547
89.961 75.479 26.964
83.981 74.699 31.079
77.516 74.424 30.683
71.432 76.475 28.274
67.982 73.961 23.446
67.933 71.497 16.860
69.162 65.163 14.886
70.437 58.372 15.448
69.272 53.106 19.031
67.527 49.435 24.426
63.137 49.294 29.571
57.485 50.853 32.240
51.862 54.393 33.555
48.067 59.793 31.628
44.766 60.672 25.656
43.295 59.424 19.431
41.796 54.668 14.938
38.284 49.105 14.200
33.365 45.581 16.132
27.998 43.956 19.495
23.307 46.250 23.849
20.263 50.741 27.568
19.737 57.356 29.920
21.031 63.646 28.606
21.462 68.553 24.595
21.875 71.805 18.463
18.364 71.482 12.639
12.693 70.125 9.480
6.214 70.247 9.752
0.187 70.697 12.350
-3.069 74.578 16.557
-3.621 79.585 20.898
-1.353 83.621 25.802
4.426 87.096 28.629
9.123 91.511 27.521
13.789 95.307 24.021
13.504 99.112 18.720
10.897 100.679 12.409
5.998 105.188 11.095
2.179 109.996 13.143
-1.582 113.567 17.008
-0.720 118.379 21.310
3.011 121.415 26.361
9.017 122.013 29.513
15.760 122.112 28.225
21.007 121.663 23.983
23.682 123.030 18.115
23.654 126.912 12.659
22.367 133.131 10.351
19.312 139.004 9.454
8.573 46.526 33.303
15.790 46.268 35.846
19.991 46.526 41.190
22.586 45.179 47.104
21.806 40.440 52.240
19.654 34.654 54.721
17.380 29.186 53.792
21.609 22.893 55.017
26.167 19.387 52.700
32.010 18.533 49.467
36.425 20.009 44.241
39.227 25.401 41.377
42.373 31.372 42.612
44.936 35.527 47.075
40.757 25.501 60.865
36.055 31.414 59.695
34.075 36.816 54.677
33.120 37.624 47.355
31.903 34.540 41.808
28.810 29.855 38.418
26.576 23.668 37.104
21.602 27.842 38.038
14.210 30.044 37.902
9.447 30.867 42.646
7.491 34.501 47.727
7.984 39.538 51.889
10.837 46.402 53.085
11.717 51.885 50.065
58.429 34.838 37.229
60.572 28.219 37.083
62.385 22.998 40.567
60.156 18.884 45.605
56.206 17.139 51.089
50.521 16.819 53.052
45.124 18.368 54.061
45.648 21.585 35.760
44.372 26.561 39.559
43.903 29.002 45.989
47.913 30.446 51.038
52.987 29.256 55.203
59.567 29.834 55.324
65.647 30.369 52.975
58.844 35.293 37.190
61.689 28.844 37.303
63.010 23.246 40.501
60.829 19.028 45.502
56.819 16.978 50.880
50.739 16.693 52.639
45.556 17.837 54.298
46.139 22.185 35.279
44.771 26.423 39.162
44.629 29.119 45.539
48.497 30.216 50.867
53.429 29.303 55.006
60.049 29.535 55.049
66.194 30.356 52.808
9.370 46.536 33.596
15.852 46.217 36.340
20.215 46.699 41.317
22.636 45.001 47.409
22.386 40.284 51.501
19.641 34.892 54.593
17.458 29.210 53.648
21.678 22.891 54.782
26.307 19.302 52.534
32.270 18.409 49.224
36.356 19.569 43.799
39.548 24.892 41.488
43.170 31.195 42.873
44.898 36.400 47.063
40.286 26.363 60.479
36.342 31.392 58.929
33.854 36.275 54.558
32.920 37.633 47.956
31.357 34.733 42.214
28.267 30.164 38.813
26.646 23.728 36.973
21.791 28.105 38.232
14.291 30.062 37.839
9.639 31.085 42.704
7.432 34.614 47.750
7.735 40.075 51.217
11.454 45.941 53.068
41.591 15.670 -4.319
35.832 18.017 -2.642
28.862 18.118 -2.458
23.437 14.596 -2.256
20.881 10.669 2.060
18.712 17.040 -0.084
13.710 20.803 2.740
9.118 22.198 7.328
5.939 22.387 13.242
7.879 22.806 19.864
12.495 22.956 24.669
18.536 25.697 25.814
24.299 28.636 24.115
28.098 32.715 20.263
27.972 38.672 17.728
9.846 39.386 19.011
12.471 38.426 13.208
17.040 35.386 9.411
21.984 30.680 9.604
25.770 26.128 12.740
25.282 21.016 16.803
22.193 15.903 19.922
17.649 11.540 19.100
12.074 8.873 16.521
10.284 6.694 10.793
42.865 4.694 5.512
36.574 4.092 7.264
34.084 0.171 2.641
30.896 -0.059 -3.085
27.848 2.881 -8.290
27.593 8.259 -12.563
8.501 0.687 12.203
-6.400 1.495 26.821
-3.746 7.100 25.054
0.682 12.304 25.722
6.389 13.714 23.553
1.410 18.638 25.057
-0.808 23.822 21.203
-0.148 27.068 15.380
1.938 29.042 9.343
2.614 26.748 2.390
1.934 22.411 -2.276
-5.640 11.312 9.372
0.144 8.895 6.528
6.128 11.380 5.284
10.568 15.671 6.589
13.148 20.868 9.686
13.508 -3.602 22.018
13.126 -0.128 28.000
12.211 4.124 32.784
7.532 6.859 36.473
16.038 23.164 14.248
18.442 23.281 16.060
20.311 22.558 14.211
-8.376 -20.421 -21.731
-10.748 -14.105 -21.396
-16.461 -11.274 -19.846
-22.830 -10.880 -17.364
-26.165 -10.802 -11.527
-26.287 -10.435 -5.191
-23.485 -9.599 0.597
-18.661 -10.027 5.590
-12.112 -8.145 6.389
-9.628 0.990 -9.232
-6.825 -4.655 -7.183
-6.303 -10.361 -4.331
-9.167 -16.375 -3.852
-13.746 -21.007 -1.953
-19.350 -23.286 -4.593
-24.437 -23.007 -9.383
-26.875 -20.264 -15.208
-26.270 -18.343 -21.729
37.235 62.360 56.348
41.215 64.901 60.838
44.530 65.904 65.944
47.950 63.850 71.655
49.810 59.810 76.419
53.042 54.148 76.943
56.134 48.320 74.085
58.100 45.353 68.864
60.743 44.895 62.815
61.970 62.429 59.736
57.251 58.835 56.769
53.967 53.079 57.314
51.365 47.552 60.141
47.936 45.204 65.024
43.445 46.106 69.479
39.433 50.026 72.921
37.195 55.420 76.323
34.465 61.116 74.492
-1.077 0.895 12.596
-1.109 6.124 8.511
0.102 11.536 5.971
5.249 15.843 4.112
10.297 20.207 5.741
16.809 19.587 6.762
22.285 15.672 6.927
25.429 9.794 6.406
26.026 3.458 4.127
12.001 4.216 -6.785
11.564 0.749 -1.226
14.646 0.209 4.474
18.377 2.039 9.894
18.386 6.378 14.913
15.548 11.286 18.063
11.450 15.542 19.493
5.422 19.523 19.015
-0.960 18.556 16.585
-29.383 15.153 72.840
-22.875 15.733 72.324
-16.900 14.208 71.726
-12.484 10.652 67.858
-9.703 4.808 65.536
-10.809 0.531 60.711
-14.855 -1.546 55.563
-20.005 -0.235 51.244
-23.993 3.383 47.863
-16.546 18.491 52.439
-22.538 17.220 55.408
-26.325 11.678 56.029
-27.748 5.209 56.462
-26.492 -0.388 59.807
-23.891 -3.060 65.148
-20.445 -3.302 70.383
-16.316 -1.254 75.581
-18.136 3.423 80.372
-7.375 16.338 21.431
-11.117 11.239 22.829
-13.024 5.830 24.786
-13.099 1.330 30.087
-10.030 -2.941 34.457
-7.038 -2.195 40.305
-4.325 1.674 45.311
-3.726 8.067 47.797
-5.895 13.046 49.615
-21.112 13.071 40.899
-16.089 16.422 37.984
-9.686 17.145 38.674
-3.329 15.237 40.383
1.429 10.877 38.897
3.534 5.768 35.306
3.163 1.264 30.877
0.829 -2.236 25.212
-3.345 -1.243 19.860
14.470 30.939 14.421
10.746 32.902 19.653
9.372 32.360 26.191
11.442 31.604 32.052
14.500 28.846 37.304
20.458 28.029 39.982
27.295 28.653 38.744
32.495 29.992 34.837
34.905 35.294 31.822
34.777 41.803 30.848
33.972 47.489 32.717
33.281 52.712 37.140
34.346 54.092 43.288
35.952 52.097 49.636
37.074 46.801 54.490
41.370 41.400 55.279
46.940 38.132 53.881
52.934 36.910 51.523
58.690 40.042 51.226
9.697 -29.576 41.557
9.850 -23.117 42.942
8.747 -17.177 40.522
7.059 -14.146 34.806
5.364 -13.890 28.208
-1.061 -14.393 25.761
-6.641 -18.168 24.001
-11.695 -21.722 26.156
-16.379 -22.915 30.847
-19.132 -23.063 36.835
-22.419 -18.736 40.489
-23.075 -13.756 44.106
-23.607 -7.172 43.772
-24.733 -1.750 40.480
-25.842 0.430 34.160
-27.806 0.279 27.854
-34.169 -0.184 25.471
-39.662 -3.929 23.440
-44.880 -7.133 25.391
-49.879 -7.482 29.756
-41.801 2.861 40.799
-42.314 -3.647 42.721
-41.153 -9.917 40.525
-39.772 -13.194 35.002
-37.709 -13.679 28.493
-31.284 -13.281 26.018
-25.802 -9.426 23.991
-20.797 -5.780 26.026
-16.265 -3.907 30.438
-13.222 -4.433 36.438
-10.182 -7.963 39.667
-9.067 -12.769 43.436
-7.864 -18.974 43.326
-8.047 -25.079 40.560
-6.565 -27.584 34.698
-4.807 -27.629 28.276
1.576 -27.323 25.889
7.084 -23.786 23.787
12.417 -20.780 25.144
17.512 -19.861 29.098
22.316 25.526 71.272
22.087 19.107 71.000
22.704 12.954 67.728
24.600 10.286 61.920
29.372 10.682 57.654
35.166 12.971 55.091
40.763 16.644 55.305
45.263 19.406 58.747
48.538 19.409 64.208
50.715 17.727 70.191
52.650 13.023 74.150
52.163 6.296 77.275
54.108 0.667 74.164
55.082 -3.452 69.091
57.755 -4.214 63.646
62.322 -1.924 58.993
67.929 1.615 57.085
74.286 0.728 58.091
79.403 2.165 63.339
69.291 -14.518 66.846
70.074 -10.105 73.036
71.133 -3.519 75.356
70.527 2.938 74.623
71.011 8.427 70.276
67.566 10.483 65.141
62.263 10.006 60.651
56.788 6.762 58.124
51.134 3.344 59.039
46.425 1.375 62.839
41.632 2.803 67.288
39.695 6.586 73.398
39.399 13.000 74.611
37.725 19.050 72.220
37.374 24.427 68.007
35.371 26.773 62.030
31.553 26.969 56.265
26.746 23.380 53.039
20.718 18.821 53.131
77.917 49.847 76.807
79.776 43.498 76.150
80.810 37.271 73.185
83.761 34.891 67.787
87.809 36.164 62.537
92.569 39.111 58.860
97.655 43.514 57.540
102.523 46.511 60.686
106.214 46.402 65.961
108.939 45.320 71.716
112.224 40.803 74.636
112.814 34.468 77.504
114.603 28.884 74.304
116.197 25.304 68.790
118.137 24.815 62.822
121.937 27.545 58.039
126.594 31.214 55.663
133.064 31.908 55.698
138.453 34.853 60.035
132.120 16.729 65.660
132.216 21.861 71.197
132.478 28.063 73.093
130.690 34.465 72.366
129.746 39.869 68.030
125.745 41.002 63.027
120.107 39.448 59.411
114.907 35.385 58.067
109.886 31.103 59.715
105.784 28.720 63.944
101.400 29.661 68.970
99.867 32.543 74.967
98.494 38.825 76.525
97.530 45.130 75.253
96.137 50.579 71.564
92.886 52.698 66.041
88.634 50.841 60.807
84.319 47.220 58.361
79.254 42.651 58.501
-5.683 -16.794 35.081
-4.988 -10.413 32.703
-4.936 -3.756 34.398
-2.445 0.759 38.519
-0.979 3.849 44.304
4.240 4.141 48.283
10.057 1.562 50.572
14.387 -3.896 50.835
17.309 -8.468 46.912
19.905 -9.492 40.930
23.716 -7.599 36.059
24.784 -2.386 31.529
27.767 3.558 32.193
30.921 8.118 36.147
32.869 10.205 42.591
36.292 7.775 48.195
41.154 4.061 50.568
46.336 -0.393 50.548
51.870 -1.162 46.737
50.617 18.412 42.556
48.980 15.432 36.580
48.619 9.696 32.833
46.528 3.749 32.775
45.412 -2.723 34.796
41.664 -6.314 39.156
37.713 -6.386 44.709
34.977 -2.821 49.815
30.595 2.247 50.465
26.094 6.049 47.465
22.193 8.327 42.891
18.570 7.705 37.791
14.860 3.784 33.332
12.562 -2.728 33.275
12.336 -8.892 36.440
10.690 -11.535 42.625
7.060 -11.557 48.210
2.688 -9.072 53.094
-3.355 -6.260 52.582
16.917 62.949 16.946
20.565 60.000 11.661
24.980 54.935 10.980
30.042 50.792 12.336
32.630 46.487 16.370
34.551 43.600 22.266
31.094 39.499 25.842
26.145 35.258 26.791
20.746 32.236 24.397
16.146 30.571 19.769
14.751 28.808 13.513
17.426 25.381 8.394
21.986 24.121 3.255
27.301 19.795 2.797
31.654 15.845 6.549
34.317 13.238 11.935
33.673 11.947 18.703
29.945 8.530 23.274
22.601 0.217 7.356
18.382 4.524 10.733
17.431 9.539 14.853
18.792 12.410 20.972
24.068 16.081 23.066
29.412 19.448 21.116
33.770 22.475 17.301
34.289 27.311 12.638
31.255 31.746 9.263
26.178 34.969 5.807
21.232 38.647 7.452
17.376 41.275 12.696
15.205 42.560 18.562
16.549 45.671 23.987
20.819 48.853 28.308
27.605 49.944 30.168
32.567 53.530 27.509
34.450 55.358 21.864
-28.655 57.577 16.363
-27.243 58.511 10.669
-23.893 58.814 4.947
-22.393 55.696 -0.885
-24.515 51.602 -4.640
-28.586 46.647 -7.413
-33.090 41.720 -7.880
-39.476 41.300 -7.339
-45.727 41.688 -4.839
-50.867 45.808 -3.972
-40.950 56.569 -16.108
-42.686 60.612 -10.818
-43.252 59.538 -4.057
-44.464 55.319 1.272
-43.952 49.427 4.490
-40.575 43.775 5.440
-34.768 40.943 6.049
-34.779 40.891 6.053
-28.899 40.857 6.464
-28.513 40.548 5.365
-21.539 41.803 5.699
-18.916 41.501 7.069
-19.281 38.794 8.087
-27.104 58.008 11.074
-23.891 58.805 5.036
-22.756 55.827 -0.866
-24.091 51.117 -4.605
-28.128 46.264 -7.464
-33.212 41.913 -7.939
-39.405 39.957 -6.499
-45.634 41.766 -4.921
-50.916 45.660 -3.806
-40.658 56.529 -15.613
-42.671 60.516 -10.647
-43.227 59.286 -3.960
-44.530 55.433 1.453
-43.425 49.641 4.659
-40.377 43.715 5.493
-34.703 40.663 6.108
-28.724 40.117 6.445
-21.648 41.791 5.649
-19.044 41.465 6.959
-19.347 38.892 7.984
-28.235 57.512 16.038
-27.119 58.326 10.856
-23.848 58.839 4.941
-22.699 55.849 -0.933
-24.061 51.092 -4.732
-28.263 46.255 -7.522
-33.313 42.013 -8.057
-39.384 39.945 -6.530
-45.663 41.642 -4.982
-50.936 45.656 -3.925
-40.422 56.288 -15.759
-42.418 60.242 -10.877
-43.145 59.323 -4.028
-44.485 55.439 1.354
-43.477 49.777 4.583
-40.452 43.896 5.525
-34.741 40.801 6.115
-34.736 40.816 6.118
-28.673 40.307 6.241
-28.258 40.179 4.799
-21.532 41.882 5.802
-18.890 41.560 7.092
-19.312 38.835 8.007
-27.008 58.345 11.126
-23.972 59.028 5.032
-22.868 55.995 -0.839
-24.383 51.300 -4.809
-28.650 46.789 -7.490
-33.163 42.152 -8.221
-39.693 41.005 -7.189
-45.867 41.844 -4.637
-51.028 45.844 -3.931
-42.525 60.496 -10.595
-43.230 59.701 -3.774
-44.101 55.775 1.488
-43.294 49.762 4.680
-40.494 43.914 5.602
-34.744 40.889 6.201
-34.732 40.893 6.192
-28.921 40.072 6.938
-28.179 39.873 5.785
-21.634 41.852 5.716
-18.988 41.628 7.067
-19.319 38.961 8.099
-28.771 57.899 16.098
-27.685 57.675 10.656
-24.051 59.414 4.948
-22.800 56.446 -0.981
-24.501 51.699 -5.031
-28.996 46.937 -7.737
-33.857 42.549 -8.559
-40.167 40.829 -7.309
-46.225 41.851 -5.155
-51.457 45.667 -3.842
-42.533 60.024 -10.896
-43.221 59.529 -3.949
-44.737 55.666 1.607
-43.533 49.790 4.509
-40.790 43.925 5.527
-35.011 40.850 5.774
-28.858 40.755 5.157
-21.735 42.023 5.909
-19.062 41.644 7.169
-19.306 39.151 8.358
-29.018 57.044 15.996
-26.444 57.924 10.768
-24.042 59.032 4.871
-22.638 56.115 -1.090
-24.479 51.571 -5.051
-28.556 46.678 -7.467
-32.942 41.815 -8.267
-39.557 41.037 -7.500
-45.828 41.538 -5.029
-51.001 45.679 -3.907
-40.995 56.351 -16.052
-42.590 60.460 -10.692
-43.426 59.405 -3.847
-44.323 55.336 1.427
-43.504 49.386 4.606
-40.507 43.764 5.576
-34.804 40.686 5.936
-28.570 40.706 6.213
-22.094 42.132 5.622
-29.595 57.010 15.870
-26.887 58.041 10.908
-23.924 58.983 4.992
-22.460 55.995 -0.785
-24.707 51.739 -4.834
-28.690 46.799 -7.487
-33.087 41.900 -8.259
-39.518 41.038 -7.536
-45.748 41.246 -5.019
-50.768 45.582 -3.948
-41.045 56.698 -16.099
-42.225 60.288 -10.817
-43.135 59.113 -3.938
-44.174 55.098 1.371
-43.521 49.308 4.805
-40.400 43.519 5.603
-34.652 40.549 5.987
-28.331 40.402 5.900
-22.422 42.320 6.213
-29.305 57.356 15.815
-27.331 57.983 10.658
-29.577 57.114 15.587
-24.056 58.747 4.881
-26.891 58.111 10.964
-22.481 56.022 -1.026
-24.007 59.001 5.034
-24.678 51.501 -5.200
-22.410 56.134 -0.779
-28.528 46.444 -7.775
-24.774 51.839 -4.807
-33.313 42.031 -8.206
-28.779 46.855 -7.466
-39.923 40.908 -7.665
-33.261 42.031 -8.164
-45.962 41.603 -5.412
-39.615 41.174 -7.486
-51.400 45.526 -3.967
-45.819 41.535 -5.007
-40.975 56.531 -15.647
-42.639 60.230 -10.509
-42.602 60.172 -10.487
-43.187 59.257 -3.808
-43.271 59.154 -3.816
-44.268 55.324 1.511
-44.344 55.379 1.528
-43.426 49.389 4.849
-43.437 49.539 4.605
-40.358 43.687 5.687
-40.468 43.645 5.401
-34.649 40.669 6.019
-34.776 40.591 5.758
-28.326 40.540 5.902
-28.371 40.859 5.579
-22.441 42.394 6.209
-28.918 56.929 16.072
-27.735 56.497 10.199
-24.009 58.750 5.031
-22.808 55.952 -0.986
-24.125 51.249 -4.803
-28.456 46.594 -7.279
-33.286 42.001 -7.990
-39.647 40.551 -6.998
-45.978 41.741 -5.092
-51.166 45.594 -3.648
-40.954 56.373 -15.405
-42.936 60.519 -10.271
-43.474 59.248 -3.576
-44.488 55.401 1.773
-43.460 49.572 4.791
-40.483 43.749 5.467
-34.762 40.613 6.022
-28.273 40.288 6.051
36.227 8.380 -5.636
31.665 12.002 -3.888
24.851 13.946 -4.187
19.256 11.840 -1.523
16.243 7.690 2.578
12.534 13.078 -0.304
9.735 18.058 3.336
6.652 20.443 8.935
4.294 21.579 15.258
6.996 22.042 21.635
12.086 22.180 25.992
18.303 24.507 26.742
23.795 27.436 24.610
28.046 30.602 20.456
28.050 36.122 16.734
9.897 36.773 17.802
12.425 34.953 12.171
17.377 32.111 8.507
21.291 26.545 9.033
24.610 21.894 12.665
23.341 17.169 17.140
19.688 13.410 21.337
14.291 10.075 21.262
8.406 8.299 18.400
30.103 -1.597 8.136
26.668 -4.443 3.540
23.250 -4.279 -2.029
21.562 -1.573 -7.573
20.653 3.097 -12.616
5.175 5.176 14.814
3.905 2.619 13.848
4.143 1.209 16.208
36.040 8.411 -5.817
31.222 12.180 -4.067
24.508 13.892 -3.769
18.735 11.006 -2.320
16.091 7.575 2.625
12.465 13.018 -0.077
9.615 17.931 3.544
6.758 20.487 8.966
4.282 21.633 15.305
7.040 22.049 21.654
12.235 22.211 25.956
18.371 24.410 26.731
24.114 27.003 24.533
28.068 30.109 20.072
28.074 35.885 16.990
10.053 36.420 17.671
12.418 34.743 12.316
17.430 31.749 8.541
21.312 26.266 9.341
24.351 21.576 12.398
23.268 16.827 17.170
19.528 13.238 21.259
13.936 9.962 21.100
7.835 8.425 19.205
30.069 -1.826 7.955
26.540 -4.465 3.386
23.016 -4.246 -2.029
21.105 -1.377 -7.620
20.094 3.172 -12.436
5.156 5.029 14.660
4.038 2.512 13.798
4.115 0.989 16.303
37.120 9.300 1.745
33.310 13.358 0.518
26.288 14.258 0.965
19.877 11.799 0.309
17.063 7.514 4.249
13.120 12.842 1.643
9.995 17.907 5.010
6.633 20.403 10.499
3.856 21.613 16.528
6.432 22.308 22.852
11.780 23.564 26.793
18.473 25.174 27.249
24.699 26.738 24.766
29.271 29.235 20.485
29.515 34.910 16.654
11.369 35.282 16.373
14.476 33.708 11.151
19.498 30.102 8.068
23.329 24.729 9.908
25.312 20.054 14.594
23.443 16.426 20.170
18.984 12.543 22.494
13.124 9.695 22.783
7.464 8.207 19.990
30.162 -2.225 9.499
26.932 -4.583 4.566
23.889 -3.790 -1.071
22.335 0.269 -6.208
23.753 5.664 -10.111
4.084 4.610 16.186
2.965 2.107 15.278
2.874 0.536 17.578
36.913 8.062 -5.594
31.741 12.491 -4.020
25.156 14.493 -3.912
19.392 12.287 -1.668
16.320 7.998 2.522
12.648 13.317 -0.106
9.672 18.332 3.388
6.708 20.677 9.015
4.383 21.820 15.278
7.218 22.407 21.679
12.586 22.572 25.774
18.878 24.469 26.360
24.197 27.478 24.088
28.378 30.778 19.753
28.066 36.267 16.125
9.774 36.673 17.489
12.395 34.693 12.018
17.115 31.894 8.272
21.447 26.560 8.720
24.539 21.739 12.384
23.573 17.355 17.351
19.792 13.712 21.310
14.259 10.284 21.155
8.557 8.653 18.774
8.596 8.499 18.778
5.278 6.364 15.287
29.850 -1.314 7.716
26.349 -4.050 3.280
22.671 -3.662 -2.229
20.081 -0.251 -7.292
20.606 4.309 -12.188
5.179 5.440 14.937
4.135 2.824 13.985
4.308 1.111 16.172
4.083 1.037 16.186
3.843 2.477 13.827
36.457 8.330 -5.428
31.708 12.640 -4.043
25.154 14.560 -4.042
19.385 12.232 -1.651
16.379 8.006 2.588
12.623 13.447 -0.160
9.674 18.442 3.417
6.710 20.785 9.046
4.338 21.909 15.311
7.192 22.552 21.665
12.495 22.595 25.896
18.724 24.757 26.514
24.035 27.902 24.251
28.117 31.068 19.839
27.968 36.586 16.081
9.833 37.082 17.589
12.748 35.479 11.847
17.193 31.666 8.671
21.535 26.944 8.812
24.697 22.125 12.659
23.536 17.465 17.262
19.737 13.825 21.251
14.175 10.473 21.168
8.531 8.846 18.735
8.529 8.847 18.737
5.135 6.619 15.246
29.836 -1.099 7.663
26.179 -4.161 3.222
22.513 -3.717 -2.260
20.082 -0.329 -7.369
20.492 4.231 -12.299
5.112 5.231 14.786
3.992 2.831 13.850
4.206 1.296 16.129
4.076 0.814 16.101
3.822 2.463 13.929
36.729 8.213 -5.259
31.819 12.476 -3.878
25.261 14.206 -3.722
19.414 11.979 -1.656
16.609 7.874 2.647
12.619 13.502 0.169
9.993 18.309 3.783
6.753 20.859 8.948
4.246 21.893 15.301
7.110 22.547 21.697
12.384 22.556 25.915
18.635 24.801 26.682
24.089 27.971 24.393
28.036 31.350 20.084
27.857 36.815 16.182
9.772 37.466 17.579
12.540 35.772 11.872
16.892 32.122 8.608
21.378 26.898 8.951
24.623 22.171 12.585
23.419 17.517 17.138
19.666 13.810 21.243
14.096 10.457 21.175
8.562 8.723 18.866
5.043 6.467 15.285
29.966 -1.307 7.675
26.212 -4.257 3.224
22.598 -3.885 -2.305
20.509 -0.835 -7.693
20.631 3.849 -12.508
4.134 0.379 15.766
4.067 0.879 16.070
3.996 2.559 14.021
3.902 2.566 13.880
36.802 8.659 -5.643
31.451 12.480 -4.286
25.138 14.310 -3.804
19.084 12.116 -1.802
15.960 8.087 2.271
12.385 13.442 -0.354
9.564 18.551 3.336
6.585 20.857 8.994
4.322 21.877 15.401
7.211 22.422 21.737
12.404 22.645 26.045
18.594 24.788 26.798
23.871 27.939 24.641
28.024 31.459 20.711
27.674 36.772 16.451
9.645 37.225 17.496
12.598 35.373 11.750
16.960 31.820 8.685
21.823 26.939 9.130
24.830 22.118 12.737
23.649 17.389 17.186
19.769 13.769 21.280
14.074 10.439 21.156
8.485 8.885 18.662
4.990 6.703 15.238
29.775 -1.339 7.595
26.187 -4.166 3.195
22.628 -3.952 -2.379
21.070 -1.260 -8.066
20.438 3.741 -12.743
4.018 1.171 16.186
3.867 2.813 13.962
36.577 8.533 -5.337
31.730 12.493 -3.692
25.242 14.349 -3.567
19.231 11.789 -1.888
16.577 7.906 2.644
12.642 13.482 0.034
9.687 18.486 3.492
6.655 20.891 9.064
4.190 21.942 15.332
7.033 22.569 21.717
12.333 22.499 25.952
18.505 24.849 26.682
23.928 28.039 24.404
27.940 31.326 20.073
27.757 36.843 16.164
9.684 37.411 17.540
12.508 35.862 11.787
16.809 32.154 8.565
21.430 27.038 8.967
24.554 22.243 12.624
23.301 17.469 17.009
19.618 13.826 21.240
14.057 10.453 21.147
8.522 8.699 18.959
5.020 6.482 15.298
29.837 -1.320 7.747
26.144 -4.251 3.271
22.515 -3.869 -2.271
20.100 -0.515 -7.414
20.628 3.967 -12.414
4.050 0.427 15.779
3.936 2.650 13.954
36.576 8.613 -5.344
31.620 12.447 -3.735
25.113 14.267 -3.554
19.197 11.811 -1.908
16.206 7.952 2.642
12.554 13.432 -0.020
9.658 18.415 3.495
6.633 20.808 9.087
4.189 21.865 15.355
6.998 22.516 21.751
12.257 22.497 25.988
18.375 24.910 26.708
23.719 28.036 24.468
27.753 31.268 20.170
27.624 36.709 16.181
9.661 37.358 17.505
12.403 35.641 11.789
16.831 32.035 8.569
21.366 26.976 9.007
24.379 22.158 12.649
23.213 17.410 17.155
19.565 13.766 21.303
14.011 10.435 21.215
8.484 8.665 18.979
5.000 6.425 15.291
29.706 -1.428 7.716
26.074 -4.319 3.313
22.533 -3.888 -2.243
20.479 -0.853 -7.597
20.583 3.855 -12.370
3.996 0.453 15.798
3.875 2.649 13.940
36.594 8.574 -5.270
31.766 12.486 -3.372
25.113 14.579 -3.604
19.183 12.069 -1.846
16.402 8.028 2.710
12.664 13.445 0.027
9.742 18.411 3.540
6.717 20.805 9.151
4.256 21.917 15.376
7.111 22.547 21.713
12.436 22.724 25.848
18.604 24.832 26.438
23.938 27.876 24.106
27.968 31.114 19.604
27.704 36.582 15.988
9.532 36.956 17.198
12.177 34.895 11.796
16.896 31.853 8.242
21.306 26.745 8.794
24.486 22.064 12.478
23.367 17.506 17.156
19.701 13.826 21.230
14.129 10.532 21.150
8.551 8.665 18.995
5.036 6.465 15.302
29.799 -1.195 7.801
26.225 -4.069 3.326
22.505 -3.651 -2.171
19.890 -0.129 -7.147
20.661 4.259 -12.167
3.969 0.494 15.916
3.969 2.621 13.966
36.535 8.659 -5.423
31.808 12.460 -3.420
25.111 14.543 -3.613
19.183 12.007 -1.936
16.402 8.004 2.699
12.607 13.450 -0.019
9.690 18.498 3.530
6.751 20.821 9.082
4.306 21.886 15.360
7.161 22.492 21.686
12.429 22.607 25.963
18.572 24.867 26.507
24.010 27.823 24.234
28.074 30.958 19.698
27.825 36.605 16.215
9.667 36.996 17.345
12.301 35.040 11.890
16.950 32.045 8.329
21.319 26.799 8.742
24.540 22.031 12.530
23.407 17.434 17.201
19.702 13.791 21.277
14.122 10.435 21.203
8.495 8.741 18.923
5.073 6.420 15.282
30.027 -1.175 7.729
26.300 -4.121 3.322
22.681 -3.687 -2.182
20.084 -0.221 -7.270
20.471 4.128 -12.252
3.992 0.587 15.996
3.947 2.792 13.995
36.773 8.589 -5.482
31.827 12.498 -3.667
25.176 14.508 -3.769
19.257 12.136 -1.723
16.277 8.055 2.578
12.507 13.458 -0.052
9.621 18.436 3.494
6.641 20.827 9.097
4.218 21.921 15.389
7.120 22.602 21.690
12.413 22.593 25.846
18.646 24.761 26.429
23.995 27.923 24.212
27.978 31.068 19.671
27.842 36.676 16.030
9.763 37.329 17.379
12.511 35.689 11.699
16.899 32.130 8.309
21.364 26.992 8.866
24.504 22.206 12.549
23.450 17.491 17.180
19.696 13.859 21.275
14.085 10.504 21.152
8.507 8.682 19.003
5.086 6.434 15.289
29.703 -1.328 7.764
26.180 -4.129 3.309
22.521 -3.704 -2.198
20.386 -0.485 -7.438
20.665 4.205 -12.276
3.981 0.423 15.848
4.020 2.602 14.031
39.410 10.355 -5.871
34.268 13.711 -6.130
27.358 14.475 -6.196
21.221 11.495 -6.324
17.915 8.465 -2.610
16.415 14.798 -3.002
11.179 18.176 -0.292
6.292 19.328 4.008
2.698 18.799 9.679
4.546 19.320 16.418
8.508 19.705 21.732
14.642 21.281 24.041
20.007 24.877 23.966
25.363 28.061 20.878
25.572 34.277 18.300
7.558 35.785 20.367
9.942 35.060 14.325
14.327 32.588 10.166
20.534 29.433 9.264
23.282 23.830 11.396
22.165 17.669 13.918
18.873 12.913 16.985
14.301 8.692 16.278
9.217 5.867 13.196
9.228 5.859 13.206
5.944 5.549 7.445
33.241 0.230 4.270
30.704 -3.209 -0.485
27.910 -3.538 -6.327
26.017 -0.808 -12.080
25.251 4.767 -16.160
6.619 2.176 8.703
6.119 -0.493 7.896
6.318 -2.053 10.129
6.609 -2.174 10.053
6.433 -0.730 7.696
33.311 0.231 4.203
30.734 -3.154 -0.618
27.979 -3.399 -6.493
26.437 -0.455 -12.263
25.822 5.314 -16.188
7.720 35.560 20.784
9.996 34.954 14.780
14.559 32.598 10.554
20.665 29.534 9.494
23.500 23.923 11.579
22.287 17.740 14.018
19.003 12.919 17.012
14.389 8.633 16.214
9.317 5.759 13.315
9.328 5.753 13.323
6.172 5.247 7.548
40.172 11.135 -5.893
34.707 14.079 -5.981
27.742 14.552 -6.370
21.539 11.626 -6.538
18.022 8.414 -2.694
16.171 14.671 -3.259
11.262 18.134 -0.365
6.525 19.409 4.072
2.752 18.761 9.757
4.633 19.329 16.494
8.691 19.556 21.825
14.886 21.050 24.155
20.147 24.669 24.226
25.541 27.946 21.279
25.994 33.995 18.876
6.511 2.237 8.710
6.065 -0.893 7.912
6.347 -2.125 10.068
6.428 -2.110 10.016
6.116 -0.853 7.615
-9.003 0.270 32.547
-12.516 3.588 28.177
-16.887 3.776 23.485
-21.579 0.770 19.873
-25.453 -4.948 18.140
16.580 -34.810 15.465
10.175 -34.191 15.262
4.536 -32.111 17.478
1.150 -29.117 22.979
1.740 -23.274 26.174
4.187 -17.315 25.820
8.423 -12.336 24.172
9.449 -8.106 19.609
8.745 -5.112 13.778
4.176 -4.992 8.453
-21.183 -10.309 34.896
-18.586 -13.270 30.062
-16.587 -14.078 23.282
-14.690 -11.138 17.553
-9.383 -8.100 16.231
-8.943 -13.897 13.708
-4.423 -17.598 10.195
1.404 -18.661 7.594
8.116 -18.332 6.431
13.490 -18.678 10.779
16.899 -19.011 16.549
16.734 -20.353 23.045
14.869 -23.854 28.102
10.168 -27.231 32.136
7.886 -33.342 31.345
6.543 3.088 9.651
4.393 1.946 8.279
-18.480 -14.926 38.212
-14.554 -17.217 33.700
-11.972 -17.112 27.000
-10.409 -13.384 21.693
-5.464 -9.218 20.912
-6.233 -15.365 18.005
-2.714 -19.543 14.019
2.892 -20.620 10.730
9.613 -20.950 9.431
15.314 -21.494 13.401
18.700 -21.899 19.271
18.158 -24.662 25.326
14.468 -27.196 30.272
9.787 -31.125 32.884
7.475 -37.220 32.349
14.244 -38.598 15.138
8.076 -37.302 15.774
2.937 -34.388 18.730
1.188 -29.670 23.711
3.111 -25.129 28.352
7.399 -20.066 29.340
11.309 -15.118 27.225
11.980 -10.724 22.734
11.112 -7.772 16.977
6.980 -6.937 11.805
-5.059 -3.242 37.654
-8.785 0.572 33.854
-13.220 0.962 28.949
-17.408 -1.744 24.950
-21.100 -7.051 22.009
51.065 3.692 67.890
51.256 9.255 64.430
54.186 15.126 62.668
59.769 19.605 59.737
64.560 18.021 55.728
66.825 12.553 52.025
66.765 6.805 48.887
63.529 2.062 45.444
59.304 0.172 41.189
52.952 0.372 38.046
50.661 4.425 33.328
66.077 14.632 35.334
59.914 17.503 37.156
54.217 16.506 40.287
49.409 13.386 44.793
48.872 8.302 47.918
52.668 3.133 51.435
58.712 0.681 53.221
64.123 1.978 56.692
67.189 5.132 61.366
69.150 10.588 65.231
65.814 14.303 69.415
60.468 28.848 37.637
62.447 23.097 40.706
60.057 18.960 45.705
56.405 17.367 50.943
50.755 16.935 54.022
45.264 17.790 54.425
45.702 22.052 36.489
44.107 26.587 40.363
43.623 29.349 46.722
47.778 30.227 51.960
53.111 29.324 55.697
59.553 29.686 55.698
60.515 28.761 37.852
62.568 23.074 40.657
60.206 18.866 45.740
56.351 17.333 50.792
50.712 16.638 53.895
45.156 17.517 54.484
45.726 21.953 36.477
44.236 26.565 40.464
43.555 29.232 46.696
47.802 29.997 51.917
53.175 29.153 55.607
59.504 29.615 55.687
60.944 28.574 37.652
62.860 22.849 40.588
60.586 18.654 45.657
56.833 17.068 50.750
51.090 16.562 53.719
45.585 17.685 54.243
46.133 21.884 36.247
44.421 26.280 40.367
43.951 29.158 46.649
48.136 29.894 51.909
53.602 28.880 55.550
59.986 29.234 55.672
58.697 35.067 37.230
61.075 28.713 37.296
62.685 23.256 40.711
60.514 19.182 45.619
56.847 17.415 51.244
50.928 16.850 53.445
45.924 18.035 54.371
46.073 21.920 35.841
44.691 26.693 39.900
44.444 29.364 46.165
48.193 30.552 51.478
53.548 29.457 55.503
60.056 29.905 55.532
66.017 30.224 53.163
58.667 35.029 36.752
61.199 29.003 37.060
62.465 23.434 40.474
60.233 19.367 45.529
56.750 17.612 51.205
50.667 17.003 53.033
45.521 18.316 53.933
46.116 22.264 35.452
44.661 26.916 39.658
44.593 29.554 45.993
48.089 30.484 51.311
53.338 29.638 55.514
59.894 30.070 55.480
65.710 30.465 52.949
69.599 32.976 48.297
71.568 35.742 49.857
73.760 37.510 50.833
74.553 35.994 53.079
58.448 35.065 37.458
60.771 29.005 37.508
62.274 23.145 40.729
60.051 19.181 45.579
56.402 17.373 51.173
51.007 16.843 53.760
45.581 17.699 54.585
45.745 21.943 36.178
44.014 26.574 40.413
43.531 29.351 46.898
47.782 30.216 51.622
53.048 29.325 55.656
59.540 29.795 55.817
65.577 29.682 53.627
58.791 34.935 37.342
61.320 28.785 37.422
62.865 23.189 40.657
60.680 19.050 45.620
56.861 17.293 51.178
51.185 16.813 53.253
45.933 18.056 54.416
46.061 21.893 35.931
44.810 26.664 39.697
44.741 29.312 46.103
48.272 30.316 51.519
53.590 29.215 55.454
60.222 29.777 55.538
66.072 30.183 53.147
69.747 34.462 50.061
73.452 37.870 50.725
74.599 35.960 52.594
