36.165 3.476 7.483 
33.448 -0.231 2.857 
29.873 -0.726 -2.668 
26.770 2.560 -8.152 
27.146 7.773 -12.198 
8.696 37.663 19.192 
10.866 36.817 13.378 
15.710 34.261 9.334 
21.021 29.727 9.538 
24.635 25.427 12.537 
24.723 20.346 16.714 
21.965 15.550 20.316 
17.509 11.091 19.859 
12.056 8.134 17.553 
40.555 15.607 -4.639 
34.605 17.915 -2.810 
27.466 17.518 -1.982 
22.139 13.808 -1.710 
19.769 9.322 2.321 
17.185 15.253 0.335 
12.885 19.660 3.423 
8.556 20.938 7.798 
5.263 20.874 13.799 
7.426 21.604 20.147 
12.371 22.496 25.066 
18.628 25.046 25.959 
24.052 27.959 23.704 
27.328 32.408 20.128 
26.103 38.400 17.376 
