1.956 35.834 33.557 
7.245 37.986 37.526 
12.673 36.159 41.116 
17.528 33.465 40.200 
16.426 40.558 40.943 
20.930 45.228 39.442 
26.148 47.312 36.758 
31.561 48.062 32.823 
33.697 46.620 26.585 
32.936 44.551 20.145 
15.387 44.581 24.161 
18.188 39.091 21.194 
23.402 35.111 22.102 
28.006 32.876 25.912 
8.254 19.478 28.893 
8.089 19.328 36.110 
8.454 20.719 42.331 
6.523 24.995 46.881 
5.852 36.627 -3.874 
0.147 35.350 -7.700 
-3.118 30.767 -11.422 
-5.803 25.900 -10.293 
-8.639 32.460 -11.012 
-14.944 34.145 -9.658 
-20.519 33.302 -6.886 
-25.574 31.085 -2.813 
-26.405 28.619 3.406 
-24.612 27.393 9.881 
-9.912 37.002 5.297 
-9.100 31.037 8.413 
-11.449 24.818 7.551 
-14.251 20.195 3.937 
9.933 19.297 0.602 
10.180 19.522 -6.173 
9.349 20.478 -12.523 
8.257 25.070 -17.123 
8.361 38.293 -17.489 
12.341 42.724 -13.858 
17.785 43.556 -9.943 
23.464 43.510 -10.646 
19.032 49.080 -9.750 
20.496 55.576 -10.830 
24.157 60.205 -12.929 
28.868 63.620 -16.538 
31.745 63.279 -22.505 
32.223 61.619 -29.110 
16.543 52.851 -25.836 
21.629 49.451 -28.377 
28.240 48.574 -27.594 
33.231 48.746 -23.716 
22.751 26.787 -22.062 
21.972 26.583 -15.240 
21.023 27.736 -8.819 
17.367 30.843 -4.360 
0.849 63.006 47.386 
6.708 61.840 43.956 
11.769 63.957 39.996 
16.343 67.250 40.685 
15.792 60.095 39.863 
20.782 55.717 40.670 
26.116 53.929 43.166 
31.911 53.582 46.679 
34.293 55.477 52.681 
33.712 57.407 59.344 
15.895 55.968 56.295 
18.488 61.657 58.735 
23.397 66.022 57.884 
27.649 68.638 53.881 
6.946 80.794 52.124 
5.921 80.441 45.237 
5.736 79.047 39.026 
4.408 74.595 34.359 
