37.441 4.594 7.198 
34.491 0.958 2.560 
31.579 0.319 -2.883 
28.458 2.752 -8.383 
28.238 7.983 -12.852 
9.121 39.618 20.165 
11.247 38.174 14.034 
16.111 36.073 9.996 
20.924 31.105 9.762 
25.736 26.810 12.828 
25.415 21.294 16.607 
22.777 16.586 20.185 
18.163 11.872 20.032 
12.627 8.799 18.899 
40.639 17.518 -5.206 
35.500 18.215 -2.926 
28.534 18.348 -2.730 
23.010 14.189 -2.651 
20.225 9.794 1.471 
16.201 16.115 0.207 
12.883 19.030 3.237 
9.106 21.665 8.059 
5.766 22.321 14.269 
8.030 22.694 20.853 
13.034 23.281 25.782 
19.318 25.812 26.571 
24.493 29.080 24.290 
27.578 33.330 20.485 
26.683 39.500 17.566 
11.281 3.052 11.410 
