8.379 0.788 13.986 
37.178 4.623 7.514 
34.644 0.893 2.934 
31.194 0.263 -2.733 
27.873 2.957 -7.836 
28.076 7.901 -12.462 
8.674 38.628 19.762 
10.742 37.114 13.798 
15.469 35.337 9.304 
20.744 30.595 9.219 
24.970 26.478 12.358 
25.162 21.481 16.503 
22.528 16.488 20.007 
18.139 11.884 19.739 
12.569 8.802 17.476 
10.832 6.298 10.972 
40.565 17.043 -4.357 
34.559 18.624 -2.934 
27.395 18.034 -2.744 
22.239 14.102 -1.936 
20.235 10.862 2.500 
17.551 16.783 0.250 
12.683 20.544 3.356 
8.403 21.682 8.273 
5.317 21.629 14.262 
7.731 22.311 20.658 
12.757 22.932 25.306 
18.588 26.147 25.957 
24.500 28.731 23.447 
27.318 33.350 19.800 
26.266 39.559 17.465 
