59.928 53.841 -8.626 
64.003 51.121 -3.608 
66.019 48.323 1.700 
65.321 43.797 6.993 
62.047 38.724 10.693 
58.383 33.709 10.396 
57.989 27.989 7.826 
57.955 23.932 1.638 
60.428 22.790 -5.115 
65.246 20.976 -8.057 
71.501 19.562 -7.954 
76.102 18.318 -5.884 
72.185 14.117 12.542 
75.195 20.141 12.356 
76.718 25.076 8.721 
76.216 30.017 3.692 
74.795 33.090 -1.321 
70.140 34.492 -6.487 
63.854 33.810 -8.796 
57.519 33.295 -6.813 
52.492 35.964 -4.187 
49.164 37.665 1.942 
49.394 40.727 7.249 
50.587 47.175 8.804 
52.438 52.902 8.640 
