2.360 36.475 33.699 
7.438 38.342 38.013 
12.829 36.000 41.219 
17.568 33.304 40.048 
16.602 40.374 40.957 
21.072 45.045 38.886 
26.308 47.374 36.723 
31.797 47.958 32.834 
34.059 46.311 26.670 
33.097 44.358 20.144 
15.581 44.783 24.360 
18.377 39.288 21.766 
23.485 34.993 22.171 
28.054 32.674 26.005 
31.987 32.595 31.762 
8.168 19.521 28.760 
7.567 19.540 35.666 
7.779 20.691 42.015 
6.458 24.858 46.777 
4.874 37.227 -4.169 
-0.409 35.613 -8.332 
-3.476 30.803 -11.614 
-5.786 25.804 -10.329 
-8.919 32.231 -10.928 
-15.128 33.895 -9.582 
-20.748 33.108 -7.061 
-25.765 30.570 -3.082 
-26.489 27.949 3.056 
-24.801 26.706 9.619 
-10.180 36.957 5.007 
-9.416 30.906 7.390 
-11.421 24.427 7.241 
-14.226 20.004 3.688 
-17.390 17.456 -1.949 
9.978 19.654 0.559 
10.259 20.144 -6.097 
9.676 21.303 -12.490 
8.111 25.440 -17.258 
8.572 39.382 -17.024 
12.306 43.567 -12.785 
17.938 44.042 -9.406 
23.531 43.854 -10.390 
19.201 49.391 -9.461 
20.706 55.863 -10.712 
24.202 60.509 -12.759 
28.955 63.745 -16.541 
31.944 63.293 -22.498 
32.351 61.543 -29.127 
16.372 53.221 -25.669 
21.546 49.811 -27.974 
28.193 48.584 -27.356 
33.261 48.885 -23.587 
36.611 50.299 -17.685 
22.458 26.966 -21.484 
21.646 27.043 -14.889 
20.709 28.101 -8.423 
17.577 31.472 -3.754 
1.528 62.599 46.975 
6.874 60.998 42.814 
11.921 63.687 39.516 
16.445 66.968 40.314 
16.020 59.893 39.241 
20.792 55.569 40.783 
26.356 53.593 42.772 
32.026 53.546 46.498 
34.315 55.483 52.504 
33.530 57.487 59.103 
15.837 55.439 55.740 
18.305 61.261 57.883 
23.220 65.887 57.410 
27.433 68.474 53.428 
31.009 68.996 47.572 
6.528 80.496 51.443 
5.640 80.099 44.435 
5.661 78.400 38.101 
4.940 73.596 33.620 
