76.359 25.050 -8.400 
76.174 29.412 -13.031 
75.757 31.539 -19.632 
71.150 34.182 -24.840 
65.178 34.202 -27.744 
58.447 32.527 -27.651 
52.117 34.595 -24.654 
50.476 36.510 -18.475 
50.924 39.414 -12.150 
51.630 45.108 -9.611 
53.693 50.888 -8.669 
54.178 56.899 -10.934 
41.884 55.356 -26.479 
47.830 55.611 -29.440 
55.255 55.492 -29.315 
60.572 54.219 -25.644 
64.019 51.012 -20.685 
66.019 48.536 -15.062 
65.099 43.477 -10.558 
61.326 38.496 -8.566 
57.510 33.310 -9.996 
55.249 27.863 -13.711 
56.238 24.283 -19.135 
59.899 22.107 -23.700 
65.879 21.112 -26.322 
71.660 19.371 -25.314 
