29.724 -1.785 8.442 
26.559 -4.580 3.561 
22.956 -4.022 -1.808 
21.908 -0.653 -7.445 
22.664 4.947 -11.338 
9.475 37.701 17.258 
12.581 35.800 11.704 
17.084 31.943 8.745 
20.826 26.432 9.258 
24.241 21.794 12.652 
23.490 17.463 17.345 
19.664 13.413 21.343 
14.187 10.164 21.252 
8.273 8.326 18.955 
37.977 4.323 -3.926 
35.124 10.124 -1.563 
28.865 12.739 -0.580 
21.858 12.147 -1.823 
17.540 8.892 -0.503 
12.834 13.194 -0.129 
9.776 17.901 3.616 
6.764 20.638 9.125 
4.111 21.819 15.286 
6.830 22.342 21.593 
12.046 22.405 25.748 
18.144 24.354 26.612 
23.700 27.565 24.329 
27.608 31.001 20.694 
27.329 36.530 16.636 
