36.829 4.126 7.312 
34.205 0.298 2.757 
30.849 -0.355 -2.850 
27.693 2.493 -8.083 
27.437 7.412 -12.359 
8.468 37.935 20.018 
10.840 37.321 13.775 
15.336 34.658 9.581 
20.330 29.904 9.377 
24.636 25.685 12.400 
24.939 20.521 16.512 
22.116 15.757 20.314 
17.936 11.200 19.996 
12.418 7.797 18.012 
40.622 16.242 -4.623 
34.513 18.172 -2.905 
27.614 17.373 -2.486 
22.345 13.329 -2.617 
20.181 9.412 0.980 
17.720 11.720 6.281 
12.670 16.241 4.025 
8.378 20.112 8.170 
5.251 20.984 14.304 
7.592 21.673 20.818 
12.547 22.369 25.533 
18.468 25.383 26.114 
24.319 27.691 23.545 
27.277 32.272 19.648 
26.236 38.445 17.372 
