8.149 19.428 28.941 
7.662 19.492 35.872 
7.935 20.608 42.194 
6.389 24.732 46.905 
4.765 37.073 -4.059 
-0.472 35.756 -8.337 
-3.495 30.928 -11.773 
-5.924 25.841 -10.270 
-8.931 32.412 -10.991 
-15.271 33.778 -9.380 
-20.860 32.673 -7.005 
-25.811 30.255 -3.031 
-26.660 27.787 3.064 
-24.857 26.647 9.670 
-10.399 36.663 4.929 
-9.548 30.644 7.483 
-11.538 24.159 7.624 
-14.377 19.617 3.890 
-17.613 17.129 -1.625 
9.681 19.446 0.644 
10.032 20.029 -6.059 
9.548 21.100 -12.429 
7.901 25.257 -17.194 
8.559 39.239 -17.055 
12.205 43.413 -12.778 
17.824 43.859 -9.275 
23.399 43.726 -10.359 
18.994 49.172 -9.430 
20.741 55.713 -10.758 
24.556 60.063 -12.860 
29.171 63.404 -16.637 
32.061 62.992 -22.615 
32.554 61.280 -29.263 
16.595 52.900 -25.584 
21.771 49.452 -28.040 
28.433 48.283 -27.648 
33.483 48.516 -23.722 
36.857 50.064 -17.879 
22.360 26.781 -21.462 
21.625 26.888 -14.803 
20.565 27.985 -8.373 
17.380 31.364 -3.744 
1.499 62.066 47.283 
6.963 60.571 43.108 
11.865 63.257 39.448 
16.385 66.472 40.475 
15.861 59.343 39.540 
20.992 55.121 41.047 
26.490 53.700 42.982 
32.106 53.220 46.743 
34.442 55.217 52.733 
33.757 57.062 59.358 
15.748 44.603 24.581 
18.474 39.045 22.041 
23.635 34.730 22.258 
28.180 32.412 26.005 
32.156 32.259 31.712 
6.739 80.141 51.883 
5.732 79.681 44.919 
5.659 78.008 38.556 
5.013 73.177 34.056 
16.015 55.228 56.027 
18.551 60.939 58.209 
23.417 65.594 57.912 
27.642 68.196 53.863 
31.286 68.685 48.065 
2.310 36.329 34.015 
7.359 38.339 38.297 
12.748 36.006 41.413 
17.595 33.190 40.310 
16.536 40.348 41.162 
21.329 44.957 39.281 
26.424 46.817 36.976 
31.876 47.664 32.966 
34.134 46.012 26.820 
33.201 44.113 20.175 
