36.853 7.577 -5.455 
32.390 11.709 -3.534 
25.919 14.331 -3.707 
20.046 12.450 -1.213 
16.484 8.090 2.568 
12.553 13.302 -0.374 
9.824 18.283 3.356 
6.790 20.549 8.955 
4.365 21.812 15.174 
7.077 22.370 21.492 
12.331 22.538 25.803 
18.457 24.813 26.314 
23.713 28.008 24.313 
27.792 31.351 20.017 
27.709 36.670 15.833 
9.730 37.986 16.967 
12.733 36.337 11.139 
17.033 32.326 8.371 
21.021 26.781 8.843 
24.587 22.232 12.412 
23.715 17.720 17.201 
20.085 13.652 21.161 
14.643 10.233 21.164 
8.452 8.575 18.761 
30.010 -1.589 7.944 
26.472 -4.317 3.452 
22.833 -3.880 -2.131 
20.624 -0.738 -7.444 
21.019 4.349 -12.204 
