-10.955 65.875 53.167 
-13.041 70.928 51.652 
-15.073 76.645 47.120 
-14.107 79.271 40.571 
-14.894 76.829 34.078 
-17.891 72.731 29.960 
-20.742 66.443 29.364 
-26.023 62.392 30.306 
-32.264 61.812 31.780 
-38.468 63.798 32.535 
-35.980 84.684 14.786 
-30.389 81.729 19.140 
-30.500 78.582 24.392 
-33.298 81.959 28.890 
-34.756 81.643 35.938 
-33.983 77.715 41.266 
-32.428 72.238 44.681 
-29.099 66.630 45.286 
-24.889 62.071 42.647 
-19.776 60.700 38.154 
-14.072 62.181 34.807 
-8.245 65.472 34.903 
-5.982 71.554 35.629 
-2.456 75.646 41.006 
-29.405 10.175 56.825 
-25.018 6.583 53.408 
-22.979 3.074 49.395 
-25.024 -2.567 44.943 
-29.614 -5.155 41.536 
-35.913 -4.978 38.619 
-39.855 -1.543 34.793 
-40.885 4.259 31.328 
-38.762 10.798 30.163 
-34.171 14.982 27.633 
-29.440 16.054 24.086 
-24.977 14.995 19.500 
-42.532 -0.280 5.590 
-42.175 -0.604 12.712 
-37.189 1.147 16.712 
-32.302 -2.960 16.782 
-26.187 -3.386 19.887 
-21.899 -0.865 24.227 
-20.057 3.493 28.932 
-21.595 8.279 33.077 
-26.108 12.505 36.024 
-32.341 14.167 38.097 
-38.759 12.842 39.805 
-41.812 8.935 44.079 
-42.390 2.856 47.135 
-39.816 -3.009 49.706 
-35.845 -7.238 52.069 
-29.836 -8.376 55.325 
