0.278 12.383 118.074 
2.398 15.414 124.094 
4.135 15.400 130.573 
9.983 13.837 133.451 
15.920 12.522 132.797 
22.830 13.222 129.994 
26.047 14.785 124.990 
27.149 17.980 119.620 
26.042 22.170 114.760 
24.386 28.077 114.068 
22.978 33.861 115.062 
45.903 36.328 53.758 
41.727 30.654 54.989 
42.129 25.843 50.951 
39.824 19.727 50.271 
35.591 15.094 52.084 
30.063 13.954 55.793 
25.566 13.884 60.363 
21.106 17.662 63.629 
18.015 23.171 65.090 
14.524 28.376 62.968 
12.254 31.715 58.184 
9.569 31.532 51.019 
15.685 15.501 46.739 
18.591 21.898 44.888 
20.946 27.901 46.383 
23.681 31.943 50.760 
25.627 33.674 56.579 
27.872 31.267 62.412 
29.568 27.711 67.531 
33.302 22.610 68.677 
37.527 18.440 68.108 
38.338 28.236 132.708 
32.815 28.348 130.230 
28.122 31.077 133.394 
21.666 32.962 132.781 
16.017 32.481 129.774 
12.794 29.086 124.843 
11.176 26.587 118.970 
12.123 21.104 115.539 
14.162 15.146 114.440 
14.735 9.329 115.560 
14.719 3.442 118.553 
11.678 0.464 123.813 
6.913 -0.984 127.819 
1.658 1.676 132.431 
