30.266 -2.021 8.111 
26.614 -4.683 3.508 
23.120 -4.485 -2.161 
21.197 -1.675 -7.642 
21.026 3.147 -12.555 
9.552 37.136 17.730 
12.460 35.868 11.976 
17.200 32.207 8.651 
21.049 26.655 9.133 
24.268 21.951 12.319 
23.506 17.299 16.947 
19.827 13.462 21.002 
14.308 10.082 20.971 
8.408 8.467 18.580 
36.753 7.762 -5.592 
31.845 11.786 -3.811 
25.160 13.575 -4.240 
19.341 11.638 -1.879 
16.396 8.094 2.704 
12.677 13.408 -0.275 
9.714 18.392 3.447 
6.718 20.692 8.958 
4.219 21.833 15.263 
7.032 22.287 21.591 
12.256 22.386 25.957 
18.327 24.578 26.635 
23.820 27.634 24.847 
27.832 30.822 20.203 
27.570 36.570 16.685 
