37.473 4.400 7.432 
34.775 0.644 2.837 
31.325 -0.022 -2.749 
28.349 2.697 -8.036 
28.154 7.616 -12.572 
8.661 38.607 19.895 
11.087 37.347 13.844 
15.475 34.854 9.573 
20.735 30.185 9.274 
25.021 26.006 12.278 
25.374 20.815 16.515 
22.716 15.959 20.254 
18.366 11.316 20.007 
12.971 8.004 18.098 
40.962 16.729 -4.780 
34.803 18.411 -2.809 
27.890 17.742 -2.568 
22.782 13.713 -2.311 
21.276 8.849 1.863 
17.803 15.080 1.176 
12.656 18.704 3.547 
8.421 20.313 8.071 
5.648 21.039 14.275 
8.016 21.788 20.681 
12.920 22.397 25.432 
18.954 25.546 26.071 
24.744 27.750 23.251 
27.574 32.519 19.400 
26.367 38.811 17.567 
