-14.195 65.342 53.498 
-15.968 71.587 51.569 
-15.210 75.395 46.521 
-13.857 77.964 40.255 
-14.720 75.881 33.829 
-17.335 71.545 29.840 
-20.639 65.425 29.148 
-25.567 61.430 30.180 
-31.734 60.869 31.570 
-37.665 62.545 32.257 
-35.758 83.197 14.534 
-29.989 80.955 18.989 
-30.079 77.431 24.109 
-32.459 80.818 29.030 
-34.052 80.500 35.385 
-33.404 76.571 40.720 
-31.995 71.288 44.200 
-28.880 65.556 44.761 
-24.413 61.102 42.198 
-19.467 59.656 37.910 
-13.951 61.174 34.517 
-8.205 64.661 34.496 
-4.652 69.294 37.464 
-3.066 73.483 42.141 
-28.425 9.377 57.108 
-24.733 7.013 52.687 
-22.657 2.061 48.657 
-24.093 -2.608 44.434 
-29.244 -5.440 41.379 
-35.332 -4.950 38.309 
-39.477 -1.416 34.440 
-40.377 4.132 31.202 
-38.106 10.447 29.593 
-33.664 14.746 27.395 
-28.868 15.738 23.762 
-24.612 14.578 19.487 
-41.878 -0.293 5.558 
-41.671 -0.441 12.513 
-36.619 0.955 16.465 
-31.824 -2.949 16.638 
-25.733 -3.617 19.377 
-21.542 -0.977 23.967 
-19.912 3.366 28.576 
-21.284 8.168 32.635 
-25.546 12.184 35.780 
-31.693 14.464 37.318 
-38.256 12.582 39.527 
-41.010 8.379 43.439 
-41.781 2.693 46.653 
-39.587 -3.154 49.130 
-35.080 -7.538 51.334 
-29.346 -8.551 54.769 
