30.275 -1.838 8.155 
26.735 -4.603 3.561 
23.229 -4.336 -2.010 
21.334 -1.534 -7.605 
21.142 3.190 -12.589 
9.547 36.912 17.705 
12.373 35.792 11.949 
17.045 32.068 8.482 
21.292 26.946 8.946 
24.193 21.822 12.325 
23.268 17.178 16.857 
19.674 13.420 21.095 
14.217 10.063 21.026 
8.204 8.395 18.693 
36.808 7.658 -5.802 
32.009 11.912 -3.624 
25.249 13.833 -4.401 
19.628 11.914 -1.530 
16.436 8.143 2.788 
12.698 13.442 -0.156 
9.697 18.307 3.616 
6.721 20.719 9.061 
4.130 21.893 15.318 
6.952 22.290 21.627 
12.203 22.264 25.982 
18.225 24.578 26.638 
23.762 27.514 24.569 
27.935 30.710 20.145 
27.826 36.283 16.637 
