11.838 14.693 52.258 
14.884 17.328 46.584 
18.463 22.749 45.240 
20.686 28.943 46.973 
23.996 32.851 51.134 
26.076 34.464 57.048 
28.128 31.758 62.921 
29.906 28.185 67.887 
33.817 23.310 68.844 
37.909 18.800 67.932 
0.544 12.022 118.571 
2.641 14.773 124.605 
4.603 14.932 130.927 
10.582 13.619 133.594 
17.009 12.664 132.828 
23.199 13.203 130.081 
26.625 14.311 124.930 
27.609 18.310 119.827 
26.545 22.220 114.858 
24.834 28.291 114.113 
23.612 34.201 115.366 
51.889 33.829 49.652 
46.468 35.358 53.367 
41.975 31.713 54.517 
42.126 26.709 50.915 
39.690 20.612 50.345 
35.177 16.210 52.157 
29.826 14.669 55.550 
25.191 14.694 60.267 
21.142 18.302 63.871 
18.112 23.963 65.361 
14.927 29.091 63.460 
12.112 32.540 58.570 
10.139 33.032 52.626 
6.797 29.278 47.168 
33.198 28.491 130.736 
28.626 30.987 133.680 
22.229 32.757 133.041 
16.737 32.006 129.734 
13.009 28.880 125.153 
11.478 25.946 119.467 
12.725 20.761 115.645 
15.435 14.968 114.419 
15.210 9.260 115.673 
14.973 3.341 118.880 
12.054 0.103 123.683 
7.463 -1.117 127.827 
2.075 1.058 131.398 
