34.987 42.729 50.888 
29.189 42.456 54.351 
23.018 40.857 54.115 
18.053 37.855 51.280 
15.507 33.487 46.949 
17.002 28.489 43.112 
21.377 24.632 39.638 
26.283 20.191 41.253 
29.711 16.418 45.556 
19.840 22.596 59.390 
26.922 24.415 58.681 
31.345 26.315 54.622 
33.429 28.586 48.658 
32.406 29.741 42.310 
28.760 33.067 38.430 
23.033 36.482 36.478 
20.202 42.172 38.640 
19.673 47.579 42.623 
4.854 44.952 35.125 
-0.133 46.100 31.263 
-6.165 48.455 29.897 
-11.607 51.744 31.645 
-14.135 56.913 34.900 
-13.054 61.397 40.254 
-8.597 64.850 43.982 
-3.956 69.329 42.984 
-0.255 73.778 39.407 
-8.183 67.740 24.376 
-1.812 65.985 25.224 
2.426 63.481 29.888 
3.375 61.059 35.881 
1.774 59.656 42.379 
-2.954 56.764 45.899 
-8.853 53.827 47.212 
-11.703 47.975 44.947 
-11.983 42.321 41.494 
28.720 36.090 78.374 
24.118 37.037 74.286 
18.057 38.737 72.495 
12.466 41.726 73.832 
9.057 46.179 77.179 
9.522 50.934 81.388 
12.879 54.902 86.014 
17.775 59.341 85.343 
21.826 63.579 81.871 
13.722 58.256 66.509 
20.026 56.125 68.057 
24.413 54.122 72.403 
26.205 52.169 78.388 
24.650 50.427 85.087 
20.196 47.185 88.200 
14.438 43.841 89.575 
12.105 38.018 87.157 
12.042 32.128 84.075 
-1.056 53.665 92.639 
-6.571 51.925 96.528 
-12.892 50.882 97.425 
-18.330 48.935 95.017 
-22.062 45.284 90.432 
-22.041 40.115 87.019 
-19.368 35.579 82.500 
-14.876 30.551 83.529 
-11.418 26.578 87.518 
-19.849 32.939 102.304 
-13.079 34.175 101.318 
-8.021 34.932 96.629 
-5.674 37.013 91.214 
-6.380 38.901 84.673 
-9.562 42.873 81.010 
-14.915 46.869 79.766 
-17.308 52.621 82.466 
-17.675 57.955 86.387 
