30.149 -2.027 8.325 
26.715 -4.417 3.574 
23.199 -4.319 -2.041 
20.842 -1.165 -7.247 
20.649 3.261 -12.133 
9.164 36.159 16.973 
11.767 34.043 11.957 
16.575 31.371 8.299 
21.477 26.333 8.948 
24.222 21.583 12.710 
23.384 17.291 17.490 
19.604 13.285 21.492 
14.031 10.093 21.377 
8.134 8.714 18.890 
36.458 7.911 -4.793 
31.723 12.007 -3.544 
24.919 13.939 -3.283 
18.694 11.249 -1.985 
16.194 7.852 3.020 
12.586 13.110 -0.035 
9.701 18.052 3.509 
6.662 20.684 9.087 
4.287 21.561 15.436 
6.998 22.338 21.888 
12.150 22.629 26.024 
18.097 24.943 26.598 
23.769 27.895 24.194 
27.652 30.958 20.031 
27.215 36.501 16.400 
