30.283 -1.817 8.146 
26.691 -4.595 3.516 
23.324 -4.384 -2.105 
21.531 -1.584 -7.674 
20.983 3.275 -12.509 
9.398 36.878 17.773 
12.297 35.459 11.947 
17.096 32.283 8.530 
21.119 26.809 8.858 
24.322 22.057 12.406 
23.286 17.272 16.910 
19.713 13.510 21.133 
14.194 10.165 21.042 
8.280 8.597 18.629 
36.655 7.976 -5.569 
31.977 11.880 -3.944 
25.315 13.974 -4.181 
19.600 11.947 -1.669 
16.446 8.251 2.711 
12.748 13.460 -0.188 
9.795 18.411 3.488 
6.820 20.717 9.080 
4.194 21.813 15.291 
6.944 22.351 21.627 
12.165 22.394 25.960 
18.240 24.625 26.625 
23.720 27.749 24.680 
27.852 30.810 20.100 
27.532 36.640 16.840 
