30.002 -1.680 7.533 
26.325 -4.425 3.038 
22.777 -4.216 -2.486 
21.044 -1.584 -8.105 
20.326 3.413 -12.874 
9.651 37.126 17.505 
12.774 35.631 11.817 
17.236 32.358 8.641 
21.420 26.711 8.970 
24.625 21.998 12.354 
23.698 17.221 17.030 
19.956 13.549 20.835 
14.550 10.161 20.893 
8.446 8.481 18.631 
36.354 7.438 -5.417 
31.948 11.888 -4.679 
25.277 13.808 -4.073 
19.364 11.791 -1.965 
16.271 7.925 2.215 
12.591 13.110 -0.391 
9.814 18.062 3.337 
6.686 20.391 8.876 
4.446 21.751 15.164 
7.255 22.229 21.527 
12.618 22.402 25.701 
18.669 24.431 26.373 
23.992 27.461 24.498 
27.935 30.781 20.188 
27.668 36.464 16.613 
