29.930 -1.434 7.634 
26.364 -4.361 3.156 
22.904 -4.236 -2.453 
21.066 -1.430 -7.998 
20.518 3.572 -12.883 
9.245 36.991 17.329 
12.121 35.168 11.755 
17.029 32.152 8.483 
21.357 26.902 9.047 
24.604 22.008 12.510 
23.690 17.356 17.043 
20.008 13.499 21.044 
14.431 10.220 21.049 
8.419 8.621 18.458 
36.668 7.978 -5.316 
31.731 12.558 -4.410 
24.972 14.081 -3.951 
19.014 11.806 -1.995 
15.864 7.990 2.273 
12.316 13.214 -0.476 
9.486 18.211 3.270 
6.742 20.586 8.966 
4.383 21.710 15.359 
7.139 22.237 21.664 
12.334 22.557 25.940 
18.391 24.486 26.626 
23.789 27.901 24.615 
27.715 31.355 20.339 
27.268 36.813 16.388 
