35.536 42.880 50.465 
20.061 22.754 58.358 
30.038 42.229 53.930 
26.183 24.499 58.191 
23.875 40.224 53.789 
31.155 26.646 54.522 
18.377 37.632 50.765 
33.679 27.994 48.664 
16.035 34.350 45.497 
32.793 29.197 41.928 
17.892 29.460 41.288 
28.545 31.952 37.400 
22.107 24.744 39.141 
23.758 36.566 36.360 
26.728 20.178 40.912 
20.583 42.096 38.539 
30.261 16.301 45.045 
20.150 47.614 42.371 
19.919 22.667 58.209 
35.526 42.867 50.378 
26.172 24.508 58.138 
30.032 42.250 53.933 
31.079 26.655 54.516 
23.847 40.215 53.822 
33.710 27.971 48.688 
18.391 37.649 50.813 
32.788 29.174 41.845 
16.009 34.390 45.426 
28.549 31.933 37.343 
17.920 29.471 41.241 
23.790 36.556 36.390 
22.115 24.776 39.172 
20.583 42.095 38.524 
26.739 20.178 40.907 
20.144 47.632 42.382 
30.277 16.313 45.108 
5.127 44.811 34.733 
-8.404 67.354 24.561 
0.286 45.794 30.660 
-2.075 65.721 25.344 
-5.660 48.786 29.576 
2.222 63.001 29.786 
-11.559 51.597 31.851 
4.155 61.449 36.019 
-14.029 55.455 36.742 
2.247 59.928 42.215 
-12.357 60.212 41.499 
-2.767 57.270 46.032 
-8.161 64.710 44.016 
-8.097 53.341 46.343 
-3.376 69.358 42.933 
-11.287 47.787 44.214 
0.294 73.802 39.199 
-11.846 42.022 40.924 
-8.410 67.440 24.599 
5.126 44.812 34.751 
-2.146 65.690 25.330 
0.279 45.806 30.670 
2.138 63.019 29.770 
-5.665 48.773 29.579 
4.177 61.464 35.999 
-11.561 51.632 31.829 
2.253 59.914 42.244 
-14.070 55.474 36.760 
-2.783 57.276 46.047 
-12.344 60.242 41.551 
-8.098 53.351 46.351 
-8.160 64.719 44.000 
-11.280 47.799 44.210 
-3.382 69.342 42.922 
-11.812 42.017 40.912 
0.295 73.825 39.187 
29.315 35.694 76.461 
13.905 58.073 66.597 
24.329 36.749 72.343 
20.007 55.878 67.303 
18.220 38.851 71.283 
24.698 53.384 71.322 
12.116 41.416 73.571 
27.041 52.093 77.480 
9.607 45.094 78.488 
25.638 50.556 83.882 
10.629 49.680 83.347 
20.928 47.450 87.762 
14.525 54.599 85.615 
15.595 43.486 88.227 
19.275 59.291 84.989 
12.867 37.678 86.078 
23.053 63.616 81.399 
12.661 31.820 82.880 
13.869 58.104 66.689 
29.394 35.695 76.506 
20.008 55.867 67.329 
24.322 36.781 72.286 
24.650 53.346 71.334 
18.196 38.896 71.273 
27.041 52.100 77.496 
12.119 41.413 73.567 
25.664 50.595 83.961 
9.565 45.122 78.541 
20.968 47.399 87.809 
10.629 49.655 83.383 
15.628 43.490 88.215 
14.502 54.598 85.593 
12.895 37.679 86.082 
19.290 59.275 84.977 
12.661 31.816 82.878 
23.081 63.616 81.336 
-0.606 53.509 92.107 
-19.940 32.894 100.449 
-5.939 52.207 95.908 
-13.624 34.504 100.480 
-12.304 50.671 96.720 
-8.090 35.023 96.616 
-18.198 48.609 94.182 
-5.253 37.037 91.033 
-21.598 45.776 89.086 
-5.842 38.470 84.368 
-21.106 41.097 84.523 
-9.114 42.647 80.555 
-18.483 35.554 82.461 
-14.341 46.729 79.248 
-13.983 30.533 82.910 
-16.907 52.606 81.710 
-10.337 26.477 86.739 
-17.222 58.038 85.703 
-20.078 32.960 100.340 
-0.607 53.471 92.064 
-13.657 34.446 100.411 
-5.933 51.956 95.851 
-8.106 35.053 96.631 
-12.296 50.689 96.703 
-5.230 37.086 91.078 
-18.242 48.717 94.168 
-5.791 38.427 84.331 
-21.591 45.781 89.054 
-9.183 42.567 80.456 
-21.136 41.012 84.517 
-14.350 46.725 79.220 
-18.527 35.417 82.565 
-16.903 52.608 81.705 
-13.977 30.523 82.911 
-17.207 58.045 85.734 
-10.331 26.485 86.773 
