16.625 19.744 25.258 
12.112 19.687 29.781 
7.323 21.641 33.771 
5.183 26.571 38.433 
1.884 32.137 37.115 
0.160 37.234 33.169 
-3.218 38.655 27.740 
-3.192 21.294 22.828 
0.658 25.378 18.945 
4.506 30.644 19.360 
7.913 35.013 22.602 
11.252 36.947 27.790 
12.342 37.060 34.669 
16.485 33.073 37.928 
33.493 35.095 63.309 
31.540 32.358 57.810 
27.450 29.817 53.396 
21.611 25.847 52.088 
15.508 26.637 53.192 
10.304 30.083 55.643 
7.172 35.878 55.537 
21.468 44.190 48.408 
20.420 45.326 54.930 
18.358 42.721 60.558 
16.443 37.863 64.352 
16.379 31.487 65.856 
16.630 24.973 64.246 
22.024 20.872 64.145 
