22.062 0.796 30.058 
19.586 -2.778 25.108 
17.145 -3.188 19.220 
15.229 -0.562 13.229 
14.275 4.902 9.022 
-4.051 36.346 45.248 
-1.152 36.130 38.960 
2.974 33.154 34.865 
8.968 29.553 34.179 
11.663 24.152 36.421 
10.605 18.213 39.298 
7.392 13.426 42.277 
2.880 9.257 42.026 
-2.171 5.852 39.006 
27.964 9.005 19.507 
23.229 13.831 18.850 
16.735 14.276 19.517 
10.105 11.998 19.107 
6.610 8.086 22.528 
4.632 14.781 23.030 
-0.251 17.084 25.183 
-5.273 18.250 28.953 
-8.693 19.128 34.966 
-6.930 19.759 41.781 
-2.733 20.339 46.960 
3.147 22.082 49.290 
8.789 25.290 48.866 
13.800 28.696 45.428 
14.024 34.905 42.948 
