29.965 -1.346 8.083 
26.580 -4.107 3.482 
23.115 -3.798 -2.033 
21.073 -0.808 -7.526 
20.501 3.908 -12.364 
9.915 36.857 17.324 
12.512 34.881 11.760 
16.987 31.468 8.431 
21.287 26.260 8.754 
24.207 21.558 12.349 
23.197 16.968 17.371 
19.630 13.378 21.476 
14.142 9.939 21.512 
7.991 8.342 19.155 
36.766 8.421 -5.461 
31.857 12.192 -3.547 
25.181 14.625 -4.059 
19.679 12.477 -1.178 
16.434 7.424 2.211 
12.408 12.773 0.025 
9.588 17.742 3.742 
6.499 20.263 9.201 
4.042 21.568 15.413 
6.967 22.212 21.734 
12.197 22.156 25.927 
18.537 24.049 26.456 
23.979 27.066 24.266 
27.855 30.208 19.786 
27.918 35.929 15.967 
