3.952 20.840 62.621 
7.669 15.948 58.611 
11.627 15.550 53.149 
15.117 17.827 48.075 
18.521 22.438 45.913 
20.921 29.156 47.402 
24.247 33.268 51.371 
26.618 34.460 57.327 
28.714 32.129 63.186 
30.530 28.606 68.218 
34.117 23.361 69.185 
38.179 19.033 68.034 
1.155 11.505 118.168 
2.559 14.847 124.817 
4.357 15.111 130.985 
10.510 13.795 133.495 
17.100 12.490 133.406 
22.815 13.577 130.813 
26.209 15.497 125.709 
27.444 17.537 119.604 
26.576 22.191 115.363 
25.266 28.374 114.429 
24.176 34.016 115.869 
46.345 36.992 53.544 
42.694 31.518 54.754 
40.063 20.350 50.799 
35.872 15.267 52.470 
30.040 14.600 56.121 
25.817 14.319 61.271 
21.736 17.893 64.658 
18.655 24.382 65.687 
15.745 30.077 64.118 
13.182 34.139 59.536 
10.788 34.372 53.138 
9.256 32.338 48.300 
5.412 27.507 45.483 
2.241 22.049 44.638 
39.155 28.084 133.721 
33.087 28.290 131.124 
22.492 32.567 133.257 
16.428 32.250 130.019 
13.185 28.971 125.332 
11.854 26.477 119.391 
12.679 21.280 115.538 
14.973 14.857 114.268 
16.159 9.345 116.224 
16.236 4.194 119.059 
13.096 0.643 124.220 
8.537 0.635 129.093 
3.246 1.153 131.150 
