29.778 -1.661 8.429 
26.483 -4.353 3.676 
23.050 -3.941 -1.947 
21.412 -0.899 -7.220 
21.211 3.892 -12.139 
9.617 36.856 17.435 
12.384 35.106 11.725 
17.197 31.678 8.477 
21.227 26.577 8.828 
24.059 21.452 12.403 
23.535 16.962 17.638 
19.613 13.186 21.530 
13.929 9.787 21.469 
8.096 8.542 18.719 
36.648 7.676 -4.965 
32.383 11.826 -2.819 
25.832 14.479 -1.604 
19.634 12.462 -0.881 
16.321 6.975 0.135 
12.623 12.891 0.120 
9.698 17.908 3.544 
6.632 20.351 9.134 
4.329 21.523 15.411 
7.002 22.098 21.861 
12.208 22.327 25.996 
18.459 24.276 26.576 
23.939 27.357 24.170 
27.922 30.628 19.732 
27.830 36.180 15.944 
