19.392 68.260 9.530 
19.295 68.692 16.480 
20.452 68.015 22.901 
24.779 68.399 27.755 
76.574 68.618 33.046 
76.146 69.529 26.256 
74.363 69.130 19.897 
69.605 68.923 15.288 
44.881 58.867 5.409 
39.518 56.595 2.012 
34.855 52.044 2.668 
31.659 47.432 5.869 
30.447 43.878 10.805 
51.276 59.145 37.490 
56.681 57.064 40.875 
61.342 52.490 40.218 
64.383 47.751 36.995 
65.468 44.300 32.018 
36.336 73.671 15.327 
38.143 68.234 19.096 
35.417 62.538 21.464 
30.939 58.048 19.788 
35.835 56.271 24.510 
40.586 51.288 23.974 
42.318 45.985 20.354 
42.418 41.309 15.666 
43.289 39.745 8.542 
43.598 41.296 2.265 
58.634 73.948 28.526 
57.099 68.214 24.775 
60.007 62.748 22.033 
64.701 58.449 23.044 
59.777 56.470 18.541 
55.107 51.413 18.998 
53.399 46.140 22.678 
51.290 43.178 28.440 
52.704 40.112 34.638 
52.338 41.678 40.916 
