22.322 -5.873 29.663 
19.723 -9.595 25.021 
17.085 -9.820 19.220 
15.234 -7.049 13.240 
14.322 -1.582 9.282 
-3.705 29.653 44.647 
-0.828 29.102 38.708 
3.284 26.125 34.874 
9.546 22.962 34.346 
12.317 17.436 36.555 
11.225 11.511 39.299 
8.172 6.841 42.447 
3.537 2.490 41.929 
-1.694 -0.614 38.656 
28.641 2.500 18.691 
23.493 7.309 19.131 
16.555 7.658 19.719 
10.179 5.290 19.089 
6.785 1.588 23.068 
5.339 8.165 22.431 
0.338 11.519 25.180 
-4.367 12.529 29.424 
-7.858 12.404 35.131 
-6.265 13.177 41.926 
-2.189 13.662 47.133 
3.968 15.353 49.182 
9.349 18.784 48.717 
14.439 22.466 45.671 
14.322 28.428 42.838 
