30.165 -1.571 7.488 
26.366 -4.518 2.964 
22.880 -4.251 -2.560 
21.092 -1.702 -8.270 
20.507 3.495 -12.812 
9.446 37.260 17.651 
12.756 35.506 11.911 
17.025 32.157 8.735 
21.602 26.894 8.998 
24.594 22.053 12.476 
23.594 17.109 16.833 
19.933 13.599 20.872 
14.527 10.189 20.846 
8.360 8.573 18.575 
36.377 7.483 -5.692 
32.004 11.836 -4.664 
25.419 13.563 -3.644 
19.414 11.769 -2.219 
16.388 7.790 2.165 
12.640 13.165 -0.393 
9.691 18.065 3.348 
6.539 20.363 8.832 
4.367 21.796 15.209 
7.158 22.199 21.516 
12.435 22.324 25.823 
18.573 24.365 26.280 
24.340 27.206 24.342 
27.900 30.818 20.047 
27.687 36.547 16.654 
