37.263 4.389 7.379 
34.674 0.623 2.799 
31.167 -0.062 -2.762 
27.914 2.733 -7.978 
27.410 7.765 -12.253 
8.938 38.785 19.966 
11.189 37.811 13.729 
15.486 34.929 9.575 
20.654 30.199 9.302 
25.025 26.050 12.306 
25.338 20.973 16.710 
22.618 16.004 20.310 
18.263 11.432 19.924 
12.802 8.238 17.853 
40.723 16.650 -4.979 
34.744 18.456 -2.965 
27.717 17.790 -2.544 
22.522 13.729 -1.985 
20.375 9.314 0.805 
20.506 10.124 2.575 
17.398 15.475 0.675 
12.386 19.433 3.161 
8.521 21.026 8.338 
5.541 21.167 14.477 
7.892 21.851 20.921 
12.903 22.443 25.553 
18.813 25.666 26.131 
24.791 27.787 23.328 
27.588 32.533 19.635 
26.627 38.627 17.027 
