37.389 4.445 7.436 
34.712 0.642 2.853 
31.276 0.100 -2.755 
28.030 2.968 -7.872 
27.392 8.047 -12.098 
8.974 39.337 20.015 
11.364 38.349 13.844 
15.410 35.277 9.676 
20.552 30.451 9.382 
24.844 26.321 12.385 
25.162 21.262 16.801 
22.511 16.079 20.359 
18.146 11.485 19.909 
12.654 8.263 17.865 
40.905 16.770 -5.176 
35.042 18.675 -2.984 
28.069 18.087 -2.676 
22.892 14.090 -1.996 
21.421 10.062 2.945 
17.663 15.548 0.758 
12.890 19.433 3.467 
8.513 21.195 8.370 
5.328 21.146 14.438 
7.742 21.788 20.880 
12.703 22.476 25.513 
18.554 25.641 26.165 
24.535 27.515 23.326 
27.467 32.428 19.500 
26.586 38.250 16.207 
