22.212 0.318 29.967 
19.820 -2.986 24.989 
17.135 -3.332 19.197 
15.270 -0.543 13.166 
14.512 4.924 9.145 
-3.691 36.575 45.004 
-0.910 36.023 38.936 
3.311 32.891 34.970 
9.414 29.825 34.383 
12.255 24.120 36.539 
11.277 18.012 39.009 
8.035 13.303 42.453 
3.353 9.097 41.891 
-1.742 6.333 38.662 
28.425 8.977 19.461 
23.611 13.928 19.286 
16.711 14.208 19.334 
10.285 11.789 19.101 
7.119 8.080 23.327 
5.142 14.836 22.009 
0.243 18.279 25.098 
-4.420 19.618 29.521 
-8.123 19.091 35.209 
-6.378 19.703 41.913 
-2.220 20.153 47.151 
3.884 21.718 49.368 
9.284 25.297 48.912 
14.202 28.908 45.526 
14.269 35.110 42.913 
