30.119 -1.711 8.059 
26.635 -4.565 3.521 
23.107 -4.326 -2.104 
21.287 -1.576 -7.683 
20.840 3.400 -12.414 
9.580 37.136 17.707 
12.392 35.993 11.944 
17.013 32.329 8.591 
21.383 27.003 9.005 
24.383 21.989 12.551 
23.299 17.224 16.975 
19.669 13.539 21.165 
14.164 10.179 21.109 
8.292 8.591 18.634 
36.708 8.540 -5.923 
31.911 12.019 -3.410 
25.212 14.024 -4.237 
19.510 11.972 -1.578 
16.344 8.217 2.714 
12.601 13.460 -0.192 
9.653 18.374 3.511 
6.575 20.703 9.026 
4.171 21.843 15.334 
6.909 22.378 21.690 
12.122 22.370 25.968 
18.295 24.663 26.671 
23.732 27.709 24.523 
27.974 30.651 19.992 
27.861 36.559 16.682 
