29.997 -1.354 8.096 
26.552 -4.060 3.523 
22.997 -3.738 -2.005 
21.128 -0.639 -7.379 
20.583 3.701 -12.362 
9.827 36.666 17.470 
12.400 34.852 11.903 
17.023 31.656 8.421 
21.164 26.274 9.031 
24.544 21.598 12.678 
23.135 16.944 17.378 
19.520 13.406 21.578 
13.962 10.020 21.482 
8.049 8.506 18.895 
36.569 8.438 -5.464 
31.845 12.351 -3.820 
25.259 14.512 -4.001 
19.798 12.531 -1.146 
16.553 7.550 2.341 
12.448 12.872 -0.004 
9.627 17.852 3.684 
6.667 20.422 9.191 
4.079 21.575 15.430 
6.932 22.172 21.828 
12.174 22.258 26.052 
18.408 24.322 26.577 
23.879 27.416 24.296 
28.097 30.449 19.846 
27.960 35.910 16.083 
