30.125 -8.931 7.788 
26.573 -11.664 3.235 
23.072 -11.234 -2.295 
21.305 -8.413 -7.599 
20.475 -3.677 -12.298 
9.410 29.296 17.597 
12.312 28.020 11.699 
17.006 24.656 8.299 
21.031 19.145 9.004 
24.157 14.564 12.318 
23.553 10.236 17.254 
19.894 6.170 21.095 
14.076 2.757 21.029 
8.259 1.284 18.509 
36.227 0.140 -5.249 
31.423 4.573 -3.832 
25.337 6.723 -3.506 
19.866 4.994 -1.145 
16.341 0.969 2.772 
12.680 5.911 -0.099 
9.703 10.913 3.292 
6.666 13.293 8.875 
4.510 14.255 15.101 
7.150 14.856 21.671 
12.491 15.106 25.905 
18.391 17.019 26.126 
24.046 20.085 23.864 
27.877 23.149 19.443 
27.601 28.941 16.292 
