3.063 53.236 3.973 
6.801 58.941 6.009 
6.502 64.819 9.562 
4.264 67.945 14.714 
-0.408 69.007 19.681 
-3.253 65.424 24.520 
-4.041 60.277 28.565 
-0.875 55.262 32.353 
4.301 52.870 34.392 
11.198 52.783 35.231 
17.071 55.707 33.365 
20.695 61.187 33.059 
22.456 67.201 35.184 
22.429 71.622 40.085 
19.855 74.267 45.928 
15.984 73.113 51.589 
15.468 68.375 55.791 
17.479 62.856 58.798 
22.247 59.619 61.058 
28.773 57.573 62.085 
35.072 59.402 62.043 
39.294 63.930 62.314 
41.775 70.182 62.842 
41.445 76.346 67.100 
38.779 79.409 71.987 
30.252 63.725 76.950 
26.128 69.222 74.456 
26.072 74.862 70.609 
27.809 77.436 65.006 
31.666 77.945 59.347 
33.971 73.890 54.648 
34.614 68.155 51.324 
32.968 61.629 49.395 
28.036 57.330 49.284 
21.339 55.567 49.430 
15.019 57.735 50.575 
10.279 62.136 49.444 
7.292 66.860 45.903 
6.553 69.871 40.039 
9.128 71.559 33.796 
13.883 70.009 28.941 
15.586 64.505 25.818 
14.774 58.240 24.053 
11.263 53.677 21.988 
5.687 49.798 20.409 
-0.875 50.366 19.354 
-5.822 54.038 18.131 
-9.577 59.807 16.754 
-8.534 65.610 12.910 
-6.123 68.586 7.815 
