18.488 -0.083 20.522 
37.100 -2.865 7.215 
34.414 -6.630 2.639 
30.969 -7.347 -2.781 
27.770 -4.560 -8.034 
27.308 0.408 -12.316 
9.447 32.052 19.686 
11.461 30.754 13.743 
15.710 27.977 9.755 
20.723 23.184 9.449 
25.207 19.052 12.457 
25.219 13.972 16.729 
22.444 8.868 20.178 
18.128 4.206 19.886 
12.904 1.082 17.209 
10.558 -0.802 10.810 
40.366 9.450 -5.047 
34.323 11.257 -3.166 
27.290 10.474 -2.803 
21.920 6.491 -2.081 
20.080 3.337 2.681 
17.964 9.688 0.902 
12.929 13.402 3.779 
8.723 14.307 8.179 
5.496 14.276 14.308 
7.784 15.009 20.663 
12.729 15.420 25.453 
18.805 18.460 26.105 
24.664 20.794 23.456 
27.615 25.626 19.800 
26.510 31.480 17.073 
