4.005 33.895 38.861 
10.320 35.872 35.971 
15.958 33.752 32.311 
18.061 29.378 27.401 
16.648 25.910 21.652 
12.281 23.886 16.491 
7.177 26.090 12.829 
3.162 30.976 9.877 
2.558 37.521 7.968 
5.407 43.557 6.435 
10.786 47.989 6.283 
17.007 48.413 3.595 
21.374 46.398 -0.107 
24.663 41.610 -4.245 
23.472 36.889 -8.879 
19.666 34.367 -13.627 
14.481 34.299 -17.999 
10.887 38.782 -21.723 
8.916 44.807 -23.457 
10.769 49.840 -26.083 
14.012 54.008 -28.856 
18.464 56.556 -31.742 
33.521 27.564 -36.153 
28.517 31.212 -34.667 
24.930 35.751 -32.017 
27.676 40.011 -28.751 
29.770 44.251 -25.717 
29.792 48.158 -21.973 
26.022 51.858 -17.981 
21.863 53.927 -15.027 
15.900 52.436 -11.827 
10.204 50.434 -10.870 
5.749 45.190 -10.544 
5.187 38.636 -9.272 
8.583 33.523 -6.591 
12.943 30.601 -3.182 
18.414 30.084 1.186 
21.299 33.375 6.083 
21.915 38.199 10.977 
18.385 41.405 15.342 
12.678 44.025 18.314 
6.414 42.752 19.733 
1.482 38.123 20.983 
-0.402 31.748 20.942 
1.128 25.785 22.923 
5.801 20.978 25.051 
11.203 20.559 29.136 
