4.560 -9.077 8.019 
1.234 -11.709 3.543 
-2.177 -11.273 -2.028 
-3.985 -8.307 -7.844 
-4.581 -3.460 -12.460 
-15.654 30.598 16.915 
-12.858 29.006 10.949 
-8.266 25.024 8.307 
-4.314 19.542 9.098 
-0.966 14.748 12.682 
-2.130 10.091 17.142 
-5.560 6.347 21.247 
-11.141 2.837 21.397 
-16.997 1.526 18.612 
11.434 -0.147 -5.349 
7.016 4.472 -4.017 
0.809 6.158 -2.501 
-5.328 5.187 -0.917 
-9.037 1.118 2.557 
-12.922 6.029 -0.335 
-15.662 11.068 3.280 
-18.695 13.469 8.898 
-20.961 14.549 15.223 
-18.306 15.188 21.578 
-13.203 15.296 26.030 
-6.898 17.213 26.482 
-1.369 20.008 24.120 
2.256 23.621 19.926 
1.913 29.226 16.478 
