34.683 0.956 2.859 
31.205 0.279 -2.800 
28.129 2.971 -8.093 
28.109 8.072 -12.591 
8.608 38.313 19.662 
10.777 37.117 13.675 
15.541 35.167 9.171 
20.741 30.403 9.160 
25.058 26.285 12.262 
25.308 21.286 16.608 
22.520 16.361 20.210 
18.170 11.781 19.890 
12.742 8.479 17.926 
40.743 17.078 -4.234 
34.625 18.823 -2.690 
27.643 18.124 -2.366 
22.377 14.032 -2.119 
20.600 9.820 2.520 
17.678 15.968 0.611 
12.627 19.718 3.214 
8.291 21.046 8.063 
5.391 21.266 14.163 
7.775 22.212 20.572 
12.678 22.962 25.292 
18.657 26.030 25.993 
24.623 28.275 23.324 
27.450 33.041 19.554 
26.314 39.038 17.008 
