29.774 -2.489 9.574 
26.587 -4.685 4.571 
23.464 -3.799 -1.194 
22.538 0.381 -6.513 
23.119 6.404 -9.213 
10.840 35.090 16.546 
13.832 33.352 11.397 
18.909 29.824 8.356 
22.813 24.686 10.142 
24.898 20.101 14.412 
23.420 16.263 19.792 
18.981 12.407 22.842 
13.382 9.601 22.777 
7.803 8.001 19.835 
38.124 5.648 -0.166 
34.524 11.588 0.633 
27.860 13.535 0.493 
21.074 11.850 -0.290 
16.575 7.208 1.311 
12.529 12.758 1.116 
9.746 17.562 4.768 
6.666 20.069 10.136 
4.156 21.310 16.246 
6.904 22.067 22.587 
11.951 22.919 26.849 
18.294 24.497 27.528 
24.220 26.772 25.170 
28.568 29.238 20.808 
28.855 34.729 16.931 
