37.290 -2.637 7.371 
34.663 -6.422 2.906 
31.178 -7.080 -2.680 
27.979 -4.460 -7.904 
27.774 0.610 -12.455 
8.724 31.312 19.853 
11.147 30.255 13.602 
15.477 27.709 9.471 
20.748 23.152 9.275 
25.091 19.019 12.271 
25.403 13.975 16.702 
22.724 9.045 20.319 
18.345 4.502 20.014 
12.939 1.295 17.853 
40.680 9.562 -4.677 
34.554 11.376 -2.979 
27.560 10.619 -2.592 
22.322 6.587 -1.910 
20.320 3.144 2.735 
17.698 9.198 0.573 
13.078 13.208 3.707 
8.510 14.230 8.326 
5.611 14.171 14.345 
7.979 14.850 20.852 
12.880 15.543 25.526 
18.894 18.722 26.029 
24.795 20.960 23.298 
27.513 25.727 19.719 
26.420 31.808 17.129 
