37.445 -2.795 7.246 
34.722 -6.517 2.781 
31.391 -7.211 -2.815 
27.964 -4.479 -7.974 
27.338 0.430 -12.258 
9.261 31.887 19.936 
11.418 31.013 13.923 
15.637 28.008 9.638 
20.681 23.185 9.393 
25.078 19.114 12.421 
25.385 13.988 16.715 
22.683 8.966 20.244 
18.301 4.267 19.713 
12.864 1.328 17.571 
40.667 9.289 -4.932 
34.631 11.342 -3.236 
27.692 10.572 -2.707 
22.559 6.630 -2.012 
20.604 3.532 2.877 
17.572 9.212 0.290 
12.482 12.710 3.054 
8.564 14.103 8.273 
5.550 14.120 14.377 
7.930 14.685 20.819 
12.877 15.270 25.485 
18.841 18.391 26.066 
24.596 20.881 23.536 
27.541 25.243 19.673 
26.738 31.319 16.692 
