-21.149 -6.463 15.732 
4.692 -9.112 7.941 
1.230 -11.872 3.430 
-2.304 -11.360 -2.127 
-4.489 -8.146 -7.542 
-4.409 -3.375 -12.145 
-16.067 30.451 17.114 
-12.819 28.504 11.470 
-8.725 24.778 8.219 
-4.443 19.398 8.961 
-1.055 14.905 12.349 
-1.760 10.394 17.202 
-5.299 6.284 21.074 
-10.852 2.786 21.202 
-16.579 0.824 19.011 
-20.019 -1.202 15.233 
11.705 -0.126 -5.504 
7.157 4.181 -3.545 
0.765 6.655 -3.871 
-5.179 4.946 -1.238 
-8.762 0.791 2.575 
-12.515 6.077 -0.132 
-15.527 10.928 3.386 
-18.562 13.237 8.878 
-20.906 14.424 15.146 
-18.336 15.028 21.524 
-12.955 15.102 25.854 
-6.914 17.204 26.230 
-1.376 20.410 24.066 
2.349 23.568 19.569 
2.329 29.229 15.824 
