29.775 -1.339 7.595 
26.187 -4.166 3.195 
22.628 -3.952 -2.379 
21.070 -1.260 -8.066 
20.438 3.741 -12.743 
9.645 37.225 17.496 
12.598 35.373 11.750 
16.960 31.820 8.685 
21.823 26.939 9.130 
24.830 22.118 12.737 
23.649 17.389 17.186 
19.769 13.769 21.280 
14.074 10.439 21.156 
8.485 8.885 18.662 
4.990 6.703 15.238 
36.802 8.659 -5.643 
31.451 12.480 -4.286 
25.138 14.310 -3.804 
19.084 12.116 -1.802 
15.960 8.087 2.271 
12.385 13.442 -0.354 
9.564 18.551 3.336 
6.585 20.857 8.994 
4.322 21.877 15.401 
7.211 22.422 21.737 
12.404 22.645 26.045 
18.594 24.788 26.798 
23.871 27.939 24.641 
28.024 31.459 20.711 
27.674 36.772 16.451 
