-9.003 0.270 32.547 
-12.516 3.588 28.177 
-16.887 3.776 23.485 
-21.579 0.770 19.873 
-25.453 -4.948 18.140 
16.580 -34.810 15.465 
10.175 -34.191 15.262 
4.536 -32.111 17.478 
1.150 -29.117 22.979 
1.740 -23.274 26.174 
4.187 -17.315 25.820 
8.423 -12.336 24.172 
9.449 -8.106 19.609 
8.745 -5.112 13.778 
4.176 -4.992 8.453 
-21.183 -10.309 34.896 
-18.586 -13.270 30.062 
-16.587 -14.078 23.282 
-14.690 -11.138 17.553 
-9.383 -8.100 16.231 
-8.943 -13.897 13.708 
-4.423 -17.598 10.195 
1.404 -18.661 7.594 
8.116 -18.332 6.431 
13.490 -18.678 10.779 
16.899 -19.011 16.549 
16.734 -20.353 23.045 
14.869 -23.854 28.102 
10.168 -27.231 32.136 
7.886 -33.342 31.345 
