29.997 -1.653 7.943 
26.489 -4.359 3.344 
22.969 -4.091 -2.191 
21.204 -1.136 -7.738 
20.572 3.911 -12.449 
9.784 37.420 17.569 
12.715 35.587 11.843 
17.015 31.953 8.666 
21.374 26.771 8.923 
24.448 21.766 12.429 
23.468 17.328 17.297 
19.717 13.576 21.272 
14.130 10.121 21.203 
8.465 8.505 18.669 
36.601 7.350 -5.705 
31.831 12.016 -4.391 
25.392 14.211 -4.701 
19.827 12.355 -1.763 
19.832 12.319 -1.741 
16.659 9.378 2.351 
16.429 7.916 2.259 
12.509 13.646 -0.263 
9.564 18.407 3.435 
6.627 20.704 9.064 
4.242 21.808 15.304 
7.164 22.374 21.711 
12.456 22.299 25.974 
18.800 24.268 26.564 
24.051 27.597 24.375 
28.015 31.038 20.524 
28.014 36.211 16.246 
