29.431 -1.998 9.704 
26.351 -4.468 4.681 
23.208 -3.688 -1.110 
21.696 0.123 -6.322 
22.983 5.522 -10.224 
11.387 34.869 16.723 
14.358 33.299 11.451 
19.086 29.530 8.454 
22.920 24.247 10.171 
25.071 19.629 14.696 
23.371 15.990 19.955 
18.799 12.468 23.142 
13.258 9.739 23.203 
7.695 8.065 20.117 
36.306 9.339 1.803 
32.375 13.219 0.427 
25.466 14.080 1.105 
19.146 11.797 0.055 
16.156 6.399 1.535 
12.691 12.259 1.503 
9.868 17.308 4.962 
6.700 19.960 10.355 
4.080 21.167 16.407 
6.728 22.066 22.760 
11.977 23.187 26.712 
18.504 24.296 27.540 
24.502 26.342 25.298 
28.986 28.844 21.060 
29.424 34.225 16.933 
