9.723 -2.768 7.967 
7.225 -6.464 3.165 
3.952 -7.135 -2.528 
1.603 -4.410 -8.062 
1.555 0.950 -12.282 
-19.713 30.885 19.710 
-17.550 29.582 13.619 
-12.857 27.477 9.174 
-7.683 22.978 9.014 
-3.258 18.797 12.124 
-3.015 13.657 16.445 
-5.662 8.876 20.331 
-9.976 4.274 20.116 
-15.612 1.058 18.314 
13.966 9.607 -3.830 
7.841 11.393 -2.242 
0.812 10.709 -2.536 
-4.351 6.679 -2.419 
-6.751 2.402 0.699 
-10.347 7.748 1.753 
-15.938 11.089 3.452 
-20.017 12.858 8.067 
-22.736 13.775 14.361 
-20.334 14.739 20.933 
-15.327 15.443 25.519 
-9.237 18.618 25.776 
-3.412 20.857 23.172 
-0.734 25.549 19.147 
-2.063 31.503 16.860 
