33.241 0.230 4.270 
30.704 -3.209 -0.485 
27.910 -3.538 -6.327 
26.017 -0.808 -12.080 
25.251 4.767 -16.160 
7.558 35.785 20.367 
9.942 35.060 14.325 
14.327 32.588 10.166 
20.534 29.433 9.264 
23.282 23.830 11.396 
22.165 17.669 13.918 
18.873 12.913 16.985 
14.301 8.692 16.278 
9.217 5.867 13.196 
9.228 5.859 13.206 
5.944 5.549 7.445 
39.410 10.355 -5.871 
34.268 13.711 -6.130 
27.358 14.475 -6.196 
21.221 11.495 -6.324 
17.915 8.465 -2.610 
16.415 14.798 -3.002 
11.179 18.176 -0.292 
6.292 19.328 4.008 
2.698 18.799 9.679 
4.546 19.320 16.418 
8.508 19.705 21.732 
14.642 21.281 24.041 
20.007 24.877 23.966 
25.363 28.061 20.878 
25.572 34.277 18.300 
