80.185 254.256 114.554 
75.599 252.394 110.031 
70.799 247.829 109.361 
67.404 242.126 111.757 
64.663 240.646 117.904 
63.400 242.137 124.526 
59.415 246.679 127.681 
54.973 251.459 127.431 
51.526 256.684 124.401 
38.467 265.295 108.591 
32.414 261.556 109.669 
26.402 263.074 106.355 
22.090 263.009 101.367 
18.101 258.299 99.609 
16.205 252.189 96.532 
15.775 246.342 98.059 
15.626 241.294 103.620 
17.003 238.702 109.163 
15.766 240.633 116.061 
13.149 245.017 120.295 
6.539 246.977 121.216 
39.479 235.230 100.302 
37.496 241.389 101.789 
38.924 248.208 101.600 
41.987 253.245 100.991 
45.080 257.136 98.600 
46.323 258.292 92.487 
46.708 257.933 86.750 
44.663 256.326 81.471 
40.747 254.992 77.819 
-3.053 239.844 109.009 
-0.626 245.791 105.349 
2.435 252.637 106.704 
6.941 255.937 111.320 
13.195 255.841 114.961 
19.235 253.220 115.742 
24.429 249.475 114.278 
28.131 246.178 109.268 
29.256 244.868 103.307 
29.967 247.201 97.183 
30.655 252.819 93.249 
31.088 246.941 91.132 
35.086 242.825 87.349 
40.421 241.383 85.968 
46.486 241.735 87.142 
51.956 243.206 89.156 
55.502 245.005 94.128 
56.825 248.101 99.982 
54.728 247.324 105.971 
51.007 245.828 110.801 
53.097 252.534 109.999 
57.111 256.976 112.815 
62.217 258.007 116.592 
65.117 258.003 122.898 
69.406 254.113 125.819 
70.402 247.316 127.541 
74.002 241.937 124.503 
