34.677 0.892 2.718 
31.240 0.262 -2.909 
27.817 2.962 -8.021 
27.665 8.020 -12.456 
8.947 38.808 20.044 
11.108 37.766 13.769 
15.704 35.316 9.529 
20.939 30.538 9.284 
25.210 26.389 12.434 
25.446 21.429 16.758 
22.774 16.386 20.265 
18.366 11.798 19.923 
12.907 8.606 18.008 
40.795 17.015 -4.711 
34.682 18.734 -2.913 
27.651 18.083 -2.509 
22.382 14.034 -2.046 
20.655 10.282 2.714 
17.463 16.284 0.500 
12.633 19.950 3.410 
8.477 21.403 8.371 
5.539 21.475 14.458 
7.948 22.259 20.883 
12.935 22.923 25.564 
18.758 26.084 26.267 
24.819 28.270 23.516 
27.688 33.243 19.907 
26.738 38.922 16.452 
