-40.975 56.531 -15.647 
-42.639 60.230 -10.509 
-42.602 60.172 -10.487 
-43.187 59.257 -3.808 
-43.271 59.154 -3.816 
-44.268 55.324 1.511 
-44.344 55.379 1.528 
-43.426 49.389 4.849 
-43.437 49.539 4.605 
-40.358 43.687 5.687 
-40.468 43.645 5.401 
-34.649 40.669 6.019 
-34.776 40.591 5.758 
-28.326 40.540 5.902 
-28.371 40.859 5.579 
-22.441 42.394 6.209 
-29.305 57.356 15.815 
-27.331 57.983 10.658 
-29.577 57.114 15.587 
-24.056 58.747 4.881 
-26.891 58.111 10.964 
-22.481 56.022 -1.026 
-24.007 59.001 5.034 
-24.678 51.501 -5.200 
-22.410 56.134 -0.779 
-28.528 46.444 -7.775 
-24.774 51.839 -4.807 
-33.313 42.031 -8.206 
-28.779 46.855 -7.466 
-39.923 40.908 -7.665 
-33.261 42.031 -8.164 
-45.962 41.603 -5.412 
-39.615 41.174 -7.486 
-51.400 45.526 -3.967 
-45.819 41.535 -5.007 
