29.836 -1.099 7.663 
26.179 -4.161 3.222 
22.513 -3.717 -2.260 
20.082 -0.329 -7.369 
20.492 4.231 -12.299 
9.833 37.082 17.589 
12.748 35.479 11.847 
17.193 31.666 8.671 
21.535 26.944 8.812 
24.697 22.125 12.659 
23.536 17.465 17.262 
19.737 13.825 21.251 
14.175 10.473 21.168 
8.531 8.846 18.735 
8.529 8.847 18.737 
5.135 6.619 15.246 
36.457 8.330 -5.428 
31.708 12.640 -4.043 
25.154 14.560 -4.042 
19.385 12.232 -1.651 
16.379 8.006 2.588 
12.623 13.447 -0.160 
9.674 18.442 3.417 
6.710 20.785 9.046 
4.338 21.909 15.311 
7.192 22.552 21.665 
12.495 22.595 25.896 
18.724 24.757 26.514 
24.035 27.902 24.251 
28.117 31.068 19.839 
27.968 36.586 16.081 
