29.980 -1.856 8.286 
26.484 -4.608 3.689 
23.047 -4.130 -1.885 
21.427 -1.233 -7.519 
20.949 3.480 -12.354 
9.666 37.461 17.431 
12.521 36.079 11.899 
17.176 32.179 8.395 
21.231 26.888 8.971 
24.069 21.865 12.459 
23.206 17.132 17.127 
19.648 13.530 21.276 
14.170 10.037 21.183 
8.220 8.398 18.892 
36.423 7.894 -5.344 
31.988 11.912 -3.042 
25.163 14.399 -3.669 
19.736 12.003 -1.448 
16.435 7.997 2.702 
12.544 13.319 -0.082 
9.615 18.254 3.545 
6.654 20.597 9.074 
4.070 21.752 15.291 
6.817 22.359 21.655 
12.162 22.267 25.937 
18.218 24.599 26.533 
23.779 27.478 24.293 
27.897 30.721 19.911 
27.952 36.352 16.508 
