37.484 -2.775 7.354 
34.848 -6.493 2.713 
31.463 -7.096 -2.901 
28.509 -4.338 -8.208 
27.744 0.542 -12.556 
8.621 32.058 19.922 
11.088 31.143 13.753 
15.364 28.098 9.584 
20.594 23.399 9.424 
25.002 19.434 12.596 
25.235 14.219 16.789 
22.543 9.081 20.169 
18.226 4.460 19.712 
12.766 1.112 17.896 
41.215 9.579 -5.130 
35.242 11.392 -2.877 
28.379 10.752 -2.610 
23.086 6.728 -2.503 
20.970 1.943 0.459 
17.404 7.463 1.010 
12.623 11.096 2.965 
8.713 13.518 7.872 
5.480 13.951 13.995 
7.693 14.683 20.466 
12.500 15.447 25.306 
18.366 18.752 26.037 
24.360 20.768 23.384 
27.294 25.648 19.778 
26.423 31.685 16.983 
