30.304 -9.107 7.809 
26.868 -11.818 3.373 
23.216 -11.503 -2.170 
21.262 -8.546 -7.697 
20.536 -3.707 -12.541 
9.843 29.890 17.590 
12.704 28.560 11.693 
17.329 25.029 8.456 
21.372 19.456 9.033 
24.409 14.704 12.674 
23.619 10.281 17.469 
19.966 6.233 21.218 
14.221 2.820 21.012 
8.454 1.350 18.450 
36.451 -0.243 -5.616 
32.264 4.148 -3.872 
25.634 6.171 -4.042 
20.142 4.849 -1.285 
16.555 0.919 2.380 
12.615 6.190 -0.334 
9.738 10.958 3.140 
6.484 13.341 8.779 
4.513 14.382 15.177 
7.197 14.919 21.626 
12.457 15.066 26.030 
18.511 17.148 26.477 
24.183 20.086 24.308 
28.026 23.438 20.023 
28.181 28.914 16.575 
