29.706 -1.428 7.716 
26.074 -4.319 3.313 
22.533 -3.888 -2.243 
20.479 -0.853 -7.597 
20.583 3.855 -12.370 
9.661 37.358 17.505 
12.403 35.641 11.789 
16.831 32.035 8.569 
21.366 26.976 9.007 
24.379 22.158 12.649 
23.213 17.410 17.155 
19.565 13.766 21.303 
14.011 10.435 21.215 
8.484 8.665 18.979 
5.000 6.425 15.291 
36.576 8.613 -5.344 
31.620 12.447 -3.735 
25.113 14.267 -3.554 
19.197 11.811 -1.908 
16.206 7.952 2.642 
12.554 13.432 -0.020 
9.658 18.415 3.495 
6.633 20.808 9.087 
4.189 21.865 15.355 
6.998 22.516 21.751 
12.257 22.497 25.988 
18.375 24.910 26.708 
23.719 28.036 24.468 
27.753 31.268 20.170 
27.624 36.709 16.181 
