29.555 -1.289 9.545 
26.327 -3.806 4.582 
23.144 -3.210 -1.079 
21.753 0.918 -6.426 
23.000 6.341 -10.246 
9.612 36.086 14.867 
12.970 33.586 10.082 
18.129 29.728 8.318 
22.226 24.919 10.322 
24.222 20.287 14.668 
22.906 16.408 20.171 
18.341 12.732 23.184 
12.568 9.819 22.716 
6.995 8.311 19.941 
3.495 6.466 16.186 
36.422 10.454 1.285 
32.057 14.450 0.496 
24.919 14.765 0.471 
18.687 12.271 0.030 
15.570 7.066 1.542 
12.248 13.195 1.441 
9.512 18.260 4.889 
6.189 20.589 10.442 
3.640 21.546 16.657 
6.143 22.032 23.079 
11.240 23.307 26.983 
17.014 25.996 27.714 
23.160 28.105 25.292 
27.213 30.961 20.990 
27.739 35.453 16.368 
