-0.514 13.061 4.992 
-5.752 10.686 8.998 
-11.431 12.686 11.939 
-16.633 16.580 11.022 
-17.569 11.275 15.504 
-22.263 6.202 15.370 
-27.977 3.917 12.624 
-32.832 3.237 8.430 
-35.219 3.031 1.423 
-34.062 2.809 -4.947 
-16.315 3.036 -2.381 
-19.296 8.119 -5.784 
-24.293 12.338 -5.223 
-28.734 15.254 -1.580 
-31.904 16.352 3.516 
-8.606 29.054 -0.632 
-7.362 29.515 6.073 
-7.368 28.403 12.683 
-6.458 24.213 17.546 
7.420 11.469 -49.000 
1.281 11.540 -45.665 
-3.161 15.597 -42.795 
-5.876 21.560 -43.866 
-9.563 16.584 -40.318 
-15.770 14.170 -40.960 
-21.701 14.944 -44.264 
-26.232 17.336 -48.567 
-27.974 18.470 -55.513 
-26.699 18.368 -61.754 
-10.852 10.019 -58.559 
-10.519 16.478 -61.401 
-13.254 22.496 -60.745 
-16.544 26.639 -57.044 
-19.396 28.686 -51.878 
7.375 30.528 -52.921 
7.831 29.462 -46.212 
6.756 27.618 -39.893 
5.450 23.222 -35.343 
-8.256 -10.383 -34.487 
-13.510 -7.159 -37.207 
-19.222 -7.088 -40.996 
-24.648 -8.393 -40.346 
-21.240 -2.087 -41.250 
-24.156 4.134 -41.023 
-28.994 7.674 -38.463 
-34.038 9.695 -34.777 
-37.043 9.288 -28.686 
-37.325 7.377 -22.045 
-21.380 5.140 -23.307 
-24.409 -1.273 -21.820 
-30.423 -4.242 -22.984 
-35.265 -5.289 -27.115 
-38.354 -4.564 -33.005 
-20.289 -24.053 -28.836 
-19.625 -24.615 -35.790 
-19.888 -23.067 -42.250 
-17.536 -18.702 -46.940 
-1.303 -13.021 18.864 
-7.553 -11.872 16.104 
-13.041 -14.281 12.671 
-17.292 -17.975 13.444 
-17.114 -10.808 13.081 
-22.290 -6.518 14.492 
-27.809 -5.490 17.905 
-32.791 -6.216 22.047 
-34.477 -8.470 28.334 
-32.550 -10.147 34.638 
-15.601 -7.212 29.850 
-17.483 -13.135 32.500 
-22.072 -17.843 31.852 
-26.395 -20.732 28.095 
-30.299 -21.184 22.625 
-5.877 -31.283 23.274 
-5.873 -30.520 16.492 
-6.687 -29.015 10.262 
-6.323 -24.041 5.800 
