-3.654 2.350 37.943 
-7.411 6.075 34.140 
-11.854 6.725 29.357 
-16.131 4.099 25.125 
-20.128 -1.057 23.619 
16.222 -30.783 13.765 
9.984 -29.309 14.062 
3.905 -27.528 17.061 
2.186 -22.937 21.908 
3.917 -18.624 26.895 
8.103 -13.376 28.158 
12.759 -8.822 27.025 
13.962 -4.116 22.920 
13.768 -0.777 17.006 
-16.353 -9.963 38.271 
-13.148 -11.850 32.730 
-11.201 -11.089 26.006 
-9.031 -7.136 21.288 
-3.884 -3.583 20.631 
-4.901 -8.338 15.822 
-0.498 -10.967 11.413 
5.349 -12.495 9.364 
12.154 -13.505 8.997 
17.427 -14.512 13.359 
20.221 -15.207 19.522 
18.916 -18.323 25.467 
14.921 -21.208 29.860 
9.967 -25.555 31.550 
8.096 -31.499 29.728 
