30.162 -2.225 9.499 
26.932 -4.583 4.566 
23.889 -3.790 -1.071 
22.335 0.269 -6.208 
23.753 5.664 -10.111 
11.369 35.282 16.373 
14.476 33.708 11.151 
19.498 30.102 8.068 
23.329 24.729 9.908 
25.312 20.054 14.594 
23.443 16.426 20.170 
18.984 12.543 22.494 
13.124 9.695 22.783 
7.464 8.207 19.990 
37.120 9.300 1.745 
33.310 13.358 0.518 
26.288 14.258 0.965 
19.877 11.799 0.309 
17.063 7.514 4.249 
13.120 12.842 1.643 
9.995 17.907 5.010 
6.633 20.403 10.499 
3.856 21.613 16.528 
6.432 22.308 22.852 
11.780 23.564 26.793 
18.473 25.174 27.249 
24.699 26.738 24.766 
29.271 29.235 20.485 
29.515 34.910 16.654 
