-5.071 54.850 49.856 
0.010 56.616 46.292 
6.076 57.880 45.432 
12.385 57.429 47.681 
16.795 57.041 52.841 
17.633 53.875 58.471 
16.520 50.208 63.761 
15.285 44.100 65.192 
12.986 38.016 65.164 
31.106 41.568 41.182 
26.652 40.562 44.566 
17.065 38.806 46.090 
10.660 37.647 47.650 
4.956 38.746 51.114 
1.870 42.036 56.053 
1.554 46.406 60.826 
3.915 51.767 63.982 
7.534 57.079 64.668 
9.644 62.777 62.750 
9.333 67.589 58.195 
-5.896 4.792 30.892 
-1.872 3.259 35.718 
3.710 1.628 38.176 
10.453 1.258 37.865 
16.301 0.458 34.555 
19.181 3.704 29.702 
20.338 7.230 24.255 
19.825 13.296 22.043 
19.467 19.709 21.933 
28.167 15.059 50.360 
24.910 16.155 45.460 
16.656 19.237 41.137 
11.332 20.887 37.444 
6.855 20.264 32.438 
5.167 17.317 26.601 
5.846 12.954 22.012 
7.836 7.156 19.873 
10.197 1.314 20.158 
11.449 -4.528 22.928 
9.881 -8.810 27.824 
