30.042 -1.510 7.752 
26.555 -4.312 3.237 
23.002 -4.031 -2.244 
20.939 -1.210 -7.766 
20.638 3.572 -12.647 
9.774 36.978 17.896 
12.720 35.554 12.168 
17.294 32.191 8.718 
21.540 26.941 9.015 
24.676 22.178 12.634 
23.469 17.407 17.138 
19.750 13.739 21.161 
14.189 10.380 21.065 
8.537 8.716 18.768 
8.752 8.531 18.986 
5.209 6.273 15.100 
36.531 8.024 -5.793 
31.742 12.310 -4.519 
25.111 14.171 -4.434 
19.570 12.080 -1.901 
16.449 8.114 2.413 
12.672 13.591 -0.237 
9.792 18.372 3.529 
6.833 20.776 9.070 
4.340 21.952 15.279 
7.185 22.478 21.667 
12.421 22.524 25.917 
18.644 24.596 26.650 
24.076 27.652 24.617 
28.143 30.934 20.319 
27.988 36.566 16.847 
