-5.065 -3.158 37.805 
-8.789 0.592 33.962 
-13.359 0.877 29.177 
-17.331 -1.940 24.859 
-21.274 -7.039 22.808 
14.181 -38.190 14.786 
7.918 -37.486 15.646 
2.736 -34.411 18.561 
1.217 -29.856 23.628 
3.115 -25.350 28.265 
7.025 -20.197 29.129 
11.114 -15.305 27.512 
11.867 -10.825 22.921 
10.882 -7.807 16.985 
6.794 -6.237 12.432 
-18.460 -14.852 38.490 
-14.681 -17.227 33.812 
-12.067 -17.016 27.151 
-10.599 -13.199 21.975 
-5.707 -9.700 21.155 
-6.804 -15.527 17.830 
-2.843 -19.545 14.233 
2.794 -20.659 10.946 
9.552 -20.816 9.595 
15.318 -21.469 13.413 
18.610 -21.949 19.176 
17.919 -24.811 25.241 
14.048 -27.421 30.215 
9.516 -31.527 32.605 
7.094 -37.489 31.701 
