30.363 -8.979 7.999 
26.924 -11.625 3.329 
23.552 -11.354 -2.188 
21.560 -8.370 -7.677 
20.630 -3.281 -12.358 
9.539 29.525 17.504 
12.391 28.132 11.667 
17.192 24.920 8.365 
21.118 19.264 8.943 
24.477 14.676 12.539 
23.579 10.133 17.291 
19.794 6.318 21.034 
14.110 2.876 21.053 
8.244 1.407 18.282 
36.913 0.014 -5.355 
32.642 3.878 -3.432 
26.170 6.617 -3.981 
20.366 5.084 -1.530 
16.728 1.305 2.502 
12.855 6.510 -0.072 
9.833 11.076 3.321 
6.537 13.409 8.840 
4.463 14.460 15.117 
7.114 15.002 21.557 
12.345 15.103 25.940 
18.466 17.224 26.325 
24.036 20.254 24.325 
28.085 23.140 19.641 
27.814 28.985 16.593 
