36.680 4.081 7.314 
33.960 0.302 2.781 
30.634 -0.301 -2.804 
27.626 2.676 -8.069 
27.601 7.757 -12.425 
8.280 37.885 19.583 
10.575 36.600 13.642 
15.471 34.875 9.223 
20.582 30.192 9.288 
24.945 26.024 12.306 
25.152 21.033 16.725 
22.282 16.058 20.163 
17.818 11.569 19.765 
12.613 8.352 17.691 
40.641 16.429 -4.175 
34.484 18.304 -2.568 
27.427 17.623 -2.294 
22.114 13.615 -2.058 
20.168 9.544 2.452 
17.453 15.771 0.458 
12.601 19.459 3.173 
8.356 21.002 7.899 
5.233 21.208 13.959 
7.494 22.028 20.389 
12.482 22.624 25.171 
18.439 25.797 25.867 
24.261 28.077 23.338 
27.066 32.827 19.573 
25.815 38.988 17.533 
