13.842 35.672 -20.969 
13.769 32.998 -27.410 
13.168 29.050 -32.644 
8.772 25.774 -36.466 
30.691 -17.404 -20.488 
31.693 -13.115 -25.064 
27.920 -8.916 -28.390 
21.676 -7.209 -29.935 
14.923 -8.199 -30.966 
15.699 -17.186 -16.034 
12.861 -20.453 -21.451 
13.508 -20.022 -28.292 
17.004 -19.893 -33.496 
-6.000 20.644 -9.510 
-0.220 22.836 -6.463 
5.811 20.146 -5.357 
10.308 15.585 -6.765 
12.805 10.514 -9.842 
-5.845 30.658 -27.134 
-2.990 25.026 -25.599 
1.306 19.746 -26.433 
6.628 17.909 -24.233 
1.394 13.101 -25.525 
-1.159 8.145 -21.726 
-0.646 4.674 -15.752 
1.401 2.651 -9.869 
2.031 4.750 -3.525 
1.234 8.600 1.531 
