37.125 -2.259 7.745 
34.562 -5.801 3.081 
31.316 -6.428 -2.642 
28.652 -3.598 -8.119 
28.597 1.816 -12.158 
7.838 31.373 19.544 
10.120 30.099 13.589 
14.876 28.080 9.124 
20.217 23.518 9.002 
24.335 19.232 11.978 
24.645 14.155 16.417 
21.961 9.443 20.342 
17.559 4.795 20.170 
12.172 1.712 18.441 
41.297 10.450 -3.776 
35.060 12.452 -2.822 
28.137 11.392 -2.587 
22.882 7.410 -2.333 
20.526 3.180 1.802 
16.667 7.433 -0.104 
11.952 11.523 2.876 
8.080 13.878 7.835 
5.143 14.245 13.994 
7.318 15.153 20.475 
12.210 15.997 25.263 
18.234 19.114 25.751 
24.074 21.446 23.107 
26.923 26.045 19.269 
25.511 32.218 17.110 
