29.703 -1.328 7.764 
26.180 -4.129 3.309 
22.521 -3.704 -2.198 
20.386 -0.485 -7.438 
20.665 4.205 -12.276 
9.763 37.329 17.379 
12.511 35.689 11.699 
16.899 32.130 8.309 
21.364 26.992 8.866 
24.504 22.206 12.549 
23.450 17.491 17.180 
19.696 13.859 21.275 
14.085 10.504 21.152 
8.507 8.682 19.003 
5.086 6.434 15.289 
36.773 8.589 -5.482 
31.827 12.498 -3.667 
25.176 14.508 -3.769 
19.257 12.136 -1.723 
16.277 8.055 2.578 
12.507 13.458 -0.052 
9.621 18.436 3.494 
6.641 20.827 9.097 
4.218 21.921 15.389 
7.120 22.602 21.690 
12.413 22.593 25.846 
18.646 24.761 26.429 
23.995 27.923 24.212 
27.978 31.068 19.671 
27.842 36.676 16.030 
