-15.285 -17.740 38.049 
-12.083 -19.515 32.632 
-10.265 -18.700 25.863 
-8.316 -14.903 20.830 
-3.390 -11.271 20.269 
-4.668 -17.380 17.068 
-0.325 -21.015 13.263 
5.290 -22.356 10.245 
12.023 -22.364 9.012 
17.486 -23.252 13.119 
20.813 -23.897 19.104 
19.911 -26.557 25.174 
15.954 -29.357 29.896 
11.468 -33.908 31.853 
9.796 -40.093 30.191 
16.733 -39.370 13.846 
10.315 -38.323 14.427 
4.930 -36.161 17.755 
3.227 -31.443 22.584 
5.155 -27.347 27.818 
9.205 -22.267 28.909 
13.056 -17.258 27.035 
13.944 -12.740 22.817 
13.415 -9.341 16.950 
8.273 -6.985 13.462 
-3.480 -5.730 37.415 
-6.895 -1.673 33.746 
-11.446 -0.998 28.837 
-15.546 -3.962 24.548 
-19.918 -8.893 23.390 
