-0.675 13.204 4.678 
-5.755 10.781 8.920 
-11.556 12.717 11.847 
-16.649 16.593 11.028 
-17.717 11.230 15.493 
-22.415 6.200 15.303 
-28.187 3.951 12.417 
-33.657 3.570 8.561 
-35.400 2.949 1.411 
-34.267 2.846 -4.976 
-16.437 3.221 -2.640 
-19.495 8.160 -5.944 
-24.439 12.389 -5.306 
-28.922 15.288 -1.654 
-32.171 16.277 3.590 
-8.872 29.037 -0.661 
-7.482 29.460 5.998 
-7.360 28.407 12.585 
-6.524 24.171 17.580 
7.362 11.375 -48.939 
1.324 11.377 -45.663 
-3.163 15.544 -42.800 
-5.830 21.452 -43.753 
-9.537 16.542 -40.251 
-15.750 14.193 -41.025 
-21.711 14.818 -44.151 
-25.951 15.387 -48.887 
-28.177 18.278 -55.351 
-26.678 18.109 -61.800 
-10.763 9.808 -58.829 
-10.735 16.193 -61.272 
-13.389 22.235 -60.750 
-16.624 26.468 -57.063 
-19.594 28.451 -51.723 
7.266 30.314 -53.056 
7.703 29.324 -46.234 
6.739 27.533 -39.989 
5.263 23.015 -35.418 
-8.480 -10.369 -34.419 
-13.541 -7.107 -37.289 
-19.246 -6.985 -41.075 
-24.693 -8.319 -40.448 
-21.230 -2.114 -41.389 
-24.138 4.123 -40.991 
-29.113 7.612 -38.603 
-34.071 9.601 -34.946 
-37.029 9.313 -28.718 
-37.454 7.320 -22.119 
-21.597 5.244 -23.229 
-24.441 -1.302 -21.852 
-30.424 -4.275 -23.075 
-35.287 -5.258 -27.181 
-38.373 -4.502 -33.094 
-20.088 -24.238 -29.090 
-19.628 -24.584 -35.840 
-19.752 -23.145 -42.412 
-17.484 -18.753 -46.988 
-1.278 -13.132 18.691 
-7.484 -11.677 15.822 
-12.968 -14.162 12.526 
-17.242 -17.780 13.298 
-17.024 -10.704 12.972 
-22.260 -6.430 14.219 
-27.775 -5.394 17.609 
-32.640 -6.106 21.859 
-34.286 -8.085 28.205 
-32.526 -9.944 34.509 
-15.615 -7.178 29.794 
-17.376 -12.924 32.461 
-21.947 -17.692 31.745 
-26.379 -20.463 28.105 
-30.269 -20.999 22.568 
-5.918 -31.081 23.276 
-5.814 -30.344 16.393 
-6.740 -28.882 10.202 
-6.275 -23.884 5.738 
