-0.642 13.093 4.764 
-5.892 10.646 8.759 
-11.554 12.664 11.750 
-16.629 16.629 10.987 
-17.648 11.326 15.442 
-22.334 6.322 15.278 
-28.072 4.015 12.450 
-33.430 3.499 8.542 
-35.291 3.037 1.452 
-34.061 2.958 -5.060 
-16.255 3.441 -2.677 
-19.325 8.389 -5.893 
-24.451 12.486 -5.310 
-28.870 15.340 -1.654 
-32.206 16.284 3.587 
-8.878 29.191 -0.681 
-7.535 29.550 5.980 
-7.425 28.382 12.592 
-6.474 24.193 17.515 
7.227 11.361 -48.897 
1.127 11.463 -45.528 
-3.378 15.541 -42.800 
-5.893 21.626 -43.765 
-9.545 16.613 -40.285 
-15.593 14.108 -41.231 
-21.300 14.323 -44.680 
-25.918 15.356 -48.943 
-28.162 18.362 -55.366 
-26.662 18.229 -61.768 
-11.131 9.907 -58.421 
-10.653 16.332 -61.456 
-13.367 22.283 -60.699 
-16.591 26.499 -57.058 
-19.619 28.569 -51.801 
7.343 30.318 -52.929 
7.728 29.387 -46.191 
6.716 27.584 -39.888 
5.550 23.266 -35.482 
-8.190 -10.204 -34.766 
-13.535 -7.145 -37.288 
-19.184 -7.035 -41.110 
-24.595 -8.367 -40.519 
-21.150 -2.195 -41.370 
-23.947 4.002 -41.075 
-28.951 7.601 -38.563 
-33.817 9.676 -34.803 
-36.736 9.279 -28.695 
-37.247 7.273 -22.123 
-21.695 5.550 -23.370 
-24.263 -1.562 -21.943 
-30.316 -4.353 -23.043 
-35.193 -5.280 -27.205 
-38.225 -4.442 -33.112 
-19.892 -24.167 -29.206 
-19.533 -24.513 -35.981 
-19.592 -23.093 -42.387 
-17.316 -18.685 -47.039 
-1.147 -12.984 18.618 
-7.350 -11.691 15.823 
-12.817 -14.208 12.498 
-17.159 -17.797 13.237 
-16.914 -10.735 12.823 
-22.094 -6.458 14.277 
-27.713 -5.538 17.655 
-32.530 -6.140 21.912 
-34.233 -8.194 28.205 
-32.563 -10.058 34.445 
-15.544 -7.274 29.825 
-17.328 -13.070 32.430 
-21.953 -17.741 31.784 
-26.381 -20.665 28.052 
-30.183 -20.989 22.549 
-5.898 -31.145 23.262 
-5.830 -30.429 16.466 
-6.724 -28.962 10.280 
-6.179 -24.049 5.706 
