48.493 13.650 -48.551 
44.065 8.702 -47.551 
39.460 5.407 -46.776 
41.373 0.969 -42.569 
44.288 -3.641 -39.564 
47.401 -8.439 -39.437 
51.393 -11.781 -43.147 
54.723 -15.148 -47.785 
59.191 -13.200 -52.590 
61.692 -8.178 -56.582 
63.555 -1.822 -56.960 
63.440 4.664 -55.969 
64.642 9.349 -50.640 
66.013 11.184 -44.765 
68.060 9.675 -37.980 
72.691 7.429 -34.806 
78.399 2.573 -34.273 
77.027 -3.782 -48.512 
72.674 -6.074 -45.319 
68.514 -6.963 -39.857 
63.920 -2.523 -36.398 
59.481 2.657 -38.094 
54.808 5.614 -42.787 
52.681 5.817 -49.628 
50.638 3.374 -56.377 
49.595 -2.121 -59.328 
45.381 -7.494 -59.188 
42.265 -11.961 -57.114 
38.923 -15.080 -52.485 
39.779 20.943 -41.366 
42.448 25.728 -45.685 
44.254 28.804 -49.995 
47.359 33.394 -47.024 
49.722 37.975 -43.498 
48.862 42.741 -40.607 
43.976 45.920 -37.864 
38.619 49.514 -35.599 
31.501 49.401 -34.508 
25.652 45.104 -34.550 
23.447 39.670 -32.586 
23.775 32.808 -31.462 
27.849 28.730 -26.839 
31.389 28.267 -21.804 
34.911 29.727 -16.404 
37.984 33.750 -12.224 
39.224 39.671 -8.927 
23.582 41.914 -15.483 
28.045 46.421 -17.478 
34.977 45.637 -20.037 
39.693 40.679 -22.156 
40.688 34.518 -25.194 
38.939 30.196 -30.728 
35.039 28.939 -35.500 
31.377 31.178 -41.029 
28.675 36.113 -44.503 
30.351 41.460 -47.910 
32.989 45.844 -50.444 
38.528 48.749 -52.593 
17.473 -83.123 -92.410 
13.753 -78.711 -94.954 
9.571 -74.919 -96.641 
12.682 -70.595 -100.141 
16.014 -66.237 -103.029 
19.017 -61.707 -102.849 
22.337 -58.321 -98.412 
24.712 -54.750 -93.486 
26.886 -55.933 -86.819 
27.576 -59.270 -80.293 
29.518 -65.493 -78.102 
29.836 -72.113 -78.664 
34.737 -77.055 -79.983 
37.180 -78.896 -85.356 
43.075 -78.464 -88.872 
48.078 -75.375 -91.762 
52.255 -70.525 -91.688 
45.881 -64.317 -78.723 
44.261 -60.594 -83.815 
41.965 -61.133 -90.581 
38.518 -65.446 -94.845 
35.247 -71.351 -95.129 
29.205 -74.321 -93.127 
23.137 -75.564 -89.315 
20.238 -72.469 -84.034 
16.241 -67.785 -82.447 
13.252 -62.233 -84.272 
11.061 -57.898 -86.605 
8.263 -54.718 -91.674 
11.887 46.187 -101.738 
13.376 41.880 -96.304 
14.847 38.521 -92.181 
18.745 34.128 -94.750 
21.251 29.320 -97.979 
20.964 24.392 -101.064 
16.575 21.225 -104.535 
11.329 17.962 -107.215 
4.669 19.127 -109.451 
-0.871 22.862 -110.603 
-3.053 28.515 -112.111 
-4.039 34.871 -113.831 
0.197 39.477 -116.625 
4.445 40.115 -121.527 
9.469 38.684 -126.435 
11.755 34.166 -130.690 
11.724 28.537 -134.078 
-2.316 24.150 -129.311 
3.213 22.263 -125.436 
9.698 23.647 -123.108 
14.328 28.637 -120.476 
14.619 33.733 -116.472 
13.145 38.027 -111.236 
7.995 39.112 -106.505 
2.343 36.526 -102.573 
0.270 31.041 -99.127 
2.047 25.584 -95.906 
4.516 20.970 -93.246 
9.560 18.098 -90.675 
