29.381 -9.590 9.647 
26.045 -11.637 4.585 
22.971 -10.686 -1.038 
21.736 -6.404 -6.176 
20.243 -1.171 -8.546 
10.706 27.602 16.365 
13.447 25.501 10.908 
18.876 22.257 7.928 
22.019 16.532 9.437 
23.348 11.621 13.873 
23.287 8.856 19.862 
18.905 5.182 23.084 
13.176 2.145 22.976 
7.406 0.869 20.057 
37.308 -0.262 -0.131 
32.931 5.287 0.455 
26.529 6.963 0.698 
20.211 5.569 1.053 
16.369 0.852 4.175 
12.594 6.344 1.703 
9.763 11.065 5.190 
6.550 13.350 10.891 
4.250 14.141 17.047 
6.770 14.800 23.405 
12.088 15.938 27.210 
18.680 17.547 26.998 
24.374 18.960 24.555 
28.917 21.687 20.198 
28.826 27.363 16.237 
