30.069 -1.826 7.955 
26.540 -4.465 3.386 
23.016 -4.246 -2.029 
21.105 -1.377 -7.620 
20.094 3.172 -12.436 
10.053 36.420 17.671 
12.418 34.743 12.316 
17.430 31.749 8.541 
21.312 26.266 9.341 
24.351 21.576 12.398 
23.268 16.827 17.170 
19.528 13.238 21.259 
13.936 9.962 21.100 
7.835 8.425 19.205 
36.040 8.411 -5.817 
31.222 12.180 -4.067 
24.508 13.892 -3.769 
18.735 11.006 -2.320 
16.091 7.575 2.625 
12.465 13.018 -0.077 
9.615 17.931 3.544 
6.758 20.487 8.966 
4.282 21.633 15.305 
7.040 22.049 21.654 
12.235 22.211 25.956 
18.371 24.410 26.731 
24.114 27.003 24.533 
28.068 30.109 20.072 
28.074 35.885 16.990 
