-9.451 -3.771 32.215 
-12.874 -0.420 28.046 
-17.216 -0.242 23.186 
-21.964 -2.981 19.249 
-25.192 -8.391 17.038 
14.985 -38.725 14.541 
8.383 -37.940 14.237 
2.907 -35.023 16.486 
-0.649 -31.369 21.173 
0.433 -26.495 25.446 
3.729 -20.684 25.837 
7.921 -16.109 24.027 
9.299 -11.741 19.341 
8.544 -9.437 13.235 
-21.133 -12.483 33.899 
-19.644 -17.442 29.399 
-16.985 -17.836 23.535 
-14.722 -15.510 17.290 
-9.693 -12.252 16.020 
-10.353 -15.521 9.968 
-5.410 -19.586 7.884 
1.059 -21.056 6.567 
7.848 -21.747 6.258 
13.094 -22.582 10.700 
15.991 -23.232 16.716 
15.633 -24.475 23.160 
13.195 -28.088 28.068 
7.877 -31.239 31.372 
5.437 -37.373 30.049 
