3.829 33.780 38.773 
10.135 35.841 35.922 
15.824 33.796 32.299 
18.018 29.448 27.406 
16.689 25.957 21.651 
12.384 23.869 16.465 
7.273 25.999 12.769 
3.210 30.827 9.787 
2.528 37.362 7.868 
5.303 43.436 6.349 
10.621 47.941 6.226 
16.853 48.448 3.578 
21.270 46.491 -0.095 
24.651 41.745 -4.208 
23.555 37.005 -8.845 
19.814 34.427 -13.615 
14.658 34.284 -18.020 
11.026 38.714 -21.771 
8.983 44.711 -23.521 
10.784 49.767 -26.141 
13.987 53.977 -28.896 
18.421 56.583 -31.756 
33.566 27.589 -36.150 
28.557 31.227 -34.658 
24.981 35.788 -31.994 
27.706 40.025 -28.741 
29.795 44.269 -25.710 
29.814 48.175 -21.966 
26.042 51.869 -17.970 
21.882 53.930 -15.011 
15.926 52.428 -11.804 
10.234 50.416 -10.841 
5.789 45.163 -10.510 
5.241 38.608 -9.236 
8.650 33.502 -6.559 
13.019 30.588 -3.156 
18.496 30.081 1.207 
21.380 33.378 6.100 
21.993 38.203 10.993 
18.461 41.402 15.362 
12.753 44.012 18.340 
6.493 42.727 19.767 
1.571 38.089 21.022 
-0.301 31.710 20.983 
1.242 25.750 22.963 
5.927 20.952 25.086 
11.334 20.543 29.165 
