30.078 -1.710 7.709 
26.539 -4.453 3.224 
23.023 -4.234 -2.290 
20.924 -1.234 -7.748 
20.770 3.345 -12.671 
9.733 37.157 17.909 
12.654 35.742 12.145 
17.251 32.435 8.731 
21.477 27.122 9.192 
24.640 22.287 12.582 
23.510 17.553 17.116 
19.831 13.732 21.076 
14.309 10.434 21.062 
8.659 8.557 18.920 
5.213 6.317 15.176 
36.804 8.395 -5.706 
31.747 12.275 -4.485 
25.035 13.954 -4.317 
19.353 11.738 -2.036 
16.384 8.211 2.492 
12.641 13.649 -0.238 
9.810 18.451 3.538 
6.911 20.855 9.055 
4.366 22.059 15.321 
7.239 22.540 21.676 
12.444 22.599 25.947 
18.560 24.802 26.748 
24.073 27.793 24.684 
28.050 31.196 20.558 
27.883 36.773 16.894 
