30.046 -1.209 8.110 
26.597 -3.902 3.431 
23.103 -3.620 -2.146 
20.974 -0.325 -7.282 
20.968 4.284 -12.268 
9.616 37.142 17.455 
12.799 35.331 11.775 
16.983 31.694 8.625 
21.125 26.618 8.855 
24.356 21.857 12.428 
23.420 17.477 17.459 
19.632 13.715 21.442 
14.104 10.300 21.364 
8.300 8.650 18.927 
36.364 7.806 -5.421 
31.898 12.187 -3.715 
25.364 14.515 -4.155 
19.912 12.740 -1.117 
16.601 8.095 2.631 
12.590 13.482 0.099 
9.662 18.349 3.662 
6.653 20.738 9.189 
4.223 21.888 15.448 
7.074 22.433 21.768 
12.415 22.581 25.953 
18.700 24.491 26.447 
23.942 27.766 24.432 
28.071 31.017 20.088 
27.966 36.281 16.149 
