33.562 3.873 4.797 
30.868 0.591 -0.091 
28.202 0.238 -5.938 
26.396 2.581 -11.790 
25.239 8.221 -15.971 
8.118 38.261 25.786 
7.052 39.273 19.222 
9.795 38.608 13.058 
13.967 35.608 9.233 
19.958 32.888 8.385 
23.240 26.942 10.851 
22.282 21.043 13.972 
18.860 16.590 17.068 
14.043 12.184 16.352 
9.006 9.790 13.186 
39.559 12.170 -6.191 
34.731 17.025 -6.258 
28.111 17.746 -5.815 
21.719 15.393 -6.395 
18.348 12.453 -2.943 
13.477 15.373 -5.563 
9.807 19.733 -1.955 
5.733 21.412 3.574 
2.750 22.069 9.443 
4.453 22.912 16.233 
8.666 23.684 21.368 
14.621 25.172 23.668 
20.108 28.695 23.273 
25.226 31.757 19.598 
25.300 37.907 17.093 
