30.167 -8.831 7.990 
26.659 -11.639 3.460 
23.160 -11.237 -2.094 
21.330 -8.318 -7.557 
20.331 -3.553 -12.437 
9.790 29.762 17.648 
12.764 28.627 11.728 
17.306 25.109 8.380 
21.016 19.329 8.868 
24.335 14.639 12.665 
23.550 10.182 17.609 
19.735 6.163 21.345 
14.036 2.703 21.184 
8.277 1.433 18.477 
36.536 -0.110 -5.385 
32.053 4.283 -3.485 
25.614 6.921 -3.773 
19.871 5.110 -0.901 
16.351 0.674 2.789 
12.693 6.029 -0.113 
9.782 10.975 3.336 
6.642 13.392 9.000 
4.396 14.392 15.267 
7.069 14.976 21.743 
12.329 15.011 26.132 
18.627 16.959 26.458 
24.111 20.150 24.307 
28.186 23.067 19.888 
27.987 28.903 16.491 
