29.799 -1.195 7.801 
26.225 -4.069 3.326 
22.505 -3.651 -2.171 
19.890 -0.129 -7.147 
20.661 4.259 -12.167 
9.532 36.956 17.198 
12.177 34.895 11.796 
16.896 31.853 8.242 
21.306 26.745 8.794 
24.486 22.064 12.478 
23.367 17.506 17.156 
19.701 13.826 21.230 
14.129 10.532 21.150 
8.551 8.665 18.995 
5.036 6.465 15.302 
36.594 8.574 -5.270 
31.766 12.486 -3.372 
25.113 14.579 -3.604 
19.183 12.069 -1.846 
16.402 8.028 2.710 
12.664 13.445 0.027 
9.742 18.411 3.540 
6.717 20.805 9.151 
4.256 21.917 15.376 
7.111 22.547 21.713 
12.436 22.724 25.848 
18.604 24.832 26.438 
23.938 27.876 24.106 
27.968 31.114 19.604 
27.704 36.582 15.988 
