-5.059 -3.242 37.654 
-8.785 0.572 33.854 
-13.220 0.962 28.949 
-17.408 -1.744 24.950 
-21.100 -7.051 22.009 
14.244 -38.598 15.138 
8.076 -37.302 15.774 
2.937 -34.388 18.730 
1.188 -29.670 23.711 
3.111 -25.129 28.352 
7.399 -20.066 29.340 
11.309 -15.118 27.225 
11.980 -10.724 22.734 
11.112 -7.772 16.977 
6.980 -6.937 11.805 
-18.480 -14.926 38.212 
-14.554 -17.217 33.700 
-11.972 -17.112 27.000 
-10.409 -13.384 21.693 
-5.464 -9.218 20.912 
-6.233 -15.365 18.005 
-2.714 -19.543 14.019 
2.892 -20.620 10.730 
9.613 -20.950 9.431 
15.314 -21.494 13.401 
18.700 -21.899 19.271 
18.158 -24.662 25.326 
14.468 -27.196 30.272 
9.787 -31.125 32.884 
7.475 -37.220 32.349 
