30.115 -1.689 7.787 
26.511 -4.463 3.335 
22.958 -4.114 -2.223 
20.972 -1.112 -7.609 
20.464 3.694 -12.329 
9.820 36.865 17.388 
12.798 35.647 11.542 
17.263 31.878 8.519 
21.480 26.696 8.948 
24.578 21.837 12.526 
23.637 17.295 17.329 
19.930 13.494 21.178 
14.257 10.052 21.066 
8.484 8.575 18.497 
36.474 7.991 -5.451 
31.845 11.970 -3.850 
25.229 14.056 -3.897 
19.467 11.954 -1.468 
16.235 7.899 2.597 
12.502 13.125 -0.358 
9.684 18.147 3.257 
6.836 20.566 8.883 
4.394 21.651 15.184 
7.182 22.227 21.555 
12.403 22.352 25.819 
18.544 24.521 26.609 
24.098 27.511 24.442 
28.269 30.449 19.863 
28.057 36.288 16.439 
