38.722 5.665 5.100 
35.432 1.872 1.105 
30.657 1.236 -3.521 
26.574 3.724 -7.891 
24.088 8.975 -11.753 
14.802 40.276 22.836 
15.523 39.090 16.730 
18.836 36.409 11.570 
23.620 31.458 10.237 
28.293 27.151 12.272 
29.330 22.066 16.554 
27.469 17.247 20.606 
22.960 12.802 21.240 
17.109 9.766 20.169 
39.202 17.752 -7.183 
34.293 19.588 -4.109 
27.385 19.013 -2.187 
22.324 15.021 -0.992 
21.190 11.494 3.930 
18.423 17.893 2.409 
14.102 21.392 6.317 
10.991 22.701 11.916 
9.621 22.675 18.542 
13.322 23.372 24.279 
19.077 23.915 27.732 
25.156 26.820 27.331 
30.119 29.840 23.701 
32.603 33.189 18.696 
31.889 39.261 16.398 
