37.134 -2.935 7.341 
34.545 -6.643 2.737 
31.243 -7.374 -2.829 
28.457 -4.640 -8.233 
28.056 0.436 -12.490 
8.392 31.517 19.890 
10.904 30.393 13.723 
15.188 27.823 9.522 
20.340 23.057 9.284 
24.835 19.097 12.392 
24.978 13.876 16.613 
22.224 8.906 20.174 
17.841 4.344 19.847 
12.501 1.017 17.944 
40.956 9.567 -4.627 
34.901 11.141 -2.809 
27.889 10.483 -2.549 
22.705 6.528 -2.434 
20.493 1.953 0.491 
17.479 7.372 1.611 
12.403 11.316 3.208 
8.286 13.479 7.910 
5.327 14.013 14.099 
7.590 14.674 20.565 
12.469 15.532 25.365 
18.389 18.631 25.960 
24.364 20.712 23.172 
27.194 25.481 19.550 
26.053 31.563 16.958 
