4.686 -2.215 40.946 
8.361 1.520 44.803 
12.919 1.878 49.641 
16.953 -0.884 53.836 
20.874 -5.823 56.289 
-14.762 -37.406 64.038 
-8.494 -36.177 63.401 
-3.293 -33.439 60.286 
-1.690 -28.617 55.399 
-3.395 -24.177 50.830 
-7.549 -19.057 49.686 
-11.730 -14.203 51.580 
-12.459 -9.791 55.894 
-12.423 -9.792 56.069 
-11.379 -6.606 61.799 
-11.824 -5.503 59.361 
-7.053 -5.180 66.222 
-7.330 -1.416 60.628 
18.295 -13.936 40.241 
14.227 -16.284 44.818 
11.871 -16.105 51.601 
10.439 -12.371 56.813 
7.111 -7.524 58.275 
6.137 -13.733 61.279 
2.393 -17.488 65.126 
-3.257 -19.402 67.938 
-9.945 -19.936 69.478 
-15.647 -20.508 65.483 
-19.115 -20.905 59.590 
-18.491 -23.689 53.521 
-14.741 -26.353 48.506 
-9.965 -30.387 46.157 
-7.627 -36.259 46.975 
