37.396 -2.801 7.340 
34.750 -6.562 2.824 
31.540 -7.215 -2.863 
28.737 -4.556 -8.226 
28.068 0.509 -12.513 
8.478 31.911 19.955 
10.941 30.830 13.724 
15.185 27.858 9.579 
20.434 23.186 9.384 
24.777 19.211 12.509 
25.088 14.033 16.869 
22.302 8.956 20.188 
18.036 4.373 19.837 
12.474 1.009 18.141 
41.240 9.692 -4.711 
35.283 11.238 -2.807 
28.323 10.687 -2.633 
23.105 6.579 -2.743 
20.957 2.089 0.238 
18.382 7.403 1.918 
12.568 10.951 3.049 
8.424 13.071 7.770 
5.320 13.767 13.865 
7.550 14.642 20.382 
12.227 15.412 25.286 
18.208 18.604 26.072 
24.135 20.736 23.430 
27.101 25.520 19.862 
26.246 31.412 16.868 
