63.587 94.505 202.277 
63.401 89.173 200.183 
61.877 85.352 196.290 
60.055 84.464 190.918 
59.129 86.951 185.532 
59.322 91.706 181.665 
61.922 97.457 179.717 
64.865 102.949 179.662 
70.446 106.435 182.020 
75.729 107.270 184.073 
76.813 88.770 174.094 
76.582 89.141 181.007 
76.966 89.580 186.900 
76.862 93.856 192.523 
73.948 99.328 195.146 
68.517 102.718 195.624 
62.754 105.342 193.065 
56.513 103.316 191.542 
51.337 99.586 190.249 
47.302 94.612 190.466 
46.362 90.753 195.962 
47.726 87.726 201.668 
102.427 128.771 90.222 
107.726 128.911 92.424 
111.380 130.438 96.729 
111.993 132.217 102.164 
109.243 133.260 107.366 
104.271 133.290 110.984 
98.266 130.707 112.616 
92.765 127.701 112.718 
89.355 122.205 110.198 
88.756 116.777 108.277 
106.228 116.491 119.345 
106.640 116.094 112.440 
106.470 115.652 106.481 
102.454 115.631 100.747 
97.164 118.191 97.644 
93.900 123.634 96.715 
91.004 129.451 99.008 
92.897 135.729 100.449 
96.847 140.922 102.013 
101.923 144.848 101.827 
105.902 145.837 96.738 
109.589 144.551 91.345 
