33.514 -5.112 4.669 
30.999 -8.295 -0.165 
28.239 -8.571 -5.932 
26.229 -5.824 -11.901 
25.410 -0.235 -15.783 
9.221 30.826 26.599 
7.370 30.872 19.623 
10.138 31.081 13.306 
14.656 28.416 9.464 
19.983 23.755 8.805 
23.231 18.761 11.081 
22.552 12.741 13.879 
19.525 7.913 17.220 
14.660 3.679 16.886 
9.506 1.266 14.069 
40.144 5.305 -6.821 
34.577 8.617 -6.072 
27.739 8.955 -5.948 
21.752 7.078 -5.342 
18.504 3.071 -1.593 
15.695 8.052 -3.022 
11.344 12.262 -0.160 
6.981 14.558 4.467 
3.276 13.956 10.178 
5.065 14.673 16.890 
9.217 15.136 22.202 
15.414 16.622 24.027 
21.206 19.743 23.372 
25.584 23.797 19.977 
25.404 29.927 17.811 
