37.451 -2.734 7.451 
34.619 -6.498 2.811 
31.251 -7.012 -2.748 
28.172 -4.233 -7.950 
27.464 0.787 -12.200 
8.746 31.750 19.793 
11.346 30.710 13.713 
15.376 27.703 9.539 
20.660 23.221 9.434 
24.894 19.154 12.312 
25.256 13.902 16.513 
22.579 9.042 20.211 
18.239 4.343 19.863 
12.775 1.132 17.759 
40.902 9.575 -5.116 
34.963 11.423 -2.920 
27.983 10.710 -2.411 
22.781 6.757 -2.141 
20.979 2.857 2.302 
17.507 8.163 0.202 
12.553 12.106 3.004 
8.612 13.728 7.957 
5.408 13.862 14.049 
7.729 14.635 20.461 
12.740 15.252 25.272 
18.352 18.611 25.979 
24.339 20.895 23.488 
27.178 25.506 19.685 
26.163 31.432 16.929 
