-9.467 -3.410 32.053 
-12.946 0.010 27.930 
-17.273 0.384 23.110 
-21.938 -2.144 19.110 
-25.113 -7.726 16.445 
14.638 -38.392 14.432 
8.011 -37.369 14.151 
2.784 -34.333 16.087 
-0.787 -30.817 21.334 
0.216 -25.874 25.113 
3.605 -20.286 26.040 
7.890 -15.623 24.079 
9.302 -11.259 19.396 
8.479 -8.895 13.384 
-21.345 -11.446 33.421 
-19.919 -16.572 29.164 
-17.097 -17.306 23.140 
-14.944 -14.829 17.268 
-11.846 -10.114 15.071 
-10.296 -14.427 10.351 
-5.549 -18.746 8.195 
1.085 -20.265 6.545 
7.590 -21.131 6.322 
13.057 -22.181 10.675 
15.872 -22.686 16.747 
15.443 -24.096 23.070 
12.845 -27.529 28.106 
7.485 -30.840 30.952 
4.990 -36.986 30.040 
