8.416 -7.337 13.776 
37.506 -2.662 7.533 
34.895 -6.354 2.862 
31.444 -6.878 -2.746 
28.437 -4.023 -7.938 
27.927 0.821 -12.155 
8.629 31.896 19.920 
11.104 30.896 13.774 
15.272 28.072 9.569 
20.283 23.441 9.275 
24.664 19.369 12.401 
24.744 14.284 16.763 
22.316 9.032 20.218 
17.980 4.420 19.812 
12.396 1.220 17.535 
9.975 -0.788 12.363 
41.102 9.788 -4.613 
35.249 11.563 -2.864 
28.284 10.990 -2.875 
23.132 6.998 -2.157 
21.323 3.211 2.470 
17.454 8.978 0.581 
12.517 12.039 3.154 
8.343 13.921 8.180 
5.079 13.870 14.239 
7.503 14.740 20.605 
12.432 15.458 25.245 
18.343 18.635 25.896 
24.112 21.099 23.333 
27.009 25.735 19.734 
25.959 31.734 17.187 
