33.360 0.231 4.335 
30.805 -3.164 -0.463 
28.041 -3.543 -6.326 
26.224 -0.686 -12.206 
25.772 5.136 -16.102 
7.484 35.739 20.304 
10.124 35.356 14.271 
14.284 32.384 10.075 
20.471 29.275 9.175 
23.283 23.790 11.531 
22.220 17.732 13.946 
18.967 12.840 17.071 
14.310 8.611 16.368 
9.133 5.925 13.051 
39.615 9.013 -6.387 
34.614 13.928 -6.064 
27.732 14.452 -6.206 
21.560 11.956 -6.191 
18.027 8.340 -2.749 
16.515 14.658 -2.915 
11.162 18.215 -0.274 
6.495 19.247 4.136 
2.748 18.696 9.826 
4.629 19.261 16.469 
8.701 19.689 21.720 
14.793 21.204 24.093 
20.189 24.732 23.914 
25.483 28.119 20.794 
25.657 34.085 18.240 
