4.611 -9.150 8.276 
1.290 -11.834 3.489 
-1.975 -11.790 -2.158 
-3.690 -8.788 -7.864 
-4.244 -3.951 -12.393 
-15.678 29.855 17.378 
-12.749 28.684 11.594 
-8.101 25.018 8.456 
-4.585 19.323 9.179 
-1.531 14.592 12.312 
-2.058 10.208 17.321 
-5.617 6.212 21.152 
-11.245 2.727 21.118 
-17.314 1.393 18.573 
10.852 -1.326 -5.145 
8.024 3.160 -2.696 
1.178 5.741 -3.775 
-4.652 4.538 -2.403 
-8.594 0.611 0.961 
-12.829 6.088 0.082 
-15.973 10.918 3.383 
-19.273 13.262 8.998 
-21.353 14.383 15.205 
-18.553 14.908 21.620 
-13.289 14.985 25.883 
-7.218 17.013 26.420 
-1.482 19.666 24.227 
2.243 23.180 20.242 
2.429 28.922 16.683 
