30.043 -2.225 7.746 
26.669 -4.940 3.338 
23.249 -4.706 -2.179 
21.260 -1.679 -7.429 
21.179 2.605 -12.517 
9.537 36.831 17.575 
12.482 34.781 12.039 
17.203 31.895 8.611 
21.070 26.377 9.200 
24.209 21.641 12.448 
23.332 16.966 17.032 
19.743 13.180 21.149 
14.138 9.788 20.971 
8.453 8.003 18.643 
4.955 6.012 15.144 
36.766 7.125 -5.533 
32.066 11.549 -4.706 
25.499 12.905 -4.016 
20.181 11.800 -1.827 
20.187 11.839 -1.842 
16.519 7.819 2.405 
17.753 10.493 2.076 
12.619 13.367 -0.394 
9.690 18.149 3.397 
6.825 20.381 9.053 
4.335 21.385 15.336 
7.154 21.933 21.619 
12.369 21.984 25.966 
18.544 24.080 26.533 
24.022 27.253 24.416 
27.897 30.402 19.837 
27.510 36.190 16.866 
