76.116 12.915 61.008 
73.488 9.262 56.119 
70.168 8.749 50.446 
67.249 11.680 45.216 
67.114 16.614 40.892 
47.181 47.046 72.863 
49.013 45.438 66.887 
53.769 43.340 62.462 
59.004 38.804 62.329 
63.138 34.264 65.297 
63.321 29.345 69.830 
60.628 24.536 73.563 
56.330 19.823 73.186 
50.832 16.539 71.454 
80.645 24.903 48.523 
74.879 26.831 50.471 
67.786 26.714 50.559 
62.390 22.893 50.711 
60.241 19.115 55.400 
56.268 24.890 54.122 
50.379 27.285 56.364 
46.399 28.838 61.255 
43.643 29.325 67.481 
46.003 30.171 73.845 
51.108 30.801 78.494 
57.116 33.852 78.995 
62.727 36.621 76.554 
65.820 40.889 72.502 
64.990 46.821 70.086 
