30.127 -2.040 7.902 
26.564 -4.845 3.394 
22.787 -4.200 -2.122 
20.256 -0.796 -7.059 
20.764 3.399 -12.459 
9.857 36.909 17.312 
12.706 34.804 11.757 
17.487 31.488 8.453 
21.537 26.081 9.001 
24.624 21.278 12.311 
23.611 16.769 17.115 
19.764 13.247 21.097 
14.211 9.861 21.057 
8.125 7.999 18.611 
36.673 7.411 -5.984 
32.211 11.555 -3.876 
25.640 13.593 -3.435 
19.616 11.424 -1.728 
16.556 7.548 2.796 
12.702 12.784 -0.015 
9.810 17.532 3.472 
6.887 20.196 8.954 
4.362 21.460 15.187 
7.107 21.932 21.515 
12.306 22.187 25.839 
18.344 24.297 26.605 
23.936 27.419 24.557 
28.024 30.482 20.115 
27.923 36.133 16.541 
