36.924 -2.819 7.129 
34.253 -6.653 2.644 
30.799 -7.288 -2.890 
27.524 -4.485 -8.093 
27.199 0.487 -12.431 
9.275 32.129 19.665 
12.275 31.437 13.695 
16.400 28.111 10.165 
19.743 22.869 9.419 
24.551 19.226 12.470 
24.908 14.054 16.653 
22.245 8.975 20.109 
17.931 4.311 19.718 
12.658 1.057 17.731 
40.465 9.137 -5.006 
34.743 11.043 -2.958 
27.711 10.452 -2.474 
22.427 6.699 -2.068 
20.533 2.470 2.465 
17.502 8.447 0.596 
12.478 11.965 3.072 
8.533 13.906 7.931 
5.273 14.064 14.021 
7.544 14.692 20.479 
12.287 15.358 25.443 
18.209 18.058 26.269 
24.173 20.316 23.650 
26.887 25.172 20.895 
26.509 30.901 17.308 
