-4.684 -3.227 37.669 
-8.381 0.500 33.782 
-12.854 0.895 28.874 
-16.909 -1.976 24.680 
-20.844 -7.196 22.510 
14.066 -38.537 14.623 
7.930 -37.397 15.526 
2.627 -34.627 18.660 
1.245 -29.656 23.369 
3.130 -25.204 27.995 
7.469 -20.311 29.191 
11.511 -15.314 27.298 
12.062 -10.870 22.855 
11.184 -7.737 17.058 
-17.990 -14.945 38.142 
-14.072 -17.279 33.482 
-11.588 -17.096 26.832 
-10.094 -13.414 21.645 
-5.308 -9.340 20.599 
-6.697 -15.677 17.639 
-2.427 -19.630 14.388 
2.915 -20.601 10.780 
9.633 -20.928 9.445 
15.368 -21.586 13.296 
18.780 -21.960 19.203 
18.160 -24.958 25.157 
14.300 -27.515 30.175 
9.463 -31.420 32.533 
7.420 -37.492 31.823 
