37.308 4.174 7.328 
34.692 0.424 2.850 
31.196 -0.198 -2.717 
27.767 2.547 -7.807 
27.230 7.515 -12.107 
8.780 38.600 19.787 
11.155 37.837 13.490 
15.424 34.935 9.351 
20.680 30.213 9.265 
25.015 26.056 12.345 
25.362 21.219 16.962 
22.757 16.072 20.380 
18.409 11.487 19.873 
12.971 8.335 17.684 
40.554 16.560 -4.770 
34.506 18.402 -2.920 
27.554 17.607 -2.514 
22.326 13.658 -1.834 
20.322 10.566 2.737 
17.414 16.503 0.227 
12.242 20.019 3.019 
8.481 21.090 8.298 
5.485 21.067 14.348 
7.837 21.741 20.820 
12.833 22.323 25.435 
18.605 25.697 26.081 
24.575 27.648 23.156 
27.390 32.379 19.364 
26.627 38.526 16.830 
