32.522 -8.703 8.149 
29.506 -11.104 3.038 
26.403 -10.420 -2.745 
24.018 -6.779 -7.667 
24.013 -1.323 -11.728 
9.827 28.960 24.175 
10.043 29.340 18.537 
13.643 27.240 13.969 
19.486 25.092 11.028 
23.758 20.104 12.351 
25.354 14.326 14.696 
25.229 9.187 19.489 
20.677 5.058 21.745 
15.027 1.829 20.840 
9.693 0.423 18.279 
40.063 2.891 -4.517 
34.944 5.800 -1.677 
28.283 7.657 -1.421 
22.076 5.309 -0.844 
19.011 1.218 3.590 
17.209 7.766 2.070 
14.372 12.549 5.451 
9.797 15.193 9.976 
6.368 15.340 15.857 
8.273 14.550 22.433 
12.710 13.394 27.471 
18.507 16.047 29.253 
23.802 20.118 27.945 
27.970 23.885 24.141 
27.442 28.768 20.447 
