80.445 -1.599 8.619 
76.992 -4.307 3.667 
73.459 -3.970 -1.819 
71.583 -1.397 -7.192 
71.017 3.131 -12.242 
60.271 35.762 17.718 
63.105 34.746 11.836 
67.715 31.579 8.680 
71.739 25.802 9.276 
74.868 21.451 13.029 
73.586 17.093 17.856 
69.814 13.153 21.623 
64.385 9.814 21.624 
57.901 8.920 19.376 
86.731 7.817 -4.654 
82.099 11.542 -2.966 
75.472 13.865 -4.214 
70.572 12.229 -0.730 
66.881 7.892 2.788 
63.076 13.235 0.208 
60.131 18.079 3.925 
57.147 20.484 9.327 
54.628 21.715 15.457 
57.393 22.370 21.857 
62.549 22.381 25.942 
68.836 24.263 26.509 
74.462 26.648 24.800 
78.434 30.365 20.556 
78.330 35.710 16.561 
