138.290 109.859 193.016 
144.632 110.953 194.806 
151.140 110.995 193.231 
155.805 110.967 188.445 
157.615 112.162 182.167 
156.356 115.225 176.382 
153.220 120.039 173.007 
149.970 125.852 173.064 
148.488 131.492 176.241 
149.975 135.985 180.901 
154.574 138.551 185.026 
160.952 139.253 186.652 
167.313 139.822 184.912 
173.277 140.636 180.809 
177.680 138.498 178.678 
180.988 136.191 176.897 
183.643 133.166 175.987 
186.367 132.936 172.917 
186.825 136.398 170.612 
187.243 140.618 168.732 
187.256 143.597 165.655 
186.905 145.664 162.312 
188.161 149.267 160.703 
191.284 153.525 158.597 
187.766 156.521 158.805 
191.429 161.347 159.906 
193.969 166.801 162.681 
194.629 170.910 167.820 
194.280 172.073 174.342 
194.212 169.766 180.551 
195.590 164.747 184.753 
198.932 159.153 186.094 
204.052 155.115 184.749 
210.051 154.219 182.035 
215.682 156.855 179.688 
219.785 162.048 179.365 
222.103 167.743 181.893 
222.722 171.934 187.073 
222.226 172.992 193.647 
222.071 170.593 199.798 
223.470 165.644 203.957 
226.898 160.072 205.097 
105.916 176.342 175.516 
111.631 178.166 178.314 
116.697 177.552 181.124 
121.589 174.367 180.640 
125.423 170.731 178.058 
129.039 167.650 177.151 
134.479 169.694 178.106 
139.726 168.332 176.563 
143.214 162.762 176.527 
145.493 157.746 173.507 
149.858 156.324 169.389 
154.597 160.921 170.510 
160.817 160.501 170.533 
165.785 157.849 168.001 
168.878 155.335 164.304 
169.991 154.253 158.084 
168.802 155.338 152.733 
167.171 158.306 148.284 
165.854 164.314 146.160 
164.890 169.625 145.458 
236.744 163.426 190.997 
232.813 158.082 190.980 
227.313 155.064 193.100 
221.301 155.541 195.901 
216.032 159.230 197.488 
212.438 164.720 196.492 
210.809 169.774 192.562 
210.590 172.431 186.489 
210.925 171.778 179.882 
210.688 167.967 174.483 
208.806 162.252 171.606 
204.949 156.810 171.824 
199.495 153.802 174.160 
193.492 154.411 177.030 
188.159 158.071 178.526 
184.092 163.179 177.351 
180.243 166.629 173.337 
178.483 168.727 167.158 
176.856 168.016 161.464 
172.410 171.293 162.733 
167.381 172.645 162.773 
161.296 171.510 161.366 
157.025 168.338 158.646 
153.676 164.342 155.782 
152.994 157.975 155.285 
154.063 151.513 154.826 
156.585 146.348 157.946 
158.267 144.219 163.639 
159.667 144.154 169.944 
161.764 137.839 167.989 
165.228 132.850 170.829 
167.185 129.722 176.278 
166.024 128.491 182.710 
161.750 128.452 187.801 
155.436 128.556 189.966 
148.958 127.803 188.632 
144.171 125.373 184.703 
142.196 121.052 180.005 
143.323 115.421 176.561 
146.481 109.609 175.990 
149.702 104.517 178.799 
151.311 101.336 184.477 
