63.510 -1.111 61.291 
60.129 -3.929 56.722 
56.702 -3.555 51.149 
54.294 -0.269 45.867 
53.534 3.739 40.768 
44.511 37.235 69.615 
47.328 36.395 63.476 
51.615 31.617 61.099 
55.932 26.675 61.684 
57.639 21.306 65.064 
56.339 16.506 69.679 
52.925 13.464 74.421 
47.280 10.008 74.510 
41.797 8.611 72.179 
38.461 6.345 68.540 
69.647 8.035 47.800 
65.254 12.356 49.818 
58.682 14.596 49.802 
52.730 12.189 51.879 
49.970 7.692 56.198 
46.340 13.202 53.572 
43.330 18.203 56.776 
40.263 20.864 62.129 
37.723 21.779 68.313 
40.093 22.734 74.651 
45.497 24.204 78.145 
52.082 24.287 79.551 
57.726 27.031 77.657 
61.345 30.989 73.746 
62.441 35.831 69.244 
