30.117 -1.699 7.938 
26.569 -4.534 3.462 
22.973 -4.169 -2.076 
20.837 -1.180 -7.461 
20.929 3.426 -12.481 
9.661 37.168 17.351 
12.426 35.371 11.551 
17.071 31.765 8.510 
21.082 26.436 9.059 
24.573 21.759 12.631 
23.415 17.046 17.176 
19.768 13.300 21.216 
14.357 9.863 21.238 
8.498 8.035 19.422 
36.397 8.247 -5.125 
31.948 12.246 -3.787 
25.169 14.176 -3.950 
19.463 11.953 -1.491 
16.288 7.824 2.600 
12.433 13.099 -0.082 
9.686 17.946 3.457 
6.752 20.377 8.941 
4.215 21.675 15.269 
7.060 22.116 21.569 
12.303 22.256 25.929 
18.355 24.375 26.603 
23.821 27.494 24.411 
27.904 30.779 20.276 
27.700 36.263 16.212 
