9.923 -2.867 7.240 
7.272 -6.496 2.667 
3.892 -7.274 -2.794 
0.835 -4.484 -8.103 
0.323 0.420 -12.436 
-18.295 32.235 19.100 
-15.788 31.125 13.162 
-11.290 27.962 9.413 
-7.154 22.825 9.327 
-2.205 18.628 11.870 
-2.047 13.656 16.289 
-4.873 8.983 20.117 
-9.185 4.343 19.834 
-14.491 1.028 17.863 
13.589 9.462 -4.665 
7.641 11.191 -2.863 
0.582 10.549 -2.491 
-4.672 6.615 -2.246 
-6.512 2.441 2.457 
-9.846 8.042 0.506 
-14.719 11.465 3.049 
-18.628 13.723 7.815 
-21.675 14.101 13.863 
-19.500 14.896 20.444 
-14.558 15.429 25.255 
-8.648 18.411 26.035 
-3.385 21.863 23.653 
0.207 25.511 19.586 
-0.603 31.268 16.459 
