29.003 6.692 -33.518 
28.481 5.848 -26.730 
26.817 6.524 -20.231 
22.024 5.702 -15.807 
-27.079 7.349 -9.482 
-27.002 6.898 -16.398 
-25.963 7.874 -22.870 
-21.931 7.044 -27.755 
3.879 16.263 -37.422 
9.300 18.158 -41.107 
14.099 22.661 -40.687 
17.172 27.452 -37.704 
18.605 31.225 -32.940 
10.939 0.787 -28.868 
9.618 6.786 -25.807 
12.006 12.359 -22.695 
17.071 16.551 -23.283 
12.347 19.123 -18.945 
8.138 24.366 -19.549 
6.278 29.593 -23.101 
4.504 32.474 -28.800 
5.485 35.348 -35.094 
5.404 33.970 -41.309 
-1.150 16.525 -5.776 
-6.854 18.437 -2.337 
-11.512 23.045 -2.521 
-14.748 27.795 -5.461 
-16.296 31.605 -10.280 
-10.680 1.035 -15.201 
-8.327 6.422 -18.550 
-10.702 12.206 -21.317 
-15.022 17.087 -19.958 
-10.269 19.357 -24.271 
-5.936 24.530 -23.769 
-4.125 29.758 -20.137 
-2.463 33.059 -14.672 
-3.068 35.584 -8.190 
-3.045 34.216 -2.018 
