29.852 -1.577 7.504 
26.195 -4.393 3.132 
22.582 -4.121 -2.430 
20.789 -1.362 -8.010 
20.487 3.546 -12.792 
9.619 36.883 17.327 
12.413 34.913 11.739 
17.003 31.555 8.547 
21.851 26.611 8.921 
24.956 21.934 12.569 
23.764 17.261 17.215 
19.881 13.525 21.066 
14.246 10.216 20.982 
8.588 8.634 18.596 
5.171 6.550 15.224 
36.453 8.139 -5.149 
31.575 12.334 -4.488 
24.931 14.073 -3.958 
19.090 11.889 -1.774 
16.090 7.556 2.414 
12.510 13.081 -0.251 
9.635 18.212 3.298 
6.652 20.542 8.920 
4.356 21.574 15.222 
7.283 22.255 21.547 
12.506 22.422 25.797 
18.823 24.471 26.566 
24.030 27.736 24.571 
28.093 31.146 20.444 
27.729 36.451 16.349 
