30.085 -1.867 7.934 
26.556 -4.720 3.340 
22.982 -4.424 -2.226 
21.044 -1.646 -7.617 
20.789 3.049 -12.591 
9.778 37.163 17.547 
12.639 35.427 11.944 
17.357 32.042 8.736 
21.831 26.756 9.473 
24.632 21.812 12.634 
23.444 16.995 17.091 
19.734 13.304 21.084 
14.088 9.956 21.102 
8.337 8.283 18.844 
36.501 8.009 -5.650 
31.798 12.102 -4.143 
25.115 13.812 -4.038 
19.321 11.617 -1.834 
16.348 7.830 2.457 
12.433 13.025 -0.205 
9.808 17.937 3.503 
6.810 20.422 8.969 
4.307 21.725 15.246 
7.034 22.239 21.603 
12.230 22.196 26.066 
18.356 24.491 26.664 
23.750 27.514 24.620 
27.915 30.875 20.625 
27.975 36.251 16.499 
