60.584 -2.149 60.037 
57.196 -4.844 55.002 
53.817 -3.925 49.406 
52.587 0.286 43.905 
53.704 5.117 40.432 
39.903 35.369 65.434 
43.178 32.779 60.668 
48.717 29.321 58.621 
52.516 24.459 60.148 
54.941 19.621 64.883 
53.789 15.768 70.127 
49.419 11.998 73.368 
43.884 8.964 72.905 
38.169 7.313 70.557 
67.626 9.412 51.535 
62.911 13.006 50.140 
56.195 13.938 50.613 
50.088 11.953 50.728 
46.736 7.396 54.677 
43.396 13.179 52.037 
40.370 17.937 55.620 
37.108 20.250 61.101 
34.456 21.012 67.323 
37.151 21.249 73.616 
42.326 22.441 77.633 
48.119 25.294 78.123 
54.142 27.296 75.567 
58.018 30.063 71.020 
58.028 34.753 66.363 
