47.758 -0.958 113.752 
44.303 -3.821 109.157 
40.620 -3.426 103.638 
38.351 -0.100 98.369 
37.887 4.848 93.598 
28.427 37.513 122.988 
31.160 36.596 116.666 
35.379 31.924 114.018 
40.004 27.285 114.775 
41.658 21.632 117.990 
41.021 16.813 122.739 
37.346 13.665 127.165 
31.708 10.095 127.211 
26.208 8.703 124.943 
22.771 6.471 121.387 
53.996 7.993 100.424 
49.709 12.557 101.636 
42.625 14.798 101.625 
37.241 12.553 104.570 
34.257 7.911 108.717 
30.551 13.357 106.219 
27.507 18.279 109.460 
24.412 20.881 114.920 
21.984 21.827 121.180 
24.501 22.698 127.530 
29.804 22.670 131.692 
36.355 24.365 132.642 
41.949 27.040 130.024 
45.579 31.083 126.204 
46.288 36.004 121.829 
