47.813 -1.283 114.776 
44.470 -4.047 109.854 
41.166 -3.491 104.164 
39.440 0.318 98.631 
41.241 5.592 94.929 
41.156 5.598 94.934 
28.501 37.467 122.445 
32.077 35.880 116.409 
36.577 30.999 113.972 
40.865 26.017 114.832 
41.872 20.600 118.573 
40.381 16.147 123.370 
36.605 13.137 127.712 
30.871 9.625 127.901 
25.296 8.226 125.305 
54.881 12.517 105.528 
48.987 14.453 106.633 
42.433 15.081 105.635 
36.651 12.156 105.470 
33.913 7.527 109.547 
30.438 13.089 106.854 
27.238 18.169 109.994 
23.923 20.910 115.312 
21.418 21.764 121.585 
23.854 22.595 127.876 
29.382 23.248 131.587 
35.853 24.288 132.493 
41.957 26.134 130.639 
45.929 30.117 127.118 
47.075 35.096 122.695 
