34.397 1.094 2.576 
30.837 0.442 -3.033 
27.472 3.183 -8.087 
27.325 8.153 -12.649 
9.556 38.688 19.723 
11.836 37.581 13.805 
16.775 35.563 9.463 
21.713 30.444 9.352 
25.901 26.230 12.518 
25.815 21.137 16.888 
22.702 16.446 20.209 
18.222 11.849 19.932 
12.821 8.570 18.156 
40.430 17.199 -4.837 
34.388 18.950 -2.974 
27.432 18.124 -2.497 
22.189 14.119 -2.177 
20.463 9.803 2.382 
17.820 16.128 0.700 
13.361 19.877 3.605 
8.386 21.067 7.837 
5.858 21.821 14.061 
8.483 22.792 20.325 
13.214 23.155 25.197 
19.651 25.293 25.893 
25.394 28.123 23.619 
28.312 33.010 20.100 
27.401 39.138 17.452 
