36.972 4.264 7.270 
34.309 0.416 2.793 
30.777 -0.162 -2.784 
27.405 2.625 -7.867 
27.300 7.566 -12.472 
9.154 38.517 19.776 
11.361 38.015 13.410 
15.850 35.081 9.471 
20.955 30.152 9.369 
25.175 26.006 12.511 
25.337 20.899 16.890 
22.506 15.982 20.340 
18.149 11.406 19.881 
12.975 8.439 17.838 
40.251 16.639 -4.775 
34.225 18.308 -2.620 
27.276 17.712 -2.364 
22.079 13.598 -1.863 
19.962 10.030 2.656 
17.531 16.388 0.462 
12.810 20.424 3.141 
8.725 21.447 8.326 
5.559 21.312 14.320 
7.881 21.949 20.784 
12.873 22.542 25.426 
18.751 25.734 26.044 
24.741 27.614 23.246 
27.634 32.599 19.745 
26.820 38.591 16.711 
