74.899 12.712 59.960 
72.380 8.992 55.325 
69.083 8.411 49.664 
66.331 11.259 44.364 
66.625 16.384 39.947 
45.913 46.234 71.865 
48.116 44.872 65.913 
52.780 42.922 61.219 
58.169 38.455 61.287 
62.371 34.161 64.308 
62.668 29.136 68.703 
59.912 24.390 72.593 
55.626 19.762 72.373 
50.218 16.208 70.549 
79.140 25.247 48.558 
72.922 26.819 50.015 
66.014 26.303 49.819 
60.763 22.334 50.143 
59.137 18.009 55.074 
55.171 23.366 52.943 
49.917 26.917 55.551 
45.383 28.115 60.128 
42.979 29.017 66.501 
45.420 30.040 72.911 
50.448 30.824 77.519 
56.416 33.958 78.193 
62.036 36.590 75.380 
64.916 41.119 71.374 
63.426 47.304 69.261 
