34.505 1.026 2.715 
30.973 0.332 -2.888 
27.771 2.906 -8.067 
27.498 7.991 -12.649 
9.673 38.772 19.700 
11.889 37.843 13.810 
16.587 35.420 9.457 
21.534 30.311 9.283 
25.789 26.067 12.352 
25.859 21.061 16.804 
22.905 16.367 20.261 
18.469 11.713 19.967 
12.986 8.461 18.023 
40.541 16.992 -4.777 
34.527 18.761 -2.831 
27.440 18.090 -2.546 
22.198 13.998 -2.191 
20.450 9.852 2.402 
17.900 16.281 0.796 
13.501 20.171 3.955 
8.174 20.794 8.022 
6.016 21.570 14.347 
8.489 22.395 20.752 
13.469 23.011 25.399 
19.823 25.269 25.948 
25.522 28.022 23.461 
28.444 32.834 19.775 
27.423 39.084 17.501 
