186.582 221.322 193.127 
182.281 226.996 192.569 
176.055 228.609 194.884 
170.846 226.940 198.747 
167.524 223.244 203.477 
168.496 219.528 208.956 
171.802 218.148 214.561 
175.658 221.070 219.187 
180.822 225.336 220.913 
182.663 231.154 221.606 
180.837 236.813 224.498 
177.557 239.431 228.686 
175.581 239.015 234.737 
175.007 237.040 239.883 
177.981 234.250 243.685 
180.869 230.022 247.234 
185.399 225.735 247.781 
191.420 223.434 246.323 
196.312 223.429 241.750 
198.815 225.383 235.551 
199.529 231.101 231.876 
200.520 237.816 230.733 
200.902 244.219 232.989 
202.000 247.971 238.408 
205.433 249.080 243.374 
211.038 247.571 246.113 
216.539 244.517 246.657 
221.684 241.578 244.346 
225.778 238.260 240.200 
228.075 237.467 234.437 
230.025 237.708 229.483 
224.654 237.978 225.443 
224.114 240.299 221.901 
224.132 244.835 219.878 
226.727 246.311 216.703 
231.842 248.495 214.440 
231.389 252.631 211.249 
235.104 256.977 207.747 
230.629 259.941 210.256 
233.597 264.354 207.572 
239.022 268.193 207.607 
241.524 268.644 211.445 
245.948 272.466 208.030 
249.225 275.540 210.355 
249.338 279.356 213.905 
253.943 279.281 218.389 
254.141 280.351 225.280 
252.371 278.074 231.199 
252.626 272.278 234.131 
251.913 265.367 234.961 
255.324 260.291 233.958 
260.177 255.904 231.321 
265.300 255.641 226.427 
271.205 258.453 225.915 
276.056 262.041 228.348 
279.781 265.983 232.159 
280.849 268.756 238.613 
281.096 267.072 245.325 
277.758 261.827 248.798 
280.149 256.098 249.353 
283.505 250.554 247.967 
288.647 247.055 244.743 
294.733 246.677 241.915 
300.506 250.548 240.486 
304.212 255.767 241.741 
307.147 259.414 246.272 
308.898 260.987 252.617 
309.750 258.530 259.196 
312.361 253.277 262.529 
313.462 246.670 264.294 
317.048 241.533 262.047 
320.861 237.776 257.685 
325.059 239.118 252.285 
330.212 241.686 249.499 
333.714 247.864 249.010 
336.663 253.200 251.814 
334.850 247.677 269.196 
332.279 253.828 266.132 
330.231 256.830 259.498 
327.614 256.001 253.518 
325.019 252.186 248.364 
320.679 247.228 245.897 
316.224 242.361 247.307 
311.174 239.972 250.542 
306.264 241.234 254.789 
302.315 245.412 258.345 
299.872 251.482 260.388 
297.188 257.300 258.823 
296.960 262.279 253.351 
296.976 263.764 246.735 
297.504 262.081 239.882 
295.285 257.203 235.751 
289.248 252.490 234.919 
282.285 250.973 238.194 
274.868 250.520 241.721 
270.416 255.424 245.144 
268.902 261.851 245.662 
267.955 267.712 242.808 
268.133 269.636 236.113 
268.930 272.612 230.035 
267.641 270.050 223.881 
263.452 266.854 220.032 
258.260 262.078 218.790 
252.142 260.961 220.912 
246.723 262.218 225.214 
243.155 267.224 228.117 
240.361 273.404 228.668 
238.056 278.777 225.933 
236.231 282.874 221.273 
233.407 283.850 216.322 
229.698 289.813 215.779 
224.099 291.537 212.772 
218.114 289.801 210.902 
215.616 288.616 204.812 
210.263 286.189 209.489 
209.017 279.174 206.648 
206.890 274.240 208.958 
202.993 270.073 212.856 
206.290 264.429 212.015 
206.992 259.198 215.693 
207.928 254.772 220.066 
213.923 253.393 222.185 
216.781 251.349 227.694 
215.593 247.249 228.093 
214.104 240.354 227.791 
214.449 234.955 231.450 
213.503 231.995 237.270 
211.643 231.927 243.578 
207.870 234.631 248.334 
201.987 237.572 248.872 
196.666 240.518 248.181 
191.563 241.356 244.070 
188.471 239.482 238.313 
188.038 236.031 232.594 
188.127 229.937 229.818 
185.562 224.141 229.895 
180.710 220.526 231.416 
174.488 220.050 232.246 
168.610 222.021 231.317 
164.767 225.374 227.615 
162.263 230.411 224.191 
164.010 233.822 219.922 
167.305 235.965 214.719 
173.214 237.844 211.357 
179.208 235.473 210.317 
183.229 230.391 209.489 
185.544 223.872 209.397 
183.804 217.456 208.145 
179.542 213.354 205.318 
174.083 211.974 201.644 
170.867 214.071 196.213 
170.412 217.973 190.650 
