13.500 -2.275 61.683 
10.207 -4.803 57.065 
6.708 -4.436 51.257 
5.388 -1.445 45.779 
4.866 3.407 41.128 
-7.162 35.767 70.735 
-3.859 34.843 64.877 
0.480 31.125 61.826 
5.126 26.188 62.256 
8.007 21.518 65.877 
6.863 16.895 70.862 
2.899 13.080 74.537 
-2.434 9.898 74.471 
-8.251 8.011 71.859 
19.961 6.103 47.700 
17.565 9.707 51.599 
11.078 12.999 50.521 
4.519 11.827 51.574 
1.003 10.002 55.216 
-3.809 12.970 53.104 
-6.763 17.707 56.609 
-9.723 20.198 62.199 
-12.292 21.332 68.388 
-9.617 21.954 74.795 
-4.393 22.170 78.975 
1.889 23.801 79.830 
7.409 26.925 77.806 
11.507 30.534 73.821 
11.248 35.612 69.817 
