-80.162 7.532 -8.953 
-79.994 7.252 -15.837 
-78.830 8.371 -22.293 
-74.522 7.318 -27.061 
-17.796 6.130 -32.964 
-18.306 5.543 -26.205 
-20.072 6.161 -19.844 
-24.737 6.336 -15.257 
-54.944 14.830 -3.458 
-60.490 17.297 -0.268 
-64.715 22.444 -1.031 
-67.069 27.224 -4.829 
-67.138 30.964 -10.237 
-63.749 1.423 -14.046 
-61.384 6.923 -17.680 
-63.328 12.653 -20.599 
-66.196 17.374 -19.349 
-58.977 16.590 -20.243 
-54.101 21.347 -19.286 
-52.330 26.634 -15.897 
-52.209 31.516 -11.473 
-53.892 33.509 -5.156 
-55.719 32.057 1.205 
-42.690 14.430 -39.053 
-36.998 16.870 -41.673 
-32.500 21.831 -40.924 
-29.986 26.515 -37.119 
-29.918 30.330 -31.760 
-35.619 0.399 -28.285 
-37.247 6.518 -25.133 
-34.907 12.066 -21.987 
-31.785 16.691 -23.016 
-38.775 16.142 -22.350 
-43.596 20.969 -23.272 
-45.089 26.529 -26.373 
-44.840 31.409 -30.827 
-42.886 33.397 -37.046 
-41.265 31.857 -43.330 
