32.901 0.813 4.308 
30.510 -2.715 -0.451 
27.737 -3.180 -6.265 
25.937 -0.821 -12.165 
24.485 4.591 -16.412 
7.452 36.510 20.252 
10.177 36.153 14.150 
14.350 33.359 10.070 
20.460 30.023 9.134 
23.004 24.359 11.071 
21.851 18.426 13.714 
18.760 13.580 17.063 
14.187 9.250 16.265 
9.178 6.483 12.846 
38.563 9.578 -7.050 
33.420 13.784 -6.734 
25.934 14.478 -6.617 
20.003 11.479 -6.316 
17.139 7.924 -2.474 
16.148 15.267 -3.140 
11.333 19.134 -0.159 
6.417 20.091 4.000 
2.601 19.251 9.569 
4.322 19.873 16.289 
8.460 20.290 21.687 
14.467 21.997 24.023 
19.899 25.483 23.858 
25.257 28.903 20.766 
25.515 34.854 18.078 
