-18.024 -22.342 18.549 
-15.492 -26.037 23.324 
-12.125 -26.721 28.978 
-9.466 -23.858 34.279 
-8.901 -18.878 38.673 
10.783 12.463 6.556 
8.568 11.711 12.864 
4.472 8.478 16.950 
-0.799 3.753 17.294 
-5.004 -0.323 13.945 
-5.174 -5.425 9.585 
-2.606 -10.537 6.020 
1.731 -15.219 6.466 
7.261 -18.533 8.173 
-22.796 -10.744 31.329 
-16.644 -8.377 29.078 
-9.566 -8.572 29.185 
-4.205 -12.400 28.812 
-2.161 -15.744 23.956 
1.955 -10.168 25.438 
7.676 -7.740 23.358 
11.496 -6.165 18.260 
14.576 -5.955 12.254 
12.290 -5.004 5.793 
7.444 -4.241 1.108 
1.543 -0.828 0.477 
-4.491 0.797 3.334 
-7.485 5.585 6.974 
-7.215 11.338 10.426 
