30.249 -1.611 8.187 
26.787 -4.309 3.586 
23.313 -4.059 -1.984 
21.425 -1.563 -7.602 
20.707 2.915 -12.685 
9.645 36.331 17.765 
12.343 34.674 12.307 
17.269 31.860 8.569 
21.631 26.666 9.114 
24.543 21.750 12.655 
23.496 17.125 17.301 
19.823 13.342 21.331 
14.289 9.980 21.214 
8.385 8.618 19.113 
36.450 8.075 -5.136 
31.815 12.011 -3.659 
24.994 14.086 -4.103 
19.616 12.045 -1.448 
16.342 7.896 2.724 
12.706 13.311 -0.082 
9.840 18.229 3.568 
6.954 20.559 9.122 
4.361 21.698 15.308 
7.163 22.239 21.687 
12.291 22.219 26.126 
18.515 24.314 26.810 
23.947 27.370 24.751 
28.124 30.431 20.367 
27.923 36.206 16.980 
