64.011 -1.291 61.014 
60.709 -4.187 56.430 
57.276 -4.064 50.954 
55.397 -1.564 45.361 
54.153 3.053 40.460 
44.472 37.340 70.017 
47.115 36.424 63.860 
51.474 31.740 61.456 
56.004 26.959 62.166 
57.771 21.448 65.070 
56.641 16.364 69.391 
53.459 13.277 74.232 
47.700 9.804 74.264 
42.217 8.348 72.192 
42.088 8.473 72.038 
38.827 6.034 68.438 
69.957 8.083 47.469 
65.234 11.923 48.953 
58.670 14.128 48.982 
52.959 11.971 51.712 
50.090 7.705 55.882 
46.495 13.126 53.294 
43.620 18.052 56.693 
40.710 20.666 62.147 
38.044 21.683 68.266 
40.472 22.442 74.649 
45.846 22.589 78.575 
52.388 23.915 79.885 
57.880 26.663 77.437 
61.289 30.901 73.737 
62.335 35.864 69.426 
