37.206 4.277 7.565 
34.601 0.532 2.941 
31.193 -0.136 -2.674 
28.029 2.634 -7.882 
28.174 7.547 -12.490 
8.485 38.181 20.048 
10.675 36.624 14.155 
15.173 34.913 9.381 
20.479 30.290 9.217 
24.747 26.107 12.235 
25.119 21.166 16.761 
22.391 16.145 20.262 
18.038 11.534 19.881 
12.703 8.404 18.019 
40.610 16.754 -4.428 
34.417 18.525 -2.885 
27.501 17.716 -2.730 
22.341 13.634 -1.984 
20.350 10.505 2.734 
17.585 16.637 0.451 
12.070 20.018 2.956 
8.438 21.295 8.397 
5.307 21.255 14.478 
7.753 21.822 20.906 
12.826 22.553 25.471 
18.698 25.848 25.981 
24.645 27.976 23.187 
27.448 32.732 19.301 
25.967 39.016 17.513 
