29.878 -0.983 8.189 
26.468 -3.691 3.558 
22.970 -3.294 -1.928 
21.144 -0.228 -7.284 
20.355 4.272 -12.374 
9.741 36.954 17.306 
12.370 35.190 11.735 
16.997 31.987 8.293 
21.166 26.475 8.841 
24.083 21.759 12.402 
23.141 17.219 17.358 
19.450 13.747 21.632 
13.924 10.263 21.550 
8.062 8.715 18.918 
36.533 8.521 -5.244 
31.824 12.389 -3.360 
25.329 14.942 -3.782 
19.794 12.988 -0.898 
16.413 7.900 2.355 
12.481 13.240 0.137 
9.608 18.260 3.645 
6.611 20.659 9.211 
4.100 21.847 15.452 
6.905 22.435 21.835 
12.238 22.574 26.002 
18.628 24.483 26.413 
23.984 27.578 24.098 
27.930 30.775 19.986 
27.896 36.214 16.139 
