5.791 -2.361 3.124 
3.328 -5.954 -1.768 
-0.155 -6.483 -7.346 
-3.554 -3.744 -12.510 
-3.599 1.338 -16.991 
-17.051 32.137 26.415 
-18.166 34.062 21.896 
-16.362 32.828 15.812 
-12.733 30.057 11.315 
-10.233 24.693 9.199 
-6.153 19.143 10.208 
-5.476 13.439 13.931 
-8.793 8.562 16.696 
-13.231 3.900 16.180 
-18.368 1.065 14.050 
9.162 9.376 -7.604 
3.224 12.001 -7.266 
-3.690 11.406 -7.115 
-8.786 7.156 -5.908 
-10.598 2.960 -1.361 
-13.394 9.013 -2.559 
-17.346 12.888 0.432 
-22.168 14.761 4.976 
-25.442 14.166 10.923 
-23.217 14.600 17.405 
-18.774 15.034 22.438 
-13.586 18.257 24.366 
-7.478 20.457 24.891 
-1.885 23.565 22.152 
-0.582 29.649 19.495 
