80.810 -5.716 8.014 
77.307 -8.473 3.485 
73.764 -8.167 -2.095 
71.833 -5.091 -7.501 
71.405 0.034 -12.245 
60.713 33.023 17.514 
63.686 31.870 11.579 
68.067 28.206 8.370 
72.077 22.677 9.026 
75.274 17.883 12.729 
74.334 13.282 17.485 
70.516 9.435 21.390 
65.039 5.993 21.310 
59.251 4.244 18.863 
87.414 3.200 -5.340 
82.877 7.661 -3.441 
76.399 10.155 -3.792 
70.673 8.327 -0.932 
67.391 3.827 2.993 
63.547 9.065 0.264 
60.567 14.151 3.730 
57.421 16.531 9.208 
55.010 17.571 15.504 
57.807 18.137 21.871 
63.098 18.123 26.067 
69.422 20.127 26.541 
74.976 22.959 24.221 
78.783 26.441 20.033 
78.784 32.185 16.519 
