13.466 -1.692 60.595 
10.041 -4.466 56.105 
6.528 -4.216 50.582 
4.538 -1.256 45.145 
3.801 3.471 40.274 
-6.695 36.597 70.509 
-3.774 35.335 64.645 
0.738 32.000 61.337 
4.994 26.530 61.575 
8.141 21.680 65.248 
7.230 17.267 70.155 
3.470 13.389 74.018 
-2.036 9.948 73.933 
-7.755 8.254 71.620 
20.071 7.714 47.331 
15.245 11.852 48.750 
8.558 14.000 48.318 
3.064 12.053 51.393 
-0.103 7.377 55.114 
-3.992 12.756 52.531 
-6.735 17.721 56.262 
-9.525 20.231 61.755 
-12.033 21.470 68.004 
-9.254 22.130 74.378 
-3.958 22.070 78.712 
2.273 24.221 79.275 
7.632 27.477 77.302 
11.806 30.635 72.940 
11.597 36.051 69.157 
