80.886 -1.166 8.083 
77.363 -3.932 3.551 
73.928 -3.656 -2.061 
72.136 -0.836 -7.610 
71.622 3.578 -12.498 
60.267 37.645 17.700 
63.243 36.026 12.109 
68.062 32.820 8.637 
72.160 27.449 9.134 
75.014 22.420 12.627 
73.862 17.634 17.089 
70.341 13.949 21.280 
64.837 10.547 21.346 
64.773 10.575 21.248 
57.801 10.969 19.049 
58.757 9.201 18.971 
87.282 8.040 -5.153 
82.586 12.408 -3.975 
76.025 14.435 -4.317 
70.433 12.431 -1.741 
67.133 8.597 2.501 
63.470 13.973 -0.273 
60.548 18.858 3.480 
57.487 21.162 8.976 
54.949 22.377 15.220 
57.699 22.916 21.625 
62.772 22.806 26.084 
69.025 24.971 26.768 
74.595 27.873 24.707 
78.616 31.151 20.373 
78.555 36.824 16.851 
