28.448 -55.830 5.843 
33.381 -58.450 7.409 
37.623 -62.084 4.396 
41.046 -67.369 5.514 
42.403 -72.792 9.076 
44.771 -73.709 14.954 
43.909 -76.194 21.820 
40.599 -74.954 27.549 
34.584 -76.798 29.383 
28.541 -79.790 27.775 
25.426 -84.476 25.400 
22.908 -88.942 21.993 
33.187 -85.938 12.820 
27.648 -82.643 14.947 
27.825 -76.517 14.092 
27.768 -70.884 18.096 
30.806 -67.420 23.020 
37.168 -65.189 24.717 
42.820 -64.490 23.057 
58.954 -92.896 -28.086 
56.994 -90.098 -23.207 
59.387 -84.943 -19.902 
63.388 -79.701 -19.536 
69.103 -77.059 -20.882 
75.167 -76.739 -23.228 
78.792 -76.933 -29.010 
78.266 -75.768 -35.587 
60.196 -67.958 -32.506 
60.252 -74.119 -34.961 
63.657 -79.537 -38.201 
68.061 -84.163 -37.626 
73.457 -87.249 -34.911 
75.630 -88.807 -28.876 
77.024 -87.199 -22.317 
