30.437 -3.387 90.153 
26.771 0.254 86.552 
22.290 0.459 81.416 
18.181 -2.557 77.177 
14.329 -7.766 75.328 
49.814 -38.605 67.228 
43.615 -37.694 67.817 
38.575 -34.305 70.758 
36.907 -29.850 75.570 
38.348 -25.184 80.178 
42.535 -20.009 81.268 
46.917 -15.270 79.762 
47.699 -10.895 75.312 
47.053 -7.787 69.414 
42.629 -5.240 65.789 
17.262 -15.067 91.133 
20.947 -17.383 86.602 
23.139 -17.407 79.704 
24.822 -13.801 74.673 
29.742 -9.992 73.700 
29.012 -15.445 70.038 
33.285 -19.200 66.412 
38.736 -20.603 63.200 
45.439 -20.971 61.885 
51.101 -21.614 65.789 
54.295 -22.072 71.696 
53.580 -24.897 77.895 
50.327 -28.349 82.568 
45.232 -32.035 85.011 
42.953 -37.680 83.755 
