37.304 4.314 7.267 
34.627 0.445 2.804 
31.192 -0.224 -2.794 
27.859 2.520 -7.982 
27.151 7.589 -12.125 
8.895 38.901 19.986 
11.131 38.279 13.683 
15.356 35.052 9.611 
20.633 30.413 9.328 
24.939 26.277 12.468 
25.320 21.316 16.911 
22.663 16.165 20.303 
18.302 11.520 19.785 
12.911 8.474 17.728 
40.606 16.635 -5.153 
34.560 18.395 -3.082 
27.579 17.621 -2.722 
22.423 13.564 -2.058 
20.500 10.706 2.750 
17.224 16.242 -0.001 
12.561 20.009 3.108 
8.516 21.293 8.298 
5.471 21.147 14.354 
7.812 21.826 20.825 
12.840 22.420 25.481 
18.708 25.719 26.064 
24.657 27.751 23.251 
27.409 32.524 19.377 
26.723 38.718 16.925 
