41.965 -1.796 109.645 
38.783 -4.338 104.668 
35.457 -3.252 99.043 
34.117 0.672 93.985 
34.202 6.584 90.576 
21.296 34.779 114.949 
24.695 32.610 109.748 
29.623 28.563 107.734 
33.460 23.642 109.469 
36.272 19.619 114.944 
35.312 15.743 120.051 
30.887 11.972 123.316 
25.183 8.879 122.764 
19.856 7.211 120.600 
48.310 9.686 102.113 
44.575 13.899 100.510 
37.568 14.699 101.257 
31.596 12.430 100.955 
28.375 7.445 104.337 
24.815 13.225 102.209 
21.878 17.772 105.830 
18.459 20.182 111.255 
16.037 20.980 117.501 
18.602 21.349 123.754 
24.039 22.827 127.420 
30.011 25.337 127.307 
35.920 27.181 124.464 
39.627 29.869 119.855 
39.323 34.519 115.036 
