239.014 184.557 233.242 
232.583 187.450 232.114 
226.240 186.187 234.328 
222.271 182.690 238.434 
220.883 178.395 243.600 
223.265 176.177 249.447 
226.608 177.117 255.120 
228.461 181.981 259.328 
230.955 188.329 260.484 
229.828 194.366 260.490 
225.453 198.776 262.755 
221.167 199.977 266.671 
219.379 199.329 272.760 
219.594 197.876 278.103 
223.375 197.232 282.149 
227.764 195.261 286.107 
233.748 193.689 287.064 
240.198 194.344 285.782 
244.699 196.151 281.165 
246.239 198.378 274.747 
244.336 203.334 270.441 
242.113 209.562 268.535 
239.363 215.594 270.051 
238.362 219.975 274.995 
240.678 223.088 279.753 
246.224 224.689 282.557 
252.489 224.654 283.357 
258.498 224.248 281.313 
263.828 222.821 277.505 
266.455 222.591 271.834 
268.258 223.190 266.854 
263.550 220.475 262.892 
262.126 221.878 259.120 
260.098 225.646 256.600 
261.823 227.821 253.240 
265.405 231.896 250.667 
263.195 234.968 247.038 
264.577 240.148 243.013 
259.140 240.912 245.241 
259.801 245.888 242.032 
262.790 251.804 241.552 
264.637 253.783 245.276 
266.887 258.846 241.386 
268.249 263.327 243.300 
266.422 267.102 246.395 
270.346 269.676 250.789 
269.747 271.441 257.512 
269.018 269.244 263.676 
271.841 264.596 267.237 
274.415 258.293 268.850 
279.842 255.339 268.373 
286.283 253.492 266.172 
291.122 255.147 261.261 
295.038 260.329 260.346 
297.545 266.012 262.285 
299.029 271.492 265.908 
298.538 274.981 271.864 
299.205 274.240 278.677 
300.032 270.692 284.331 
303.224 265.819 287.574 
308.697 261.794 287.714 
314.676 260.132 284.969 
319.910 261.703 281.004 
323.737 266.585 278.040 
325.895 273.186 278.520 
325.923 278.762 282.642 
325.400 280.546 289.206 
326.336 278.229 295.647 
328.159 273.374 300.245 
332.332 267.989 301.286 
337.690 264.288 299.158 
343.687 263.993 295.787 
349.162 267.326 293.431 
352.701 273.220 291.882 
342.465 281.541 304.535 
342.178 283.183 297.834 
342.673 281.030 291.208 
342.291 275.678 286.997 
340.083 269.309 285.995 
336.243 263.943 287.902 
330.651 262.013 291.327 
324.758 263.728 294.429 
319.821 268.358 295.635 
316.336 273.745 293.456 
314.672 277.891 288.202 
314.630 277.982 281.371 
314.829 274.484 275.489 
313.585 268.580 272.506 
311.273 262.251 272.179 
306.584 257.972 274.082 
300.576 256.814 277.021 
294.953 259.277 279.915 
290.703 264.282 279.691 
287.168 268.717 276.137 
286.689 269.774 269.266 
286.238 272.110 262.880 
286.543 268.603 257.074 
284.493 263.426 253.674 
282.195 256.669 253.056 
277.233 253.043 255.384 
271.692 252.058 259.600 
266.084 255.080 261.976 
260.702 259.242 261.870 
256.260 262.577 258.583 
252.914 264.815 253.521 
250.160 263.817 248.535 
244.115 267.244 247.382 
238.484 265.805 244.286 
234.087 261.275 242.715 
232.677 258.414 236.835 
228.904 254.272 241.837 
231.200 247.236 239.823 
231.541 242.158 242.705 
229.898 237.091 247.107 
235.485 233.603 246.856 
238.408 229.740 251.087 
241.134 226.767 255.916 
246.988 228.598 258.085 
250.251 228.736 263.745 
251.107 224.627 264.620 
253.032 217.852 265.120 
255.720 213.672 269.356 
256.041 211.253 275.487 
254.182 210.992 281.790 
249.398 212.097 286.269 
242.807 211.969 286.562 
236.758 211.979 285.626 
232.023 209.879 281.525 
230.397 206.171 276.063 
231.857 202.334 270.776 
234.898 196.740 268.702 
235.344 190.464 269.471 
232.693 185.179 271.463 
227.391 181.928 272.436 
221.316 180.797 271.380 
216.499 181.536 267.384 
212.066 184.410 263.454 
212.180 187.766 258.802 
214.291 190.638 253.342 
218.759 194.700 249.699 
225.201 195.327 248.841 
231.163 192.673 248.528 
236.262 188.037 249.135 
237.779 181.463 248.640 
236.049 175.565 246.358 
232.021 171.401 242.946 
228.414 171.151 237.364 
226.405 173.765 231.405 
