64.177 -1.124 61.236 
60.757 -3.699 56.509 
57.265 -3.465 50.901 
54.836 -0.060 45.514 
54.290 4.621 41.076 
44.574 38.080 70.325 
48.028 36.841 64.006 
52.275 32.147 61.534 
56.594 27.367 62.242 
58.123 21.723 65.654 
57.231 17.011 70.385 
53.295 13.678 74.456 
47.773 10.147 74.603 
42.263 8.702 71.927 
69.889 8.540 47.672 
65.659 12.459 49.090 
58.799 14.728 49.101 
53.232 12.714 52.061 
50.280 8.540 56.105 
46.886 13.893 53.587 
43.761 18.857 56.878 
40.629 21.519 62.279 
38.246 22.416 68.560 
40.786 23.077 74.977 
46.139 22.947 79.085 
52.486 24.589 79.949 
58.192 27.300 77.705 
61.843 31.242 74.010 
62.839 36.365 69.877 
