37.375 4.230 7.364 
34.715 0.483 2.828 
31.185 -0.136 -2.726 
27.850 2.710 -7.828 
27.311 7.764 -12.048 
8.878 38.929 19.954 
11.160 37.943 13.795 
15.394 34.965 9.619 
20.544 30.201 9.248 
24.780 25.991 12.234 
25.187 20.944 16.763 
22.551 15.915 20.291 
18.153 11.333 19.969 
12.796 8.260 17.946 
40.832 16.391 -5.062 
34.766 18.451 -3.021 
27.793 17.757 -2.755 
22.621 13.741 -1.983 
20.600 10.714 2.793 
17.380 16.472 0.223 
11.956 19.815 2.977 
8.450 21.011 8.396 
5.418 21.095 14.563 
7.814 21.742 21.029 
12.886 22.367 25.570 
18.648 25.609 26.159 
24.625 27.580 23.186 
27.455 32.327 19.305 
26.740 38.349 16.481 
