2.138 14.227 157.462 
4.228 20.496 154.889 
10.591 19.234 155.163 
16.581 18.349 154.366 
23.328 20.403 155.839 
27.173 23.197 160.306 
27.599 23.543 166.890 
25.988 25.292 173.321 
23.702 21.653 178.557 
20.114 16.984 181.349 
18.638 10.018 181.401 
17.291 4.197 178.197 
20.709 -0.845 175.938 
26.538 -3.473 173.163 
33.363 -3.751 173.593 
33.222 9.737 185.557 
36.283 10.710 179.597 
36.185 9.381 172.996 
31.790 8.769 168.061 
25.768 6.411 165.406 
19.163 6.920 166.000 
13.857 9.999 168.606 
10.776 14.770 170.618 
9.840 21.439 170.931 
12.448 27.587 170.485 
16.348 31.924 166.932 
20.160 34.439 162.099 
-37.809 69.982 138.199 
-41.971 71.777 137.024 
-43.120 68.340 143.022 
-49.607 70.256 143.274 
-55.506 70.794 143.826 
-61.562 70.504 147.615 
-64.266 70.735 153.725 
-63.450 74.800 158.920 
-60.179 77.619 164.207 
-57.822 83.660 165.267 
-54.430 89.239 164.163 
-53.469 94.584 160.087 
-52.964 97.409 153.585 
-57.815 97.847 148.038 
-64.577 95.776 147.143 
-71.215 97.765 148.533 
-66.979 99.878 166.060 
-69.414 93.893 164.017 
-70.700 89.609 158.636 
-68.839 87.652 152.388 
-64.296 87.559 147.199 
-57.620 87.265 146.038 
-51.334 86.518 148.480 
-47.354 83.893 152.413 
-45.593 78.922 156.508 
-47.240 73.614 160.501 
-51.353 68.130 161.641 
-55.737 63.302 160.342 
-36.392 41.648 82.682 
-36.509 38.494 76.633 
-30.280 41.039 75.137 
-24.506 41.656 73.846 
-19.253 41.789 69.080 
-17.478 42.505 62.545 
-19.056 45.946 57.369 
-23.177 48.939 52.979 
-26.913 54.453 52.128 
-30.294 60.005 54.352 
-29.790 65.636 58.584 
-27.413 68.874 64.301 
-12.264 60.759 56.811 
-12.907 58.915 63.666 
-17.420 58.686 68.921 
-23.341 58.311 70.716 
-30.248 57.554 69.294 
-34.451 54.262 66.638 
-36.853 49.007 62.637 
-35.712 43.775 58.558 
-31.471 38.665 56.947 
-27.187 34.015 57.350 
29.822 54.703 80.505 
36.241 52.670 79.459 
41.975 51.688 77.697 
48.864 53.695 77.661 
53.822 56.865 80.892 
55.504 57.386 87.176 
55.161 59.651 93.689 
54.189 56.350 99.549 
51.353 51.799 103.652 
50.256 45.328 104.893 
49.361 38.664 102.519 
51.830 34.027 98.376 
56.227 32.679 93.461 
63.398 30.731 92.522 
64.452 44.280 105.907 
66.709 46.502 99.877 
65.692 45.215 93.027 
60.642 43.181 89.109 
54.558 40.464 88.016 
47.920 40.683 89.567 
42.892 43.546 93.034 
40.455 49.205 94.873 
39.264 55.538 95.191 
41.221 61.614 93.532 
44.211 66.046 89.167 
47.037 68.266 83.534 
