30.068 -1.988 7.958 
26.559 -4.698 3.498 
23.176 -4.425 -2.116 
21.012 -1.347 -7.516 
20.844 3.214 -12.428 
9.594 37.050 17.491 
12.383 35.193 11.915 
17.126 32.081 8.479 
21.308 26.554 9.026 
24.514 21.849 12.386 
23.448 17.041 16.805 
19.895 13.400 21.189 
14.501 9.879 21.140 
8.542 8.143 19.175 
36.821 8.086 -5.235 
31.974 12.070 -3.749 
25.124 13.875 -4.146 
19.490 11.744 -1.580 
16.323 7.773 2.640 
12.513 12.972 -0.241 
9.824 17.994 3.408 
6.854 20.371 8.957 
4.331 21.571 15.286 
7.090 22.033 21.617 
12.278 22.179 25.980 
18.368 24.476 26.575 
23.861 27.563 24.614 
27.977 30.759 20.220 
27.799 36.331 16.534 
