30.142 -1.149 8.048 
26.754 -3.843 3.465 
23.252 -3.572 -2.000 
21.381 -0.858 -7.633 
20.400 3.681 -12.706 
9.821 36.404 18.078 
12.882 35.730 12.086 
17.321 32.382 8.709 
21.513 27.022 8.981 
24.504 22.010 12.529 
23.629 17.727 17.545 
19.864 13.857 21.426 
14.338 10.407 21.260 
8.505 8.982 19.186 
36.197 8.322 -5.191 
31.546 12.223 -4.005 
24.752 14.304 -5.083 
19.627 12.505 -1.433 
16.357 8.282 2.646 
12.712 13.751 0.072 
9.838 18.586 3.616 
6.999 21.000 9.166 
4.431 22.188 15.300 
7.183 22.746 21.715 
12.413 22.656 26.106 
18.673 24.604 26.605 
24.055 27.785 24.714 
28.345 30.996 20.568 
28.012 36.541 16.860 
