34.421 1.009 2.534 
30.795 0.365 -3.049 
27.489 3.049 -8.187 
27.302 8.129 -12.828 
9.468 38.952 19.672 
12.145 38.760 13.307 
16.558 35.590 9.563 
21.615 30.553 9.286 
25.762 26.312 12.578 
25.686 21.377 17.039 
22.627 16.454 20.008 
18.080 11.825 19.777 
12.784 8.471 17.799 
40.561 16.896 -4.944 
34.634 18.753 -2.909 
27.536 18.164 -2.551 
22.309 14.112 -2.289 
20.491 9.865 2.215 
17.829 16.155 0.547 
13.618 20.260 3.578 
8.279 21.081 7.482 
5.983 21.847 13.804 
8.004 22.593 20.362 
12.839 23.180 25.217 
19.288 25.412 26.019 
25.098 27.995 23.566 
28.176 32.943 20.265 
27.363 39.083 17.405 
