37.053 -2.897 7.454 
34.461 -6.585 2.856 
30.960 -7.278 -2.684 
27.873 -4.522 -7.889 
27.765 0.461 -12.374 
8.538 31.375 19.589 
10.637 30.143 13.375 
15.196 27.445 9.350 
20.549 22.983 9.192 
24.847 18.716 11.945 
25.148 13.737 16.371 
22.456 8.876 20.193 
18.053 4.274 19.880 
12.739 1.044 17.806 
40.614 9.621 -4.381 
34.602 11.242 -2.646 
27.575 10.605 -2.479 
22.348 6.557 -1.911 
20.664 2.329 2.706 
17.483 8.338 0.661 
12.573 12.187 3.120 
8.649 14.032 8.200 
5.449 14.045 14.304 
7.827 14.736 20.738 
12.852 15.433 25.331 
19.010 18.109 26.034 
23.871 21.703 23.440 
27.137 25.983 19.412 
26.299 31.985 16.767 
