13.243 -1.135 60.697 
9.778 -3.804 56.157 
6.270 -3.590 50.642 
4.455 -0.951 45.076 
3.693 3.748 40.185 
-7.365 36.959 70.547 
-4.518 35.558 64.804 
0.326 32.556 61.293 
4.566 27.256 61.782 
7.563 22.312 65.306 
6.475 17.630 69.929 
2.759 13.888 73.974 
-2.792 10.454 73.803 
-8.513 8.943 71.788 
-11.782 6.756 68.067 
19.693 8.512 47.693 
14.939 12.480 48.900 
8.208 14.557 48.676 
2.554 12.445 51.178 
-0.594 8.482 55.415 
-4.300 13.893 52.698 
-7.166 18.846 56.251 
-10.112 21.146 61.787 
-12.648 22.202 68.043 
-9.870 22.772 74.432 
-4.695 22.699 78.841 
1.472 24.876 79.511 
7.036 27.875 77.413 
11.154 30.955 72.956 
10.915 36.755 69.702 
