5.319 4.962 -84.202 
3.968 6.399 -78.581 
2.353 6.228 -72.401 
-1.353 5.148 -66.821 
-0.233 0.104 -63.227 
0.135 -6.542 -61.378 
2.445 -12.254 -62.503 
6.946 -16.458 -64.687 
13.587 -17.612 -65.794 
19.646 -14.528 -67.711 
23.921 -9.616 -67.768 
26.861 -5.143 -64.061 
28.261 -2.124 -58.625 
28.403 -1.512 -52.549 
35.998 -28.282 -55.989 
30.954 -24.235 -52.081 
26.729 -20.378 -52.808 
22.638 -19.650 -47.542 
18.272 -14.839 -46.989 
15.079 -9.161 -47.330 
13.845 -4.359 -51.546 
14.343 0.489 -56.119 
15.647 1.823 -62.376 
16.517 -0.096 -68.627 
15.751 -4.113 -73.780 
12.742 -8.875 -76.903 
6.941 -12.329 -77.052 
0.800 -13.404 -75.242 
-4.620 -11.219 -72.927 
-9.352 -7.784 -72.564 
-12.006 -1.921 -73.909 
17.122 55.309 65.600 
19.293 56.030 61.405 
21.101 56.285 55.428 
24.926 54.040 49.493 
23.944 49.603 45.919 
22.903 42.954 44.007 
20.792 37.197 45.161 
16.244 32.900 47.293 
9.662 31.874 48.587 
3.638 34.825 50.450 
-0.678 39.789 50.494 
-3.569 44.272 46.757 
-4.890 47.387 41.273 
-5.110 47.914 35.272 
-13.329 21.435 37.898 
-7.565 25.276 34.708 
-3.449 29.062 35.494 
0.695 29.825 30.387 
4.999 34.618 29.617 
8.222 40.320 30.022 
9.510 45.088 34.292 
8.899 49.909 38.786 
7.587 51.290 45.043 
6.815 49.377 51.244 
7.455 45.326 56.491 
10.476 40.550 59.583 
16.150 36.984 59.670 
22.453 36.168 57.827 
27.983 37.933 55.495 
32.705 42.017 55.306 
35.120 47.544 56.293 
5.007 -59.738 15.954 
3.947 -61.231 10.147 
2.302 -61.122 3.820 
-1.256 -59.459 -1.696 
-0.317 -54.569 -5.803 
0.213 -48.317 -7.171 
2.448 -42.412 -6.342 
6.961 -38.280 -4.073 
13.542 -37.183 -2.872 
19.643 -40.248 -1.030 
23.831 -45.322 -0.973 
26.766 -49.741 -4.719 
28.125 -52.835 -10.173 
28.331 -53.230 -16.130 
36.680 -26.954 -13.377 
30.806 -30.702 -16.655 
26.687 -34.489 -15.886 
22.604 -35.143 -21.192 
18.202 -39.970 -21.765 
14.986 -45.726 -21.430 
13.715 -50.522 -17.190 
14.268 -55.359 -12.601 
15.704 -56.772 -6.339 
16.406 -54.690 -0.165 
15.777 -50.595 4.976 
12.783 -45.922 8.201 
6.980 -42.564 8.275 
0.830 -41.566 6.503 
-4.745 -43.399 4.305 
-9.442 -46.888 3.576 
-11.746 -53.036 5.894 
17.927 -11.047 -32.402 
19.266 -11.657 -27.090 
21.015 -11.489 -20.901 
24.884 -10.481 -15.428 
23.709 -5.321 -11.523 
23.350 1.072 -10.178 
20.869 7.139 -11.096 
16.252 11.217 -13.244 
9.588 12.165 -14.372 
3.588 9.224 -16.213 
-0.673 4.206 -16.269 
-3.680 -0.151 -12.605 
-4.976 -3.282 -7.152 
-5.157 -3.828 -1.096 
-13.733 22.274 -3.752 
-7.613 18.806 -0.613 
-3.527 15.088 -1.339 
0.591 14.300 3.831 
4.927 9.586 4.422 
8.123 3.735 4.185 
9.412 -1.020 -0.137 
8.880 -5.921 -4.663 
7.454 -7.245 -10.945 
6.680 -5.167 -17.166 
7.425 -1.180 -22.346 
10.486 3.493 -25.458 
16.181 7.040 -25.581 
22.210 8.104 -23.595 
27.833 6.141 -21.584 
32.559 2.570 -21.081 
35.086 -3.716 -22.944 
