30.245 -1.745 8.104 
26.655 -4.593 3.474 
23.437 -4.126 -2.012 
21.268 -0.992 -7.505 
21.049 3.825 -12.201 
9.043 37.160 17.372 
12.264 35.381 11.756 
16.593 31.982 8.288 
20.754 26.547 9.026 
23.905 21.804 12.143 
23.238 17.250 16.910 
19.761 13.502 21.201 
14.221 10.087 21.022 
8.307 8.505 18.989 
37.208 7.257 -5.005 
32.441 11.479 -3.486 
25.962 13.769 -3.697 
20.094 12.193 -1.449 
16.601 8.349 2.709 
12.757 13.591 -0.019 
9.702 18.546 3.636 
6.763 20.798 9.157 
4.267 21.876 15.380 
6.943 22.335 21.723 
12.216 22.510 26.071 
18.392 24.612 26.329 
23.963 27.582 24.124 
27.658 31.167 19.730 
27.321 36.517 16.216 
