-13.177 7.087 4.391 
29.610 -1.536 7.937 
26.153 -4.293 3.450 
22.526 -3.790 -2.070 
19.840 -0.356 -7.085 
20.779 4.038 -12.172 
9.678 37.306 17.062 
12.705 35.818 11.294 
16.691 31.491 8.525 
21.202 26.826 8.610 
24.607 21.745 12.531 
23.278 17.073 17.041 
19.628 13.493 21.260 
13.976 10.021 21.076 
8.313 8.691 18.312 
36.337 7.835 -4.974 
31.760 12.084 -3.240 
25.226 14.326 -3.465 
19.267 12.082 -1.432 
16.277 7.689 2.717 
12.564 13.134 -0.038 
9.627 18.127 3.389 
6.533 20.479 9.025 
4.178 21.547 15.259 
7.028 22.276 21.611 
12.270 22.311 25.833 
18.557 24.457 26.306 
24.091 27.344 23.995 
27.852 30.558 19.501 
27.783 36.243 15.707 
