37.570 -2.768 7.301 
34.869 -6.494 2.799 
31.391 -7.133 -2.753 
28.066 -4.461 -7.914 
27.378 0.565 -12.300 
9.059 32.099 19.990 
11.780 30.853 13.787 
15.710 27.988 9.611 
20.820 23.195 9.366 
25.113 19.056 12.403 
25.322 13.881 16.654 
22.731 8.838 20.216 
18.345 4.293 19.822 
12.832 1.188 17.525 
40.872 9.394 -4.861 
34.777 11.197 -2.847 
27.749 10.684 -2.633 
22.588 6.667 -1.876 
20.689 3.566 2.960 
17.670 9.160 0.279 
12.529 12.690 3.140 
8.631 14.096 8.307 
5.576 14.130 14.411 
7.897 14.739 20.870 
12.858 15.353 25.486 
18.738 18.486 26.111 
24.713 20.748 23.381 
27.718 25.304 19.637 
26.831 31.298 16.736 
