30.172 -1.782 7.682 
26.440 -4.429 3.324 
22.979 -4.248 -2.210 
21.104 -1.409 -7.731 
20.772 3.294 -12.604 
9.297 37.104 17.445 
12.436 35.399 11.862 
17.202 32.180 8.525 
20.865 26.659 9.012 
24.170 21.907 12.247 
23.435 17.203 16.857 
19.789 13.489 21.085 
14.210 10.045 20.861 
8.483 8.598 18.477 
36.782 7.979 -5.613 
31.907 12.292 -4.526 
25.269 13.903 -4.008 
19.531 11.725 -2.169 
16.363 8.046 2.298 
12.546 13.396 -0.252 
9.795 18.277 3.398 
6.847 20.685 8.903 
4.398 21.725 15.250 
7.075 22.198 21.646 
12.254 22.206 26.018 
18.438 24.410 26.601 
23.971 27.388 24.602 
27.907 30.782 19.993 
27.460 36.580 16.800 
