-21.564 -5.543 88.685 
-25.287 -1.673 85.168 
-29.725 -0.931 80.365 
-34.240 -3.627 76.340 
-38.382 -9.053 75.177 
-2.249 -38.425 64.410 
-8.564 -36.861 64.743 
-14.354 -34.961 68.138 
-15.843 -30.367 73.096 
-14.243 -26.080 77.926 
-10.066 -21.058 79.579 
-5.152 -16.547 78.448 
-3.615 -11.878 74.404 
-3.637 -8.716 68.626 
-33.442 -18.287 89.179 
-30.283 -19.688 83.639 
-28.495 -18.658 76.968 
-27.067 -14.435 72.087 
-22.654 -9.257 72.077 
-23.365 -12.987 66.448 
-18.880 -17.291 63.715 
-13.052 -19.873 61.923 
-6.174 -21.123 60.706 
-0.673 -22.560 64.945 
2.165 -23.350 71.072 
0.478 -25.722 77.190 
-3.928 -28.767 81.358 
-8.432 -33.398 82.481 
-10.247 -39.555 80.171 
