30.665 -2.086 7.854 
26.947 -4.890 3.525 
23.168 -4.899 -2.142 
21.375 -2.022 -7.948 
20.323 2.509 -12.384 
10.244 36.419 17.919 
13.168 35.646 12.081 
17.944 32.352 8.689 
21.913 27.000 8.908 
24.711 21.781 12.253 
23.733 17.317 17.036 
19.959 13.341 21.114 
14.459 10.072 20.726 
8.297 8.813 18.245 
36.366 7.112 -5.686 
31.989 10.819 -4.676 
25.668 12.775 -4.484 
19.819 10.793 -2.663 
16.784 8.089 2.142 
13.044 13.173 -0.401 
10.053 18.122 2.806 
6.952 20.520 8.662 
4.591 21.686 14.785 
7.359 22.137 21.046 
12.324 22.475 25.633 
18.385 24.443 26.426 
24.397 27.110 24.567 
28.303 30.094 20.281 
28.531 36.097 17.492 
