42.975 53.169 197.550 
37.422 54.912 200.390 
30.972 56.360 199.748 
24.976 56.399 196.924 
21.686 54.782 191.416 
21.017 52.438 185.280 
22.507 48.155 180.608 
23.450 42.135 179.249 
23.993 36.141 179.973 
-1.821 38.143 199.596 
3.626 41.692 200.431 
9.418 40.606 198.224 
14.305 41.317 194.916 
18.781 37.952 198.291 
25.283 36.228 197.726 
31.494 36.593 195.031 
35.483 39.658 190.702 
36.578 43.414 185.343 
34.567 48.745 181.879 
30.826 54.206 180.198 
28.464 59.902 182.640 
29.135 64.428 187.371 
36.709 3.741 218.931 
33.332 2.325 213.292 
27.632 0.928 210.288 
21.105 0.898 209.290 
15.212 1.990 212.031 
11.165 4.904 216.361 
9.569 9.169 221.161 
9.557 15.136 222.864 
10.532 21.269 222.408 
0.720 19.140 190.941 
5.763 15.582 193.813 
8.882 16.272 199.109 
11.264 15.947 204.702 
16.842 19.280 204.519 
21.833 21.003 208.767 
25.306 20.651 214.502 
26.047 17.591 220.352 
23.879 13.956 225.474 
20.445 8.491 227.054 
16.333 3.067 226.095 
15.806 -2.708 222.806 
19.447 -7.330 219.723 
