37.263 -2.886 7.408 
34.690 -6.453 2.762 
31.273 -7.131 -2.749 
28.216 -4.342 -8.040 
27.673 0.636 -12.297 
8.946 31.660 19.973 
11.242 30.707 13.819 
15.443 27.763 9.633 
20.578 23.106 9.287 
24.948 18.998 12.302 
25.139 13.876 16.733 
22.507 8.873 20.287 
18.139 4.271 19.965 
12.659 1.041 18.037 
40.974 9.333 -4.890 
34.951 11.286 -2.959 
27.940 10.672 -2.482 
22.818 6.650 -2.245 
20.747 1.888 0.623 
17.011 7.315 0.939 
12.795 11.525 3.267 
8.478 13.573 8.223 
5.481 13.937 14.312 
7.874 14.598 20.778 
12.762 15.406 25.453 
18.721 18.467 25.996 
24.513 20.718 23.322 
27.317 25.260 19.505 
26.473 31.117 16.511 
