37.581 -2.789 7.591 
34.918 -6.427 2.952 
31.548 -7.096 -2.711 
28.809 -4.415 -8.185 
28.440 0.632 -12.404 
8.419 31.296 19.620 
10.655 30.395 13.352 
15.180 27.632 9.506 
20.451 22.954 9.244 
24.893 19.213 12.287 
25.205 14.061 16.521 
22.458 9.073 20.172 
18.195 4.441 19.925 
12.611 1.042 18.282 
41.267 9.666 -4.416 
35.187 11.462 -2.597 
28.147 10.621 -2.502 
22.906 6.492 -2.386 
21.137 1.234 0.109 
17.020 6.442 0.173 
12.609 10.483 2.899 
8.438 12.789 7.622 
5.395 13.647 13.801 
7.717 14.777 20.280 
12.383 15.452 25.243 
18.460 18.649 25.956 
24.260 20.855 23.280 
27.234 25.558 19.640 
26.248 31.458 16.949 
