113.076 142.254 210.675 
113.934 144.672 204.565 
115.074 149.861 200.607 
117.251 156.076 199.858 
120.813 161.170 202.145 
125.590 163.437 206.142 
130.938 162.235 209.865 
136.002 158.261 211.434 
140.035 153.263 209.795 
142.676 149.384 205.120 
144.105 148.336 198.736 
144.963 150.754 192.624 
146.106 155.946 188.668 
148.871 162.020 188.209 
148.698 168.193 186.845 
147.585 174.224 187.162 
147.049 179.975 185.701 
151.921 184.805 188.253 
170.598 183.612 195.340 
174.753 188.045 192.753 
180.803 188.843 190.293 
186.962 186.864 187.421 
189.853 182.532 183.031 
190.513 177.190 179.376 
187.447 172.651 175.217 
182.010 171.939 171.303 
176.117 174.796 168.106 
173.507 181.108 165.014 
174.670 188.190 162.522 
180.208 191.524 160.358 
186.376 191.745 156.963 
191.789 188.466 154.237 
193.988 183.160 150.426 
194.606 179.039 145.966 
191.986 177.960 138.981 
187.166 177.842 134.523 
181.646 182.065 132.144 
178.856 187.632 133.280 
179.484 195.005 134.161 
184.932 200.372 133.058 
188.424 203.780 129.531 
192.554 204.634 124.900 
194.135 203.896 119.154 
194.255 200.651 114.561 
192.295 196.477 110.521 
186.980 193.744 108.045 
180.476 193.810 108.496 
174.682 197.925 108.858 
172.050 203.403 106.012 
171.998 209.170 102.147 
175.561 211.895 96.767 
177.534 211.444 91.145 
177.141 208.598 85.585 
178.501 202.972 82.500 
176.750 198.075 80.582 
173.404 192.884 80.792 
167.553 190.964 84.574 
161.683 193.269 85.587 
155.428 196.597 84.564 
151.961 198.320 79.616 
150.383 199.149 72.977 
149.537 196.288 67.664 
150.756 192.166 63.043 
152.948 186.177 62.109 
153.515 179.651 65.257 
152.272 175.257 69.650 
149.383 173.026 74.927 
144.646 173.537 79.175 
138.392 173.591 79.617 
132.703 171.765 77.658 
128.672 168.556 74.484 
128.515 162.923 70.111 
130.449 156.984 69.109 
135.037 151.354 69.186 
137.449 148.701 72.216 
141.913 146.391 76.385 
145.476 147.323 82.758 
143.911 147.673 87.755 
139.194 149.902 92.406 
133.927 148.377 94.871 
129.902 142.982 95.549 
128.756 136.208 97.041 
130.576 128.955 97.253 
135.077 125.217 98.088 
141.187 123.154 100.631 
147.185 124.080 101.991 
151.418 127.669 104.549 
151.669 132.453 108.871 
148.722 134.585 114.496 
145.007 134.264 119.855 
145.544 129.667 124.783 
147.278 124.492 128.329 
152.473 119.251 130.098 
159.612 117.639 129.030 
165.276 119.663 127.924 
169.720 122.709 126.947 
172.616 127.764 124.123 
170.419 134.344 122.719 
168.777 139.509 126.915 
169.040 141.746 133.195 
172.064 142.578 139.589 
177.989 140.889 142.910 
184.609 139.606 142.320 
190.117 140.263 139.190 
194.469 141.396 134.111 
196.808 144.327 128.706 
194.419 148.228 124.165 
191.060 153.888 123.079 
189.487 160.055 126.584 
190.722 164.931 129.818 
196.512 167.939 132.814 
202.189 169.435 133.648 
208.698 169.709 130.705 
212.911 168.329 126.260 
212.380 169.830 119.656 
210.090 170.831 113.863 
205.321 172.767 110.388 
199.648 175.741 110.069 
196.827 182.662 110.746 
197.671 188.337 111.215 
200.824 193.861 112.850 
206.440 197.249 113.472 
172.999 121.988 226.669 
175.474 128.549 225.892 
178.132 131.873 220.519 
176.536 137.197 217.656 
173.030 141.279 215.115 
172.068 147.005 213.994 
169.784 152.855 214.645 
170.910 155.320 209.950 
171.286 158.784 204.758 
171.026 163.927 202.055 
170.737 170.309 203.683 
170.692 175.220 206.705 
172.270 178.310 211.409 
175.369 179.425 216.469 
181.424 177.539 218.621 
186.455 176.325 219.782 
212.975 186.065 102.464 
214.450 184.943 108.169 
215.188 186.270 114.677 
211.775 186.991 120.316 
205.502 186.686 121.730 
199.079 183.446 122.062 
195.649 178.200 120.396 
195.766 172.125 117.440 
199.506 166.786 115.137 
202.803 161.900 117.778 
206.788 158.327 120.989 
207.984 157.242 128.523 
205.416 156.161 133.903 
200.912 156.055 138.034 
195.066 156.435 139.639 
189.088 155.727 138.450 
184.523 154.683 134.970 
182.014 151.146 129.565 
183.504 147.100 124.567 
184.846 140.516 124.941 
186.581 134.702 128.468 
183.789 131.322 132.840 
179.711 128.555 136.279 
173.737 128.086 139.462 
166.831 130.817 138.792 
161.719 133.156 136.135 
159.021 135.514 130.611 
160.055 135.331 123.360 
162.304 130.836 118.283 
162.863 124.332 117.916 
159.386 119.060 117.007 
153.476 116.187 117.160 
146.719 116.593 117.480 
140.858 119.908 117.181 
137.127 126.311 114.958 
135.668 130.978 111.813 
138.091 136.282 109.082 
143.149 139.154 105.854 
146.700 137.092 100.478 
147.785 133.518 94.803 
143.545 131.630 90.080 
138.094 130.562 86.280 
132.795 134.479 84.805 
128.284 139.504 84.846 
126.543 145.684 85.025 
128.437 151.979 85.036 
133.459 156.001 86.692 
139.392 157.735 85.266 
144.747 157.369 82.037 
146.782 157.377 76.185 
146.310 158.792 69.854 
143.865 162.308 65.368 
140.131 167.130 62.751 
136.193 172.060 62.017 
134.310 177.659 65.416 
135.244 182.173 69.974 
139.067 185.021 74.308 
144.140 184.352 78.590 
149.998 182.575 79.352 
156.016 180.775 75.693 
160.493 183.109 71.648 
163.149 188.042 68.226 
162.954 194.994 67.383 
162.416 201.134 68.552 
163.900 204.672 73.503 
162.345 206.288 80.223 
162.774 204.932 85.634 
163.358 201.211 90.247 
167.339 195.830 93.051 
172.960 192.840 92.606 
179.152 193.999 92.118 
184.897 197.432 92.588 
187.314 202.870 94.757 
187.840 207.443 98.719 
186.005 211.340 104.010 
182.737 210.884 109.481 
180.226 207.666 114.378 
177.836 202.801 117.184 
178.832 197.034 118.315 
183.337 191.040 118.306 
189.437 188.768 118.645 
194.302 189.436 122.127 
197.332 191.169 127.786 
196.912 194.558 133.414 
193.668 196.189 138.664 
186.948 195.463 141.520 
182.103 192.512 142.379 
177.465 187.335 143.086 
175.982 180.955 141.814 
178.711 176.231 145.334 
184.657 174.590 149.531 
190.124 176.618 153.356 
192.165 177.094 160.198 
192.802 182.988 164.952 
189.528 188.797 168.085 
183.592 191.522 170.372 
177.004 189.987 172.704 
172.712 184.567 174.433 
171.252 179.713 177.540 
172.908 174.671 182.165 
177.750 170.105 185.840 
183.015 169.930 189.700 
184.798 171.502 194.617 
185.033 174.052 200.012 
186.805 169.258 202.181 
186.458 165.118 205.951 
184.283 162.482 211.263 
180.629 162.499 215.971 
176.641 163.263 220.095 
170.741 165.134 221.619 
165.114 168.759 220.778 
160.303 168.470 216.880 
156.854 166.665 211.110 
154.566 161.847 205.630 
150.119 165.505 203.076 
144.759 167.105 199.527 
139.873 165.257 195.449 
136.141 160.431 192.864 
133.805 154.241 193.206 
132.572 148.818 196.803 
131.727 145.999 202.740 
130.406 146.629 209.206 
127.935 150.239 214.180 
124.062 155.214 216.224 
119.089 159.421 215.010 
113.728 161.024 211.464 
