29.963 -1.710 7.594 
26.399 -4.535 3.124 
22.884 -4.339 -2.450 
21.000 -1.607 -8.155 
20.537 3.497 -13.029 
9.147 37.273 17.500 
12.107 35.686 11.707 
16.888 32.477 8.536 
21.049 26.900 8.996 
24.235 22.109 12.492 
23.539 17.292 16.958 
19.928 13.490 21.108 
14.637 10.064 21.174 
8.665 7.894 19.272 
36.371 7.407 -4.869 
31.862 11.748 -4.302 
25.500 13.602 -3.863 
19.313 11.867 -1.763 
16.060 8.156 2.528 
12.259 13.258 -0.188 
9.330 18.179 3.679 
6.366 20.491 9.151 
4.277 21.763 15.531 
7.190 22.154 21.909 
12.437 22.241 26.176 
18.676 24.431 26.725 
24.090 27.439 24.549 
27.685 31.248 20.319 
27.154 36.685 16.698 
