-13.385 6.467 4.314 
29.744 -1.546 7.783 
26.189 -4.340 3.356 
22.557 -3.895 -2.160 
20.076 -0.423 -7.148 
20.690 3.891 -12.295 
9.669 37.403 17.104 
12.733 35.885 11.284 
17.072 31.839 8.563 
21.228 26.596 8.849 
24.795 21.843 12.643 
23.290 17.031 17.159 
19.581 13.557 21.251 
13.986 10.056 21.119 
8.302 8.684 18.343 
36.368 7.850 -5.080 
31.707 12.193 -3.406 
25.178 14.286 -3.645 
19.283 12.090 -1.490 
16.270 7.680 2.673 
12.617 13.111 0.019 
9.576 18.081 3.408 
6.564 20.518 9.037 
4.209 21.576 15.234 
7.041 22.244 21.631 
12.273 22.335 25.875 
18.569 24.270 26.432 
24.059 27.179 24.225 
27.852 30.503 19.717 
27.891 36.312 16.237 
