136.941 113.918 163.746 
132.161 111.986 164.335 
126.091 112.592 164.294 
120.429 116.629 163.540 
119.685 123.294 161.369 
121.844 129.351 158.680 
127.179 132.795 155.446 
133.283 132.918 151.869 
135.683 129.456 146.244 
134.480 125.042 141.721 
131.085 121.125 135.978 
125.991 120.530 131.607 
120.226 121.418 128.631 
115.942 126.818 127.031 
115.372 132.727 124.963 
117.800 138.854 123.523 
123.360 143.255 123.030 
129.859 143.403 120.453 
134.980 140.289 116.607 
136.851 135.594 111.865 
135.386 134.042 104.424 
130.509 133.553 99.565 
125.652 137.087 96.129 
121.888 142.155 94.992 
119.964 149.286 95.544 
120.885 154.965 96.208 
124.223 160.102 99.052 
130.147 161.606 102.662 
136.977 160.900 100.758 
141.627 159.899 95.518 
142.405 161.501 88.682 
140.640 164.283 82.433 
137.224 169.791 79.435 
134.763 176.256 80.003 
134.910 181.968 83.295 
134.500 185.198 89.321 
137.369 186.059 95.449 
143.408 186.421 98.700 
149.932 184.142 98.348 
155.479 185.784 94.377 
158.924 189.932 90.131 
160.839 196.508 90.149 
160.099 202.271 93.131 
156.303 207.850 95.492 
153.092 210.631 100.872 
151.934 210.389 107.431 
151.089 206.078 112.688 
152.534 199.773 115.348 
157.844 197.064 118.257 
164.880 196.406 119.308 
170.324 200.845 119.991 
172.907 205.983 123.331 
172.178 210.424 128.675 
167.772 214.453 132.472 
162.450 214.945 136.665 
158.412 211.950 140.718 
154.759 206.452 141.912 
154.596 199.811 142.376 
158.378 194.192 143.954 
164.600 192.201 146.798 
168.655 193.440 152.051 
169.452 194.809 158.624 
168.997 197.205 164.456 
164.085 199.569 168.976 
157.713 199.612 171.247 
151.244 197.455 172.265 
146.315 193.363 170.394 
143.495 190.729 164.240 
145.155 184.461 161.466 
148.960 178.938 161.109 
151.193 173.894 165.638 
151.501 170.881 171.959 
147.743 169.456 177.767 
141.945 167.967 180.578 
135.342 168.954 180.096 
129.471 168.624 177.150 
125.279 168.923 171.834 
125.065 168.466 165.135 
127.751 165.362 159.655 
131.608 160.274 156.450 
129.557 153.977 155.750 
128.610 147.325 158.549 
122.705 144.509 160.879 
116.369 144.183 160.887 
109.526 145.975 160.986 
105.595 148.772 156.553 
104.416 153.779 151.668 
106.045 155.898 145.961 
109.410 156.321 140.060 
113.747 153.071 135.565 
116.127 146.944 133.816 
113.182 141.318 130.978 
107.721 138.170 127.939 
101.203 138.360 125.425 
95.935 142.273 123.020 
93.041 148.298 121.304 
93.967 153.988 118.364 
97.771 159.449 118.510 
103.708 162.090 115.384 
110.322 160.172 114.218 
112.377 156.955 108.290 
111.266 156.454 101.751 
108.693 155.777 96.166 
104.070 160.261 92.311 
99.847 165.643 91.585 
100.115 172.473 92.108 
100.380 178.430 94.252 
102.401 182.436 98.831 
107.227 183.468 103.755 
113.797 184.764 103.692 
120.468 183.027 101.781 
123.673 184.364 95.648 
124.255 186.512 89.226 
123.302 192.566 85.867 
120.144 198.858 85.722 
117.836 204.621 88.405 
118.649 209.336 92.713 
119.066 211.312 99.209 
120.703 209.314 105.868 
126.693 208.974 109.065 
133.156 206.423 110.719 
139.358 208.328 107.667 
142.815 212.850 103.723 
144.085 219.570 104.695 
143.887 225.138 108.739 
140.884 230.007 113.178 
135.956 230.725 117.949 
133.998 228.859 123.881 
131.796 224.054 128.232 
133.000 217.194 130.014 
138.179 212.851 131.458 
144.781 213.384 134.070 
149.995 216.863 137.614 
150.476 221.507 142.885 
147.445 225.182 147.670 
141.723 227.067 151.003 
136.501 225.452 154.698 
131.334 221.575 156.298 
128.555 215.376 156.517 
129.429 208.627 154.835 
133.161 203.712 157.746 
138.511 202.414 162.514 
139.695 202.635 168.366 
139.379 205.263 174.939 
134.796 206.529 179.936 
128.172 205.727 181.907 
121.681 203.378 181.193 
116.684 199.548 178.033 
115.118 194.405 173.243 
117.237 188.915 169.413 
120.000 182.906 170.304 
124.138 178.176 173.746 
126.254 175.910 179.504 
124.279 174.775 185.960 
119.352 174.260 190.074 
112.668 175.707 192.275 
105.909 175.404 190.766 
100.611 172.724 186.937 
98.319 167.925 182.030 
99.406 161.777 178.817 
104.076 157.690 194.404 
110.878 158.078 192.680 
112.387 157.689 186.274 
111.651 160.601 179.803 
108.907 165.565 175.445 
106.713 172.318 175.833 
106.296 178.153 178.230 
108.320 183.271 182.959 
113.156 185.413 187.674 
120.667 185.758 189.201 
127.200 187.558 185.802 
130.936 187.276 180.738 
131.694 187.175 173.664 
128.612 190.103 168.057 
124.018 194.603 165.260 
120.190 200.452 166.398 
119.135 206.210 170.194 
122.833 212.239 172.922 
128.479 215.684 172.534 
135.632 216.784 172.966 
141.185 215.511 169.415 
144.239 214.733 164.528 
145.526 211.583 158.804 
143.458 209.379 152.776 
137.871 208.092 148.723 
132.746 212.343 146.167 
130.046 218.781 145.319 
132.364 225.403 144.599 
137.348 229.718 142.220 
143.393 230.651 138.385 
148.500 228.300 133.237 
149.453 224.299 128.147 
148.532 217.471 126.020 
143.931 213.960 123.073 
137.184 212.995 121.143 
131.044 216.445 120.291 
128.595 221.722 116.963 
128.210 225.302 111.714 
129.354 225.053 105.444 
131.066 221.721 99.158 
135.960 216.867 95.963 
135.880 210.544 94.536 
134.774 203.703 95.399 
132.057 199.472 99.567 
127.411 198.712 104.771 
120.851 198.319 104.966 
114.575 200.970 102.831 
111.330 201.081 96.718 
109.442 198.024 90.961 
110.149 192.195 86.988 
113.528 186.297 85.115 
114.829 180.564 86.364 
117.341 176.004 90.514 
118.003 173.849 96.738 
115.504 174.339 102.953 
109.754 175.237 106.688 
102.905 174.940 106.662 
97.294 171.431 104.637 
94.760 165.387 102.540 
93.677 159.742 100.556 
96.403 153.180 100.208 
100.841 148.707 102.788 
105.415 145.852 107.228 
108.928 146.730 112.820 
112.602 151.881 116.388 
109.937 155.853 121.497 
104.944 158.530 125.102 
99.401 155.986 128.788 
95.541 150.957 131.869 
95.818 144.418 134.458 
99.860 140.142 138.050 
105.076 138.784 141.431 
111.670 138.610 142.755 
117.375 142.090 143.120 
119.629 148.487 143.186 
117.925 154.588 145.865 
114.208 159.594 149.194 
114.072 160.653 155.643 
111.875 158.930 162.353 
114.056 154.273 167.093 
119.225 150.858 170.076 
125.900 150.178 171.077 
132.162 151.929 170.470 
137.027 154.774 166.266 
139.421 160.428 164.625 
137.824 166.141 160.915 
134.858 172.412 163.179 
131.607 176.616 167.316 
133.408 179.516 173.423 
138.559 181.080 177.743 
144.734 180.845 181.335 
151.487 180.183 179.979 
156.621 180.179 175.389 
159.059 181.597 169.589 
158.505 182.531 162.991 
155.043 186.044 158.083 
149.523 190.328 157.212 
148.974 197.119 159.323 
151.847 202.871 161.752 
156.899 207.473 161.587 
162.957 208.702 159.042 
169.094 206.332 156.290 
172.374 204.815 151.049 
173.322 201.630 144.878 
170.493 199.085 139.479 
164.919 195.241 137.212 
159.519 197.254 133.647 
154.246 201.892 132.403 
153.471 208.426 130.420 
155.961 213.821 127.863 
160.584 216.218 122.912 
166.003 214.652 118.759 
169.294 210.628 114.414 
168.677 206.488 109.229 
166.743 200.346 107.058 
162.008 195.496 109.394 
155.458 193.860 109.027 
149.176 195.494 105.698 
145.086 200.824 103.069 
145.181 202.574 96.252 
145.602 202.824 90.079 
146.519 198.320 84.624 
149.866 192.691 81.970 
151.705 185.946 82.696 
150.742 180.215 85.655 
149.240 176.238 91.149 
145.265 176.582 97.211 
138.396 176.044 97.568 
132.346 176.235 95.092 
127.745 174.813 90.046 
127.209 169.665 85.888 
128.991 162.950 82.567 
131.120 156.995 84.291 
134.096 151.764 87.575 
138.691 150.733 93.035 
137.537 150.213 99.794 
134.863 152.315 106.073 
128.841 150.985 108.671 
121.710 150.419 107.783 
117.856 145.145 105.784 
118.305 138.174 104.827 
120.243 132.594 106.464 
123.789 127.672 108.776 
128.239 126.562 113.757 
133.389 128.702 118.354 
134.301 133.317 124.481 
132.256 138.411 128.820 
127.130 138.930 133.247 
120.409 138.419 135.682 
115.943 134.063 138.360 
114.426 127.280 138.960 
117.168 121.107 140.673 
122.825 117.667 143.093 
129.422 115.880 146.341 
135.047 117.570 150.215 
138.371 122.148 154.567 
137.378 127.511 159.247 
133.245 130.216 164.026 
128.465 130.403 168.865 
125.405 125.530 173.201 
166.968 118.120 142.153 
169.751 121.428 146.801 
174.458 121.704 151.301 
181.566 122.264 151.980 
188.084 122.264 149.359 
191.841 123.259 143.281 
192.321 127.953 137.224 
190.834 133.765 134.135 
187.963 139.476 132.849 
185.313 144.856 136.594 
186.148 148.940 141.158 
188.980 151.043 146.870 
193.807 150.121 151.978 
200.615 148.769 152.702 
207.013 147.878 149.721 
211.257 148.703 144.308 
214.261 154.553 140.226 
212.987 160.598 137.154 
210.902 167.104 138.251 
208.409 171.882 141.728 
206.464 175.213 148.050 
206.811 176.420 153.705 
207.920 174.499 160.085 
210.753 169.252 163.934 
217.466 166.881 164.209 
224.272 168.067 162.670 
228.770 173.493 162.170 
230.830 180.247 162.375 
229.673 186.433 165.748 
227.279 189.774 171.342 
225.502 189.395 177.680 
221.733 186.262 182.465 
220.627 180.433 185.832 
223.764 174.955 188.539 
229.358 170.951 187.785 
236.168 171.729 189.286 
241.384 174.776 192.545 
242.908 176.305 199.045 
240.572 176.642 205.134 
236.070 178.969 210.177 
230.360 177.611 213.718 
225.696 173.118 215.301 
222.055 167.886 212.792 
221.783 162.676 208.134 
224.534 156.652 207.737 
229.741 151.936 209.032 
233.816 150.300 214.556 
234.025 148.394 220.923 
230.372 146.412 226.539 
224.566 147.368 230.469 
217.802 147.133 231.054 
212.201 144.985 228.665 
208.553 143.845 223.153 
208.202 141.009 217.136 
210.465 135.670 213.299 
213.993 129.485 213.733 
214.384 123.861 217.445 
211.307 118.966 220.947 
207.613 115.678 224.879 
200.990 115.703 227.388 
194.451 117.311 226.734 
188.550 119.071 223.628 
185.569 121.481 218.162 
186.741 126.618 213.164 
189.712 125.450 206.874 
193.090 121.613 202.520 
192.424 115.050 199.802 
189.105 108.921 199.078 
182.728 105.911 198.745 
176.369 106.189 196.959 
171.186 110.376 196.262 
168.014 115.548 193.745 
167.538 121.877 191.361 
171.178 126.919 188.797 
176.511 128.504 184.802 
181.541 126.982 179.963 
180.300 126.144 173.472 
177.986 121.912 168.016 
171.819 122.125 164.828 
166.602 125.300 163.107 
160.894 129.476 163.245 
160.128 135.980 163.562 
161.881 142.247 166.388 
166.435 146.567 166.926 
172.532 149.497 166.206 
178.665 149.415 162.773 
181.676 147.162 157.123 
180.912 148.707 150.389 
178.139 152.588 145.244 
174.160 157.937 143.180 
171.185 164.031 144.859 
169.719 169.174 149.224 
172.098 173.119 153.777 
175.124 173.127 159.709 
181.765 173.489 162.477 
187.887 170.195 161.822 
192.963 172.387 157.448 
195.761 177.754 154.677 
196.797 183.089 151.718 
195.138 190.157 153.612 
192.048 194.993 157.404 
191.912 197.098 163.928 
190.869 197.629 170.155 
189.907 194.633 175.742 
191.093 188.771 179.324 
196.536 185.903 181.968 
203.131 183.222 181.255 
209.234 186.746 181.270 
213.333 192.168 181.359 
214.406 197.558 185.674 
211.842 201.738 190.728 
208.383 203.119 196.373 
206.587 201.233 202.261 
203.242 196.827 206.221 
200.837 190.129 206.838 
203.969 184.449 208.873 
208.379 178.845 208.486 
215.208 178.683 210.665 
220.259 181.638 214.366 
220.712 182.831 221.155 
218.224 181.999 227.520 
213.204 182.056 232.738 
206.438 181.261 233.804 
201.479 177.036 233.512 
197.234 173.012 229.956 
197.262 168.378 224.459 
200.745 162.908 222.063 
204.712 157.696 224.848 
206.981 153.623 230.340 
204.365 151.149 236.391 
199.135 150.497 240.613 
192.519 151.658 242.123 
186.133 150.935 240.630 
180.993 150.903 236.404 
178.618 149.787 230.134 
180.334 148.010 223.572 
181.806 141.954 220.788 
183.520 135.039 222.287 
181.185 130.048 224.602 
177.185 126.219 229.022 
170.569 125.281 230.733 
163.998 126.916 229.133 
159.066 129.929 225.293 
156.765 133.455 219.641 
158.254 135.942 213.044 
162.314 135.661 207.298 
164.140 131.149 202.679 
165.448 124.500 200.312 
163.759 118.138 200.619 
158.356 113.937 200.735 
151.954 114.091 198.673 
145.321 115.816 198.839 
140.021 119.409 196.281 
137.115 123.706 191.307 
138.724 128.106 185.751 
142.364 129.320 180.039 
143.941 125.259 175.036 
146.624 120.704 171.795 
143.807 114.404 169.255 
129.225 120.939 179.639 
130.171 115.781 180.216 
133.821 111.081 181.349 
140.643 108.617 180.297 
146.328 111.681 181.281 
151.451 116.556 179.975 
152.423 122.643 182.560 
151.140 129.196 184.952 
149.194 131.179 191.392 
147.321 130.329 197.656 
146.626 127.586 204.132 
148.469 122.647 208.909 
153.737 117.630 211.338 
161.043 117.430 213.413 
167.001 119.202 212.381 
171.663 124.158 210.276 
172.325 131.166 210.468 
170.104 137.432 212.722 
166.254 140.841 217.599 
163.185 140.728 223.870 
164.639 139.051 231.122 
169.493 137.741 235.441 
175.137 134.116 238.191 
181.735 133.445 237.139 
187.023 135.281 235.564 
191.343 137.759 231.144 
193.062 142.577 226.752 
190.754 148.071 223.040 
187.946 154.325 225.012 
186.159 158.861 230.082 
188.436 160.760 236.481 
193.864 161.650 240.825 
201.012 161.793 241.828 
208.151 162.156 239.178 
211.841 163.991 234.092 
212.318 163.456 226.916 
210.197 166.739 221.727 
205.762 171.360 218.720 
201.153 176.513 220.277 
200.985 182.360 223.546 
203.614 187.943 225.107 
208.105 192.031 223.158 
213.096 194.647 218.489 
218.971 192.664 214.097 
219.752 191.354 207.796 
218.399 188.627 201.511 
213.829 185.228 198.313 
207.059 183.388 198.217 
201.542 186.497 196.449 
197.558 192.411 196.821 
198.341 198.799 194.272 
200.061 202.989 189.218 
202.930 203.398 182.748 
206.814 200.793 177.472 
207.219 196.952 172.867 
206.972 190.723 170.530 
204.014 184.802 170.648 
198.434 181.554 172.499 
191.575 182.038 173.221 
185.947 185.503 171.414 
182.495 188.599 166.279 
181.646 189.180 159.474 
181.933 189.084 153.397 
184.427 185.404 147.841 
186.632 179.395 145.520 
187.895 172.529 145.310 
187.616 166.782 148.666 
188.592 164.146 155.364 
183.473 163.184 160.043 
177.300 164.067 162.532 
170.669 163.127 160.111 
165.791 160.829 155.567 
164.597 156.219 150.391 
165.921 149.727 148.494 
168.301 143.913 149.492 
172.997 139.419 151.230 
177.516 137.555 155.820 
179.268 138.785 162.255 
176.285 139.972 168.335 
171.301 141.299 173.165 
167.542 136.859 176.140 
161.961 132.209 176.175 
161.117 125.665 173.862 
163.719 119.385 172.808 
168.684 114.885 173.926 
174.150 112.780 176.791 
180.508 114.554 179.203 
183.351 116.743 184.454 
184.091 122.621 188.166 
180.314 124.832 194.005 
175.241 125.000 198.451 
173.246 120.517 203.447 
175.061 115.156 207.395 
178.158 109.144 209.705 
184.498 106.413 210.179 
191.332 107.227 209.859 
196.613 110.926 209.887 
199.889 116.602 208.564 
199.765 123.499 209.480 
195.681 128.687 211.929 
193.993 129.978 218.739 
194.961 128.846 225.446 
199.195 128.122 230.761 
205.619 127.389 232.447 
212.247 125.375 230.758 
217.925 127.068 228.428 
222.207 130.046 223.750 
222.946 134.666 219.095 
219.653 137.820 213.602 
217.210 144.123 213.131 
213.538 149.606 215.839 
213.972 154.041 221.070 
217.436 156.778 225.798 
224.033 159.073 227.483 
230.862 158.817 225.941 
236.061 158.864 221.596 
238.513 161.534 216.007 
238.186 161.827 209.227 
232.990 160.640 204.431 
227.811 163.694 201.341 
224.501 170.125 200.398 
222.580 176.314 203.573 
226.505 182.135 203.067 
230.341 186.716 201.442 
234.213 188.659 195.776 
238.513 186.769 190.494 
239.664 182.655 184.912 
237.233 178.691 180.341 
232.912 173.750 178.069 
226.203 171.329 179.409 
220.339 174.418 177.492 
216.750 179.522 175.534 
215.822 185.211 171.606 
217.766 186.671 165.428 
221.157 185.685 158.585 
221.977 180.965 154.110 
222.608 174.896 150.983 
223.315 167.950 152.779 
218.544 163.197 154.169 
212.774 160.615 157.490 
206.347 161.249 155.735 
200.973 165.414 153.339 
198.960 166.905 146.986 
199.919 164.714 140.352 
200.626 160.307 136.154 
202.271 154.804 133.129 
203.127 148.266 134.661 
204.763 142.907 139.220 
202.021 139.534 145.607 
197.886 139.188 151.204 
191.264 138.736 152.060 
184.390 140.260 150.959 
179.166 139.001 147.186 
177.326 137.423 140.705 
178.209 132.922 135.549 
180.282 127.096 133.593 
184.421 121.109 134.363 
187.040 116.492 138.996 
186.064 113.219 145.161 
