30.111 -1.283 7.984 
26.621 -4.055 3.416 
23.039 -3.866 -2.105 
21.151 -1.155 -7.648 
20.075 3.832 -12.352 
9.985 36.865 17.309 
13.141 35.691 11.523 
17.284 31.749 8.386 
21.138 26.343 8.690 
24.110 21.395 12.104 
23.261 17.099 17.281 
19.588 13.455 21.301 
14.088 9.997 21.200 
8.121 8.400 19.216 
36.259 7.630 -5.653 
31.840 11.899 -3.987 
25.467 14.215 -4.049 
19.689 12.434 -1.563 
16.531 7.479 2.199 
12.553 13.009 -0.016 
9.714 17.846 3.654 
6.758 20.542 9.033 
4.166 21.817 15.228 
7.026 22.254 21.599 
12.313 22.398 25.775 
18.593 24.209 26.444 
24.428 26.137 23.662 
28.220 29.940 19.669 
28.403 35.843 16.638 
