73.324 6.845 -82.497 
73.025 13.290 -80.098 
74.901 17.329 -75.175 
77.555 19.100 -69.505 
83.289 18.503 -65.774 
88.466 14.924 -63.536 
94.992 14.787 -65.650 
99.393 15.356 -68.360 
101.930 21.030 -69.134 
103.585 26.629 -71.554 
103.245 31.936 -71.273 
99.683 38.031 -70.874 
93.340 39.693 -69.368 
87.490 37.541 -65.890 
85.294 36.973 -59.511 
85.578 34.553 -52.833 
89.128 33.211 -47.411 
92.338 33.305 -40.772 
91.531 37.796 -36.341 
86.216 41.352 -33.866 
82.036 46.896 -32.892 
76.706 50.171 -34.452 
70.946 50.203 -38.082 
67.378 47.920 -43.420 
65.004 42.223 -45.871 
63.513 36.157 -44.567 
62.285 30.485 -40.340 
58.689 28.230 -34.288 
54.124 29.488 -29.265 
49.728 33.463 -26.885 
45.410 38.709 -27.165 
42.657 43.464 -30.886 
39.751 45.809 -36.371 
37.164 45.407 -42.233 
33.252 42.555 -46.179 
27.756 39.786 -45.997 
21.792 42.187 -44.572 
10.374 40.557 -30.814 
9.799 38.226 -24.488 
13.699 36.167 -18.279 
19.724 34.318 -16.109 
26.460 35.323 -15.990 
31.650 39.321 -17.669 
33.849 45.614 -18.464 
33.184 52.202 -17.326 
19.064 47.843 -7.087 
17.909 51.052 -12.791 
19.634 52.384 -19.087 
22.960 50.582 -24.602 
26.016 45.869 -28.074 
27.266 39.414 -29.656 
25.641 33.014 -29.707 
32.323 20.978 -35.111 
36.488 26.767 -35.643 
35.362 29.874 -37.569 
40.022 27.890 -41.907 
44.454 31.544 -45.686 
47.316 37.230 -46.830 
48.223 42.518 -43.186 
52.201 46.625 -38.949 
54.235 47.175 -32.346 
57.581 44.659 -27.382 
62.260 40.462 -24.895 
67.065 36.224 -26.971 
71.037 33.071 -31.357 
73.046 31.534 -37.971 
74.064 33.610 -43.746 
75.107 38.607 -48.216 
76.854 44.527 -50.421 
81.017 48.088 -50.086 
86.470 48.925 -50.885 
92.352 47.907 -52.138 
97.634 46.173 -54.429 
101.796 40.528 -55.395 
101.843 34.256 -53.210 
98.566 28.647 -54.682 
92.294 26.284 -57.428 
87.979 27.023 -62.873 
86.155 29.201 -68.577 
85.513 29.222 -76.023 
88.271 27.154 -80.517 
91.111 22.182 -83.363 
90.263 15.171 -83.507 
90.580 8.952 -80.933 
88.816 4.983 -75.937 
85.434 3.574 -70.572 
82.352 4.696 -64.537 
76.698 8.013 -63.191 
70.873 10.765 -64.987 
60.212 -93.639 -74.216 
65.653 -91.897 -70.383 
69.264 -93.169 -64.985 
70.924 -96.062 -59.440 
71.583 -102.211 -56.511 
69.424 -108.463 -55.544 
71.573 -114.411 -58.208 
73.630 -118.403 -60.952 
79.614 -120.011 -60.143 
86.056 -119.766 -60.741 
90.573 -117.060 -58.846 
94.274 -111.747 -56.176 
94.104 -106.387 -52.413 
90.662 -101.964 -47.931 
86.970 -101.669 -42.175 
81.705 -103.707 -37.900 
78.725 -108.971 -35.116 
78.888 -113.793 -31.266 
80.976 -113.555 -25.345 
82.401 -108.674 -20.723 
86.396 -104.598 -16.527 
89.762 -98.899 -15.819 
90.796 -92.642 -18.637 
90.032 -88.241 -23.978 
84.885 -86.139 -28.149 
77.657 -84.265 -29.264 
70.639 -84.118 -27.152 
65.985 -81.497 -21.741 
65.134 -77.541 -15.984 
67.309 -72.612 -12.420 
71.271 -67.116 -11.315 
75.860 -62.977 -13.833 
78.220 -59.114 -18.696 
77.929 -56.397 -24.513 
74.940 -52.991 -28.524 
71.395 -48.067 -28.275 
69.318 -42.921 -27.042 
59.824 -34.066 -10.746 
56.672 -36.564 -4.994 
54.519 -41.939 -1.229 
56.399 -48.225 0.213 
61.053 -53.173 0.243 
67.497 -55.121 -0.694 
74.011 -53.433 -0.388 
78.881 -49.417 1.951 
66.351 -42.016 12.365 
68.867 -38.316 7.442 
71.536 -37.861 1.307 
72.686 -40.753 -4.683 
71.068 -45.434 -9.129 
66.522 -49.656 -11.915 
60.209 -51.328 -13.191 
49.852 -57.092 -24.216 
56.908 -57.411 -22.972 
60.918 -60.348 -22.946 
62.172 -63.462 -28.254 
67.797 -66.045 -31.011 
74.179 -67.164 -30.864 
78.652 -67.115 -26.119 
82.654 -70.704 -21.420 
82.430 -73.832 -15.174 
79.849 -78.560 -11.289 
76.259 -84.343 -9.999 
73.490 -89.710 -13.600 
72.462 -93.379 -19.455 
74.071 -94.847 -26.422 
78.865 -94.946 -31.038 
85.663 -95.329 -32.778 
92.209 -96.973 -32.075 
95.734 -101.151 -30.604 
97.271 -106.583 -31.718 
96.774 -112.529 -34.196 
94.406 -117.231 -37.741 
88.614 -119.517 -41.112 
82.061 -118.936 -42.127 
77.890 -114.660 -45.179 
77.162 -107.803 -47.289 
79.362 -103.051 -51.667 
82.567 -100.571 -56.576 
84.153 -101.308 -62.796 
84.041 -103.415 -67.994 
80.936 -106.455 -72.651 
74.184 -107.167 -74.954 
68.006 -109.764 -73.971 
62.812 -110.044 -69.960 
59.334 -108.214 -64.838 
58.192 -106.243 -58.420 
58.943 -100.208 -55.683 
60.043 -93.632 -56.082 
