29.991 -1.388 8.113 
26.563 -4.109 3.550 
23.022 -3.795 -2.021 
21.204 -0.731 -7.410 
20.566 3.847 -12.413 
9.675 37.144 17.384 
12.730 35.995 11.404 
17.147 32.194 8.425 
21.028 26.645 8.865 
24.139 21.840 12.323 
23.143 17.063 17.002 
19.582 13.527 21.320 
14.137 10.049 21.353 
8.210 8.324 19.174 
36.553 8.081 -5.565 
31.893 12.174 -3.746 
25.320 14.501 -4.177 
19.780 12.538 -1.282 
16.586 7.581 2.279 
12.482 12.954 0.079 
9.737 17.844 3.832 
6.795 20.527 9.110 
4.085 21.815 15.319 
6.888 22.389 21.698 
12.157 22.314 25.938 
18.354 24.523 26.498 
23.898 27.498 24.180 
27.877 30.551 19.821 
27.876 36.236 16.227 
