90.823 5.129 8.401 
88.625 1.378 3.613 
85.605 0.541 -2.172 
83.171 3.277 -7.567 
83.337 8.693 -11.974 
61.797 38.102 18.569 
64.256 36.329 12.711 
69.328 34.525 8.367 
74.293 29.733 8.730 
78.389 25.537 11.638 
78.722 20.249 15.880 
76.089 16.072 20.564 
71.724 11.531 20.651 
66.051 8.257 18.755 
94.925 17.936 -2.515 
88.912 19.305 -1.476 
81.999 18.332 -2.108 
76.793 14.189 -2.029 
75.592 8.600 1.569 
70.376 12.487 -0.709 
66.599 16.738 2.797 
63.103 19.360 7.756 
59.630 20.535 13.785 
61.894 21.873 20.385 
66.677 22.857 25.089 
72.959 25.501 25.354 
78.393 28.429 22.512 
80.912 32.966 18.658 
79.316 39.024 16.125 
