156.569 181.358 156.730 
153.765 184.041 151.880 
151.906 182.431 145.244 
148.697 176.756 141.921 
145.407 171.255 142.187 
140.421 168.258 144.679 
135.132 168.721 148.825 
130.639 171.010 152.255 
126.980 176.383 154.033 
126.149 183.139 152.733 
125.409 187.569 148.562 
123.572 189.760 143.899 
124.388 189.780 137.154 
124.778 185.120 131.316 
120.675 181.336 127.865 
114.328 179.482 127.867 
109.023 181.805 126.470 
104.196 186.413 128.202 
102.718 193.318 128.720 
104.189 199.732 126.980 
107.310 203.939 124.385 
113.493 207.387 122.688 
118.816 203.525 118.863 
121.639 202.048 113.047 
120.622 201.479 106.932 
117.348 202.107 101.456 
114.444 207.267 98.329 
113.375 214.232 98.077 
114.095 220.351 98.922 
118.081 224.920 100.953 
123.172 225.869 104.981 
128.903 225.068 105.827 
135.257 221.598 104.316 
138.289 220.161 99.221 
141.083 219.103 92.995 
140.618 223.050 87.077 
140.173 227.727 82.919 
143.872 233.250 83.592 
144.364 239.409 87.909 
150.264 239.986 90.069 
154.468 240.053 96.043 
160.045 224.802 86.401 
156.297 222.964 92.800 
153.993 225.615 98.169 
149.044 229.646 100.152 
145.110 234.484 100.205 
139.703 236.528 97.898 
133.568 235.506 95.193 
129.681 232.662 89.844 
128.083 227.399 87.625 
128.364 221.064 88.495 
128.821 216.415 91.084 
130.647 212.570 96.944 
129.467 212.801 104.037 
126.906 215.146 108.877 
121.986 218.290 111.894 
114.786 219.238 110.636 
110.010 215.532 110.690 
106.201 209.742 110.062 
105.214 203.415 109.264 
108.478 197.789 109.661 
112.491 193.763 112.139 
116.472 192.025 116.095 
120.483 195.112 121.107 
119.278 198.175 127.289 
114.643 198.844 132.372 
111.523 195.825 137.852 
111.879 190.104 141.061 
110.118 183.715 142.095 
112.861 177.568 141.463 
118.133 174.688 139.940 
123.965 173.637 137.876 
128.984 177.021 135.589 
133.504 180.470 136.933 
134.228 185.666 142.256 
135.557 187.355 148.153 
138.078 184.458 153.857 
139.742 179.745 157.676 
142.188 173.489 158.915 
146.307 169.363 156.465 
149.327 166.431 150.826 
154.487 167.517 147.922 
113.099 142.951 209.876 
114.137 145.117 203.700 
115.398 150.140 199.569 
117.602 156.319 198.630 
121.102 161.504 200.808 
125.763 163.932 204.848 
131.000 162.883 208.769 
136.011 158.977 210.647 
140.085 153.917 209.331 
142.857 149.850 204.898 
144.469 148.542 198.605 
145.507 150.708 192.428 
146.770 155.733 188.297 
149.554 161.783 187.671 
149.428 167.895 186.050 
148.313 173.934 186.089 
147.825 179.620 184.380 
152.626 184.551 186.869 
171.088 183.649 194.539 
175.322 187.973 191.897 
181.443 188.670 189.582 
187.679 186.576 186.974 
190.693 182.069 182.851 
191.453 176.580 179.440 
188.503 171.876 175.381 
183.146 171.081 171.334 
177.875 173.599 167.378 
174.884 179.918 164.442 
175.732 186.886 161.892 
181.287 190.467 160.402 
187.211 191.334 158.046 
192.215 187.217 154.079 
195.505 182.843 151.183 
195.905 177.542 146.303 
192.086 175.357 141.213 
190.084 176.269 136.273 
185.576 178.502 132.526 
183.519 185.298 130.647 
184.844 191.365 131.876 
189.921 196.800 132.361 
197.327 197.791 130.393 
201.716 198.514 126.335 
204.921 196.866 121.212 
205.022 195.545 115.354 
202.596 193.080 110.922 
198.035 191.119 107.324 
191.904 192.277 105.615 
186.890 196.262 106.837 
184.884 203.032 107.713 
185.802 209.089 104.976 
188.797 213.850 100.905 
192.602 214.059 95.030 
193.203 212.725 89.237 
190.498 210.926 83.887 
187.777 205.759 80.900 
183.196 203.013 79.413 
177.442 200.920 80.240 
172.136 202.801 84.769 
169.050 208.153 86.379 
166.033 214.636 85.970 
163.764 218.307 81.404 
162.228 220.184 74.970 
159.189 218.634 69.923 
157.089 214.809 65.368 
155.059 208.763 64.430 
151.920 203.117 67.758 
148.802 200.212 72.448 
145.813 199.990 78.124 
142.914 203.104 82.881 
138.090 206.930 84.062 
132.278 209.014 82.876 
126.779 209.040 80.342 
122.712 204.841 76.262 
120.503 198.993 75.284 
120.695 191.738 75.051 
121.343 188.047 77.880 
123.947 183.337 81.578 
128.078 181.659 87.437 
127.663 182.692 92.564 
125.872 187.142 97.648 
121.103 189.034 100.788 
114.747 187.171 102.165 
109.913 182.437 104.069 
106.964 175.566 104.365 
108.329 169.834 104.812 
112.179 164.385 106.693 
117.615 161.423 107.287 
123.429 161.598 109.169 
127.051 165.069 113.226 
126.706 168.329 119.066 
124.237 170.118 124.839 
122.461 165.953 129.857 
121.108 160.653 133.386 
122.216 153.268 134.739 
126.713 147.697 132.895 
132.257 145.903 131.037 
137.480 145.661 129.410 
142.485 148.023 126.048 
144.585 154.631 124.645 
146.941 159.563 128.786 
149.262 160.928 134.889 
152.908 159.498 140.838 
156.936 154.429 143.494 
161.281 149.413 142.173 
165.631 146.711 138.383 
169.127 145.168 132.776 
172.096 146.287 127.014 
172.041 151.010 122.629 
172.710 157.585 121.716 
175.642 163.294 125.123 
179.961 166.284 127.978 
186.693 165.036 130.130 
192.162 162.740 130.217 
197.086 159.120 126.511 
199.022 155.641 121.657 
198.724 157.417 115.107 
196.837 159.831 109.591 
193.849 164.400 106.633 
191.159 170.221 106.867 
193.232 177.399 107.586 
197.397 181.366 107.713 
203.426 183.771 108.724 
209.965 183.022 108.530 
172.509 123.361 228.424 
175.013 129.885 227.450 
177.830 132.985 222.024 
176.323 138.189 218.900 
172.898 142.162 216.094 
171.974 147.838 214.712 
169.680 153.709 215.056 
170.944 155.979 210.298 
171.476 159.228 204.983 
171.299 164.256 202.064 
170.971 170.699 203.422 
170.843 175.730 206.235 
172.288 179.012 210.855 
175.240 180.331 215.954 
181.226 178.535 218.355 
186.222 177.371 219.710 
206.983 170.615 97.298 
208.146 168.603 102.829 
210.313 168.949 109.142 
208.748 171.370 115.111 
203.807 174.886 117.275 
196.836 176.202 118.511 
190.756 174.190 117.483 
186.805 169.416 114.795 
186.220 163.000 112.287 
186.160 157.017 114.717 
187.505 151.636 117.577 
188.692 149.748 124.955 
186.666 150.238 130.644 
183.562 152.728 135.284 
179.395 156.516 137.557 
174.126 159.634 137.121 
169.488 161.716 134.260 
164.719 160.649 129.345 
162.831 156.729 124.381 
159.931 150.678 124.864 
158.187 144.873 128.401 
154.468 143.712 133.211 
149.997 143.861 137.228 
145.404 146.991 141.119 
141.558 153.378 141.164 
138.646 158.444 139.041 
137.296 162.172 133.784 
137.125 161.686 126.474 
135.552 156.955 121.360 
131.997 151.469 121.202 
125.953 149.435 120.937 
119.587 150.739 121.915 
114.566 155.154 123.021 
111.940 161.356 123.284 
112.632 168.789 121.258 
113.943 173.502 118.113 
118.737 176.348 114.894 
124.065 175.679 110.968 
124.956 172.100 105.297 
122.954 168.830 99.691 
117.910 170.095 95.588 
112.524 172.709 92.517 
110.563 179.095 91.520 
110.078 185.818 91.890 
112.487 191.773 92.015 
117.798 195.615 91.536 
124.384 195.690 92.409 
129.925 193.517 90.213 
133.518 190.102 86.388 
134.419 189.104 80.339 
134.145 190.763 74.054 
133.822 195.215 69.749 
133.503 201.413 67.395 
133.316 207.744 66.932 
135.646 213.196 70.293 
139.670 216.032 74.513 
144.923 215.797 78.235 
149.014 212.016 81.907 
152.628 207.016 82.037 
155.820 202.077 77.765 
160.268 201.369 73.121 
164.937 203.803 69.202 
168.905 209.470 68.097 
172.352 214.623 69.063 
176.263 216.334 73.647 
176.829 218.294 80.432 
176.993 216.743 85.806 
175.748 213.254 90.469 
175.943 206.455 92.997 
178.487 200.687 92.012 
183.995 197.864 90.740 
190.650 197.078 90.377 
196.109 199.840 92.012 
199.777 202.991 95.687 
201.338 206.991 100.990 
199.155 208.396 106.828 
195.815 207.175 112.121 
191.322 204.658 115.392 
188.736 199.430 116.638 
188.634 191.939 116.342 
192.084 186.419 116.046 
196.728 183.854 118.891 
200.843 183.165 124.070 
203.248 185.888 129.560 
202.321 188.943 135.086 
196.946 192.336 138.752 
191.380 192.984 140.093 
184.716 191.015 141.192 
179.149 186.906 139.753 
178.655 180.893 142.253 
181.209 174.700 145.140 
187.199 172.748 149.347 
191.970 174.917 154.874 
194.080 179.774 159.585 
192.752 185.926 163.469 
189.071 189.694 166.605 
184.844 190.138 169.413 
178.064 189.105 171.702 
173.823 183.720 173.690 
172.582 179.127 177.265 
174.063 174.378 181.679 
178.499 169.764 185.813 
183.648 169.748 189.828 
185.291 171.521 194.726 
185.370 174.291 200.018 
187.074 169.589 202.431 
186.613 165.607 206.357 
184.283 163.191 211.705 
180.491 163.400 216.301 
176.387 164.331 220.274 
170.448 166.264 221.546 
164.852 169.851 220.394 
160.155 169.402 216.374 
156.873 167.363 210.584 
154.740 162.322 205.242 
150.374 165.873 202.412 
145.121 167.326 198.647 
140.352 165.313 194.508 
136.691 160.386 192.014 
134.340 154.215 192.541 
132.997 148.943 196.320 
131.976 146.368 202.341 
130.469 147.264 208.734 
127.857 151.074 213.482 
123.934 156.128 215.208 
119.004 160.282 213.679 
113.748 161.737 209.915 
