-12.677 7.003 3.903 
29.706 -1.421 7.775 
26.232 -4.323 3.309 
22.508 -3.892 -2.212 
19.787 -0.378 -7.147 
20.622 3.788 -12.319 
9.660 36.992 17.275 
12.616 35.260 11.631 
16.784 31.778 8.453 
20.990 26.448 8.715 
24.686 21.636 12.465 
23.337 17.069 17.131 
19.607 13.516 21.176 
14.055 10.009 21.034 
8.300 8.615 18.434 
36.328 7.874 -5.366 
31.695 12.131 -3.552 
25.152 14.142 -3.664 
19.173 11.821 -1.839 
16.361 7.630 2.637 
12.723 13.157 0.121 
9.694 18.094 3.510 
6.682 20.516 9.011 
4.173 21.596 15.255 
6.964 22.273 21.647 
12.310 22.273 25.852 
18.561 24.308 26.410 
24.000 27.197 24.172 
27.946 30.318 19.723 
27.843 36.197 16.312 
