113.096 161.738 183.418 
114.939 165.609 187.376 
118.540 168.947 191.855 
123.201 167.371 197.166 
125.819 162.273 200.913 
130.434 158.815 200.774 
134.757 154.978 196.216 
138.278 155.453 191.800 
142.881 158.309 186.779 
145.321 163.560 184.332 
145.175 169.532 183.197 
146.320 175.013 180.602 
174.562 187.319 187.016 
180.138 186.263 185.152 
184.744 181.642 183.628 
187.576 175.419 182.303 
187.028 169.304 180.084 
183.585 164.730 175.345 
179.026 164.103 171.062 
175.151 166.940 165.750 
173.207 171.485 161.934 
174.507 177.194 157.048 
180.498 181.056 154.734 
186.868 182.271 153.136 
192.849 179.140 152.349 
197.605 176.066 150.482 
197.476 169.538 147.436 
196.168 165.846 142.457 
192.393 162.821 136.865 
189.537 164.642 130.173 
188.869 170.240 126.806 
190.623 177.072 126.449 
196.213 181.363 126.394 
202.446 181.057 125.677 
208.369 179.650 123.121 
211.644 176.636 118.189 
212.509 174.196 112.407 
210.885 172.599 106.727 
205.382 171.734 103.310 
200.151 173.339 99.205 
195.190 177.789 100.301 
193.145 183.319 101.472 
195.255 189.648 102.425 
199.101 194.738 100.787 
202.553 197.118 95.583 
204.519 197.344 88.684 
201.718 197.197 83.108 
197.481 196.116 78.143 
191.705 194.523 76.218 
185.835 193.479 77.032 
180.682 193.994 80.663 
177.531 197.372 85.699 
176.617 203.439 88.828 
175.967 209.656 87.038 
175.440 214.863 83.174 
172.688 216.857 77.553 
168.250 215.925 73.058 
164.052 212.800 68.965 
159.303 209.715 69.287 
154.963 206.789 70.901 
152.860 203.315 76.233 
151.867 203.634 83.204 
149.580 208.194 87.765 
148.355 214.884 90.212 
143.108 218.911 89.498 
137.104 220.945 86.553 
131.672 219.918 86.000 
127.061 215.079 83.131 
125.927 209.383 83.280 
126.560 203.472 87.088 
129.136 199.815 92.125 
129.731 199.367 98.411 
131.709 201.891 104.161 
128.978 205.113 108.760 
124.354 206.269 112.737 
117.688 206.311 114.419 
111.961 201.709 113.672 
109.794 195.768 114.645 
109.914 188.847 115.031 
112.873 183.947 117.208 
117.631 179.460 114.640 
124.918 178.282 114.620 
128.855 179.475 119.322 
131.607 182.881 124.202 
130.414 182.535 130.717 
127.284 180.863 136.568 
124.750 175.874 139.877 
123.769 168.798 140.541 
124.319 163.110 139.171 
127.823 158.501 137.343 
131.689 155.915 133.134 
136.659 156.938 129.682 
143.299 159.503 130.207 
148.108 162.388 134.588 
151.397 162.980 139.963 
153.075 158.637 144.841 
154.307 152.869 147.707 
157.567 146.924 146.276 
158.965 141.550 141.673 
160.616 140.350 135.665 
161.781 140.317 129.872 
163.605 143.155 124.756 
164.705 150.226 123.159 
169.413 154.783 124.767 
175.488 155.716 127.226 
182.200 154.094 128.152 
186.455 149.477 125.955 
188.611 145.569 121.407 
188.608 142.390 114.952 
186.848 142.130 108.764 
183.343 144.185 104.024 
180.782 148.956 100.916 
180.102 155.666 100.653 
184.471 160.909 100.640 
190.564 164.599 100.796 
196.093 162.878 97.169 
200.300 161.204 93.034 
200.661 159.530 86.185 
197.855 157.587 80.627 
192.055 158.752 76.748 
186.462 161.506 75.286 
181.937 165.590 77.166 
180.408 171.182 78.987 
181.864 178.107 77.806 
185.943 182.830 76.950 
191.454 185.388 73.208 
195.602 184.994 67.923 
160.036 153.481 211.295 
157.921 158.644 214.520 
160.872 157.646 209.016 
162.352 161.112 204.095 
163.019 165.869 200.879 
163.449 172.105 199.977 
164.038 177.873 202.667 
165.569 181.194 206.961 
169.019 182.406 211.599 
173.748 180.371 215.112 
178.320 178.771 217.391 
184.433 174.571 60.797 
189.070 171.858 63.122 
194.870 171.780 66.473 
198.650 173.433 71.533 
197.698 175.717 77.144 
194.142 175.522 83.556 
188.659 174.039 87.007 
184.253 169.113 87.737 
181.962 162.740 85.590 
183.869 156.725 85.795 
186.751 151.459 86.044 
192.555 148.609 89.586 
196.366 149.122 95.201 
197.450 150.105 100.884 
196.734 153.127 106.425 
193.204 156.321 109.882 
187.872 158.038 112.529 
180.513 157.656 111.862 
175.761 153.484 110.374 
174.247 146.985 111.707 
175.249 140.956 114.779 
177.177 138.553 120.573 
178.656 138.500 127.316 
177.927 141.491 133.218 
174.837 146.894 136.105 
171.367 152.201 136.924 
166.378 156.024 135.249 
161.325 156.157 130.718 
156.158 151.857 128.376 
152.696 146.748 129.756 
148.523 143.811 133.659 
144.585 144.855 138.619 
142.107 147.649 144.280 
140.526 153.208 147.123 
140.779 160.553 146.682 
140.581 166.344 144.077 
140.589 169.265 138.893 
139.347 169.446 132.016 
135.313 167.606 127.455 
130.265 164.714 124.880 
123.997 165.246 126.045 
118.188 167.668 127.885 
115.415 173.551 129.973 
115.883 180.118 131.372 
117.400 186.133 130.638 
121.002 189.907 127.548 
125.293 191.935 123.466 
128.521 190.460 117.369 
127.525 188.142 111.253 
123.386 187.042 106.564 
117.967 188.732 102.990 
114.044 193.743 101.617 
111.394 199.824 102.202 
112.149 206.365 101.050 
116.164 211.517 100.565 
122.227 213.993 101.807 
128.231 214.545 101.408 
134.083 211.581 100.678 
136.537 206.514 96.954 
136.109 202.743 90.650 
135.378 202.772 84.556 
135.949 204.947 78.284 
138.423 210.390 75.152 
140.498 216.283 73.968 
145.725 219.326 75.562 
151.072 220.745 80.248 
155.659 218.257 83.269 
158.974 213.830 86.420 
160.638 206.963 86.107 
160.997 201.501 82.450 
164.384 199.807 77.167 
168.083 200.425 71.533 
173.210 203.377 68.913 
178.716 206.877 69.517 
183.544 209.564 73.484 
186.388 210.798 79.416 
189.165 208.303 84.394 
188.618 204.410 89.548 
185.495 199.366 92.005 
186.140 192.251 90.530 
187.748 187.032 87.361 
193.377 184.634 84.573 
200.378 183.736 84.989 
206.795 184.893 87.055 
209.842 186.568 92.568 
210.453 188.857 99.121 
206.548 189.442 105.123 
202.373 187.333 108.856 
197.378 183.570 111.062 
193.842 177.775 110.522 
195.270 171.340 110.269 
198.791 166.051 111.745 
201.973 163.679 116.917 
206.139 164.876 122.260 
207.245 167.047 127.954 
204.463 171.146 133.311 
200.810 176.542 136.072 
194.457 178.513 137.293 
187.384 177.946 137.402 
181.878 174.915 138.847 
181.221 167.756 141.598 
184.032 164.153 147.399 
187.382 162.888 151.855 
190.814 164.747 157.256 
191.669 170.422 161.842 
191.903 176.949 162.918 
187.927 180.808 164.498 
182.726 182.867 165.560 
178.044 182.835 167.305 
172.824 179.541 169.852 
170.587 175.294 174.451 
170.971 171.150 179.555 
174.422 166.316 183.103 
176.948 166.844 188.329 
178.982 169.737 193.461 
178.963 173.429 197.386 
179.610 168.996 201.438 
178.468 165.057 205.879 
175.522 163.719 211.045 
171.658 164.792 215.737 
166.841 167.284 218.589 
161.247 170.721 218.691 
156.119 174.344 216.253 
151.894 174.284 211.456 
149.271 172.355 205.520 
148.621 166.896 200.948 
143.007 169.833 197.254 
137.943 172.784 193.648 
133.912 171.651 188.260 
132.136 165.984 183.982 
131.489 159.996 182.969 
127.581 154.780 185.799 
125.356 151.749 191.852 
123.069 152.255 197.979 
118.231 154.785 201.132 
