76.967 -0.982 5.972 
72.892 -4.271 2.445 
68.191 -4.173 -2.477 
65.971 -1.472 -7.875 
66.075 2.997 -12.820 
58.724 37.800 18.718 
61.197 36.752 12.873 
66.193 34.411 8.937 
69.293 28.326 8.651 
72.126 23.184 11.930 
71.195 18.722 16.799 
67.522 15.127 20.558 
61.994 11.376 20.464 
55.861 9.990 18.406 
83.599 6.187 -8.719 
78.833 10.412 -6.082 
72.353 13.001 -5.503 
65.938 11.674 -4.012 
63.305 9.142 1.429 
59.243 14.310 -1.158 
56.508 18.958 2.607 
53.575 20.975 8.470 
51.439 22.404 14.309 
54.487 23.503 20.582 
59.421 23.475 25.132 
65.963 24.730 25.924 
72.052 26.613 24.036 
76.318 30.156 20.350 
76.560 36.256 17.519 
