113.338 142.052 209.054 
114.371 144.322 202.915 
115.595 149.421 198.865 
117.741 155.635 198.027 
121.185 160.819 200.296 
125.810 163.230 204.385 
131.045 162.172 208.306 
136.090 158.287 210.138 
140.216 153.287 208.757 
143.040 149.316 204.269 
144.683 148.120 197.962 
145.718 150.392 191.822 
146.942 155.492 187.773 
149.669 161.577 187.248 
149.487 167.712 185.721 
148.314 173.739 185.849 
147.775 179.445 184.226 
152.521 184.384 186.807 
170.969 183.544 194.516 
175.168 187.950 191.952 
181.287 188.741 189.667 
187.433 187.109 187.046 
190.255 182.818 182.528 
191.892 176.775 179.179 
188.552 172.237 175.230 
183.214 171.454 171.155 
177.930 173.980 167.224 
174.839 180.261 164.373 
175.531 187.350 162.120 
181.239 191.085 160.263 
187.117 191.947 158.192 
192.303 188.197 154.190 
194.993 183.188 150.277 
194.893 178.188 145.149 
192.867 175.288 138.578 
190.025 177.066 133.497 
185.415 179.635 130.556 
182.773 186.363 129.252 
183.800 192.433 130.725 
188.536 198.172 131.125 
195.672 199.780 128.633 
199.649 201.021 124.285 
202.514 199.876 118.835 
202.211 198.881 112.921 
199.586 196.494 108.558 
194.878 194.415 105.225 
188.563 195.235 104.085 
183.421 198.791 105.936 
181.060 205.349 107.368 
181.350 211.592 104.927 
183.681 216.761 100.919 
186.959 217.548 94.780 
187.158 216.570 88.887 
184.136 214.876 83.675 
181.518 209.699 80.616 
177.017 206.725 79.341 
171.499 204.196 80.499 
166.481 205.459 85.542 
163.197 210.492 87.706 
159.745 216.761 87.922 
156.866 220.502 83.776 
154.681 222.610 77.609 
151.336 221.128 72.737 
149.113 217.412 68.145 
147.410 211.299 67.018 
144.933 205.278 70.248 
142.415 201.918 74.993 
139.931 201.185 80.864 
137.244 203.833 86.015 
132.297 207.243 87.802 
126.284 208.980 87.207 
120.603 208.760 85.127 
116.489 204.512 81.143 
114.589 198.586 80.004 
115.232 191.383 79.327 
116.352 187.601 81.872 
119.557 182.893 85.068 
124.262 181.196 90.468 
124.213 181.921 95.665 
122.567 185.958 101.129 
117.967 187.344 104.745 
111.883 184.973 106.514 
107.542 179.818 108.514 
105.080 172.755 108.640 
106.846 167.114 108.639 
111.186 161.853 109.881 
116.835 159.249 109.862 
122.759 159.727 111.282 
126.475 163.220 115.233 
126.412 166.131 121.266 
124.323 167.433 127.312 
123.246 162.891 132.202 
122.539 157.328 135.507 
124.234 149.978 136.331 
128.914 144.837 133.808 
134.387 143.537 131.411 
139.460 143.744 129.360 
144.003 146.625 125.756 
145.546 153.430 124.579 
147.913 158.283 128.803 
150.642 159.479 134.772 
154.859 157.990 140.314 
159.415 153.078 142.336 
163.953 148.453 140.379 
168.134 146.267 136.101 
171.243 145.273 130.152 
173.639 146.900 124.247 
172.912 151.838 120.168 
173.074 158.481 119.592 
175.904 164.190 123.084 
180.244 167.318 125.756 
187.201 166.425 127.289 
192.795 164.514 126.803 
197.615 161.448 122.507 
199.359 158.378 117.317 
198.399 160.474 110.928 
195.905 163.043 105.732 
192.390 167.547 103.298 
189.359 173.144 104.088 
191.012 180.400 105.062 
194.908 184.637 105.089 
200.830 187.396 105.756 
207.368 187.115 104.995 
172.885 122.758 227.473 
175.327 129.320 226.608 
178.129 132.531 221.238 
176.580 137.768 218.190 
173.124 141.749 215.436 
172.149 147.436 214.138 
169.796 153.279 214.566 
171.051 155.634 209.847 
171.566 158.970 204.583 
171.348 164.041 201.743 
170.953 170.458 203.198 
170.769 175.443 206.088 
172.168 178.668 210.761 
175.093 179.937 215.888 
181.091 178.163 218.280 
186.093 177.026 219.631 
204.267 175.148 93.327 
206.016 172.929 98.618 
208.678 173.088 104.746 
207.464 175.072 110.956 
202.503 178.114 113.711 
195.589 178.876 115.572 
189.588 176.504 114.921 
185.742 171.616 112.278 
185.369 165.319 109.452 
185.900 159.225 111.522 
187.827 153.804 113.943 
189.746 151.613 121.076 
188.175 151.656 126.928 
185.315 153.672 131.941 
181.115 157.035 134.760 
175.639 159.799 134.930 
170.653 161.704 132.574 
165.569 160.571 128.003 
163.530 156.802 122.981 
161.081 150.545 123.341 
160.018 144.451 126.657 
156.797 142.781 131.673 
152.679 142.402 136.033 
148.234 144.993 140.456 
143.999 151.088 141.185 
140.596 156.046 139.604 
138.571 159.946 134.701 
137.822 159.841 127.412 
136.136 155.291 122.170 
132.943 149.588 121.973 
127.045 147.157 122.072 
120.711 147.961 123.629 
115.523 151.951 125.394 
112.532 157.933 126.230 
112.569 165.494 124.597 
113.303 170.449 121.643 
117.617 173.787 118.223 
122.631 173.703 113.850 
123.273 170.502 107.926 
121.026 167.404 102.314 
115.586 168.533 98.710 
109.803 170.927 96.237 
107.356 177.205 95.779 
106.468 183.850 96.581 
108.486 189.941 96.865 
113.479 194.163 96.190 
120.095 194.649 96.538 
125.563 192.989 93.783 
129.039 190.040 89.487 
129.491 189.432 83.337 
128.587 191.401 77.204 
127.617 196.044 73.208 
126.701 202.321 71.257 
126.065 208.640 71.185 
128.310 214.054 74.664 
132.480 216.930 78.710 
138.030 216.863 81.980 
142.651 213.185 85.084 
146.579 208.449 84.629 
149.717 203.978 79.833 
153.796 203.830 74.814 
157.955 206.791 70.684 
161.440 212.771 69.603 
164.614 218.090 70.592 
168.774 219.821 74.943 
169.779 221.452 81.764 
170.493 219.630 87.006 
169.870 215.818 91.540 
170.716 208.924 93.641 
173.539 203.407 92.116 
179.091 201.046 90.244 
185.729 200.746 89.305 
191.117 203.788 90.658 
194.867 206.985 94.208 
196.604 210.793 99.596 
194.828 211.731 105.662 
192.031 210.000 111.124 
188.000 207.004 114.589 
185.873 201.552 115.727 
186.231 194.097 114.999 
189.996 188.854 114.103 
195.019 186.471 116.412 
199.588 185.793 121.197 
202.261 188.378 126.628 
201.604 191.062 132.382 
196.346 193.873 136.658 
190.881 194.058 138.475 
184.472 191.577 139.986 
179.020 187.242 138.722 
179.454 181.057 141.057 
181.910 175.683 144.446 
187.330 173.416 149.242 
192.046 175.627 154.782 
194.092 180.430 159.581 
192.743 186.476 163.653 
188.970 190.193 166.730 
184.730 190.553 169.533 
177.955 189.418 171.786 
173.761 183.962 173.678 
172.555 179.303 177.179 
174.070 174.502 181.523 
178.539 169.868 185.599 
183.678 169.841 189.629 
185.288 171.553 194.558 
185.326 174.241 199.891 
187.070 169.520 202.237 
186.636 165.474 206.099 
184.315 162.953 211.403 
180.510 163.055 215.991 
176.385 163.884 219.964 
170.423 165.740 221.250 
164.795 169.288 220.137 
160.115 168.856 216.096 
156.869 166.875 210.266 
154.800 161.897 204.840 
150.408 165.448 202.053 
145.152 166.909 198.295 
140.414 164.912 194.111 
136.808 159.988 191.531 
134.516 153.787 191.957 
133.214 148.444 195.651 
132.202 145.768 201.628 
130.668 146.551 208.029 
128.006 150.262 212.828 
124.029 155.251 214.620 
119.062 159.378 213.140 
113.804 160.841 209.383 
