6.518 -8.919 33.849 
0.975 -7.880 36.881 
-5.229 -6.741 37.637 
-11.453 -6.876 35.475 
-15.490 -7.992 30.150 
-16.393 -9.934 23.835 
-15.790 -14.670 19.221 
-14.720 -20.556 17.312 
-13.371 -26.662 17.916 
-31.865 -22.991 41.550 
-26.379 -23.201 38.031 
-21.643 -22.291 34.111 
-16.573 -25.565 36.992 
-10.127 -27.200 35.625 
-5.310 -26.004 31.903 
-1.347 -23.054 27.050 
-1.045 -18.877 21.882 
-3.562 -13.454 18.836 
-7.726 -8.255 18.293 
-10.220 -2.913 21.104 
-8.528 1.821 25.411 
5.688 -60.143 52.652 
1.547 -61.586 47.818 
-4.239 -63.139 45.363 
-10.825 -63.436 45.530 
-16.237 -62.090 49.170 
-19.412 -60.798 54.826 
-20.732 -56.099 59.295 
-20.807 -50.221 61.563 
-20.162 -44.020 61.113 
-29.145 -48.763 32.862 
-25.343 -48.205 38.003 
-22.139 -48.525 43.133 
-16.436 -44.677 42.405 
-10.791 -43.081 45.588 
-7.637 -44.246 50.694 
-5.395 -46.632 56.524 
-6.497 -50.786 61.601 
-9.404 -56.487 63.696 
-13.031 -62.091 62.804 
-14.063 -67.534 59.388 
-10.767 -72.026 55.932 
