30.049 -1.746 7.768 
26.428 -4.362 3.349 
22.846 -4.171 -2.106 
20.770 -1.246 -7.553 
20.493 3.375 -12.408 
9.581 37.015 17.522 
12.526 35.567 11.758 
17.231 32.286 8.443 
21.055 26.704 8.880 
24.302 21.888 12.373 
23.342 17.183 16.906 
19.708 13.467 21.061 
14.100 10.040 20.977 
8.341 8.591 18.603 
36.695 8.131 -5.616 
31.850 12.214 -4.434 
25.097 14.011 -4.260 
19.257 11.740 -1.978 
16.327 8.046 2.537 
12.610 13.372 -0.129 
9.747 18.244 3.453 
6.790 20.705 8.926 
4.223 21.760 15.258 
7.014 22.249 21.602 
12.245 22.248 25.912 
18.301 24.551 26.577 
23.792 27.598 24.478 
27.941 30.578 20.062 
27.851 36.457 16.635 
