-12.532 7.137 3.987 
29.700 -1.601 7.785 
26.187 -4.411 3.328 
22.503 -3.948 -2.190 
19.817 -0.354 -7.150 
20.807 3.848 -12.324 
9.720 37.321 17.224 
12.726 35.600 11.521 
17.022 31.803 8.673 
21.302 26.802 8.791 
24.800 21.886 12.536 
23.394 17.045 16.942 
19.762 13.494 21.158 
14.132 9.984 21.044 
8.427 8.712 18.312 
36.467 7.932 -5.382 
31.780 12.077 -3.467 
25.243 14.219 -3.620 
19.337 11.896 -1.700 
16.382 7.692 2.663 
12.669 13.154 -0.058 
9.749 18.100 3.375 
6.676 20.502 8.941 
4.321 21.595 15.203 
7.126 22.242 21.581 
12.358 22.222 25.855 
18.537 24.502 26.473 
23.946 27.523 24.354 
27.997 30.477 19.763 
27.900 36.377 16.310 
