174.695 152.558 217.007 
178.180 158.137 216.276 
184.507 160.259 213.328 
190.795 159.991 208.903 
192.649 158.186 202.949 
191.910 153.684 197.752 
187.474 149.818 194.123 
181.396 149.960 191.382 
175.540 153.542 189.008 
173.324 159.622 187.351 
174.262 166.020 184.959 
179.391 171.029 183.465 
185.652 173.215 180.354 
190.073 171.705 175.703 
192.491 167.830 170.504 
191.740 163.859 165.403 
187.883 162.180 160.088 
181.924 161.478 156.805 
176.481 164.829 154.514 
173.682 170.335 152.660 
174.399 176.427 150.557 
177.904 182.422 149.681 
183.641 186.114 148.195 
186.619 151.294 127.077 
182.402 156.504 128.723 
182.553 162.088 131.851 
183.415 166.752 134.866 
187.703 168.290 140.229 
191.949 170.209 144.569 
194.151 174.919 149.502 
192.415 179.288 154.470 
187.754 179.906 159.311 
182.478 180.306 162.531 
177.156 177.168 164.687 
173.923 171.488 166.571 
173.459 164.797 167.939 
176.274 159.041 169.837 
181.996 155.646 171.833 
188.407 156.850 174.387 
192.355 160.680 178.703 
192.153 164.534 184.316 
189.534 168.292 189.262 
184.602 168.487 193.657 
178.657 166.113 197.169 
174.364 161.656 199.183 
173.959 154.419 199.634 
177.309 149.308 200.578 
181.436 145.649 204.018 
187.310 145.900 206.274 
191.985 148.183 211.435 
