29.783 -1.633 8.750 
26.441 -4.346 4.229 
23.255 -3.633 -1.625 
21.457 -1.252 -6.741 
20.207 3.283 -11.762 
9.990 35.731 17.131 
13.140 34.163 11.826 
18.185 30.772 8.533 
22.134 25.533 9.843 
24.692 20.737 13.524 
23.365 16.500 18.614 
19.379 13.033 22.284 
13.651 9.859 22.033 
7.870 8.473 19.672 
35.356 5.684 -4.864 
30.543 11.386 -6.514 
24.823 13.014 -4.518 
20.448 12.527 -0.335 
16.571 7.629 2.710 
12.419 13.075 0.587 
9.881 18.006 4.266 
7.034 20.638 9.772 
4.414 21.891 15.872 
7.137 22.534 22.300 
12.347 22.432 26.541 
18.181 24.585 27.121 
24.216 27.069 25.093 
28.159 30.222 20.773 
28.418 35.650 17.152 
