29.921 -8.928 8.153 
26.619 -11.681 3.520 
23.379 -11.580 -2.198 
21.803 -8.823 -7.685 
20.991 -3.982 -12.480 
9.500 29.907 17.636 
12.554 28.590 11.890 
17.016 25.191 8.615 
20.738 19.578 9.067 
24.027 14.856 12.590 
23.275 10.144 17.409 
19.408 6.358 21.348 
13.829 2.913 21.063 
8.045 1.631 18.366 
36.258 -0.957 -5.140 
32.903 3.596 -2.654 
26.753 5.328 -4.638 
20.767 5.093 -2.345 
16.612 0.531 0.817 
12.401 6.299 -0.152 
9.512 11.175 3.247 
6.329 13.460 8.909 
4.075 14.462 15.172 
6.896 15.106 21.609 
11.990 15.038 25.993 
18.185 17.255 26.613 
23.778 20.142 24.478 
27.713 23.156 20.042 
27.668 28.973 16.872 
