64.217 -5.270 60.885 
60.696 -7.726 56.333 
57.201 -7.663 50.886 
54.827 -4.980 45.302 
54.072 -0.157 40.519 
43.881 33.534 70.568 
47.235 32.088 64.837 
51.650 28.833 61.369 
55.655 23.412 61.771 
58.366 18.355 64.997 
57.439 13.775 70.072 
53.647 10.122 73.885 
48.174 6.700 73.834 
42.212 5.140 72.115 
69.576 1.362 45.967 
65.889 7.585 48.684 
59.191 10.133 48.833 
53.391 8.405 50.959 
50.387 4.436 55.314 
46.769 9.809 52.641 
43.910 14.821 56.317 
40.970 17.485 61.763 
38.329 18.586 68.052 
41.260 18.959 74.369 
46.489 18.927 78.656 
52.521 20.984 79.355 
58.355 23.536 77.192 
62.373 27.113 73.307 
62.262 32.849 69.801 
