30.134 -1.679 8.188 
26.650 -4.251 3.510 
23.083 -3.996 -1.962 
21.028 -1.123 -7.204 
20.300 3.271 -12.426 
9.883 36.456 17.507 
12.889 35.066 11.901 
17.451 31.735 8.580 
21.323 26.348 8.967 
24.287 21.574 12.431 
23.139 16.985 17.207 
19.609 13.313 21.433 
14.118 10.035 21.302 
8.096 8.516 19.247 
36.274 7.544 -5.796 
31.821 11.682 -3.983 
25.453 13.880 -4.362 
19.943 12.236 -1.526 
16.582 7.510 2.203 
12.699 13.089 0.088 
9.781 17.965 3.677 
6.942 20.584 9.177 
4.282 21.939 15.347 
7.129 22.317 21.685 
12.359 22.433 26.033 
18.518 24.173 26.549 
24.068 26.999 24.430 
28.156 30.413 20.365 
28.071 36.043 17.028 
