30.087 -1.816 7.986 
26.528 -4.448 3.358 
22.884 -4.134 -2.080 
20.275 -0.909 -7.469 
20.548 3.167 -12.520 
9.994 36.337 17.542 
12.701 34.932 11.984 
17.215 31.728 8.566 
21.034 26.403 9.127 
24.224 21.636 12.354 
22.972 16.817 17.009 
19.444 13.147 21.203 
13.867 9.973 21.105 
36.377 7.968 -5.277 
31.610 12.339 -4.061 
24.752 13.793 -3.575 
19.039 11.267 -2.113 
16.270 7.596 2.634 
12.657 13.282 0.215 
9.914 17.940 3.734 
6.780 20.597 9.068 
4.157 21.778 15.324 
6.991 22.320 21.677 
12.196 22.404 25.962 
18.351 24.402 26.698 
23.902 27.209 24.596 
27.961 30.219 20.020 
28.126 35.786 16.737 
