30.055 -1.846 7.651 
26.493 -4.468 3.241 
22.864 -4.286 -2.220 
20.538 -1.418 -7.602 
20.695 3.143 -12.565 
9.306 37.120 17.504 
12.492 35.316 11.917 
17.318 32.216 8.578 
21.153 26.696 9.124 
24.026 21.750 12.111 
23.474 17.245 17.047 
19.798 13.435 21.059 
14.253 10.018 20.890 
8.409 8.598 18.526 
36.739 7.811 -5.642 
31.900 12.147 -4.598 
24.965 13.852 -4.220 
19.177 11.420 -2.421 
16.357 8.064 2.328 
12.554 13.338 -0.280 
9.735 18.274 3.380 
6.877 20.686 8.895 
4.366 21.736 15.229 
7.024 22.161 21.598 
12.258 22.197 26.053 
18.338 24.449 26.549 
23.963 27.453 24.566 
27.785 30.958 20.131 
27.536 36.617 16.539 
