-27.310 2.419 24.586 
-23.520 -1.339 26.903 
-18.895 -2.165 30.700 
-14.843 0.746 35.163 
-13.933 6.081 38.740 
-14.768 12.774 40.062 
-19.131 17.351 40.742 
-25.512 19.787 40.995 
-31.908 18.143 42.907 
-36.054 15.025 46.146 
-19.695 9.606 54.254 
-22.397 4.679 52.762 
-27.084 2.321 48.430 
-30.867 2.454 43.177 
-32.072 6.153 37.504 
-31.446 11.647 33.297 
-26.874 15.694 31.057 
-20.399 16.440 29.794 
-14.307 15.319 29.302 
-10.111 9.952 26.994 
-14.195 9.443 -9.722 
-9.581 6.033 -7.591 
-5.412 5.929 -2.606 
-4.225 8.075 3.394 
-5.552 11.721 8.981 
-9.625 16.383 11.901 
-16.369 17.605 12.915 
-22.558 15.554 13.573 
-27.262 11.028 14.675 
-28.688 4.636 16.889 
-9.954 6.478 19.583 
-11.306 1.381 17.671 
-14.822 -2.021 13.727 
-19.295 -1.137 8.723 
-22.261 3.355 4.861 
-23.839 9.260 2.687 
-21.466 15.823 2.524 
-16.860 20.438 3.794 
-10.536 21.899 2.855 
-4.283 21.142 0.776 
