313.077 105.845 194.573 
307.363 105.177 191.751 
300.612 106.203 191.478 
295.192 109.359 193.913 
292.943 114.589 197.337 
293.963 120.713 199.993 
297.463 126.408 199.748 
300.906 130.745 196.269 
302.357 133.167 190.117 
300.646 134.147 183.926 
295.689 134.178 179.334 
289.237 134.226 177.798 
283.316 135.975 179.801 
278.954 139.202 183.791 
278.548 144.127 188.520 
280.173 149.159 191.623 
284.400 154.557 192.149 
288.518 158.768 189.202 
291.051 161.824 183.797 
290.491 163.438 177.315 
286.684 164.047 171.873 
280.741 164.539 169.020 
274.382 165.942 169.507 
269.194 168.576 172.538 
266.691 172.800 176.761 
266.910 178.368 180.002 
269.986 184.020 181.387 
273.671 189.374 179.363 
276.719 192.816 174.425 
277.118 194.114 167.957 
274.369 194.241 161.861 
268.928 193.767 157.869 
262.123 193.959 157.405 
256.293 195.659 160.022 
252.949 199.725 163.911 
252.372 205.376 167.234 
254.050 211.704 167.958 
256.512 217.244 165.293 
258.379 220.612 159.694 
258.039 221.320 153.136 
254.967 220.224 147.366 
249.444 219.023 144.308 
242.775 218.601 143.945 
236.895 220.525 146.273 
233.218 224.582 150.000 
232.588 230.136 153.677 
234.705 236.159 155.340 
238.276 241.664 154.009 
241.527 245.577 149.460 
242.632 247.176 142.964 
240.575 246.895 136.621 
235.593 245.459 132.312 
229.077 244.904 131.232 
222.869 246.241 133.092 
218.588 250.359 136.031 
217.262 256.416 138.307 
218.792 262.864 138.561 
222.190 267.892 136.060 
225.255 270.602 131.055 
226.144 271.111 124.552 
223.886 270.787 118.486 
218.887 270.968 114.322 
212.595 272.500 113.008 
206.721 275.193 115.290 
203.488 279.877 118.562 
202.490 285.909 118.926 
202.587 291.675 115.751 
202.835 295.198 111.076 
202.549 296.635 105.757 
199.651 295.398 101.182 
197.484 293.565 95.761 
193.533 288.686 94.005 
188.498 283.960 95.268 
185.227 278.657 98.183 
183.455 276.255 104.237 
182.333 276.837 110.857 
181.546 280.896 116.381 
181.070 287.263 119.263 
178.665 293.073 119.787 
175.459 298.345 115.976 
166.935 283.211 113.396 
169.291 284.818 107.476 
173.322 288.586 103.620 
178.484 293.583 102.754 
183.775 295.866 106.474 
188.159 294.031 111.320 
191.802 289.180 114.466 
194.353 283.251 113.638 
196.630 278.424 110.476 
199.191 275.993 105.817 
203.801 276.807 101.903 
208.669 279.685 102.176 
214.110 282.024 102.970 
217.388 284.245 107.468 
219.953 287.092 112.227 
220.355 288.659 117.796 
219.511 285.447 124.080 
215.464 283.078 128.453 
210.937 278.618 129.817 
207.820 273.028 128.298 
207.583 267.272 125.098 
210.852 262.302 121.997 
216.678 259.241 120.123 
223.389 258.799 120.736 
228.973 260.262 124.116 
231.899 262.110 129.755 
231.913 262.498 136.280 
229.875 260.232 142.084 
226.922 255.341 145.690 
224.569 249.131 145.917 
224.518 242.876 143.287 
227.471 238.432 139.445 
233.019 236.016 136.914 
239.671 235.471 137.165 
245.304 235.864 140.820 
247.968 235.968 146.877 
247.555 234.563 153.372 
244.823 231.136 158.309 
241.875 225.699 160.323 
240.179 219.232 159.499 
241.062 213.490 156.284 
245.354 209.858 152.776 
250.671 208.358 149.639 
257.341 208.919 149.365 
263.043 210.471 152.334 
266.616 211.279 157.860 
267.402 210.414 164.543 
265.529 207.376 170.223 
262.255 202.386 173.177 
259.405 196.313 172.976 
258.853 190.229 169.891 
261.566 185.662 165.702 
266.983 183.043 162.977 
273.713 182.378 163.001 
279.432 182.411 166.306 
282.757 182.200 172.057 
282.973 180.403 178.411 
280.800 176.898 183.654 
276.935 172.123 185.996 
273.618 166.454 185.323 
272.222 161.097 181.838 
273.887 156.580 177.459 
278.443 153.269 174.096 
284.813 151.448 173.251 
290.841 150.533 175.878 
294.702 149.819 181.093 
295.365 148.286 187.589 
293.034 145.449 193.118 
289.130 140.996 195.928 
285.756 135.500 195.683 
284.841 129.382 192.511 
285.162 125.318 187.254 
289.787 122.342 183.461 
296.280 121.183 181.690 
302.787 121.296 183.537 
307.524 121.877 188.280 
309.052 122.084 194.824 
307.283 120.673 201.226 
303.436 117.229 205.459 
299.801 111.696 206.780 
