162.694 177.336 159.389 
158.230 181.655 157.134 
154.872 184.277 152.614 
152.032 182.508 146.378 
148.176 176.858 143.779 
144.755 171.517 144.734 
140.062 168.829 148.024 
135.435 169.670 152.845 
131.561 172.272 156.772 
128.393 177.859 158.815 
127.639 184.592 157.360 
126.482 188.895 153.152 
124.087 190.991 148.702 
123.940 190.730 141.915 
123.327 185.846 136.282 
118.639 182.120 133.601 
112.291 180.540 134.570 
106.932 183.036 133.832 
102.574 187.907 136.026 
101.443 194.883 136.454 
102.891 201.160 134.257 
105.768 205.132 131.076 
111.772 208.247 128.387 
116.353 204.024 124.021 
118.268 202.217 117.935 
116.375 201.468 112.052 
112.385 202.035 107.066 
109.262 207.197 104.161 
108.429 214.188 103.768 
109.488 220.298 104.245 
113.890 224.763 105.503 
119.532 225.638 108.736 
125.291 224.625 108.804 
131.232 220.832 106.567 
133.459 219.083 101.163 
135.302 217.677 94.658 
134.151 221.423 88.702 
133.297 225.959 84.454 
137.257 231.340 84.370 
138.584 237.625 88.311 
144.749 238.027 89.598 
149.754 238.131 94.916 
153.338 222.315 85.241 
150.468 220.874 92.174 
149.047 223.815 97.695 
144.583 228.124 100.178 
140.878 233.126 100.579 
135.279 235.313 98.967 
128.790 234.457 97.192 
124.082 231.590 92.565 
121.990 226.322 90.814 
122.155 220.018 91.903 
122.800 215.451 94.595 
125.293 211.748 100.300 
125.138 212.287 107.474 
123.377 214.915 112.520 
119.054 218.375 116.060 
111.789 219.584 115.783 
106.934 216.092 116.662 
102.861 210.450 116.818 
101.537 204.147 116.434 
104.610 198.405 116.607 
108.780 194.304 118.666 
113.214 192.541 122.095 
118.007 195.634 126.363 
117.803 198.970 132.517 
113.962 200.022 138.166 
111.539 197.341 144.151 
112.132 191.731 147.517 
110.298 185.467 149.056 
112.693 179.189 148.306 
117.583 176.032 146.182 
123.022 174.656 143.369 
127.790 177.736 140.263 
132.580 181.034 140.814 
134.243 186.386 145.759 
136.456 188.230 151.336 
139.648 185.438 156.748 
141.670 180.788 160.482 
143.487 174.713 161.662 
146.859 170.176 158.934 
149.674 166.848 152.936 
154.409 167.604 149.295 
157.697 170.115 144.650 
123.512 143.460 191.982 
124.900 147.327 196.125 
128.186 151.139 200.466 
133.929 150.486 204.827 
138.407 146.030 207.467 
143.684 144.051 206.235 
148.034 142.061 200.674 
150.372 143.758 195.887 
152.405 146.906 189.807 
151.978 153.179 186.699 
151.619 159.720 187.391 
151.021 165.820 186.387 
178.617 185.346 191.338 
182.714 185.391 187.707 
187.332 183.003 184.763 
191.915 177.893 182.511 
191.319 172.545 178.699 
188.228 167.053 174.718 
183.343 165.540 171.060 
178.010 167.620 166.758 
174.445 171.988 163.873 
173.395 178.814 160.914 
176.179 182.713 157.816 
180.233 185.901 155.203 
186.793 187.589 153.515 
192.238 184.575 151.577 
194.482 180.144 147.278 
194.100 174.717 142.490 
190.879 172.389 137.273 
187.907 173.945 132.193 
183.394 176.677 129.251 
181.347 183.483 127.394 
183.058 189.528 128.168 
188.352 194.753 127.709 
195.437 195.354 124.684 
199.231 195.738 120.024 
201.615 193.769 114.577 
200.837 192.233 108.824 
197.717 189.714 104.882 
192.623 187.819 102.044 
186.360 189.177 101.163 
181.721 193.415 102.905 
180.113 200.292 103.768 
180.859 206.200 100.675 
183.425 210.676 96.028 
186.366 210.508 89.675 
186.090 208.939 83.915 
182.590 207.063 79.078 
179.283 201.911 76.722 
174.440 199.312 76.008 
168.785 197.499 77.718 
164.249 199.770 82.863 
161.621 205.306 84.661 
158.822 211.893 84.406 
156.067 215.487 80.051 
153.709 217.193 73.823 
149.930 215.593 69.320 
147.064 211.696 65.268 
144.698 205.712 64.880 
141.854 200.332 68.850 
139.325 197.736 74.048 
137.163 197.850 80.090 
135.084 201.257 85.071 
130.622 205.326 86.754 
124.783 207.613 86.305 
118.986 207.783 84.567 
114.228 203.615 81.276 
111.686 197.837 80.865 
111.572 190.575 80.913 
112.476 186.966 83.776 
115.400 182.287 87.270 
120.252 180.649 92.559 
120.606 181.885 97.645 
119.719 186.590 102.738 
115.518 188.799 106.430 
109.356 187.262 108.761 
104.666 182.811 111.520 
101.534 176.089 112.516 
102.734 170.323 113.009 
106.606 164.786 114.561 
111.957 161.617 114.512 
117.980 161.611 115.554 
122.266 165.070 118.913 
122.874 168.554 124.603 
121.315 170.656 130.583 
120.113 166.756 135.972 
119.075 161.651 139.875 
120.088 154.281 141.370 
124.069 148.457 139.152 
129.223 146.362 136.614 
134.150 145.835 134.283 
138.714 147.857 130.159 
140.840 154.314 128.196 
143.939 159.288 131.756 
147.148 160.773 137.411 
151.544 159.407 142.846 
155.716 154.270 145.124 
159.641 149.027 143.420 
163.306 146.005 139.177 
165.915 144.110 133.206 
168.077 144.889 127.043 
167.579 149.449 122.514 
168.357 155.950 121.239 
171.952 161.649 123.959 
176.740 164.554 126.052 
183.659 163.097 127.293 
188.995 160.573 126.710 
193.206 156.612 122.507 
194.304 152.880 117.581 
193.148 154.425 111.068 
190.591 156.715 105.774 
187.388 161.298 103.073 
184.978 167.232 103.435 
187.397 174.336 103.554 
191.684 178.125 102.929 
197.880 180.304 102.985 
204.294 179.268 101.909 
174.975 146.431 211.766 
172.139 150.473 215.908 
174.272 150.847 209.966 
173.919 155.014 205.390 
172.739 160.031 202.771 
171.332 166.186 202.653 
170.810 171.621 205.975 
172.105 174.845 210.419 
175.842 176.570 214.655 
181.467 175.658 217.180 
186.617 175.226 218.573 
199.292 166.598 91.739 
201.150 164.742 97.132 
204.200 165.226 103.059 
203.587 167.928 109.081 
199.136 171.728 111.766 
192.464 173.387 113.907 
186.229 171.601 113.828 
181.761 166.905 111.922 
180.589 160.433 109.793 
180.650 154.551 112.458 
182.184 149.225 115.326 
184.333 147.558 122.537 
183.151 148.342 128.428 
180.831 151.131 133.348 
177.170 155.175 136.020 
172.014 158.498 136.195 
167.099 160.671 133.924 
161.646 159.630 129.775 
158.930 155.617 125.293 
155.904 149.716 126.434 
154.463 144.124 130.422 
151.421 143.302 135.750 
147.572 143.786 140.342 
143.696 147.251 144.701 
140.136 153.795 145.014 
137.144 158.901 143.109 
135.202 162.490 137.940 
133.981 161.745 130.753 
131.524 156.901 126.113 
127.781 151.571 126.685 
121.690 149.790 127.355 
115.578 151.400 129.158 
110.933 156.064 130.770 
108.604 162.378 131.135 
109.279 169.696 128.720 
110.306 174.231 125.228 
114.699 176.749 121.252 
119.390 175.709 116.650 
119.335 171.891 111.067 
116.439 168.506 105.939 
110.917 169.836 102.533 
105.252 172.564 100.137 
103.409 178.989 99.157 
103.232 185.736 99.306 
105.854 191.581 98.843 
111.184 195.172 97.463 
117.825 194.997 97.402 
122.915 192.510 94.546 
125.801 188.807 90.402 
125.798 187.551 84.334 
124.701 188.989 78.087 
123.938 193.291 73.685 
123.520 199.406 71.139 
123.506 205.719 70.441 
126.490 211.185 73.209 
131.174 213.997 76.702 
136.888 213.674 79.659 
141.313 209.857 82.879 
144.720 204.716 82.712 
147.089 199.491 78.247 
150.805 198.423 73.060 
154.961 200.512 68.428 
158.941 205.960 66.540 
162.680 210.991 66.797 
167.260 212.699 70.712 
168.854 214.880 77.261 
169.720 213.520 82.621 
169.017 210.260 87.554 
169.314 203.556 90.316 
171.477 197.652 89.228 
176.639 194.550 87.318 
183.141 193.468 86.061 
188.878 196.050 86.798 
193.143 199.174 89.788 
195.587 203.293 94.647 
194.305 205.004 100.668 
191.706 204.121 106.423 
187.630 201.919 110.394 
185.054 196.857 112.208 
184.630 189.371 112.246 
187.796 183.701 111.704 
192.697 181.045 113.976 
197.474 180.370 118.553 
200.732 183.185 123.533 
200.711 186.477 129.001 
196.040 190.229 133.235 
190.746 191.162 135.314 
184.236 189.524 137.417 
178.313 185.677 136.908 
177.600 179.867 139.395 
178.832 174.354 142.209 
182.825 170.218 146.704 
187.166 169.913 151.137 
189.570 171.746 156.742 
193.081 176.293 160.326 
190.763 182.128 163.466 
186.225 184.599 165.601 
180.921 184.994 167.634 
176.783 183.478 169.989 
173.140 178.625 172.774 
172.929 173.526 177.035 
175.262 169.225 181.443 
180.426 165.275 183.808 
183.568 166.032 188.658 
185.597 168.916 193.798 
185.260 172.087 198.142 
187.742 167.678 201.442 
188.461 163.199 205.437 
186.898 160.625 210.738 
183.741 160.136 216.019 
178.990 160.893 219.813 
172.784 162.577 221.142 
166.539 164.796 219.937 
161.734 163.965 215.804 
158.902 161.740 209.968 
156.334 157.812 206.060 
150.533 159.367 203.603 
145.878 160.153 200.054 
141.442 158.405 195.172 
140.542 152.871 190.468 
141.294 146.999 188.876 
139.372 140.089 191.307 
140.151 136.100 197.317 
136.937 135.096 203.246 
132.409 135.441 207.727 
