205.971 211.399 203.342 
208.479 206.018 200.412 
208.212 198.770 201.191 
205.627 191.905 203.511 
200.053 188.693 204.387 
193.419 188.992 206.313 
187.601 192.724 206.217 
183.891 196.582 202.237 
182.012 199.042 195.667 
182.640 197.798 189.132 
183.465 193.528 183.782 
185.429 186.710 181.970 
185.032 179.424 182.619 
181.303 174.502 184.925 
175.641 171.947 187.975 
169.313 172.086 189.489 
163.072 173.794 187.471 
158.556 177.669 184.099 
156.746 179.914 177.952 
156.826 179.299 171.532 
157.725 175.448 166.393 
160.284 169.830 163.095 
161.834 163.036 162.673 
129.209 165.860 187.063 
131.916 167.941 181.064 
137.063 166.866 177.411 
141.879 165.521 174.846 
148.199 163.532 177.214 
153.773 161.015 178.984 
160.593 159.318 177.576 
166.415 161.021 174.416 
169.878 166.572 172.763 
171.689 172.064 170.545 
171.055 178.568 170.907 
169.573 184.242 174.351 
167.833 187.825 179.918 
167.689 188.543 186.560 
169.285 185.967 192.810 
173.475 181.227 195.817 
179.772 178.189 195.870 
186.286 179.090 194.093 
191.631 181.755 190.966 
194.463 187.518 189.401 
195.203 194.778 189.172 
194.116 200.896 191.104 
191.353 204.276 196.908 
190.766 203.915 203.053 
193.159 203.341 209.069 
196.563 199.301 212.496 
203.108 196.617 214.406 
