9.974 -2.794 7.653 
7.325 -6.431 3.006 
4.024 -7.006 -2.660 
1.229 -4.165 -8.041 
0.977 0.827 -12.247 
-19.043 31.004 19.531 
-16.873 29.659 13.500 
-12.206 27.488 9.253 
-7.040 22.944 9.355 
-2.611 18.903 12.217 
-2.407 13.825 16.349 
-5.106 8.945 20.216 
-9.321 4.381 20.032 
-14.800 0.846 18.257 
13.819 9.789 -4.064 
7.998 11.399 -2.472 
0.923 10.715 -2.314 
-4.309 6.555 -2.325 
-6.443 1.620 0.493 
-10.562 6.869 0.261 
-15.108 10.980 3.089 
-19.031 12.961 7.865 
-21.995 13.638 14.066 
-19.646 14.641 20.346 
-14.840 15.391 25.238 
-8.700 18.420 25.801 
-3.184 21.030 23.409 
-0.206 25.529 19.310 
-1.524 31.483 16.930 
