33.790 -7.192 6.922 
30.513 -10.598 2.297 
27.764 -11.039 -3.486 
25.317 -8.393 -9.296 
24.238 -2.842 -13.111 
9.356 30.689 24.097 
7.974 30.957 17.602 
11.112 30.540 11.534 
15.902 27.612 8.113 
20.340 22.266 7.416 
24.145 17.559 10.578 
23.394 12.108 14.212 
20.486 8.072 18.392 
15.654 3.800 18.543 
10.455 0.853 16.471 
41.208 0.370 -7.216 
36.821 4.094 -4.420 
30.229 5.441 -5.460 
23.397 5.106 -5.106 
20.243 3.646 -0.733 
16.345 7.193 -1.618 
11.468 10.875 1.179 
6.782 12.729 5.551 
4.439 14.042 11.773 
6.268 14.985 18.309 
10.826 15.820 22.974 
17.161 17.962 24.439 
23.000 20.728 23.075 
26.777 25.111 19.919 
26.185 31.084 17.283 
