-6.831 62.095 58.451 
-8.997 55.492 58.471 
-12.407 50.124 57.344 
-12.188 46.090 51.994 
-11.261 44.619 45.648 
-9.220 45.502 39.887 
-4.611 47.688 35.676 
2.117 48.906 34.710 
7.954 50.718 37.735 
12.358 50.454 42.625 
15.423 46.793 47.183 
16.777 41.199 50.267 
16.629 34.940 50.460 
19.417 36.979 17.588 
19.934 39.105 23.556 
19.235 34.871 27.976 
15.064 35.840 32.077 
10.765 30.828 32.848 
6.487 29.578 37.488 
3.477 30.732 43.074 
2.233 34.386 48.546 
3.282 38.874 53.250 
4.185 45.271 54.351 
4.951 51.542 52.357 
4.266 56.594 48.180 
1.240 59.926 43.631 
-4.472 60.216 40.003 
-10.353 58.415 38.559 
-16.177 56.321 40.494 
-21.009 56.197 43.997 
-23.618 57.411 50.201 
-7.156 -27.980 -9.005 
-8.859 -21.013 -9.002 
-11.655 -15.743 -7.615 
-11.867 -11.844 -2.594 
-11.563 -10.147 3.750 
-9.287 -11.190 9.761 
-4.549 -13.276 13.906 
2.051 -14.503 14.761 
8.001 -16.373 11.786 
12.403 -16.246 6.917 
15.496 -12.478 2.413 
16.830 -6.841 -0.717 
16.666 -0.587 -0.930 
18.312 -2.661 33.091 
20.574 -4.453 25.992 
19.216 -0.697 21.496 
15.173 -1.559 17.475 
10.879 3.520 16.834 
6.267 4.674 12.035 
3.521 3.655 6.512 
2.236 -0.113 1.099 
3.467 -4.531 -3.774 
4.353 -10.900 -4.960 
4.792 -17.149 -2.809 
4.102 -22.370 0.997 
1.144 -25.549 5.844 
-4.577 -25.996 9.474 
-10.554 -24.023 10.884 
-16.278 -21.939 8.781 
-21.088 -21.641 5.311 
-23.899 -22.839 -0.576 
