29.995 -2.177 9.533 
26.776 -4.674 4.526 
23.603 -3.666 -1.347 
22.886 0.701 -6.619 
23.672 6.236 -9.727 
10.418 35.058 16.657 
13.608 33.506 11.578 
18.516 30.021 8.375 
22.504 24.800 10.257 
24.638 20.143 14.260 
23.543 16.270 19.514 
19.259 12.572 22.911 
13.605 9.594 22.923 
7.794 8.332 19.743 
38.489 5.818 -0.316 
34.539 11.974 0.324 
27.479 13.683 0.588 
21.122 12.384 -0.103 
16.878 9.864 2.761 
12.912 13.285 1.108 
9.873 18.039 4.716 
6.937 20.374 10.288 
4.401 21.390 16.417 
7.083 22.112 22.766 
12.399 22.668 27.009 
18.404 24.844 27.647 
24.133 26.837 25.237 
28.345 29.649 20.731 
28.337 35.113 16.749 
