29.958 -1.343 8.062 
26.557 -4.135 3.578 
23.009 -3.849 -1.964 
21.196 -0.836 -7.474 
20.592 3.742 -12.487 
9.807 37.690 17.123 
12.935 35.855 11.479 
17.165 32.036 8.619 
21.471 26.792 8.999 
24.359 21.742 12.540 
23.173 16.946 17.236 
19.433 13.443 21.331 
14.008 9.974 21.294 
7.925 8.356 19.374 
36.503 7.995 -5.597 
31.965 12.226 -3.888 
25.299 14.476 -4.229 
19.831 12.528 -1.337 
16.610 7.554 2.314 
12.425 12.984 0.114 
9.664 17.823 3.848 
6.798 20.579 9.130 
4.088 21.821 15.372 
6.851 22.389 21.743 
12.084 22.337 26.038 
18.266 24.554 26.644 
23.817 27.502 24.448 
27.818 30.807 20.307 
27.946 36.266 16.366 
