203.392 210.419 197.528 
205.043 204.538 194.871 
205.961 198.136 195.131 
204.182 192.401 197.930 
199.823 188.925 201.510 
193.691 188.266 203.928 
187.271 189.897 203.683 
182.200 192.621 200.426 
178.797 193.143 195.767 
179.076 193.915 189.069 
180.353 191.315 183.110 
182.041 186.067 179.432 
182.601 179.492 178.818 
180.916 173.421 180.872 
176.730 169.494 184.181 
170.524 168.594 186.455 
163.877 170.457 186.934 
158.546 173.480 183.973 
155.852 176.338 178.333 
154.108 176.723 171.145 
155.142 173.142 165.543 
157.917 167.472 162.753 
159.643 161.200 162.084 
126.834 163.917 186.165 
129.763 166.163 180.348 
134.894 165.136 176.905 
139.841 163.555 174.356 
146.110 162.044 176.427 
151.048 159.086 178.210 
157.885 157.592 177.021 
163.594 158.479 173.959 
167.052 163.825 172.578 
169.076 168.603 168.713 
169.485 174.441 170.015 
167.999 180.178 173.188 
165.100 183.105 178.457 
165.349 183.084 185.079 
168.060 180.766 190.662 
173.100 177.721 193.705 
179.436 175.791 193.669 
185.556 176.398 191.200 
190.012 179.971 187.858 
192.970 184.939 186.839 
192.142 191.780 185.627 
190.279 197.675 188.018 
188.501 201.412 193.191 
188.340 202.343 199.750 
190.709 200.889 205.762 
195.563 198.383 209.512 
201.904 196.558 210.139 
