301.121 287.839 254.483 
306.927 287.989 257.498 
310.621 282.992 260.630 
310.194 276.825 260.737 
308.142 271.181 261.257 
303.554 266.575 259.398 
299.480 264.357 254.752 
296.624 264.694 248.069 
298.295 265.938 242.222 
301.979 268.841 236.817 
308.812 270.269 236.568 
315.913 271.015 235.708 
307.228 255.448 235.735 
310.945 256.123 241.897 
315.397 259.885 245.361 
316.870 266.864 246.303 
313.701 272.071 247.115 
308.882 276.582 245.557 
302.421 277.389 244.576 
296.315 276.551 247.468 
292.991 275.363 253.026 
292.585 274.620 259.565 
294.860 275.213 265.525 
299.326 277.444 269.606 
279.608 313.163 278.706 
286.634 313.135 279.652 
291.041 307.782 280.682 
293.622 302.360 281.241 
292.412 295.923 281.718 
288.104 290.880 279.478 
284.198 287.143 274.157 
283.507 288.041 267.547 
286.722 289.633 262.343 
290.580 291.268 258.095 
295.579 293.929 255.795 
299.495 286.434 272.165 
302.254 289.236 271.115 
304.171 295.360 269.073 
299.530 299.474 267.982 
294.967 302.648 267.181 
288.313 302.669 266.480 
281.632 300.440 266.468 
278.607 298.225 271.768 
277.928 296.554 277.882 
279.029 296.266 283.767 
282.628 299.450 288.716 
