-30.636 2.747 38.157 
-34.319 6.461 34.375 
-38.742 7.146 29.547 
-42.968 4.470 25.163 
-46.819 -0.568 23.282 
-10.783 -31.758 13.930 
-17.362 -30.726 14.591 
-22.578 -27.900 17.638 
-24.166 -23.179 22.599 
-22.374 -19.165 27.639 
-18.339 -13.986 28.998 
-14.271 -8.977 27.305 
-13.427 -4.365 23.101 
-13.983 -0.982 17.269 
-43.503 -9.705 38.068 
-39.699 -11.333 32.861 
-37.571 -10.655 26.256 
-35.819 -6.573 21.279 
-30.838 -3.159 20.640 
-32.128 -8.834 17.036 
-27.982 -12.209 12.900 
-22.193 -13.573 10.490 
-15.496 -13.866 9.157 
-9.903 -14.626 13.228 
-6.604 -15.372 19.162 
-7.616 -18.722 25.026 
-11.712 -20.758 30.064 
-16.187 -25.458 31.830 
-18.286 -31.602 30.163 
