32.583 -52.827 -16.199 
34.388 -51.259 -10.087 
38.572 -48.904 -5.220 
38.390 -43.191 -1.868 
36.895 -36.365 -1.435 
32.297 -31.755 -2.753 
25.895 -30.208 -4.114 
19.713 -32.588 -6.320 
15.264 -36.984 -6.336 
11.859 -41.846 -3.078 
10.901 -45.745 1.992 
11.009 -47.413 7.737 
8.813 -25.609 2.867 
8.294 -22.487 8.943 
12.180 -26.594 11.845 
16.830 -29.546 14.982 
21.201 -34.506 15.334 
24.097 -40.071 13.322 
24.941 -45.290 9.178 
24.879 -48.679 3.941 
23.684 -49.684 -2.596 
22.475 -47.323 -8.661 
22.591 -42.268 -13.101 
26.098 -37.462 -15.692 
32.323 -34.165 -15.763 
38.235 -34.493 -13.802 
44.294 -36.639 -11.831 
47.329 -42.518 -12.568 
32.593 8.914 66.716 
34.441 7.699 60.749 
38.475 5.281 55.855 
38.558 -0.625 52.402 
36.858 -7.374 51.837 
32.454 -12.000 53.422 
25.850 -13.491 54.735 
19.746 -11.040 56.988 
15.315 -6.639 57.012 
12.031 -1.853 53.624 
10.920 2.043 48.617 
11.033 3.672 42.740 
8.576 -18.584 46.896 
7.911 -21.425 41.309 
12.129 -17.274 38.552 
16.689 -14.133 35.619 
21.168 -9.127 35.217 
24.046 -3.559 37.238 
24.900 1.633 41.320 
24.806 5.100 46.717 
23.452 6.132 53.166 
22.569 3.610 59.222 
22.465 -1.341 63.658 
26.083 -6.219 66.367 
32.148 -9.729 66.548 
38.073 -9.514 64.611 
44.337 -7.036 62.625 
47.558 -1.528 63.034 
