162.256 182.861 158.315 
159.062 188.008 155.677 
156.811 191.242 150.875 
154.309 190.058 144.361 
149.626 185.331 141.315 
145.072 180.846 141.852 
139.608 179.244 144.616 
134.799 181.091 148.956 
131.187 184.491 152.503 
129.085 190.641 154.287 
129.926 197.367 152.849 
130.140 201.779 148.600 
128.707 204.295 143.959 
129.197 204.009 137.188 
128.138 199.316 131.460 
123.062 196.644 128.273 
116.459 196.456 128.576 
111.854 200.025 127.332 
108.428 205.729 129.136 
108.763 212.790 129.537 
111.723 218.596 127.576 
115.684 221.839 124.752 
122.453 223.585 122.723 
126.453 218.447 118.789 
128.548 216.219 112.905 
127.146 215.836 106.852 
123.894 217.191 101.496 
122.246 222.872 98.356 
122.958 229.876 97.970 
125.234 235.626 98.629 
130.330 239.067 100.382 
135.673 238.757 104.179 
141.048 236.545 104.815 
146.248 231.558 103.142 
148.588 229.327 97.968 
150.742 227.505 91.666 
151.020 231.354 85.671 
151.582 235.930 81.417 
156.580 240.347 81.801 
158.803 246.244 85.936 
164.749 245.342 87.844 
169.097 244.430 93.641 
170.211 228.126 84.178 
166.413 227.389 90.766 
165.094 230.615 96.154 
161.416 235.795 98.227 
158.835 241.471 98.314 
154.020 244.783 96.172 
147.711 245.306 93.741 
142.995 243.460 88.626 
140.024 238.740 86.607 
138.738 232.554 87.627 
138.125 227.979 90.313 
139.184 223.884 96.192 
138.421 224.509 103.319 
136.754 227.496 108.195 
132.926 231.826 111.324 
126.149 234.546 110.330 
120.600 232.171 110.670 
115.430 227.523 110.342 
112.846 221.640 109.745 
114.600 215.379 110.156 
117.576 210.505 112.574 
121.164 207.874 116.411 
126.046 209.920 121.179 
125.930 213.279 127.324 
121.847 215.173 132.569 
118.317 213.121 138.244 
117.363 207.544 141.581 
114.097 201.824 142.847 
115.170 195.175 142.264 
119.471 191.033 140.605 
124.751 188.510 138.339 
130.353 190.480 135.769 
135.652 192.693 136.842 
137.902 197.614 141.998 
139.878 198.999 147.792 
141.841 195.643 153.464 
142.442 190.703 157.323 
142.801 184.392 158.605 
145.394 179.219 156.174 
148.034 175.314 150.448 
153.165 175.017 147.314 
157.365 176.731 143.057 
113.615 142.533 211.919 
114.543 144.466 205.649 
115.680 149.338 201.306 
117.784 155.505 200.095 
121.238 160.819 202.021 
125.915 163.469 205.900 
131.215 162.649 209.790 
136.305 158.890 211.754 
140.433 153.838 210.585 
143.205 149.636 206.279 
144.757 148.101 200.022 
145.686 150.036 193.751 
146.824 154.910 189.410 
149.514 160.968 188.508 
149.280 167.008 186.649 
148.081 173.029 186.464 
147.490 178.635 184.538 
152.251 183.726 186.769 
170.820 183.383 194.223 
174.958 187.656 191.356 
181.038 188.345 188.936 
187.270 186.234 186.330 
190.296 181.610 182.348 
191.090 176.000 179.146 
188.157 171.099 175.316 
182.761 170.072 171.374 
177.404 172.358 167.393 
174.287 178.514 164.249 
175.012 185.387 161.409 
180.329 189.089 159.713 
186.387 189.872 157.391 
191.360 185.923 153.309 
194.527 181.533 150.138 
195.780 176.090 145.406 
192.764 173.219 139.979 
189.444 173.895 134.761 
184.805 177.569 130.852 
184.935 184.621 128.449 
187.800 190.173 129.469 
194.099 194.153 129.612 
201.420 193.210 127.326 
205.662 192.739 123.079 
208.114 190.259 117.876 
207.616 188.871 112.055 
204.449 187.035 107.787 
199.384 186.238 104.425 
193.672 188.884 102.932 
189.885 194.025 104.250 
189.693 201.095 105.033 
191.983 206.682 102.108 
195.896 210.470 97.800 
199.363 209.624 91.775 
199.347 208.097 85.998 
196.037 206.962 80.808 
191.970 202.608 78.066 
186.784 201.088 76.833 
180.731 200.532 77.940 
176.280 203.760 82.628 
174.718 209.742 84.222 
173.418 216.770 83.769 
171.944 220.828 79.204 
170.643 222.938 72.792 
167.088 222.134 67.911 
163.888 218.898 63.541 
160.359 213.549 62.840 
156.052 208.930 66.433 
152.516 206.978 71.316 
149.827 207.602 77.110 
148.022 211.418 81.898 
144.377 216.356 83.173 
139.231 219.824 82.167 
133.809 221.203 79.854 
128.635 218.110 76.047 
124.981 212.999 75.308 
123.327 205.927 75.253 
123.150 202.234 78.147 
124.646 197.074 81.857 
128.481 194.492 87.587 
128.570 195.671 92.699 
128.189 200.503 97.735 
124.198 203.586 101.012 
117.647 203.412 102.690 
111.866 200.082 104.904 
107.296 194.187 105.493 
107.191 188.302 106.031 
109.623 182.084 107.896 
114.158 177.853 108.348 
119.907 176.579 109.993 
124.465 179.081 113.812 
125.217 182.407 119.577 
123.541 184.847 125.395 
121.000 181.340 130.585 
118.514 176.607 134.299 
117.784 169.203 135.795 
120.645 162.648 133.917 
125.468 159.484 131.886 
130.383 157.904 130.059 
135.665 158.875 126.441 
139.298 164.715 124.786 
143.004 168.951 128.703 
145.866 169.773 134.672 
149.298 167.555 140.506 
152.033 161.672 143.128 
154.910 155.700 141.763 
158.263 151.931 137.873 
161.002 149.472 132.173 
163.894 149.719 126.271 
164.835 154.238 121.773 
167.098 160.415 120.665 
171.524 165.247 123.806 
176.581 167.089 126.409 
182.872 164.209 128.324 
187.583 160.606 128.251 
191.264 155.804 124.445 
192.039 151.878 119.608 
191.904 153.576 113.032 
190.441 156.307 107.536 
188.572 161.440 104.584 
187.449 167.755 104.776 
191.295 174.184 105.228 
196.327 176.971 105.087 
202.807 177.787 105.796 
208.930 175.405 105.361 
173.528 124.510 230.438 
175.926 131.024 229.175 
178.630 133.945 223.594 
177.010 139.000 220.288 
173.493 142.811 217.372 
172.472 148.414 215.779 
170.097 154.262 215.923 
171.269 156.359 211.062 
171.687 159.402 205.616 
171.402 164.308 202.505 
170.999 170.795 203.611 
170.837 175.930 206.225 
172.292 179.413 210.691 
175.289 180.973 215.695 
181.331 179.356 218.086 
186.359 178.315 219.419 
202.415 163.993 94.577 
203.280 161.833 100.107 
205.747 161.713 106.318 
205.112 164.538 112.280 
201.320 169.221 114.550 
194.969 172.276 116.027 
188.538 171.852 115.295 
183.393 168.193 112.889 
181.099 162.098 110.571 
179.642 156.361 113.154 
179.713 150.857 116.094 
180.718 148.839 123.464 
179.137 149.909 129.215 
176.974 153.171 133.910 
174.002 157.923 136.250 
169.676 162.266 135.945 
165.589 165.411 133.218 
160.489 165.513 128.526 
157.453 162.126 123.743 
153.145 157.013 124.496 
150.156 151.889 128.246 
146.484 151.778 133.229 
142.380 153.111 137.415 
138.905 157.358 141.405 
136.799 164.510 141.440 
135.165 170.118 139.306 
134.563 173.988 134.013 
133.947 173.454 126.731 
131.004 169.201 121.806 
126.177 164.790 121.930 
119.811 164.347 121.957 
114.028 167.233 123.155 
110.338 172.790 124.347 
109.375 179.459 124.556 
111.827 186.444 122.315 
114.140 190.625 119.001 
119.347 192.119 115.521 
124.153 190.067 111.404 
123.856 186.296 105.796 
120.845 183.556 100.360 
116.104 185.996 96.430 
111.418 189.842 93.509 
111.087 196.502 92.429 
112.330 203.133 92.646 
116.164 208.286 92.523 
122.246 210.652 91.735 
128.670 209.072 92.343 
133.380 205.536 89.984 
135.821 201.267 86.107 
136.168 199.986 80.055 
136.039 201.567 73.746 
136.655 205.893 69.345 
137.803 211.935 66.847 
139.198 218.100 66.231 
142.975 222.834 69.356 
147.770 224.621 73.339 
152.956 223.120 76.854 
156.122 218.481 80.455 
158.361 212.732 80.568 
160.009 207.084 76.300 
163.921 205.206 71.502 
168.873 206.322 67.340 
174.088 210.785 65.934 
178.762 214.911 66.630 
183.179 215.644 71.009 
184.526 217.497 77.713 
184.536 216.034 83.114 
182.662 213.042 87.910 
181.250 206.452 90.602 
182.212 200.214 89.664 
186.767 196.071 88.246 
192.985 193.623 87.638 
199.033 194.937 88.984 
203.538 197.112 92.429 
206.294 200.665 97.561 
204.800 202.661 103.444 
201.502 202.403 108.895 
196.672 201.152 112.404 
192.911 196.767 113.886 
190.909 189.541 113.786 
192.839 183.325 113.495 
196.810 179.710 116.217 
200.847 178.079 121.244 
204.054 180.297 126.602 
204.191 183.738 132.009 
199.704 187.755 136.088 
193.976 189.499 137.360 
187.281 189.572 139.175 
181.042 185.891 141.472 
179.287 179.808 142.620 
181.416 172.816 143.841 
186.560 171.022 149.197 
191.307 173.252 154.689 
193.402 178.453 159.087 
192.030 184.721 162.818 
188.360 188.561 165.837 
184.162 189.059 168.681 
177.428 188.024 171.099 
173.289 182.664 173.353 
172.159 178.200 177.123 
173.763 173.651 181.700 
178.316 169.265 185.955 
183.516 169.480 189.899 
185.195 171.468 194.701 
185.302 174.445 199.877 
187.103 169.867 202.451 
186.748 166.037 206.537 
184.521 163.803 212.006 
180.786 164.143 216.640 
176.720 165.174 220.627 
170.769 167.074 221.901 
165.108 170.535 220.683 
160.368 169.863 216.746 
157.042 167.552 211.084 
154.913 162.275 205.974 
150.462 165.650 203.065 
145.142 166.881 199.315 
140.350 164.640 195.321 
136.729 159.567 193.073 
134.472 153.390 193.874 
133.252 148.254 197.876 
132.344 145.907 204.007 
130.906 147.035 210.377 
128.301 150.993 215.006 
124.328 156.058 216.583 
119.320 160.079 214.957 
113.997 161.313 211.208 
