29.943 -8.668 8.199 
26.595 -11.415 3.611 
23.265 -11.127 -2.007 
21.527 -8.233 -7.542 
20.924 -3.182 -12.357 
9.538 30.246 17.186 
12.519 28.769 11.436 
17.075 25.155 8.358 
20.950 19.648 8.975 
24.253 14.898 12.567 
23.568 10.437 17.432 
19.781 6.457 21.364 
14.479 2.967 21.350 
8.394 1.216 19.042 
36.515 -0.115 -5.546 
32.075 4.552 -3.669 
25.513 6.940 -4.337 
19.838 5.199 -1.404 
16.400 -0.107 0.238 
12.664 5.861 0.084 
9.686 10.718 3.607 
6.615 13.264 9.064 
4.232 14.514 15.290 
6.868 15.043 21.705 
12.090 15.193 26.030 
18.352 17.379 26.486 
24.065 19.981 24.049 
27.781 23.315 19.839 
27.707 29.065 16.386 
