-13.095 6.776 4.161 
29.707 -1.507 7.847 
26.209 -4.308 3.364 
22.463 -3.856 -2.132 
19.782 -0.326 -7.092 
20.690 3.920 -12.189 
9.688 37.345 17.093 
12.689 35.680 11.363 
16.785 31.738 8.405 
21.010 26.609 8.668 
24.559 21.684 12.296 
23.265 16.985 17.025 
19.554 13.502 21.307 
13.963 9.977 21.132 
8.301 8.634 18.365 
36.417 8.198 -5.421 
31.723 12.125 -3.161 
25.297 14.291 -3.500 
19.270 12.000 -1.545 
16.294 7.623 2.687 
12.622 13.140 -0.009 
9.669 18.127 3.444 
6.541 20.521 9.039 
4.166 21.604 15.267 
7.015 22.314 21.640 
12.307 22.343 25.868 
18.593 24.367 26.408 
24.075 27.253 24.101 
27.960 30.422 19.587 
27.830 36.207 15.736 
