-10.501 -29.535 -9.792 
-8.560 -25.148 -5.332 
-5.203 -23.842 1.191 
-1.760 -25.054 6.380 
3.740 -28.654 7.642 
2.493 -22.981 11.534 
7.224 -19.173 14.574 
13.106 -17.450 16.693 
19.810 -16.668 16.578 
24.943 -15.804 12.089 
27.637 -15.461 5.932 
26.885 -13.256 -0.186 
23.716 -9.666 -4.546 
18.950 -5.600 -7.181 
16.105 0.072 -5.333 
23.392 0.202 11.255 
17.109 -1.340 10.649 
11.791 -4.078 7.560 
9.936 -8.702 2.781 
11.036 -13.498 -1.652 
14.971 -18.667 -2.330 
19.560 -23.293 -0.751 
21.274 -27.172 3.681 
21.227 -30.138 9.714 
16.022 4.393 61.232 
19.787 0.873 57.519 
24.236 0.353 52.426 
28.378 3.122 48.281 
32.320 8.260 45.869 
3.631 -37.794 -7.722 
0.243 -40.990 -3.211 
-3.760 -41.164 1.830 
-8.414 -38.450 5.779 
-12.185 -33.055 8.063 
-2.341 40.109 38.607 
3.818 38.792 39.136 
8.737 35.843 42.398 
10.071 30.874 47.271 
8.178 26.560 52.015 
4.080 21.431 53.071 
-0.065 16.648 50.980 
-0.728 12.237 46.532 
0.086 9.185 40.866 
28.761 15.930 61.861 
25.454 18.648 56.924 
23.154 18.375 50.132 
21.305 14.588 45.052 
16.454 10.978 44.145 
18.354 16.261 40.160 
17.978 17.164 41.632 
13.983 21.366 37.856 
8.323 22.114 34.381 
1.755 22.330 33.279 
-3.930 22.916 36.999 
-7.320 23.423 42.969 
-6.851 26.405 48.989 
-3.148 29.124 53.927 
0.913 33.563 56.527 
4.204 39.145 55.275 
