30.274 -1.815 7.764 
26.615 -4.560 3.291 
23.008 -4.306 -2.136 
21.165 -1.549 -7.608 
20.285 3.143 -12.566 
9.975 36.815 17.655 
12.996 35.548 11.862 
17.489 31.833 8.617 
21.592 26.730 8.918 
24.486 21.715 12.333 
23.607 17.326 17.247 
19.860 13.410 21.084 
14.357 10.018 21.012 
8.556 8.450 18.856 
36.357 7.807 -5.741 
31.661 11.690 -4.315 
25.168 13.723 -3.968 
19.359 11.569 -1.990 
16.329 7.696 2.476 
12.692 13.089 -0.203 
9.883 18.062 3.337 
6.942 20.583 8.891 
4.422 21.773 15.120 
7.217 22.248 21.495 
12.427 22.366 25.780 
18.632 24.264 26.498 
24.193 27.216 24.293 
28.342 30.368 20.160 
28.277 36.138 16.918 
