30.225 -1.649 7.876 
26.646 -4.483 3.332 
23.152 -4.338 -2.162 
21.163 -1.667 -7.772 
20.243 3.181 -12.524 
10.122 36.945 17.430 
13.231 35.659 11.610 
17.732 32.074 8.389 
21.732 26.667 8.804 
24.526 21.558 12.302 
23.439 16.997 17.073 
19.744 13.310 21.048 
14.194 9.890 20.987 
8.272 8.405 18.902 
36.287 7.646 -5.582 
31.552 11.702 -4.193 
25.086 13.794 -4.168 
19.359 11.762 -1.757 
16.264 7.593 2.377 
12.537 13.034 -0.217 
9.791 17.944 3.396 
6.921 20.573 8.891 
4.321 21.783 15.112 
7.235 22.204 21.457 
12.346 22.164 25.794 
18.585 24.201 26.562 
24.173 27.141 24.486 
28.413 30.368 20.308 
28.404 35.944 16.641 
