76.889 -0.827 6.259 
72.803 -4.078 2.498 
68.121 -3.911 -2.462 
65.990 -1.249 -7.983 
66.180 3.261 -12.942 
58.595 37.953 18.880 
61.104 36.886 12.973 
66.029 34.516 8.908 
69.219 28.323 8.726 
71.723 22.984 11.759 
71.359 18.586 16.926 
67.543 15.092 20.589 
62.054 11.352 20.581 
55.948 9.880 18.567 
83.692 6.254 -8.735 
78.923 10.580 -6.141 
72.375 13.242 -5.555 
66.217 11.984 -3.952 
63.362 9.045 1.329 
59.290 14.297 -1.066 
56.498 18.904 2.794 
53.678 20.972 8.633 
51.564 22.407 14.496 
54.536 23.482 20.709 
59.480 23.504 25.255 
66.237 24.505 25.864 
72.189 26.296 23.667 
76.268 30.137 20.144 
76.582 36.283 17.330 
