261.509 228.181 268.802 
264.960 232.523 268.266 
266.978 238.482 265.442 
262.755 242.852 264.377 
257.293 246.132 263.568 
250.535 245.881 263.268 
244.920 244.429 265.040 
241.624 239.511 269.678 
240.528 239.280 274.028 
241.574 237.784 281.255 
248.066 256.373 278.993 
252.869 251.467 279.645 
256.305 246.171 279.872 
256.073 239.087 279.049 
252.818 234.140 276.670 
248.477 231.040 272.334 
246.985 231.362 266.035 
247.903 234.069 260.062 
252.660 235.075 255.609 
258.416 236.489 252.935 
274.134 205.934 243.875 
278.040 211.316 242.534 
275.150 217.147 241.799 
269.976 221.234 240.434 
263.360 221.563 239.595 
256.708 221.600 243.332 
255.785 220.448 249.778 
254.781 218.465 255.071 
257.219 219.163 260.961 
261.192 220.731 265.006 
263.964 231.389 250.393 
269.235 230.783 253.189 
273.283 226.529 256.795 
273.052 221.280 256.227 
270.285 214.925 256.320 
266.002 211.463 254.569 
262.627 209.122 250.913 
257.858 208.777 245.931 
258.065 210.523 239.771 
260.852 213.565 234.501 
