-7.148 37.598 14.544 
-12.994 35.644 13.172 
-18.107 37.875 11.010 
-21.834 41.902 8.444 
-21.361 47.683 4.845 
-17.979 51.868 1.314 
-13.522 53.593 -2.787 
-7.565 54.466 -5.768 
-3.309 50.252 -9.553 
-2.422 44.559 -13.525 
-4.488 39.298 -16.625 
-10.276 36.371 -19.348 
-16.414 36.156 -21.511 
-21.701 39.589 -23.968 
-24.811 45.048 -26.600 
-19.143 34.710 -35.133 
-14.831 32.396 -39.488 
-9.724 34.492 -38.172 
-5.239 37.891 -36.522 
-3.980 43.956 -34.087 
-5.553 49.263 -31.173 
-8.538 52.385 -26.517 
-13.349 55.738 -23.402 
-18.146 54.037 -19.060 
-21.855 49.255 -15.839 
-21.956 43.078 -13.083 
-18.760 38.457 -10.283 
-13.723 35.422 -7.514 
-7.412 35.886 -4.944 
-2.285 39.247 -2.022 
-41.134 7.067 -3.327 
-38.158 1.434 -5.754 
-38.820 -3.867 -7.405 
-41.618 -8.723 -9.499 
-47.693 -10.355 -12.587 
-53.207 -8.633 -15.600 
-55.916 -5.226 -20.191 
-58.618 0.166 -23.339 
-56.608 5.118 -27.364 
-51.884 7.559 -31.592 
-46.272 6.466 -35.231 
-43.051 2.254 -38.698 
-42.248 -3.181 -41.992 
-45.371 -8.394 -44.950 
-50.139 -13.234 -45.887 
-44.818 -3.203 -54.615 
-44.763 2.463 -58.003 
-48.127 6.315 -55.570 
-52.497 8.811 -52.549 
-57.244 7.536 -48.745 
-60.804 3.859 -44.925 
-61.721 -0.995 -41.080 
-61.403 -6.184 -37.855 
-57.357 -10.160 -35.085 
-51.242 -12.592 -33.203 
-45.139 -10.898 -31.336 
-41.340 -6.748 -28.705 
-39.325 -1.148 -26.215 
-41.059 5.332 -24.333 
-45.693 9.571 -20.951 
