-12.811 7.219 3.952 
29.684 -1.459 7.853 
26.194 -4.311 3.420 
22.582 -3.904 -2.125 
20.116 -0.540 -7.241 
20.598 3.924 -12.302 
9.665 37.416 17.074 
12.706 35.805 11.358 
16.823 31.826 8.496 
21.154 26.820 8.691 
24.554 21.758 12.446 
23.233 17.003 17.049 
19.533 13.485 21.231 
13.944 10.015 21.112 
8.263 8.605 18.356 
36.384 8.003 -5.200 
31.671 12.219 -3.452 
25.179 14.274 -3.578 
19.224 12.033 -1.575 
16.221 7.660 2.612 
12.460 13.130 -0.030 
9.578 18.027 3.469 
6.517 20.463 9.024 
4.109 21.577 15.320 
6.967 22.275 21.650 
12.257 22.303 25.891 
18.489 24.332 26.424 
23.952 27.412 24.272 
27.873 30.579 19.823 
27.858 36.281 16.001 
