-13.182 7.446 4.257 
29.634 -1.443 7.862 
26.221 -4.312 3.457 
22.605 -3.902 -2.151 
20.438 -0.705 -7.333 
20.713 3.930 -12.269 
9.725 37.754 16.974 
12.766 35.866 11.352 
17.077 31.882 8.508 
21.303 26.824 8.809 
24.327 21.888 12.303 
23.275 17.022 16.919 
19.652 13.540 21.163 
14.024 10.066 21.033 
8.358 8.759 18.250 
36.348 7.606 -5.124 
31.770 12.151 -3.522 
25.281 14.293 -3.512 
19.384 12.120 -1.395 
16.242 7.673 2.635 
12.541 13.088 -0.160 
9.583 18.104 3.289 
6.584 20.474 8.919 
4.281 21.588 15.202 
7.060 22.258 21.595 
12.307 22.309 25.861 
18.436 24.453 26.465 
23.906 27.585 24.224 
27.777 30.890 20.072 
27.800 36.415 15.887 
