156.082 142.242 139.010 
151.092 139.192 142.354 
145.752 138.141 145.103 
139.458 140.211 146.337 
134.973 145.304 144.930 
132.263 148.809 140.696 
130.047 149.908 135.817 
131.472 150.967 129.258 
135.202 147.916 123.538 
134.541 142.759 119.534 
130.548 137.568 118.625 
125.097 136.479 116.480 
118.323 137.255 117.500 
113.022 141.938 117.800 
110.633 148.131 116.289 
110.962 153.569 114.168 
114.084 160.098 113.377 
121.060 160.391 110.356 
124.865 161.328 105.006 
125.095 160.791 98.809 
122.742 159.858 92.919 
117.748 162.607 89.407 
112.828 167.642 89.004 
109.710 172.940 89.943 
109.981 178.785 92.524 
113.032 182.174 97.242 
117.993 184.787 98.902 
125.296 185.802 98.320 
129.160 186.832 93.714 
132.744 188.125 87.953 
130.740 191.547 82.029 
128.118 195.424 77.850 
127.756 201.987 79.046 
124.030 206.892 83.389 
128.164 210.608 86.374 
130.796 212.603 92.890 
145.344 204.320 84.149 
142.680 200.115 89.945 
138.652 200.466 94.927 
132.091 200.683 96.178 
126.091 202.304 95.665 
120.828 201.009 92.604 
116.832 196.841 89.047 
116.012 192.731 83.196 
118.083 187.730 80.771 
121.930 182.694 81.673 
124.726 178.981 84.300 
127.767 176.438 90.363 
125.861 175.340 97.213 
121.870 175.341 101.635 
115.732 174.768 103.914 
109.556 171.455 101.634 
107.903 165.674 101.003 
108.329 158.826 99.835 
111.350 153.201 98.904 
117.223 150.513 99.766 
122.513 149.380 102.795 
126.263 149.955 107.282 
127.078 154.364 112.817 
123.594 155.620 118.762 
118.899 153.037 123.127 
117.537 148.318 128.102 
120.812 143.625 131.329 
123.035 137.345 132.100 
128.917 134.019 131.870 
135.008 134.882 131.119 
140.535 137.598 129.914 
142.832 143.448 128.372 
144.268 148.754 130.350 
141.176 152.930 135.722 
140.562 154.572 141.748 
143.620 153.214 147.755 
113.963 141.295 210.671 
114.786 143.757 204.575 
115.875 148.982 200.648 
117.997 155.219 199.934 
121.520 160.328 202.246 
126.287 162.611 206.247 
131.654 161.429 209.950 
136.755 157.489 211.483 
140.826 152.535 209.803 
143.489 148.708 205.097 
144.913 147.713 198.704 
145.737 150.177 192.605 
146.826 155.403 188.680 
149.540 161.503 188.254 
149.311 167.683 186.930 
148.149 173.703 187.287 
147.561 179.457 185.864 
152.398 184.312 188.436 
171.100 183.231 195.474 
175.212 187.715 192.907 
181.249 188.580 190.439 
187.419 186.671 187.540 
190.336 182.393 183.116 
191.033 177.079 179.428 
187.996 172.541 175.246 
182.520 171.887 171.334 
177.106 174.535 167.669 
173.971 180.956 165.130 
174.996 188.053 162.704 
180.673 191.338 160.447 
187.273 192.119 158.600 
191.782 188.474 153.771 
194.320 182.736 149.747 
194.590 177.362 144.571 
192.454 177.097 137.288 
187.633 177.815 133.467 
182.211 182.276 131.313 
179.563 187.852 132.718 
180.378 195.162 133.926 
185.955 200.437 133.043 
189.517 203.916 129.658 
193.648 204.878 125.048 
195.185 204.362 119.266 
195.206 201.330 114.531 
193.125 197.394 110.315 
187.733 194.910 107.744 
181.236 195.116 108.232 
175.550 199.353 108.811 
173.042 205.018 106.233 
173.117 210.956 102.634 
176.724 213.834 97.366 
178.663 213.592 91.720 
178.175 211.014 86.037 
179.381 205.503 82.691 
177.499 200.742 80.561 
174.026 195.633 80.554 
168.144 193.688 84.274 
162.340 196.088 85.423 
156.163 199.613 84.584 
152.720 201.649 79.740 
151.135 202.817 73.152 
150.199 200.222 67.720 
151.294 196.289 62.911 
153.330 190.295 61.692 
153.749 183.621 64.535 
152.413 179.062 68.729 
149.491 176.665 73.917 
144.786 177.098 78.208 
138.539 177.288 78.684 
132.798 175.694 76.676 
128.674 172.733 73.378 
128.360 167.313 68.756 
130.141 161.379 67.472 
134.584 155.641 67.270 
136.944 152.792 70.163 
141.366 150.183 74.196 
144.980 150.734 80.588 
143.444 150.896 85.602 
138.803 153.026 90.376 
133.508 151.520 92.798 
129.354 146.200 93.249 
128.043 139.397 94.439 
129.684 132.098 94.309 
134.094 128.217 94.949 
140.160 125.887 97.363 
146.185 126.602 98.731 
150.518 129.967 101.430 
150.907 134.539 105.964 
148.036 136.484 111.693 
144.337 136.009 117.052 
144.779 131.183 121.764 
146.399 125.809 125.062 
151.469 120.364 126.561 
158.558 118.628 125.383 
164.268 120.557 124.339 
168.782 123.535 123.479 
171.792 128.641 120.871 
169.753 135.328 119.784 
168.260 140.339 124.220 
168.607 142.277 130.593 
171.674 142.740 137.004 
177.571 140.757 140.211 
184.151 139.337 139.528 
189.662 140.000 136.402 
194.020 141.258 131.356 
196.411 144.376 126.080 
194.101 148.534 121.732 
190.879 154.320 120.924 
189.475 160.357 124.716 
190.844 165.048 128.161 
196.719 167.772 131.259 
202.437 169.086 132.130 
208.937 169.334 129.171 
213.097 168.053 124.645 
212.576 169.869 118.120 
210.287 171.191 112.390 
205.555 173.400 109.033 
199.952 176.526 108.877 
197.311 183.479 109.886 
198.300 189.100 110.609 
201.596 194.467 112.476 
207.296 197.680 113.223 
174.090 121.433 226.407 
176.507 128.019 225.665 
179.126 131.400 220.307 
177.478 136.729 217.482 
173.932 140.796 214.975 
172.919 146.520 213.892 
170.589 152.346 214.586 
171.682 154.851 209.903 
172.018 158.351 204.733 
171.710 163.508 202.062 
171.370 169.877 203.733 
171.290 174.769 206.785 
172.852 177.843 211.506 
175.954 178.951 216.566 
182.030 177.102 218.692 
187.073 175.924 219.834 
213.505 186.853 101.680 
214.975 185.436 107.320 
215.773 186.443 113.880 
212.403 186.989 119.561 
206.129 186.778 120.994 
199.630 183.685 121.215 
196.064 178.607 119.326 
196.017 172.673 116.098 
199.611 167.354 113.533 
202.797 162.273 115.930 
206.702 158.460 118.953 
207.905 157.001 126.425 
205.332 155.739 131.764 
200.845 155.557 135.910 
195.017 156.007 137.561 
189.017 155.503 136.372 
184.413 154.732 132.875 
181.793 151.509 127.325 
183.161 147.658 122.142 
184.339 141.035 122.205 
185.943 135.025 125.455 
183.088 131.518 129.682 
178.953 128.700 133.015 
172.984 128.233 136.205 
166.146 131.160 135.697 
161.083 133.745 133.177 
158.422 136.420 127.781 
159.421 136.543 120.522 
161.537 132.232 115.236 
161.932 125.738 114.569 
158.318 120.600 113.439 
152.341 117.870 113.492 
145.598 118.429 113.865 
139.819 121.899 113.749 
136.242 128.486 111.841 
134.887 133.328 108.917 
137.427 138.689 106.420 
142.545 141.578 103.300 
146.020 139.678 97.816 
146.990 136.341 91.980 
142.686 134.777 87.196 
137.193 134.018 83.383 
131.987 138.130 82.115 
127.605 143.256 82.409 
126.019 149.465 82.879 
128.070 155.703 83.167 
133.198 159.519 84.976 
139.167 161.168 83.600 
144.495 160.819 80.330 
146.506 161.044 74.474 
146.044 162.758 68.215 
143.669 166.535 63.908 
140.046 171.562 61.530 
136.229 176.615 61.046 
134.500 182.099 64.706 
135.566 186.377 69.459 
139.477 188.928 73.898 
144.548 187.938 78.120 
150.364 185.984 78.768 
156.320 184.204 74.999 
160.837 186.608 71.042 
163.601 191.624 67.835 
163.576 198.610 67.310 
163.197 204.703 68.761 
164.790 207.975 73.858 
163.303 209.319 80.654 
163.720 207.706 85.996 
164.231 203.765 90.432 
168.089 198.164 92.962 
173.630 195.060 92.354 
179.847 196.086 91.887 
185.680 199.351 92.482 
188.238 204.623 94.884 
188.896 208.995 99.048 
187.179 212.692 104.519 
183.926 212.067 109.984 
181.354 208.691 114.741 
178.856 203.766 117.333 
179.713 197.927 118.197 
184.067 191.831 117.889 
190.108 189.395 118.093 
195.003 189.781 121.576 
198.101 191.180 127.292 
197.788 194.319 133.070 
194.608 195.786 138.405 
188.043 195.386 141.360 
183.569 192.900 143.177 
178.598 188.184 143.716 
177.745 181.060 143.589 
181.123 175.192 144.642 
186.155 173.468 149.591 
190.499 175.929 155.122 
193.027 181.023 159.907 
191.728 187.169 163.902 
188.138 190.757 167.308 
183.998 191.028 170.265 
177.303 189.823 172.714 
173.171 184.309 174.575 
172.083 179.540 177.967 
173.742 174.605 182.101 
178.345 169.846 185.874 
183.620 169.691 189.720 
185.400 171.247 194.643 
185.626 173.764 200.053 
187.443 168.971 202.188 
187.138 164.804 205.933 
184.999 162.117 211.232 
181.354 162.074 215.948 
177.370 162.777 220.087 
171.458 164.590 221.635 
165.798 168.172 220.829 
160.981 167.867 216.940 
157.534 166.070 211.165 
155.275 161.268 205.661 
150.792 164.904 203.140 
145.410 166.481 199.613 
140.530 164.617 195.534 
136.833 159.778 192.926 
134.551 153.566 193.234 
133.371 148.110 196.799 
132.563 145.246 202.720 
131.252 145.824 209.192 
128.761 149.381 214.194 
124.852 154.310 216.279 
119.841 158.483 215.103 
114.457 160.064 211.578 
