33.992 -2.637 12.117 
26.115 -4.970 3.231 
22.541 -4.425 -2.285 
20.000 -1.070 -7.311 
20.651 3.496 -12.240 
9.710 37.075 17.221 
12.564 35.244 11.613 
16.913 31.287 8.596 
21.557 26.266 9.013 
24.357 21.324 12.518 
23.205 16.733 17.240 
19.527 13.014 21.431 
13.831 9.734 21.388 
8.432 8.102 18.977 
8.287 8.255 18.718 
4.971 5.882 15.425 
37.159 1.658 -3.929 
36.359 7.240 -5.172 
31.689 11.565 -3.401 
25.229 13.544 -2.908 
19.346 11.571 -1.318 
16.339 7.344 2.880 
12.597 12.690 0.075 
9.640 17.761 3.516 
6.504 20.172 9.119 
4.166 21.200 15.399 
6.998 21.877 21.719 
12.267 21.912 26.029 
18.511 24.088 26.595 
23.948 27.365 24.325 
27.951 30.708 20.067 
27.740 36.058 16.078 
