206.410 274.710 343.913 
210.239 269.738 341.761 
213.450 266.208 336.570 
216.416 268.122 330.779 
219.304 272.042 326.331 
222.442 277.203 324.177 
225.394 282.231 327.542 
228.735 285.221 330.399 
232.006 286.211 336.894 
236.119 282.409 340.377 
240.234 277.870 341.907 
243.762 272.260 339.247 
246.907 268.525 334.993 
250.719 267.809 328.793 
253.043 270.928 322.751 
256.998 275.757 320.502 
261.149 280.399 320.821 
267.109 280.983 322.978 
270.568 276.189 322.252 
275.394 272.914 323.033 
277.122 268.960 320.432 
277.084 263.812 317.812 
274.943 259.909 313.437 
270.912 256.181 310.040 
265.497 257.408 305.836 
261.199 262.175 302.392 
257.443 267.602 301.473 
258.801 274.369 300.413 
263.433 278.923 296.506 
269.143 280.601 293.716 
272.830 278.850 288.698 
273.619 273.601 283.915 
274.534 268.295 280.446 
269.223 264.145 278.177 
265.009 264.026 275.491 
260.159 265.792 271.847 
254.666 268.615 270.241 
253.023 273.592 266.072 
255.439 279.350 262.992 
260.570 283.420 259.877 
265.899 282.012 255.878 
268.839 277.519 251.717 
268.508 272.024 247.878 
264.737 267.629 244.488 
258.901 266.225 241.560 
253.297 268.381 238.661 
249.681 273.417 236.099 
249.558 279.350 233.228 
252.585 284.075 229.710 
257.731 286.131 225.953 
263.026 284.520 222.105 
265.984 280.089 218.093 
265.505 274.544 214.349 
261.747 270.327 210.849 
255.849 268.721 208.133 
250.772 270.789 204.399 
247.661 275.594 200.690 
248.207 281.410 197.321 
252.099 285.858 194.128 
258.040 287.549 191.495 
263.907 285.592 188.921 
267.613 280.760 186.088 
267.922 274.875 182.875 
264.929 270.334 178.999 
259.713 268.628 175.051 
254.850 270.747 170.908 
252.084 276.468 168.832 
251.946 280.285 165.070 
254.828 284.894 161.628 
258.573 285.645 157.751 
264.856 285.203 155.710 
268.649 280.667 152.572 
269.123 274.870 149.313 
266.191 270.110 145.735 
261.111 267.912 142.201 
255.817 269.317 138.472 
252.540 273.680 134.698 
252.346 279.299 131.298 
255.648 284.011 128.013 
261.159 285.989 124.914 
266.852 284.449 121.895 
270.628 279.957 118.821 
271.119 274.202 115.576 
268.219 269.356 112.114 
263.106 267.248 108.466 
263.707 285.550 105.229 
257.416 284.083 107.441 
253.741 279.610 110.711 
253.430 273.943 114.216 
256.485 269.414 117.985 
261.607 267.462 121.591 
266.882 269.134 125.238 
270.131 273.786 128.755 
270.073 279.549 132.023 
266.648 284.302 135.115 
261.104 286.168 138.247 
255.432 284.694 141.215 
251.865 280.229 144.588 
251.433 274.605 147.950 
254.460 269.986 151.607 
259.609 268.281 155.460 
264.807 269.970 159.130 
268.197 275.164 161.410 
269.036 278.894 165.251 
267.266 283.551 169.505 
262.305 286.965 171.981 
256.116 286.221 174.556 
251.523 282.277 177.377 
250.116 276.759 180.760 
252.143 271.677 184.568 
256.781 269.010 188.552 
261.890 269.909 192.703 
265.419 273.899 196.652 
265.955 279.587 200.120 
262.917 284.929 202.829 
257.438 287.556 205.583 
252.276 286.374 209.910 
248.339 282.130 213.375 
247.710 276.164 216.418 
250.599 270.751 219.058 
255.967 267.947 221.723 
261.861 268.601 224.738 
266.269 272.338 228.102 
267.473 277.810 231.807 
265.199 282.569 235.748 
260.508 284.868 239.859 
255.019 283.816 243.610 
251.179 279.372 246.916 
250.615 273.520 249.992 
253.519 268.119 252.787 
259.073 265.241 255.194 
264.884 266.103 258.461 
268.948 271.757 261.707 
269.035 278.895 264.822 
265.003 283.085 269.756 
259.756 282.925 273.829 
256.188 279.704 277.856 
255.695 274.184 281.531 
254.788 268.169 284.114 
258.972 264.037 286.720 
265.238 262.439 288.803 
272.431 262.822 289.557 
275.813 266.424 293.904 
275.587 272.599 298.169 
272.933 274.687 303.618 
268.400 276.004 308.172 
262.592 273.809 311.509 
259.894 268.823 314.378 
259.406 265.056 317.798 
260.395 260.033 323.207 
263.029 261.693 328.738 
263.908 263.512 334.138 
264.512 269.432 336.678 
263.923 274.265 338.308 
260.083 278.995 337.192 
255.153 283.273 335.920 
251.989 286.066 330.048 
248.882 284.690 326.595 
245.238 281.223 321.140 
241.533 275.798 321.556 
238.926 270.786 324.822 
236.795 266.907 328.902 
235.375 267.786 335.825 
231.587 270.991 340.026 
228.093 276.667 342.620 
224.019 281.781 341.263 
220.224 284.786 336.840 
215.989 284.611 331.410 
212.289 280.997 327.152 
209.107 275.084 325.935 
