306.011 261.883 227.299 
300.805 264.165 223.650 
293.807 262.051 225.529 
289.632 265.679 225.488 
286.022 270.162 229.826 
286.026 275.227 234.142 
288.049 281.475 236.809 
290.969 287.546 234.887 
293.517 291.048 229.486 
295.096 293.087 223.019 
292.411 294.258 216.805 
286.892 294.713 213.147 
279.900 292.942 213.053 
274.628 296.160 215.012 
271.020 299.638 220.095 
270.249 303.658 224.604 
272.054 309.255 228.249 
275.366 314.935 228.046 
279.054 319.115 223.951 
280.077 322.027 217.947 
278.082 323.904 211.535 
272.716 324.907 207.500 
266.054 325.875 206.764 
260.880 328.554 208.286 
256.665 331.460 212.823 
255.207 334.447 218.306 
257.176 339.953 221.326 
261.428 345.009 222.659 
265.134 349.824 220.522 
267.705 353.800 215.758 
267.514 355.982 209.417 
263.708 357.640 204.659 
258.016 359.401 201.976 
251.442 361.272 202.318 
246.900 363.250 206.369 
243.815 364.614 212.420 
243.694 368.246 217.343 
246.066 374.635 219.244 
251.463 378.678 221.070 
255.181 383.487 216.630 
256.274 386.469 210.771 
253.496 388.493 204.465 
247.886 388.606 199.315 
240.423 389.328 197.495 
234.554 391.387 200.874 
246.776 402.350 208.508 
244.468 398.668 212.998 
238.899 394.247 214.641 
237.656 388.199 212.774 
237.664 382.664 207.668 
241.851 379.391 202.615 
249.276 378.618 201.030 
256.396 377.508 203.616 
261.145 375.542 209.008 
261.442 371.965 215.354 
259.558 368.187 220.028 
255.809 363.022 221.927 
250.384 358.874 219.989 
247.523 354.769 215.931 
248.453 350.244 211.456 
251.660 347.021 206.626 
256.859 345.288 203.325 
263.310 343.809 203.239 
269.282 342.594 206.376 
272.630 341.484 212.101 
272.982 338.719 218.166 
270.148 335.381 223.486 
267.183 330.331 225.141 
263.414 324.787 224.135 
259.975 320.762 219.856 
261.510 316.738 214.779 
265.925 313.743 210.816 
272.812 312.855 208.728 
279.331 312.193 210.494 
284.447 311.411 214.912 
286.577 308.849 220.438 
285.295 306.604 227.409 
281.510 302.503 230.656 
277.902 296.342 230.105 
275.975 290.884 227.290 
277.222 285.797 222.708 
280.830 282.433 218.376 
287.336 280.594 216.586 
293.790 281.753 218.263 
299.014 283.226 222.404 
301.309 280.529 227.568 
300.696 278.638 234.755 
297.682 274.732 238.611 
294.279 268.523 240.811 
290.985 262.750 237.218 
