181.489 178.356 161.116 
182.808 179.311 156.748 
182.168 179.279 150.438 
181.641 177.244 145.387 
179.064 172.743 142.393 
176.134 168.763 140.723 
170.903 190.541 163.819 
167.281 189.425 164.805 
160.574 187.149 165.718 
157.527 182.270 166.767 
155.294 178.506 172.311 
156.312 175.320 178.678 
158.843 176.475 184.653 
161.054 179.957 188.930 
160.987 185.702 192.312 
159.323 192.971 192.742 
153.424 197.614 191.583 
147.163 199.291 191.351 
140.680 196.809 189.649 
136.273 193.184 193.269 
133.558 188.035 197.322 
134.542 184.481 203.152 
141.314 202.683 206.416 
146.063 198.042 207.941 
147.648 192.030 207.075 
148.030 186.897 204.077 
146.767 182.174 200.091 
144.809 181.251 193.521 
143.775 183.765 187.315 
144.995 188.579 181.851 
149.408 193.423 180.603 
156.366 194.560 180.145 
163.626 192.583 180.681 
168.339 187.810 180.728 
169.809 181.266 181.202 
169.542 175.922 177.690 
169.715 171.961 172.474 
169.284 171.395 166.154 
169.475 171.915 160.722 
171.926 167.169 159.564 
174.670 162.093 157.544 
179.526 160.453 154.127 
185.014 162.101 150.925 
189.421 163.948 148.820 
194.131 168.298 149.459 
