9.601 10.869 44.020 
15.519 5.345 34.716 
19.885 4.644 29.875 
23.939 7.173 25.439 
27.401 12.343 22.536 
-7.228 40.710 13.086 
-1.112 38.826 13.838 
4.112 36.137 16.933 
5.473 31.655 22.246 
3.581 27.822 27.381 
-1.086 23.181 28.958 
-5.467 18.493 27.452 
-6.451 13.779 23.165 
-5.772 10.869 17.272 
23.084 22.006 37.199 
20.373 23.791 31.953 
17.800 22.142 25.536 
16.424 17.527 21.054 
12.322 12.087 21.131 
13.409 15.869 15.461 
9.030 20.011 12.404 
2.784 21.681 10.309 
-3.767 22.366 9.210 
-9.252 23.817 13.167 
-12.419 25.051 19.041 
-11.417 27.870 25.102 
-7.294 30.400 29.753 
-2.841 35.047 31.192 
-0.231 41.061 29.438 
