189.375 181.589 174.369 
188.176 183.687 168.246 
185.925 182.050 161.945 
184.998 179.828 156.341 
182.217 174.726 153.843 
178.938 170.825 152.669 
172.699 191.902 174.882 
166.810 189.064 172.891 
161.571 185.721 177.271 
159.538 182.318 182.483 
160.079 179.818 189.529 
163.120 181.799 195.962 
165.400 186.452 200.132 
165.557 193.103 201.871 
163.508 199.711 201.323 
158.694 203.840 199.785 
151.337 204.535 198.306 
145.485 202.616 199.071 
140.487 198.543 201.820 
138.692 194.606 207.810 
139.379 193.534 214.272 
145.047 210.422 215.213 
151.387 206.423 215.789 
153.207 199.758 215.730 
152.989 193.238 214.431 
150.902 189.312 209.782 
149.200 187.268 203.476 
148.233 189.679 197.145 
149.442 193.984 191.554 
154.563 198.023 188.912 
161.133 199.690 188.524 
167.811 198.022 189.941 
172.290 193.311 191.950 
174.061 187.024 192.131 
174.400 180.990 189.119 
173.579 177.178 184.017 
172.935 175.640 178.142 
173.358 175.563 172.542 
173.315 169.494 171.993 
178.317 165.569 170.124 
183.957 163.624 167.126 
187.207 162.570 160.513 
193.322 165.777 160.397 
197.338 171.573 158.420 
