30.318 -55.375 2.189 
35.310 -57.350 6.950 
39.278 -60.883 3.955 
43.392 -66.212 5.247 
45.654 -71.000 9.452 
45.860 -73.975 15.161 
45.918 -74.334 21.682 
42.369 -73.719 27.284 
36.683 -75.760 29.391 
30.312 -78.227 28.694 
26.449 -82.976 25.828 
26.363 -88.766 22.145 
27.533 -93.925 19.765 
31.551 -98.696 20.088 
37.063 -102.124 22.476 
39.448 -105.279 26.604 
39.565 -91.808 37.646 
44.164 -91.673 31.813 
44.972 -92.067 25.281 
43.326 -90.942 18.877 
38.800 -88.597 13.858 
33.766 -85.067 12.116 
29.244 -79.428 13.341 
29.037 -73.868 14.187 
29.383 -68.102 18.559 
32.914 -65.088 23.672 
39.243 -62.967 24.086 
46.244 -63.440 22.955 
54.992 -93.218 -32.508 
60.079 -92.291 -28.864 
58.821 -88.099 -24.484 
61.468 -82.748 -21.202 
66.555 -78.373 -20.141 
72.568 -75.782 -22.538 
78.363 -76.195 -26.445 
80.649 -75.785 -31.856 
79.018 -75.201 -38.555 
76.905 -71.814 -42.920 
71.372 -67.793 -45.288 
68.828 -61.842 -44.294 
67.341 -55.788 -41.192 
70.021 -51.459 -37.868 
74.481 -47.962 -33.905 
80.426 -46.088 -32.296 
85.923 -58.330 -34.219 
81.330 -59.825 -29.170 
75.152 -60.087 -27.265 
67.915 -60.897 -29.153 
63.316 -65.784 -32.426 
61.974 -70.945 -36.170 
64.077 -76.846 -38.984 
67.630 -81.667 -39.197 
73.542 -85.462 -37.911 
76.624 -87.367 -32.402 
77.842 -86.448 -25.135 
