54.217 -0.381 42.768 
46.753 0.462 33.515 
42.383 0.599 28.316 
38.512 -2.583 23.911 
34.361 -7.640 22.409 
70.194 -39.069 15.169 
63.861 -38.334 15.884 
58.817 -34.929 18.974 
57.119 -30.385 23.903 
58.884 -25.669 28.559 
62.602 -20.226 29.075 
66.978 -15.365 27.427 
67.652 -10.988 22.984 
66.561 -8.388 16.792 
62.456 -6.602 12.466 
37.595 -14.976 38.669 
41.149 -17.531 34.009 
43.272 -17.619 27.128 
45.300 -14.170 21.829 
50.059 -10.107 20.806 
49.499 -16.463 18.238 
53.000 -20.463 13.566 
58.938 -21.360 11.052 
65.637 -21.495 9.662 
71.318 -22.059 13.736 
74.627 -22.372 19.667 
74.076 -25.101 25.753 
70.746 -28.451 30.686 
65.835 -32.247 33.127 
63.191 -38.228 31.838 
