33.635 -4.038 12.367 
26.159 -4.931 3.264 
22.758 -4.567 -2.220 
20.360 -1.521 -7.510 
20.533 3.331 -12.252 
9.818 36.955 17.332 
12.777 35.108 11.711 
17.224 31.209 8.743 
21.750 26.164 9.145 
24.457 21.207 12.895 
23.278 16.657 17.511 
19.416 12.939 21.495 
13.794 9.779 21.505 
8.302 8.212 18.691 
36.566 1.428 -3.999 
36.427 7.088 -5.208 
31.667 11.541 -3.594 
25.160 13.644 -3.865 
19.279 11.535 -1.271 
16.241 7.343 2.851 
12.518 12.691 0.073 
9.565 17.731 3.619 
6.527 20.141 9.179 
4.148 21.153 15.475 
6.990 21.846 21.849 
12.321 21.775 26.084 
18.609 23.883 26.646 
23.964 27.291 24.544 
27.927 30.552 20.238 
27.823 35.939 16.143 
