25.222 -6.457 -11.714 
25.214 -7.608 -4.831 
28.140 -10.446 0.456 
33.591 -13.038 3.708 
40.169 -13.230 4.644 
40.153 -13.256 4.649 
45.606 -9.637 5.237 
45.521 -9.797 5.382 
49.469 -4.649 2.876 
48.664 -4.417 5.550 
27.992 4.624 13.294 
33.855 3.810 15.318 
33.823 3.808 15.455 
33.733 6.696 9.824 
35.491 8.804 3.886 
35.500 8.797 3.879 
38.662 8.467 -2.086 
38.669 8.435 -2.002 
42.019 4.591 -5.938 
42.035 4.618 -5.962 
43.869 -1.285 -8.439 
45.635 -7.409 -8.940 
43.283 -13.679 -8.242 
39.487 -18.640 -5.742 
33.392 -21.118 -4.752 
