25.078 -6.493 -11.742 
26.874 -5.825 -11.399 
25.378 -7.460 -4.759 
28.457 -10.246 0.461 
33.899 -12.748 3.446 
40.419 -13.175 4.378 
46.047 -9.727 4.822 
46.062 -9.705 4.788 
49.189 -4.020 4.173 
49.753 -4.556 2.966 
51.116 1.380 3.978 
28.394 4.257 13.043 
34.286 3.893 15.061 
34.181 6.027 9.617 
35.289 8.982 3.751 
38.512 8.387 -2.172 
42.001 4.811 -5.904 
42.037 4.824 -5.907 
43.776 -1.407 -8.680 
45.184 -1.274 -8.483 
45.608 -7.652 -9.527 
45.600 -7.657 -9.529 
43.152 -13.871 -8.466 
39.400 -18.733 -5.841 
33.382 -21.125 -4.920 
