-15.318 -34.426 21.919 
-15.202 -31.247 28.005 
-15.459 -27.147 33.086 
-19.939 -24.356 37.097 
-34.664 -19.848 9.380 
-28.701 -22.075 6.679 
-22.665 -19.460 5.539 
-18.183 -14.992 6.978 
-15.710 -9.868 9.831 
-15.690 -9.895 9.813 
-13.699 -7.510 14.099 
-34.661 -28.519 27.375 
-31.555 -22.699 25.733 
-27.262 -17.502 26.998 
-22.530 -15.943 24.449 
-29.105 -12.990 23.642 
-31.178 -7.692 20.220 
-29.734 -3.636 15.011 
-29.801 -3.556 15.109 
-27.006 -1.628 9.272 
-28.417 -2.043 8.915 
-26.276 -4.149 3.031 
-26.780 -8.323 -2.065 
