190.184 181.822 174.159 
188.662 183.908 168.101 
186.142 182.311 161.857 
185.124 180.109 156.220 
182.418 174.915 153.754 
179.163 170.889 152.744 
172.795 192.132 174.081 
166.881 189.004 172.487 
161.934 185.475 177.084 
159.991 182.224 182.467 
160.694 180.055 189.629 
163.958 182.176 195.932 
166.356 186.794 200.051 
166.389 193.416 202.025 
164.228 200.015 201.711 
159.332 204.068 200.180 
151.993 204.637 198.499 
146.183 202.767 199.131 
141.104 198.898 201.989 
139.181 195.142 208.025 
139.863 193.905 214.455 
146.332 210.484 215.784 
152.663 206.383 215.851 
154.299 199.637 215.641 
153.885 193.092 214.367 
151.701 189.154 209.717 
149.900 187.254 203.365 
148.936 189.892 197.120 
150.188 194.270 191.632 
155.247 198.283 188.942 
161.765 199.994 188.350 
168.466 198.398 189.596 
172.895 193.669 191.604 
174.581 187.418 191.820 
175.088 181.396 188.877 
174.318 177.537 183.820 
173.623 175.954 177.995 
174.020 175.776 172.482 
173.982 169.686 172.124 
179.076 165.847 170.271 
184.679 163.925 167.124 
187.600 162.874 160.320 
193.749 166.042 159.999 
197.730 171.873 158.059 
