37.380 4.338 7.035 
34.703 0.462 2.495 
31.194 -0.095 -3.073 
28.064 2.595 -8.253 
27.588 7.669 -12.619 
8.702 38.343 20.726 
10.606 37.274 14.621 
15.437 34.988 10.136 
19.866 30.319 9.799 
24.965 26.138 12.086 
25.379 21.125 16.467 
22.606 16.165 19.992 
18.241 11.518 19.567 
12.956 8.320 17.438 
40.802 16.916 -5.246 
34.987 18.694 -3.440 
27.805 17.860 -2.736 
22.629 13.992 -2.195 
20.962 9.845 2.468 
18.020 15.910 0.566 
12.748 19.773 2.960 
8.611 21.092 7.961 
5.552 21.160 14.066 
7.904 21.794 20.513 
12.860 22.410 25.293 
18.505 25.318 26.492 
23.612 29.249 24.456 
27.301 32.330 19.512 
26.116 38.726 17.719 
