25.146 -6.216 -11.813 
25.101 -6.208 -11.840 
25.100 -7.499 -4.884 
27.833 -10.431 0.508 
33.244 -12.672 3.760 
33.054 -12.657 3.817 
39.765 -12.952 4.717 
39.570 -12.990 4.984 
45.357 -9.568 5.123 
45.048 -9.499 5.563 
48.817 -4.371 4.654 
48.724 -4.203 4.789 
48.244 -4.463 5.634 
48.594 -4.401 5.003 
50.522 1.497 3.896 
49.703 1.950 5.910 
27.582 4.858 13.261 
33.858 3.964 15.290 
33.841 3.954 15.337 
34.181 5.814 10.222 
34.127 5.884 10.238 
35.060 8.792 3.916 
35.029 8.836 3.917 
35.114 8.760 4.032 
35.115 8.759 4.033 
38.280 8.427 -1.951 
38.300 8.426 -1.962 
41.544 4.582 -5.919 
41.446 4.528 -5.809 
43.487 -1.286 -8.491 
43.495 -1.293 -8.499 
45.250 -7.537 -8.991 
42.976 -13.718 -8.052 
39.194 -18.666 -5.515 
33.092 -20.914 -4.784 
