25.059 -6.619 -11.721 
25.308 -7.691 -4.873 
28.337 -10.593 0.455 
33.874 -13.060 3.577 
40.401 -13.268 4.440 
40.398 -13.287 4.445 
45.874 -9.631 5.088 
45.862 -9.658 5.107 
49.543 -4.668 3.305 
48.910 -4.461 5.448 
47.798 -4.487 6.488 
28.249 4.297 13.215 
34.066 3.778 15.227 
34.053 3.770 15.293 
33.933 6.470 9.602 
35.723 8.815 3.802 
35.744 8.803 3.795 
38.884 8.397 -2.087 
38.893 8.391 -2.065 
42.106 4.539 -5.924 
42.115 4.559 -5.948 
44.020 -1.280 -8.474 
45.771 -7.545 -9.057 
43.218 -13.655 -8.235 
39.564 -18.663 -5.772 
33.551 -21.153 -4.994 
