37.081 4.103 7.144 
34.369 0.410 2.524 
30.950 -0.156 -3.097 
28.063 2.720 -8.344 
27.958 7.865 -12.709 
8.246 38.065 20.468 
10.344 37.034 14.324 
15.179 34.731 9.972 
19.781 30.125 9.640 
24.846 26.060 12.118 
25.261 21.021 16.652 
22.316 16.112 20.028 
17.888 11.577 19.600 
12.619 8.220 17.512 
40.844 16.839 -4.925 
34.865 18.237 -2.601 
27.886 17.669 -2.516 
22.564 13.814 -2.299 
20.677 9.654 2.324 
17.786 15.791 0.310 
12.865 19.449 2.986 
8.459 21.032 7.665 
5.346 21.162 13.750 
7.541 21.945 20.313 
12.478 22.498 25.051 
18.188 25.294 26.429 
23.417 29.124 24.437 
27.058 32.713 20.001 
25.658 38.761 17.587 
