37.017 4.316 7.228 
34.401 0.527 2.667 
30.950 -0.001 -2.913 
27.712 2.854 -8.033 
27.178 7.714 -12.290 
8.561 38.358 20.124 
10.929 37.468 13.827 
15.393 34.909 9.654 
20.493 30.082 9.432 
24.898 26.020 12.385 
25.184 20.864 16.580 
22.377 15.913 20.156 
18.044 11.352 19.776 
12.694 8.106 17.706 
40.744 16.769 -5.029 
34.733 18.387 -2.685 
27.779 17.807 -2.290 
22.498 13.875 -2.073 
22.493 13.899 -2.076 
20.485 8.837 0.656 
20.766 8.898 1.651 
17.725 15.074 0.978 
17.654 14.849 1.045 
12.576 18.994 3.111 
8.614 20.765 8.117 
5.431 20.994 14.266 
7.800 21.698 20.671 
12.701 22.283 25.385 
18.519 25.546 26.130 
24.330 27.965 23.660 
27.370 32.492 19.787 
26.366 38.461 16.970 
