189.514 181.458 174.405 
188.051 183.655 168.350 
185.761 182.052 161.987 
184.981 179.800 156.317 
182.453 174.571 153.793 
179.237 170.633 152.549 
172.437 191.839 174.108 
166.345 189.184 172.354 
161.355 185.754 176.978 
159.405 182.457 182.258 
159.775 180.069 189.342 
162.740 181.979 195.850 
165.098 186.530 200.056 
165.488 193.181 201.890 
163.782 199.891 201.308 
159.075 204.102 199.462 
151.753 204.837 197.725 
145.815 203.238 198.497 
140.529 199.501 201.178 
138.636 195.433 207.027 
139.217 193.914 213.381 
145.499 210.545 214.689 
151.717 206.342 215.383 
153.313 199.602 215.489 
152.783 193.061 214.181 
150.644 189.266 209.370 
148.842 187.488 202.989 
147.923 190.191 196.749 
149.201 194.687 191.348 
154.504 198.440 188.645 
161.172 199.879 188.121 
167.854 198.154 189.705 
172.293 193.458 191.808 
174.110 187.165 191.814 
174.437 181.141 188.703 
173.446 177.326 183.687 
172.789 175.792 177.867 
173.481 175.668 172.368 
173.342 169.554 171.849 
178.298 165.633 169.924 
183.939 163.642 166.984 
187.163 162.601 160.322 
193.322 165.757 160.188 
197.429 171.454 158.267 
