33.148 -0.078 4.242 
30.743 -3.443 -0.518 
27.829 -3.672 -6.395 
25.996 -0.763 -12.069 
25.540 4.695 -16.248 
7.475 36.149 20.208 
10.420 36.365 13.968 
15.119 34.176 9.884 
20.446 29.492 9.298 
23.304 24.142 11.587 
22.428 18.163 14.131 
19.346 13.093 17.117 
14.742 8.996 16.691 
9.567 5.846 13.681 
40.125 10.134 -7.118 
34.515 13.427 -6.284 
27.840 14.373 -6.573 
21.671 11.549 -6.152 
19.210 7.438 -1.339 
18.524 7.266 -3.245 
16.099 13.528 -2.817 
11.227 17.606 -0.029 
6.821 19.181 4.250 
3.082 18.997 10.058 
4.835 19.555 16.772 
8.865 20.036 22.216 
14.864 21.868 24.346 
20.453 25.260 23.901 
25.443 28.707 20.332 
25.685 34.791 18.001 
