33.169 -4.522 13.850 
26.094 -4.728 4.459 
22.944 -3.696 -1.218 
21.285 0.313 -6.192 
22.662 5.728 -9.898 
11.183 34.886 16.331 
14.157 33.277 11.148 
19.197 29.733 8.032 
22.725 24.327 9.897 
24.633 19.662 14.488 
23.511 16.285 20.192 
18.917 12.508 23.022 
13.366 9.826 23.080 
8.031 8.060 19.996 
7.878 8.242 19.874 
4.163 6.369 16.613 
38.550 7.534 4.751 
36.345 8.979 1.039 
32.104 12.622 0.913 
25.634 14.056 0.855 
19.592 11.972 0.543 
16.441 7.350 4.235 
12.834 12.789 1.391 
9.868 17.799 4.793 
6.755 20.229 10.328 
4.251 21.402 16.393 
6.886 22.181 22.766 
12.075 23.373 26.866 
18.612 24.715 27.354 
24.538 26.630 24.890 
28.962 28.994 20.582 
29.200 34.429 16.631 
