33.784 -3.035 12.328 
25.994 -5.078 3.261 
22.417 -4.533 -2.254 
20.088 -1.261 -7.436 
20.521 3.230 -12.262 
9.376 36.829 17.301 
12.131 34.839 11.689 
16.874 31.317 8.613 
21.270 26.432 9.071 
24.205 21.461 12.648 
22.969 16.851 17.286 
19.395 13.059 21.456 
13.657 9.773 21.359 
8.250 8.210 18.923 
4.773 5.948 15.427 
36.278 6.464 -5.236 
31.595 11.444 -3.262 
25.014 13.634 -3.646 
19.214 11.400 -1.371 
16.259 7.238 2.921 
12.613 12.740 0.143 
9.681 17.807 3.578 
6.501 20.225 9.152 
4.169 21.278 15.460 
6.881 21.935 21.772 
12.141 22.105 26.108 
18.272 24.287 26.683 
23.737 27.403 24.355 
27.621 30.948 20.154 
27.460 36.220 16.242 
