43.935 2.688 8.122 
34.950 -0.230 1.003 
30.001 -0.706 -3.544 
25.606 2.308 -7.548 
24.780 7.438 -12.026 
14.762 38.079 23.006 
15.700 36.525 16.515 
19.412 34.287 11.572 
24.220 29.383 10.399 
29.027 25.096 12.408 
30.035 19.917 16.511 
27.991 15.136 20.781 
23.466 10.732 21.424 
17.620 7.519 20.717 
39.487 15.779 -7.512 
34.111 17.590 -4.185 
27.535 17.215 -2.334 
22.455 13.284 -0.701 
21.795 9.281 4.299 
18.262 15.236 3.055 
15.015 19.195 7.095 
10.678 19.877 12.241 
10.398 20.643 18.943 
14.193 21.405 24.691 
20.166 21.935 28.012 
25.990 25.105 27.483 
30.905 28.058 23.899 
33.145 32.033 19.061 
31.699 38.117 16.810 
