25.437 -6.496 -11.713 
25.333 -6.513 -11.766 
25.432 -7.592 -4.864 
28.384 -10.384 0.501 
33.875 -12.946 3.662 
40.462 -13.226 4.562 
40.423 -13.182 4.550 
45.905 -9.712 5.114 
45.975 -9.662 5.114 
49.291 -4.275 4.713 
49.392 -4.378 5.049 
28.221 4.622 13.245 
34.374 3.803 15.186 
35.053 5.541 9.894 
35.043 5.570 9.878 
35.558 8.878 3.736 
35.576 8.887 3.684 
35.802 8.822 3.900 
35.793 8.818 3.898 
38.767 8.458 -2.068 
38.760 8.438 -2.097 
42.171 4.748 -5.992 
42.170 4.747 -5.990 
43.982 -1.245 -8.540 
45.777 -7.466 -9.012 
43.506 -13.802 -8.142 
39.639 -18.757 -5.692 
33.565 -21.194 -4.793 
