37.066 4.113 7.390 
34.212 0.581 2.869 
30.911 -0.019 -2.796 
27.719 2.912 -8.032 
27.298 8.079 -12.084 
8.482 38.404 19.850 
10.690 36.997 13.760 
15.306 34.737 9.433 
20.477 29.999 9.493 
24.898 26.091 12.402 
24.898 20.865 16.420 
22.200 15.924 20.176 
17.758 11.402 19.953 
12.632 8.124 17.985 
40.951 16.315 -4.597 
34.862 18.202 -2.587 
27.779 17.793 -2.190 
22.524 13.692 -2.186 
20.984 8.895 0.901 
21.004 9.095 0.931 
17.667 14.201 1.316 
12.359 18.702 3.077 
8.473 20.611 7.870 
5.304 21.128 13.968 
7.571 21.967 20.458 
12.643 22.477 25.314 
18.230 25.347 26.083 
23.983 28.526 23.685 
27.316 32.643 19.921 
26.100 38.466 17.158 
