177.051 267.326 306.629 
171.575 269.988 302.974 
169.966 276.269 301.348 
170.136 283.248 302.198 
174.226 288.292 303.275 
180.227 291.286 303.327 
186.473 291.463 300.569 
190.225 288.883 295.512 
191.119 284.735 289.894 
189.011 283.733 284.109 
187.118 286.326 279.056 
185.994 290.998 274.617 
189.410 294.314 273.209 
193.486 298.200 271.278 
199.227 298.946 271.597 
205.019 298.689 272.675 
210.002 296.596 274.710 
213.392 290.754 275.890 
212.980 284.041 277.697 
209.585 278.399 279.803 
204.018 274.941 277.761 
198.615 273.791 273.854 
197.158 272.781 267.664 
198.646 273.026 260.915 
203.702 272.665 256.216 
210.585 270.214 254.250 
215.325 265.880 255.599 
187.761 226.868 248.686 
189.000 220.865 244.651 
190.196 217.880 238.741 
193.780 218.160 232.897 
198.387 220.880 229.167 
204.170 224.544 228.533 
209.720 227.266 231.484 
214.468 227.159 236.194 
217.732 224.058 241.233 
219.473 218.350 244.355 
220.067 211.551 244.835 
220.537 206.067 241.498 
222.457 202.724 235.813 
224.461 202.495 230.318 
227.463 206.411 225.240 
233.366 210.060 223.238 
240.657 205.368 240.587 
241.325 212.194 239.724 
238.256 217.031 237.488 
232.982 219.226 233.333 
227.409 219.246 229.929 
221.322 217.255 227.810 
215.321 213.675 227.211 
210.785 210.696 231.195 
207.959 209.158 237.311 
206.760 212.217 243.113 
206.687 217.915 246.837 
206.348 224.679 246.625 
204.221 229.702 243.780 
201.962 233.424 238.017 
197.401 234.265 234.675 
191.270 233.374 232.166 
185.501 231.559 232.132 
180.476 230.563 234.248 
204.220 256.592 263.877 
207.775 257.971 269.857 
212.030 263.234 271.428 
215.271 268.821 269.219 
216.213 274.189 265.087 
213.242 279.305 261.850 
207.501 283.588 260.623 
202.071 285.724 263.727 
197.355 285.690 268.681 
195.348 284.578 274.945 
197.093 284.658 281.427 
199.715 286.402 285.915 
199.905 291.569 288.658 
197.601 296.653 289.810 
193.550 300.399 290.052 
187.694 301.440 289.601 
181.837 301.374 288.680 
177.119 298.345 287.523 
173.737 292.527 287.692 
173.319 285.549 286.512 
176.876 280.165 287.448 
181.344 276.843 291.168 
186.974 275.931 295.174 
188.726 277.103 301.399 
187.679 280.340 307.467 
183.430 283.297 311.612 
177.480 283.504 314.299 
171.976 281.730 315.788 
