34.544 -3.169 13.590 
26.314 -4.339 4.325 
22.894 -3.370 -1.219 
22.391 0.561 -6.472 
22.196 6.437 -9.964 
9.170 35.428 14.694 
12.735 32.701 9.770 
18.092 29.065 7.942 
22.086 23.841 9.977 
24.169 19.666 14.739 
23.057 15.926 20.261 
18.380 12.257 23.154 
12.944 9.394 22.908 
7.206 7.719 19.924 
3.666 5.929 16.257 
36.062 9.840 1.385 
32.332 13.866 0.182 
25.484 14.393 1.235 
19.122 12.207 0.322 
15.921 7.180 3.762 
12.521 13.040 1.519 
9.512 17.932 5.137 
6.332 20.218 10.574 
3.724 21.092 16.792 
6.121 21.608 23.226 
11.247 23.083 27.053 
17.335 25.519 27.632 
23.431 27.599 24.803 
27.483 30.135 20.235 
27.447 34.911 15.454 
