-14.810 -34.948 21.312 
-15.060 -31.925 27.654 
-15.753 -27.783 32.699 
-20.220 -24.732 36.461 
-33.699 -20.231 9.334 
-27.849 -22.349 6.262 
-21.886 -19.676 5.261 
-17.408 -15.199 6.677 
-14.984 -10.284 9.541 
-13.031 -7.705 13.921 
-34.496 -29.723 26.776 
-31.745 -23.910 25.305 
-27.162 -18.744 26.210 
-21.597 -17.372 24.002 
-26.580 -12.401 25.481 
-28.857 -7.313 21.589 
-28.326 -4.037 15.626 
-26.160 -2.032 9.731 
-25.462 -4.503 3.015 
-25.470 -4.216 3.080 
-25.910 -8.719 -1.950 
-27.003 -7.670 -1.749 
