317.526 134.800 208.523 
311.186 134.768 211.190 
307.915 139.080 215.222 
307.457 145.034 218.093 
309.191 151.428 218.239 
311.489 156.738 214.973 
313.162 159.807 209.452 
312.318 160.402 202.908 
308.676 159.190 197.505 
302.843 157.539 194.828 
296.265 156.987 195.416 
290.674 158.648 198.557 
287.421 162.794 202.572 
286.952 168.737 205.443 
288.698 175.143 205.588 
291.177 180.439 202.470 
292.668 183.519 196.797 
291.824 184.115 190.252 
288.179 182.904 184.853 
282.370 181.249 182.161 
275.771 180.699 182.764 
270.172 182.538 185.898 
267.172 186.568 190.719 
267.679 192.887 193.372 
268.639 199.741 192.900 
269.292 205.179 189.941 
270.736 208.505 184.013 
269.822 208.242 176.872 
264.671 205.041 173.243 
256.886 204.459 173.521 
251.051 206.006 174.496 
246.985 209.996 179.012 
244.446 215.739 180.549 
245.174 222.172 183.500 
247.540 228.268 180.986 
249.645 231.488 175.231 
250.874 233.090 168.567 
247.931 233.517 162.375 
242.294 233.228 158.884 
235.468 230.913 159.177 
230.010 233.862 161.046 
226.276 237.465 165.947 
225.308 241.781 170.133 
226.755 247.790 173.242 
229.590 253.674 172.458 
232.812 257.768 167.908 
233.430 260.233 161.654 
231.112 261.396 155.182 
225.572 261.632 151.265 
218.836 262.010 150.682 
213.507 264.396 152.157 
209.199 267.337 156.581 
207.656 270.654 161.847 
209.258 276.533 164.334 
213.122 282.001 165.099 
216.366 286.892 162.448 
218.475 290.640 157.287 
217.931 292.255 150.799 
213.873 293.201 146.054 
207.984 294.278 143.434 
201.293 295.651 143.846 
196.720 297.603 147.875 
193.704 299.230 153.895 
193.428 303.245 158.504 
195.327 309.938 159.791 
200.428 314.530 161.091 
203.620 319.223 156.147 
204.305 321.775 150.028 
201.198 323.033 143.675 
195.458 322.270 138.731 
187.913 322.250 137.115 
181.992 324.122 140.513 
193.496 336.614 146.794 
191.619 333.157 151.649 
186.473 328.468 153.841 
185.671 322.207 152.521 
185.985 316.275 147.890 
190.281 312.925 142.983 
197.698 312.602 141.212 
204.952 312.276 143.633 
209.993 311.153 149.001 
210.754 308.160 155.606 
209.312 304.655 160.637 
206.048 299.392 163.083 
200.923 294.683 161.680 
198.292 290.038 158.075 
199.461 285.237 153.959 
202.782 281.877 149.301 
208.010 280.283 145.977 
214.555 279.311 145.792 
220.690 278.837 148.809 
224.275 278.481 154.487 
225.017 276.276 160.743 
222.611 273.191 166.414 
220.112 268.081 168.581 
216.776 262.194 168.164 
213.556 257.565 164.352 
215.270 253.258 159.573 
219.801 250.291 155.720 
226.676 249.771 153.476 
233.274 249.774 155.065 
238.557 249.771 159.353 
241.040 247.862 164.994 
240.139 246.122 172.167 
236.789 242.027 175.868 
233.677 235.578 175.951 
232.120 229.768 173.662 
233.646 224.423 169.472 
237.393 220.998 165.311 
243.975 219.527 163.455 
250.357 221.326 164.808 
255.533 223.521 168.847 
258.349 222.396 173.450 
257.265 220.309 179.768 
256.150 218.847 186.242 
255.481 212.141 188.792 
253.742 205.479 186.604 
255.277 199.869 181.782 
261.233 195.969 179.278 
267.701 194.580 175.925 
274.422 195.840 177.019 
279.297 198.359 181.760 
280.472 197.882 188.447 
279.217 195.135 194.333 
276.757 190.041 197.824 
274.833 183.717 198.091 
274.809 177.671 195.515 
277.821 173.195 191.512 
283.232 171.207 188.124 
289.692 171.571 186.995 
295.818 173.140 189.454 
299.788 174.501 194.568 
300.985 174.199 201.056 
299.706 171.422 206.986 
297.174 166.513 210.538 
295.204 160.115 210.799 
295.275 153.961 208.152 
298.389 149.474 204.138 
304.084 147.524 201.168 
310.093 148.684 199.596 
315.929 149.364 203.491 
320.024 150.075 207.650 
321.456 150.455 213.754 
320.192 147.681 219.638 
