-5.067 -3.826 38.091 
-8.788 -0.344 34.736 
-13.116 -0.033 29.363 
-16.999 -2.846 24.887 
-21.142 -8.110 23.437 
14.816 -39.505 14.947 
8.461 -38.358 15.789 
3.357 -35.261 18.793 
1.650 -30.864 23.787 
3.334 -26.268 28.349 
6.972 -20.628 29.416 
11.623 -15.910 28.069 
12.237 -11.494 23.584 
11.278 -8.510 17.802 
-18.225 -15.762 39.113 
-14.498 -18.032 34.633 
-12.302 -18.230 27.669 
-10.035 -14.636 22.564 
-5.241 -10.197 22.085 
-6.171 -16.309 18.941 
-2.470 -20.235 14.740 
3.286 -21.606 11.843 
10.064 -21.528 10.194 
15.904 -21.994 14.015 
19.127 -22.268 20.212 
19.600 -25.676 25.651 
16.341 -29.688 30.133 
11.285 -33.160 32.995 
8.023 -38.407 31.651 
