37.465 -2.684 7.546 
34.787 -6.400 2.967 
31.331 -7.097 -2.626 
28.369 -4.444 -7.956 
27.932 0.650 -12.242 
8.492 31.237 19.852 
10.726 30.220 13.580 
15.407 27.839 9.326 
20.506 23.090 9.135 
24.817 18.901 12.084 
25.124 13.872 16.513 
22.470 8.966 20.278 
18.155 4.378 20.025 
12.608 1.238 17.876 
40.842 9.765 -4.405 
34.802 11.384 -2.812 
27.769 10.666 -2.605 
22.534 6.626 -2.148 
20.528 2.972 2.051 
17.396 8.920 0.206 
12.419 12.497 3.218 
8.457 13.836 8.267 
5.380 14.088 14.315 
7.773 14.828 20.824 
12.843 15.552 25.467 
18.768 18.844 25.987 
24.775 20.874 23.088 
27.482 25.774 19.457 
26.107 31.875 17.088 
