190.234 123.675 141.053 
191.275 117.186 139.969 
193.712 112.348 144.807 
192.049 109.695 150.218 
189.599 109.891 156.265 
184.858 112.915 160.528 
179.128 115.074 160.889 
173.850 116.064 158.831 
169.268 115.686 153.926 
166.921 112.325 148.647 
166.569 106.047 145.176 
167.631 99.302 145.755 
166.212 92.686 149.134 
162.480 89.971 153.993 
158.393 91.104 159.675 
153.689 93.824 162.299 
149.098 97.382 163.105 
145.534 101.819 161.157 
142.314 104.831 156.660 
142.099 106.646 149.939 
142.032 102.464 144.509 
138.812 97.136 141.488 
133.498 93.005 142.245 
127.905 90.142 144.735 
121.955 91.266 147.876 
116.944 95.381 149.942 
114.811 101.187 148.434 
114.044 107.335 146.222 
116.941 111.284 142.027 
119.414 112.178 136.008 
119.670 108.049 130.663 
116.003 105.265 126.002 
110.347 102.903 122.932 
104.681 105.740 120.817 
101.096 111.113 119.968 
98.894 117.567 121.501 
99.493 123.634 121.628 
103.672 129.173 121.897 
109.463 131.114 121.378 
116.162 129.720 119.918 
118.949 127.984 114.426 
119.108 126.259 107.990 
116.902 128.393 101.864 
114.250 132.837 97.782 
112.333 139.011 96.616 
112.752 145.613 98.275 
114.756 150.874 101.640 
119.265 153.394 105.110 
124.271 152.313 109.021 
130.294 150.172 109.777 
135.414 147.513 106.708 
138.592 146.798 100.811 
141.788 149.826 95.797 
143.897 155.327 92.911 
145.271 160.830 91.286 
146.271 167.371 93.224 
147.794 171.660 98.111 
148.878 173.071 104.546 
151.147 170.976 110.321 
151.389 165.904 115.158 
154.945 160.114 115.196 
159.133 155.828 112.694 
164.755 155.633 108.874 
170.782 157.897 108.532 
175.884 162.265 110.572 
179.001 166.274 114.950 
179.397 168.408 121.393 
178.316 167.859 127.615 
174.383 165.916 132.477 
171.049 160.966 135.027 
170.280 154.090 134.554 
172.962 148.080 132.974 
178.363 144.891 134.466 
184.821 143.347 136.578 
188.682 145.625 141.894 
189.749 147.485 147.296 
188.690 149.666 153.714 
184.099 149.659 158.326 
178.037 148.042 161.562 
172.284 145.568 160.030 
168.803 140.684 157.904 
169.116 134.126 156.468 
172.117 127.930 156.041 
175.561 123.739 160.097 
175.931 121.416 166.226 
175.808 121.627 173.115 
171.599 123.802 178.392 
165.835 127.334 180.129 
159.509 128.721 178.667 
154.741 128.529 175.040 
150.809 126.743 170.705 
150.294 122.087 165.689 
149.079 115.483 165.778 
146.628 110.090 168.395 
143.919 106.383 172.368 
138.464 107.181 176.193 
133.831 110.131 180.020 
128.833 114.790 179.563 
125.547 119.765 178.378 
123.446 124.004 174.519 
124.770 127.501 168.614 
124.599 125.994 162.503 
124.332 121.503 157.449 
120.310 116.629 155.074 
114.493 113.110 154.798 
108.065 112.854 156.580 
102.439 116.467 157.953 
98.475 121.904 158.673 
97.516 128.430 156.754 
99.218 133.824 154.554 
104.385 137.654 151.412 
106.948 137.616 145.818 
108.470 135.895 139.187 
105.228 131.991 134.305 
100.095 132.382 129.908 
94.288 135.567 128.044 
91.458 141.215 127.208 
89.913 147.911 128.407 
92.950 153.647 129.954 
97.515 157.522 131.293 
103.998 158.158 132.642 
109.687 156.186 132.183 
114.445 154.711 127.036 
115.268 154.438 120.126 
114.588 157.368 113.976 
113.294 163.282 111.075 
112.298 169.999 112.425 
113.441 175.862 115.838 
117.175 179.436 119.686 
121.653 179.526 124.395 
126.331 177.623 128.918 
131.506 173.026 129.195 
136.513 171.345 125.034 
139.323 173.100 118.556 
142.778 176.279 115.607 
144.979 182.696 114.156 
148.154 187.080 116.445 
149.232 191.637 121.527 
150.202 191.843 128.410 
151.640 189.304 134.743 
153.465 183.859 138.187 
156.141 177.380 137.944 
161.983 174.206 135.832 
167.266 172.879 132.799 
172.924 174.372 130.774 
177.540 179.456 129.613 
180.283 184.218 133.494 
174.738 176.242 146.119 
171.606 181.484 146.919 
169.557 187.451 143.325 
169.733 190.543 137.354 
168.989 189.908 129.731 
167.585 184.977 123.960 
164.609 180.622 122.588 
160.211 175.861 123.059 
155.140 173.304 127.033 
150.265 174.537 131.444 
145.666 179.225 133.842 
143.069 185.525 133.375 
138.754 190.052 128.943 
135.913 190.631 123.103 
133.916 188.785 116.384 
132.512 183.420 112.661 
130.745 178.292 111.533 
130.886 172.244 113.125 
128.931 167.153 116.305 
127.496 165.355 122.989 
123.713 167.479 128.030 
117.849 170.517 129.362 
111.807 171.608 126.943 
106.293 170.926 123.411 
102.838 167.021 118.930 
101.580 160.256 115.608 
102.369 154.372 117.380 
105.725 148.331 118.605 
108.551 146.692 124.231 
108.736 147.062 130.979 
105.733 149.415 136.773 
99.347 150.059 139.266 
93.682 148.625 140.237 
90.368 143.278 141.297 
90.146 136.255 141.836 
92.626 129.620 139.354 
96.515 125.236 141.001 
102.885 123.068 141.766 
108.248 124.593 144.094 
112.125 129.550 147.120 
112.118 131.860 152.977 
109.431 133.170 159.193 
107.362 129.317 164.385 
106.546 123.827 168.081 
108.871 117.664 169.173 
113.356 112.506 167.809 
118.509 109.999 165.466 
124.466 110.433 163.495 
128.976 114.638 161.350 
132.698 120.122 162.044 
134.055 124.891 166.274 
134.967 126.676 172.577 
137.177 125.240 178.621 
141.127 121.081 182.243 
145.212 117.642 184.364 
150.369 113.031 183.569 
154.933 110.548 179.312 
158.307 110.500 173.550 
160.446 113.798 168.356 
158.801 118.703 163.656 
158.364 125.457 164.180 
158.878 131.243 167.438 
162.461 133.950 172.340 
168.737 135.571 174.455 
175.476 135.245 173.927 
181.105 133.830 170.259 
184.061 133.275 164.845 
184.495 132.765 158.415 
181.445 132.649 152.797 
176.868 135.270 149.287 
172.566 140.223 148.666 
170.923 146.746 151.027 
173.805 152.471 150.582 
178.357 157.804 149.633 
183.883 158.573 146.122 
187.374 158.626 140.655 
188.948 156.242 134.345 
187.089 153.638 128.861 
182.102 152.126 124.555 
175.962 150.982 124.072 
169.706 152.590 124.974 
165.839 158.084 126.058 
164.944 164.825 126.718 
166.144 170.503 123.314 
167.175 173.192 117.106 
168.092 173.256 110.165 
167.678 169.910 104.274 
165.247 164.239 101.381 
161.200 159.021 101.731 
156.903 156.259 103.593 
151.154 155.584 106.944 
147.105 158.720 111.237 
142.461 163.208 110.417 
138.160 166.889 106.804 
134.264 167.807 101.409 
131.574 164.170 96.457 
131.036 159.606 92.484 
129.381 153.660 90.675 
129.894 147.245 91.700 
129.068 142.529 96.022 
130.514 139.930 102.392 
127.744 140.602 108.234 
123.997 144.377 112.550 
117.468 145.214 113.433 
111.173 144.418 111.949 
106.106 141.427 108.789 
103.707 135.981 105.395 
103.977 129.306 104.640 
106.179 123.208 106.659 
109.831 119.351 109.438 
115.271 118.839 113.859 
116.240 120.008 119.894 
114.847 121.650 126.531 
109.532 122.766 130.574 
104.410 118.442 132.375 
101.166 113.787 134.295 
100.606 107.028 134.615 
104.014 100.973 133.081 
109.753 97.612 133.002 
116.025 97.444 133.675 
122.524 99.650 133.129 
125.436 105.586 135.451 
126.140 108.097 141.773 
125.619 108.313 147.993 
124.678 105.164 154.071 
126.513 99.549 156.837 
130.758 93.115 156.520 
135.816 90.010 155.083 
141.482 88.720 151.559 
145.704 91.320 147.517 
149.125 96.523 145.286 
150.540 103.086 146.087 
152.853 106.409 151.311 
154.135 107.655 158.101 
158.366 105.456 162.526 
163.697 101.584 164.037 
169.153 99.602 162.581 
173.846 97.160 158.988 
176.120 97.669 153.014 
177.254 101.136 146.876 
175.835 107.513 143.343 
174.444 114.359 144.069 
176.671 119.704 146.771 
179.503 123.120 151.944 
184.569 125.045 154.831 
190.257 123.113 157.678 
196.635 120.936 156.311 
