25.195 -6.302 -11.736 
25.188 -6.291 -11.759 
25.120 -7.492 -4.835 
27.955 -10.319 0.472 
33.454 -12.712 3.814 
40.027 -13.145 4.558 
39.813 -13.184 4.757 
45.492 -9.557 5.122 
45.138 -9.530 5.609 
48.880 -4.271 4.526 
49.895 -4.868 2.466 
48.557 -4.570 5.572 
48.829 -4.315 4.912 
50.726 1.661 3.644 
50.158 1.761 5.441 
27.748 4.270 13.286 
34.092 3.810 14.887 
34.080 3.808 15.125 
33.809 6.515 9.902 
34.564 5.649 10.273 
34.087 5.786 9.617 
35.096 9.030 3.773 
35.325 8.824 3.962 
35.226 8.912 3.879 
35.323 8.814 3.892 
38.590 8.553 -1.961 
38.389 8.423 -2.064 
41.864 4.693 -6.084 
41.610 4.577 -5.799 
43.395 -1.279 -8.526 
45.414 -7.562 -9.018 
43.093 -13.689 -8.046 
39.288 -18.667 -5.559 
33.236 -21.008 -4.779 
