25.270 -6.371 -11.684 
25.214 -7.505 -4.814 
28.106 -10.363 0.445 
33.560 -12.895 3.750 
40.073 -13.129 4.619 
40.073 -13.118 4.613 
45.594 -9.646 5.153 
45.593 -9.613 5.162 
48.949 -4.482 4.781 
48.912 -4.225 5.072 
49.637 -5.153 1.900 
27.699 4.491 13.537 
33.492 3.954 15.441 
33.488 3.953 15.472 
33.560 6.800 9.812 
35.326 8.799 3.927 
35.326 8.799 3.927 
38.467 8.418 -1.980 
38.467 8.419 -1.981 
41.824 4.621 -5.932 
43.590 -1.304 -8.519 
45.392 -7.538 -9.100 
43.201 -13.771 -8.018 
39.319 -18.741 -5.856 
33.307 -21.036 -4.740 
