204.598 179.356 198.904 
209.480 184.054 197.108 
209.976 187.171 191.317 
209.365 188.971 185.186 
195.554 185.593 209.495 
191.019 190.843 208.654 
186.091 194.612 206.832 
180.442 194.954 203.209 
175.848 193.918 201.279 
170.206 189.901 199.236 
165.983 185.102 201.634 
163.310 181.702 205.477 
162.098 179.244 212.139 
163.249 180.355 218.563 
161.218 184.493 223.513 
159.856 191.394 224.978 
157.636 195.954 225.509 
152.963 200.496 223.943 
148.338 202.240 220.540 
145.594 198.682 215.106 
140.221 195.170 213.902 
141.884 193.096 231.034 
143.893 187.491 229.323 
145.479 184.478 223.598 
146.769 184.243 217.480 
148.675 187.190 211.040 
152.494 190.668 208.894 
156.979 195.444 208.977 
161.026 198.598 212.488 
166.115 197.268 215.292 
169.163 193.781 219.436 
173.956 188.542 219.201 
175.199 183.506 216.457 
176.128 179.361 212.682 
177.264 177.277 206.766 
177.935 177.991 199.822 
181.319 180.605 195.829 
186.559 184.149 193.305 
191.349 186.458 192.526 
191.644 183.945 187.442 
193.973 182.293 182.210 
199.506 179.171 180.525 
204.358 175.828 181.219 
