37.235 4.310 7.056 
34.553 0.517 2.591 
31.000 -0.129 -2.929 
27.807 2.578 -8.085 
27.216 7.657 -12.441 
8.985 38.848 20.336 
11.287 38.188 14.118 
15.319 35.045 10.095 
20.313 30.454 9.248 
24.680 26.187 12.106 
24.946 20.902 16.137 
22.477 16.062 20.148 
18.187 11.489 19.663 
12.853 8.304 17.565 
40.665 16.522 -5.339 
34.813 18.342 -3.062 
27.866 17.749 -2.524 
22.518 13.846 -2.083 
20.809 9.869 2.580 
18.007 16.053 0.966 
12.656 19.857 3.022 
8.549 21.185 8.100 
5.477 21.141 14.271 
7.806 21.820 20.759 
12.603 22.088 25.628 
18.269 24.647 26.674 
18.295 24.746 26.654 
23.387 29.001 25.372 
27.214 32.202 20.325 
26.851 37.994 17.148 
