239.059 275.058 334.881 
243.568 279.601 337.252 
248.745 279.705 341.678 
253.914 277.451 345.229 
258.779 273.144 344.973 
262.857 267.957 342.383 
266.228 264.704 337.319 
267.569 263.240 329.933 
268.247 264.376 324.187 
269.749 268.149 319.832 
273.812 271.773 318.118 
279.243 273.615 317.859 
284.279 271.374 317.713 
288.833 267.799 317.399 
290.548 262.233 316.510 
290.840 256.030 315.503 
288.985 250.906 314.248 
283.696 248.230 310.206 
277.269 248.159 308.323 
272.121 251.631 306.646 
272.093 256.246 301.884 
273.185 257.142 295.692 
277.275 260.793 290.767 
283.517 261.867 288.820 
289.724 259.654 288.140 
293.947 254.556 287.842 
294.991 248.082 286.906 
292.879 242.259 284.551 
288.840 238.875 280.537 
284.833 238.775 275.262 
282.815 241.559 269.600 
283.970 245.722 264.577 
288.284 249.230 260.974 
294.526 250.304 259.030 
300.733 248.088 258.348 
304.954 242.991 258.051 
305.998 236.515 257.117 
303.886 230.694 254.761 
299.845 227.310 250.747 
295.840 227.212 245.469 
293.820 229.997 239.808 
294.979 234.160 234.785 
299.293 237.669 231.182 
305.536 238.740 229.238 
311.742 236.523 228.557 
315.964 231.425 228.260 
317.006 224.949 227.325 
314.892 219.129 224.968 
310.851 215.744 220.954 
306.846 215.649 215.677 
304.828 218.435 210.015 
305.986 222.597 204.992 
310.301 226.106 201.390 
316.545 227.176 199.447 
322.750 224.960 198.765 
326.971 219.860 198.470 
328.013 213.384 197.534 
325.898 207.563 195.177 
321.856 204.180 191.162 
317.852 204.084 185.884 
315.832 206.872 180.221 
316.993 211.034 175.200 
321.311 214.544 171.598 
327.554 215.613 169.656 
333.761 213.395 168.975 
337.979 208.294 168.679 
339.020 201.817 167.743 
336.905 195.999 165.384 
332.862 192.614 161.370 
328.857 192.522 156.092 
326.840 195.309 150.429 
344.864 200.631 150.828 
340.991 205.999 151.148 
334.931 208.616 151.727 
328.556 207.880 153.643 
324.140 205.006 157.196 
322.366 200.443 161.762 
324.037 197.387 167.401 
327.894 197.082 172.779 
332.045 200.084 176.982 
334.483 205.689 179.542 
333.855 212.197 180.618 
329.981 217.564 180.939 
323.922 220.180 181.519 
317.571 219.490 183.274 
312.933 216.199 186.674 
311.360 212.003 191.556 
313.032 208.950 197.194 
316.890 208.647 202.572 
321.040 211.649 206.773 
323.475 217.255 209.333 
322.847 223.763 210.410 
318.973 229.127 210.729 
312.913 231.744 211.310 
306.562 231.052 213.066 
301.926 227.760 216.466 
300.353 223.566 221.348 
302.025 220.514 226.986 
305.883 220.212 232.363 
310.032 223.214 236.566 
312.468 228.820 239.124 
311.838 235.328 240.200 
307.964 240.692 240.521 
301.903 243.306 241.102 
295.554 242.616 242.859 
290.917 239.322 246.259 
289.346 235.127 251.141 
291.019 232.076 256.779 
294.879 231.775 262.155 
299.027 234.781 266.357 
301.461 240.386 268.915 
300.831 246.892 269.992 
296.954 252.257 270.311 
290.894 254.871 270.892 
284.544 254.179 272.651 
279.909 250.884 276.051 
278.339 246.690 280.933 
280.014 243.640 286.571 
283.815 244.182 292.147 
288.181 247.556 295.427 
289.580 252.896 297.906 
286.994 259.076 299.368 
285.324 262.817 302.196 
281.279 265.399 306.232 
276.342 264.740 309.979 
274.250 259.855 314.466 
275.321 257.103 319.492 
274.731 255.202 324.590 
278.824 257.732 329.280 
281.516 261.657 333.057 
280.932 267.219 335.045 
280.511 273.143 335.924 
277.236 277.839 334.387 
271.521 280.136 332.250 
266.296 281.838 328.047 
261.818 277.666 324.668 
258.860 272.596 325.206 
256.771 267.156 328.667 
257.337 264.039 334.160 
253.459 263.449 336.664 
251.746 263.530 344.016 
250.331 268.008 349.663 
