54.266 -1.210 43.249 
47.094 0.464 33.664 
42.940 0.483 28.359 
38.886 -2.806 24.105 
34.764 -7.948 22.780 
70.674 -38.817 15.246 
64.254 -38.161 16.009 
59.428 -34.639 19.194 
57.584 -30.252 24.454 
59.388 -25.600 28.943 
62.927 -20.048 29.302 
67.489 -15.235 27.776 
68.158 -10.942 23.077 
67.069 -8.196 17.221 
63.560 -5.849 12.386 
37.848 -14.664 39.144 
41.365 -17.462 34.248 
43.675 -17.697 27.462 
45.989 -14.360 22.322 
50.510 -10.553 21.186 
50.214 -16.540 18.914 
53.465 -20.399 13.995 
59.398 -21.201 11.314 
66.182 -21.317 10.037 
71.780 -21.815 14.178 
75.078 -22.194 20.127 
74.704 -25.047 26.108 
71.416 -28.563 30.928 
66.667 -32.455 33.478 
63.699 -38.310 32.014 
