25.287 -6.392 -11.707 
25.258 -7.470 -4.820 
28.165 -10.336 0.442 
33.601 -12.854 3.639 
40.239 -12.957 4.511 
40.103 -13.181 4.597 
45.983 -9.720 4.973 
45.485 -9.531 5.323 
49.312 -4.702 2.682 
49.069 -4.475 5.075 
27.875 4.483 13.591 
33.735 3.814 15.250 
33.792 3.841 15.407 
33.784 6.424 9.920 
35.333 8.872 3.825 
35.297 8.874 3.823 
38.568 8.428 -2.049 
38.526 8.441 -2.045 
41.865 4.657 -6.020 
43.682 -1.319 -8.530 
45.462 -7.542 -9.184 
43.228 -13.780 -8.070 
39.405 -18.715 -5.680 
33.341 -21.056 -4.789 
