-14.773 -34.927 21.315 
-14.886 -31.883 27.582 
-15.679 -27.708 32.637 
-20.281 -24.779 36.355 
-33.580 -20.242 9.212 
-27.713 -22.231 6.471 
-21.722 -19.629 5.200 
-17.231 -15.177 6.642 
-14.878 -10.150 9.583 
-14.836 -10.180 9.527 
-12.913 -7.724 13.955 
-34.488 -29.656 26.628 
-31.553 -23.814 24.970 
-27.018 -18.624 26.103 
-21.441 -17.313 23.954 
-26.435 -12.416 25.454 
-28.780 -7.413 21.548 
-28.203 -4.097 15.548 
-26.003 -2.016 9.655 
-25.435 -4.235 3.309 
-25.434 -4.296 3.293 
-26.801 -7.662 -1.687 
-25.893 -8.494 -1.768 
