31.828 -55.838 1.475 
36.826 -57.505 6.927 
40.758 -61.145 4.076 
44.592 -66.477 5.378 
46.866 -71.226 9.560 
47.548 -73.955 15.482 
47.168 -74.387 21.760 
43.524 -73.753 27.252 
37.794 -75.544 29.278 
31.576 -78.284 28.662 
27.349 -82.800 25.800 
27.085 -88.537 22.242 
28.851 -93.667 19.785 
33.232 -98.209 19.702 
38.272 -101.807 22.430 
39.878 -105.438 26.702 
40.909 -91.581 37.530 
45.643 -91.819 31.788 
46.289 -92.052 25.330 
44.571 -91.100 18.933 
39.727 -88.188 13.677 
34.799 -85.287 12.026 
30.486 -79.400 12.983 
30.371 -73.953 13.698 
30.802 -68.790 19.049 
34.054 -65.064 22.934 
40.345 -62.985 24.096 
47.407 -63.380 23.148 
55.670 -93.236 -32.509 
60.914 -91.975 -28.981 
59.783 -87.709 -24.127 
62.380 -82.450 -21.054 
67.497 -78.137 -20.088 
73.671 -75.686 -22.398 
79.431 -76.336 -26.373 
81.732 -75.790 -31.578 
80.534 -74.532 -38.079 
77.061 -72.168 -42.912 
72.057 -67.432 -45.392 
69.625 -61.607 -44.350 
68.075 -55.597 -41.120 
70.655 -51.506 -37.544 
75.475 -47.965 -34.346 
81.358 -45.885 -32.673 
86.959 -58.090 -33.930 
82.267 -59.558 -29.125 
75.981 -59.697 -27.470 
68.612 -60.846 -29.051 
64.178 -65.890 -32.309 
62.751 -70.947 -36.144 
64.639 -76.705 -38.855 
68.917 -81.542 -39.600 
74.583 -85.399 -37.894 
77.791 -86.767 -32.135 
79.277 -87.393 -25.686 
