29.974 -1.546 7.845 
26.437 -4.320 3.324 
22.982 -4.087 -2.299 
21.206 -1.272 -7.811 
20.431 3.540 -12.733 
9.205 36.670 17.624 
12.191 35.571 11.686 
17.006 32.254 8.413 
20.924 26.555 8.807 
24.157 21.829 12.326 
23.393 17.317 17.322 
19.592 13.500 21.154 
14.032 10.005 21.028 
8.202 8.626 18.340 
36.401 7.309 -5.258 
31.831 11.780 -3.880 
25.262 13.998 -4.116 
19.378 12.056 -1.604 
16.285 8.376 2.463 
12.654 13.281 -0.014 
9.542 18.280 3.307 
6.530 20.521 8.951 
4.282 21.568 15.170 
6.981 22.121 21.656 
12.161 22.238 25.903 
18.424 24.430 26.458 
23.997 27.184 24.119 
27.717 30.587 19.786 
27.388 36.332 16.469 
