-14.751 -34.862 21.381 
-15.054 -31.800 27.664 
-15.718 -27.661 32.673 
-20.198 -24.655 36.393 
-33.645 -20.126 9.360 
-27.840 -22.301 6.308 
-21.894 -19.654 5.220 
-17.422 -15.133 6.627 
-15.005 -10.257 9.546 
-12.985 -7.599 13.926 
-34.477 -29.570 26.806 
-31.652 -23.816 25.254 
-27.117 -18.643 26.178 
-21.555 -17.273 23.989 
-26.504 -12.313 25.527 
-28.796 -7.218 21.585 
-28.262 -3.998 15.586 
-26.113 -1.913 9.791 
-26.087 -2.152 9.599 
-25.423 -4.382 2.735 
-25.417 -4.290 3.355 
-27.120 -7.700 -1.676 
-25.851 -8.674 -1.959 
