118.196 99.724 163.759 
114.779 101.281 169.218 
115.536 100.983 176.290 
119.291 103.650 180.786 
124.224 105.166 184.069 
130.392 108.249 182.787 
134.045 111.994 179.285 
134.466 116.708 175.638 
131.948 121.519 171.278 
126.649 124.780 169.543 
120.804 128.307 171.565 
117.158 130.292 176.416 
116.187 133.930 182.952 
119.563 137.971 187.138 
125.202 141.479 188.706 
130.774 144.414 186.746 
134.389 147.681 183.116 
136.660 148.984 177.157 
135.549 150.103 170.782 
130.320 150.382 166.270 
123.844 152.375 165.911 
119.571 157.920 166.386 
119.214 164.056 169.068 
121.522 170.228 170.479 
125.621 174.936 168.759 
130.890 177.871 165.186 
134.401 176.911 159.923 
135.710 174.768 153.913 
133.400 171.211 148.870 
127.979 168.386 146.064 
121.154 169.803 145.735 
116.656 174.230 144.033 
114.929 180.507 141.875 
115.886 184.449 136.427 
119.114 185.329 130.915 
124.400 184.699 126.481 
127.418 181.317 122.236 
129.263 175.479 119.813 
128.521 168.942 120.144 
124.967 163.410 122.297 
118.776 161.349 121.217 
112.273 161.771 118.679 
109.204 163.218 112.709 
109.103 164.369 106.174 
111.680 162.138 100.430 
117.069 159.643 96.867 
121.805 155.112 96.018 
124.847 149.804 97.900 
125.901 145.628 102.670 
123.702 141.054 106.607 
118.478 137.999 108.604 
112.414 135.145 107.179 
109.071 131.522 102.725 
109.473 127.601 97.547 
110.763 123.846 93.184 
115.296 119.752 90.061 
121.306 116.782 90.101 
127.075 114.864 93.126 
130.182 114.064 98.750 
130.896 115.463 105.607 
126.674 115.208 111.046 
121.256 112.853 113.963 
117.117 107.710 114.616 
116.976 101.357 114.619 
119.206 94.990 114.128 
124.091 90.778 114.611 
130.359 89.349 116.737 
135.513 90.430 120.449 
139.524 95.060 123.372 
139.500 100.225 127.337 
136.069 103.768 132.048 
130.720 104.080 136.652 
128.728 101.001 141.794 
128.199 95.787 146.011 
132.224 91.004 148.971 
137.482 89.223 151.142 
144.339 89.313 152.883 
149.257 92.968 154.220 
152.625 99.131 153.814 
151.526 105.112 153.806 
148.368 110.834 154.997 
143.623 113.449 159.123 
139.173 113.343 164.366 
139.345 112.365 171.122 
142.879 112.951 176.549 
148.487 113.300 180.302 
155.112 115.856 180.385 
159.598 119.641 176.953 
160.947 124.496 172.729 
159.139 129.161 168.765 
155.398 133.367 166.358 
149.094 136.045 166.977 
145.957 139.975 171.283 
145.899 144.452 176.016 
148.206 148.558 179.877 
152.883 153.282 178.761 
158.954 156.140 177.885 
162.269 158.616 172.532 
164.603 158.790 166.635 
164.438 158.794 160.856 
160.703 156.334 155.503 
155.038 157.541 153.047 
148.386 159.584 153.267 
145.519 165.575 153.437 
145.237 172.509 154.008 
147.991 178.054 152.603 
152.585 182.007 149.305 
156.564 182.847 143.908 
159.035 180.882 138.183 
159.928 176.285 133.849 
157.986 170.560 130.369 
152.170 167.938 129.232 
146.014 168.104 126.443 
140.260 171.830 125.262 
139.085 176.232 120.725 
140.343 180.126 115.189 
143.172 181.305 109.896 
147.556 179.365 105.004 
151.250 174.079 102.932 
153.672 167.930 102.197 
153.763 161.662 105.139 
150.381 157.419 108.174 
144.162 153.919 107.967 
138.237 153.397 104.323 
134.891 152.793 98.309 
136.482 150.548 91.899 
140.946 148.896 86.973 
145.885 145.363 85.690 
150.432 140.595 86.346 
153.617 136.653 90.221 
154.330 133.314 95.926 
151.277 130.244 101.340 
145.501 126.851 102.079 
140.129 123.470 98.902 
138.508 119.200 94.553 
140.541 113.979 90.592 
144.206 109.139 89.250 
150.165 105.964 90.346 
155.126 104.786 94.283 
158.761 105.189 100.480 
158.010 106.429 107.123 
153.981 106.220 112.705 
149.053 102.456 115.774 
144.531 98.176 116.235 
142.523 92.288 115.512 
143.405 85.709 112.838 
148.512 81.542 113.142 
155.437 89.814 125.499 
159.390 90.794 120.032 
160.747 89.604 113.091 
157.206 88.201 107.546 
151.428 88.723 102.591 
144.925 92.688 102.154 
141.591 97.141 103.607 
140.399 103.234 105.510 
143.010 109.188 108.147 
148.738 112.812 108.938 
154.502 114.822 105.541 
157.421 115.171 99.519 
157.731 116.041 92.072 
154.474 118.946 87.161 
148.662 121.213 83.753 
143.026 124.465 84.654 
139.794 128.708 86.955 
137.744 131.790 92.127 
138.300 135.324 97.671 
143.389 137.499 101.964 
149.598 140.571 101.921 
154.136 144.597 98.803 
153.970 149.518 94.186 
151.786 154.458 90.597 
146.926 159.013 89.929 
141.033 162.901 92.487 
138.697 165.429 97.518 
136.656 164.609 104.086 
138.897 163.431 109.734 
144.453 162.525 113.568 
151.276 164.039 114.365 
155.520 169.276 113.152 
157.227 175.289 112.407 
155.981 180.611 115.470 
153.132 184.064 121.183 
147.247 185.591 125.693 
144.566 183.436 130.864 
142.934 178.342 135.269 
143.561 172.772 137.149 
147.680 167.021 137.210 
153.744 166.007 139.030 
160.098 167.610 140.809 
162.836 171.234 145.909 
163.452 174.310 151.647 
160.628 174.960 157.730 
155.154 173.485 161.910 
150.694 169.883 164.486 
148.022 164.153 165.157 
147.112 158.218 162.266 
149.739 152.567 160.359 
155.283 148.715 159.618 
161.378 147.280 161.958 
164.806 145.984 167.492 
164.468 144.255 174.015 
163.403 142.400 179.235 
159.141 139.294 183.764 
153.094 136.579 184.831 
147.381 133.821 182.414 
144.468 130.178 177.988 
143.917 129.311 171.065 
148.076 126.918 166.310 
153.798 123.956 164.158 
157.734 119.050 165.605 
159.109 112.944 168.433 
156.580 107.124 170.584 
151.336 102.884 171.867 
145.949 100.290 170.304 
140.567 100.082 166.975 
136.758 102.781 162.422 
136.196 105.994 156.787 
139.482 107.682 151.331 
144.784 106.375 146.875 
146.837 101.634 143.552 
147.833 94.987 141.500 
144.289 89.502 140.580 
138.978 86.249 138.281 
132.313 85.975 137.467 
127.111 88.565 135.281 
123.755 93.689 132.602 
123.496 99.507 129.972 
127.013 104.518 127.525 
131.647 106.167 122.538 
136.164 103.846 117.897 
136.336 100.410 111.915 
132.685 98.317 106.741 
126.867 97.308 103.041 
120.554 99.532 102.004 
115.477 104.049 103.737 
114.127 109.923 106.076 
115.293 115.906 107.882 
119.311 120.788 108.283 
125.458 123.202 106.880 
128.236 125.582 101.423 
128.286 127.638 95.038 
125.006 130.616 90.022 
119.503 134.273 89.027 
114.453 137.092 89.233 
110.819 141.416 92.518 
107.793 144.031 98.033 
108.914 146.461 103.794 
112.392 146.055 109.891 
118.176 148.164 111.607 
124.500 150.376 110.281 
127.604 155.712 107.581 
127.130 161.906 105.443 
124.130 167.659 103.388 
119.873 172.417 105.910 
115.040 174.671 110.046 
112.427 175.009 115.894 
112.238 173.284 122.130 
114.727 168.761 127.091 
120.225 167.383 129.674 
126.354 168.806 131.648 
132.154 172.865 131.151 
133.101 178.400 134.100 
132.214 184.221 137.376 
128.755 187.425 142.197 
123.626 186.941 146.970 
120.411 183.233 151.577 
118.554 177.524 154.058 
118.619 170.833 154.413 
123.095 166.021 152.620 
128.874 163.253 154.676 
134.531 163.959 158.061 
138.103 166.173 163.654 
136.768 166.965 169.929 
132.255 166.457 175.872 
127.711 163.070 178.785 
122.760 158.843 180.151 
119.619 153.653 177.221 
119.947 148.026 173.694 
123.243 143.598 169.426 
129.055 140.569 170.258 
134.671 138.635 174.080 
136.249 135.904 180.032 
133.478 133.459 185.741 
130.264 128.729 187.941 
124.428 125.785 189.163 
119.438 123.211 185.392 
116.280 120.211 180.029 
117.552 119.574 173.389 
121.401 117.260 167.973 
126.120 112.880 166.427 
131.434 108.753 168.217 
133.741 103.405 170.636 
132.952 98.818 175.563 
128.737 94.294 178.198 
