25.010 -6.324 -11.726 
26.495 -5.754 -11.485 
25.065 -7.470 -4.782 
27.997 -10.224 0.455 
33.392 -12.728 3.731 
39.935 -13.125 4.719 
39.782 -13.193 4.804 
45.467 -9.664 5.179 
45.348 -9.529 5.390 
48.781 -4.397 4.624 
48.938 -4.433 5.149 
49.521 -5.001 2.130 
27.761 4.571 13.297 
33.743 3.694 15.372 
33.805 3.722 15.175 
33.550 6.739 9.558 
35.150 8.877 3.714 
35.070 8.876 3.725 
38.315 8.419 -2.065 
38.344 8.460 -2.034 
41.708 4.741 -5.905 
41.708 4.688 -5.905 
43.524 -1.282 -8.470 
45.397 -7.449 -8.987 
43.019 -13.673 -8.085 
39.224 -18.658 -5.677 
33.203 -20.994 -4.709 
