25.162 -6.340 -11.632 
25.175 -7.478 -4.759 
28.038 -10.306 0.501 
33.551 -12.703 3.647 
40.016 -13.001 4.633 
40.008 -13.008 4.640 
45.599 -9.626 5.101 
45.669 -9.622 5.030 
49.086 -4.175 4.747 
48.984 -4.028 4.554 
48.823 -4.047 4.796 
50.581 1.494 3.783 
28.001 4.278 13.391 
33.867 3.752 15.086 
33.755 3.728 15.306 
33.630 5.538 9.280 
34.119 5.848 9.760 
35.177 9.049 3.737 
35.378 8.703 3.913 
35.256 8.816 3.848 
38.359 8.458 -2.170 
38.378 8.376 -2.106 
41.712 4.623 -5.976 
41.713 4.628 -5.969 
43.480 -1.248 -8.504 
45.386 -7.475 -9.055 
42.991 -13.634 -8.171 
39.233 -18.627 -5.738 
33.193 -20.966 -4.761 
