25.300 -6.199 -11.701 
25.183 -6.213 -11.750 
25.007 -7.446 -4.811 
27.897 -10.328 0.524 
33.362 -12.593 3.872 
39.961 -12.866 4.611 
39.958 -13.045 4.587 
45.697 -9.616 4.928 
45.451 -9.507 5.094 
48.970 -4.145 4.480 
48.689 -4.033 4.621 
48.983 -4.355 4.824 
48.735 -3.865 4.450 
50.559 1.714 3.885 
49.791 1.877 5.568 
27.852 4.109 13.246 
34.067 3.542 15.157 
33.913 5.901 10.029 
33.922 5.904 10.023 
33.989 5.922 9.984 
35.004 9.009 3.955 
35.082 8.947 3.807 
35.147 8.834 3.891 
38.371 8.461 -1.863 
38.183 8.386 -2.107 
41.786 4.662 -6.044 
41.304 4.537 -5.734 
43.334 -1.268 -8.495 
45.226 -7.513 -9.060 
43.000 -13.668 -8.049 
39.113 -18.567 -5.572 
33.126 -20.902 -4.743 
