179.715 267.399 307.454 
174.171 270.112 303.946 
172.540 276.414 302.395 
172.847 283.380 303.150 
177.009 288.347 304.014 
183.037 291.293 304.102 
189.222 291.465 301.238 
192.880 288.809 296.165 
193.587 284.692 290.499 
191.408 283.721 284.732 
189.468 286.228 279.738 
188.188 291.118 275.350 
191.613 294.234 273.856 
195.754 298.061 271.831 
201.470 298.847 271.984 
207.324 298.437 272.957 
212.357 296.405 274.977 
215.620 290.443 275.890 
215.259 283.733 277.807 
211.820 278.222 280.143 
206.137 274.871 278.194 
200.691 273.748 274.259 
199.093 272.834 268.077 
200.570 273.087 261.324 
205.495 272.552 256.558 
212.257 270.025 254.411 
216.921 265.571 255.704 
189.226 226.846 249.171 
189.986 220.793 245.244 
191.057 217.890 239.330 
194.687 218.081 233.467 
199.147 220.894 229.606 
204.976 224.450 228.952 
210.614 227.041 231.769 
215.421 226.894 236.432 
218.810 223.707 241.305 
220.625 217.997 244.309 
221.200 211.227 244.807 
221.539 205.724 241.470 
223.094 202.398 235.646 
225.309 202.399 229.671 
228.704 205.323 224.530 
234.547 209.567 222.915 
240.277 212.765 224.665 
245.428 213.810 228.479 
250.529 211.878 233.085 
252.802 206.690 236.171 
253.349 199.897 236.421 
252.333 193.675 234.400 
250.762 189.555 228.445 
251.229 188.395 221.699 
254.972 189.514 216.258 
259.836 192.866 213.105 
265.632 196.260 213.210 
271.609 198.507 214.722 
277.171 196.545 217.318 
280.781 191.523 220.255 
281.473 185.544 223.106 
279.959 178.931 222.758 
277.374 173.776 219.868 
274.694 169.960 214.425 
274.869 170.899 207.166 
278.112 173.112 201.650 
283.943 174.824 199.040 
290.795 175.261 198.822 
288.737 161.835 210.259 
292.030 165.298 213.639 
294.171 171.658 213.944 
291.929 177.751 212.481 
288.448 182.182 208.333 
281.730 183.680 204.910 
276.602 184.348 205.766 
270.011 183.576 208.371 
267.031 181.344 214.118 
266.646 179.762 220.621 
268.099 182.555 226.118 
269.089 187.745 229.660 
269.054 193.918 230.687 
267.380 200.040 228.145 
264.072 203.845 224.024 
258.975 205.179 219.984 
253.037 203.699 216.749 
247.196 200.988 218.177 
243.118 197.084 221.939 
240.700 193.998 227.274 
239.507 195.747 233.347 
240.362 199.652 238.642 
242.037 205.860 241.540 
240.307 211.854 240.072 
238.436 216.643 236.742 
234.088 218.949 231.848 
228.185 218.984 229.493 
222.086 216.872 227.841 
215.989 213.461 227.484 
211.639 210.424 231.519 
208.845 209.017 237.679 
207.878 212.079 243.517 
207.798 217.810 247.113 
207.547 224.561 246.899 
205.331 229.471 244.093 
202.958 233.223 238.410 
198.327 234.158 235.176 
192.206 233.267 232.810 
186.403 231.593 232.850 
181.459 230.763 235.204 
205.911 256.440 264.193 
209.692 257.727 270.069 
213.950 262.981 271.565 
217.281 268.451 269.267 
218.101 273.874 265.167 
215.110 279.020 261.972 
209.426 283.330 260.849 
204.126 285.616 264.069 
199.562 285.684 269.239 
197.583 284.634 275.504 
199.452 284.506 281.902 
202.129 286.321 286.257 
202.422 291.421 288.993 
200.209 296.541 290.203 
196.236 300.405 290.541 
190.362 301.410 290.217 
184.475 301.416 289.382 
179.707 298.419 288.294 
176.207 292.622 288.554 
175.720 285.649 287.535 
179.187 280.228 288.357 
183.774 276.881 291.925 
189.501 275.936 295.819 
191.365 277.113 302.037 
190.493 280.351 308.096 
186.310 283.289 312.262 
180.460 283.540 315.082 
174.973 281.811 316.713 
