-15.306 -34.405 21.718 
-15.407 -31.366 27.827 
-15.648 -27.240 32.942 
-19.969 -24.504 37.014 
-34.222 -19.808 9.309 
-28.385 -22.136 6.353 
-22.316 -19.475 5.480 
-17.862 -15.079 6.967 
-15.539 -10.000 10.028 
-15.482 -10.082 9.974 
-13.426 -7.511 14.217 
-34.731 -28.554 27.530 
-31.608 -22.843 25.802 
-27.444 -17.535 26.997 
-22.569 -16.063 24.443 
-29.017 -12.830 23.544 
-28.991 -12.792 23.516 
-29.915 -6.467 20.760 
-30.318 -6.876 20.507 
-28.482 -2.830 15.474 
-29.118 -3.123 15.340 
-27.282 -1.918 9.450 
-28.783 -2.570 8.843 
-25.963 -4.324 2.670 
-26.302 -8.619 -2.233 
