154.907 190.832 274.758 
155.418 183.191 275.931 
156.814 178.121 273.745 
157.337 173.635 268.120 
158.482 172.850 261.847 
159.388 174.826 255.489 
162.401 178.167 251.507 
166.338 183.891 250.375 
172.969 186.350 252.716 
178.210 186.181 256.016 
182.733 182.462 259.512 
185.277 177.271 262.770 
186.699 171.154 261.768 
186.651 165.319 259.425 
189.840 162.657 254.371 
193.166 160.080 250.067 
223.441 185.373 216.903 
227.120 189.237 212.863 
223.709 192.093 215.146 
226.696 197.521 216.551 
228.338 203.082 219.759 
229.753 206.246 224.321 
228.698 207.816 230.871 
228.221 205.372 237.177 
229.257 200.599 241.530 
232.393 194.926 243.296 
237.062 190.472 242.155 
242.861 188.509 239.574 
248.861 189.952 236.935 
253.199 194.488 237.287 
256.747 199.768 237.539 
257.665 204.367 241.983 
256.547 208.791 246.846 
256.108 208.298 253.606 
256.405 204.887 258.817 
185.076 197.233 220.751 
188.722 197.111 223.564 
194.294 196.374 225.172 
199.511 194.274 223.635 
203.259 192.122 219.093 
204.618 191.205 213.487 
204.025 192.213 207.629 
202.253 195.068 202.693 
201.377 201.593 201.459 
200.878 206.781 200.711 
266.073 192.322 254.121 
260.062 190.307 252.723 
253.720 190.601 253.557 
248.429 193.764 254.282 
245.435 199.558 254.078 
243.867 204.823 250.260 
243.862 207.518 245.393 
244.978 207.883 239.154 
245.942 204.799 232.662 
244.227 199.261 228.130 
240.617 193.778 226.513 
235.492 189.889 228.428 
230.732 188.235 232.420 
225.338 190.489 234.952 
220.480 194.639 234.521 
216.773 199.298 232.939 
214.212 203.161 228.836 
213.211 205.292 223.020 
211.740 204.795 217.251 
207.462 207.746 218.425 
202.263 209.399 218.463 
196.510 208.469 216.311 
192.423 205.557 213.074 
189.209 201.450 210.419 
188.079 195.436 209.200 
189.743 188.882 207.806 
191.685 183.810 211.395 
193.438 180.544 216.826 
194.270 180.506 223.427 
193.024 182.856 228.843 
189.700 184.053 230.109 
185.240 181.230 233.288 
183.435 178.073 238.424 
184.915 173.478 241.831 
179.759 170.685 243.175 
175.317 169.334 247.765 
173.546 167.312 253.793 
173.244 167.539 260.391 
173.478 171.417 265.506 
173.958 177.504 268.156 
172.406 183.602 267.761 
168.358 188.128 265.443 
165.401 191.171 261.445 
159.122 190.160 257.879 
154.342 185.844 255.435 
149.980 180.924 257.019 
145.835 179.890 262.422 
