177.890 145.059 156.085 
171.714 147.384 152.933 
164.487 146.354 153.126 
159.392 147.010 157.103 
157.532 150.016 163.071 
158.814 153.354 168.585 
161.804 158.198 170.791 
165.947 163.802 170.788 
169.663 168.249 167.082 
168.873 172.083 161.684 
165.024 174.468 156.871 
158.937 175.775 152.995 
154.105 178.864 154.726 
147.433 179.264 158.107 
145.597 181.439 162.968 
145.708 182.043 169.621 
149.986 185.191 173.768 
155.404 189.377 174.509 
158.991 194.284 172.551 
159.221 200.468 170.627 
156.937 205.937 166.887 
151.486 209.215 165.573 
145.526 211.058 167.334 
140.479 212.012 171.449 
137.619 212.265 177.125 
159.656 219.075 183.660 
155.897 214.246 180.039 
154.702 210.797 185.967 
150.460 206.266 187.772 
145.581 202.336 186.136 
141.834 199.469 180.631 
139.516 198.649 174.806 
140.199 199.266 168.301 
142.833 200.154 162.594 
148.046 197.388 158.513 
154.690 195.422 158.115 
160.202 193.020 162.037 
162.011 188.062 165.876 
161.099 183.722 170.713 
157.304 178.313 172.576 
152.777 173.906 171.249 
149.532 169.765 166.997 
150.238 166.399 162.160 
153.321 164.091 156.075 
159.041 163.388 152.725 
165.906 163.162 153.021 
171.574 161.395 156.358 
174.977 159.068 161.459 
175.135 154.431 166.182 
171.095 150.339 170.058 
166.462 144.896 170.952 
163.665 140.465 166.110 
