25.149 -6.446 -11.777 
25.127 -7.632 -4.859 
27.922 -10.579 0.452 
33.295 -13.207 3.732 
39.835 -13.280 4.842 
39.806 -13.314 4.853 
45.245 -9.539 5.486 
45.247 -9.600 5.525 
49.227 -4.574 3.410 
48.464 -4.610 5.406 
27.919 4.636 13.135 
33.668 3.801 15.317 
33.896 6.103 9.705 
35.368 8.809 3.900 
35.381 8.837 3.886 
38.635 8.480 -1.898 
38.619 8.462 -1.923 
41.859 4.592 -5.912 
41.850 4.585 -5.917 
43.816 -1.277 -8.330 
45.473 -7.503 -8.650 
43.072 -13.681 -7.918 
39.389 -18.712 -5.333 
33.271 -21.056 -4.661 
