-8.414 -7.665 14.771 
-15.403 -34.427 21.892 
-15.343 -31.280 28.015 
-15.639 -27.105 33.094 
-20.083 -24.290 37.053 
-34.573 -19.719 9.311 
-28.682 -21.997 6.681 
-22.615 -19.464 5.499 
-18.174 -15.040 6.847 
-15.506 -10.000 9.684 
-13.650 -7.249 13.989 
-34.699 -28.526 27.082 
-31.605 -22.768 25.574 
-27.333 -17.533 26.836 
-22.502 -16.010 24.347 
-28.968 -12.870 23.438 
-28.991 -12.912 23.473 
-31.363 -7.811 19.999 
-30.138 -7.022 20.669 
-29.338 -3.305 14.959 
-29.693 -3.698 15.119 
-26.904 -1.504 9.101 
-28.047 -1.982 8.745 
-26.182 -4.244 2.819 
-26.713 -8.415 -2.237 
