203.212 113.002 146.862 
201.031 115.631 152.256 
199.364 119.506 158.303 
198.357 125.786 159.412 
198.655 132.720 158.126 
197.837 138.047 153.371 
195.048 138.979 146.934 
190.851 138.628 142.150 
152.297 141.836 145.437 
149.109 146.322 144.038 
144.060 151.484 144.885 
142.525 158.063 143.469 
144.843 164.171 141.319 
149.730 168.182 138.210 
155.295 168.548 134.245 
158.624 166.006 129.108 
158.493 162.443 123.653 
155.456 159.666 117.981 
149.238 155.979 116.310 
143.302 159.954 114.153 
139.596 166.117 112.641 
138.039 171.983 111.796 
140.638 179.058 111.102 
145.055 182.006 107.641 
150.818 182.130 103.451 
154.462 178.349 98.883 
152.993 174.650 93.021 
188.286 158.223 183.383 
181.266 157.516 180.566 
182.530 154.835 174.672 
178.687 149.769 172.313 
173.855 151.114 167.379 
171.238 151.381 162.274 
167.192 149.106 158.624 
162.524 145.066 157.617 
158.354 141.400 159.600 
154.528 139.626 163.722 
151.521 140.431 168.550 
149.621 144.233 172.967 
147.690 148.189 175.446 
139.088 179.199 94.083 
135.877 172.804 93.741 
139.966 167.192 96.149 
146.763 165.584 97.255 
152.042 167.838 100.654 
155.012 171.328 105.585 
154.997 174.591 111.416 
151.511 176.824 117.364 
146.215 175.346 122.072 
140.704 170.426 123.296 
139.697 163.530 124.880 
141.306 157.116 126.444 
146.530 152.535 127.444 
153.076 151.409 128.922 
158.542 153.710 132.433 
161.338 157.721 137.188 
160.597 160.475 143.089 
158.274 161.084 148.581 
155.003 159.689 153.490 
152.346 156.234 157.269 
154.754 158.910 161.469 
157.504 159.790 166.119 
160.226 157.506 171.135 
161.855 153.199 174.886 
163.794 147.668 176.548 
165.564 141.694 175.676 
165.775 135.684 172.286 
168.512 133.478 167.022 
171.722 133.313 161.494 
174.841 136.214 156.888 
179.152 141.532 155.092 
179.417 136.272 155.435 
182.071 129.243 155.423 
186.015 125.097 150.840 
189.832 124.541 144.947 
192.597 130.012 141.667 
200.141 131.131 141.447 
205.013 132.240 145.787 
208.708 131.507 150.969 
