-13.890 28.560 -50.325 
-9.447 33.140 -53.237 
-3.893 34.058 -56.843 
-0.650 31.498 -61.806 
1.107 26.510 -66.412 
-1.003 20.773 -69.707 
-6.242 17.860 -72.170 
-12.431 17.797 -74.919 
-18.656 20.760 -76.460 
-20.982 26.918 -78.541 
-19.961 33.080 -81.430 
-2.571 28.798 -82.535 
-4.684 34.303 -78.739 
-9.411 36.938 -74.815 
-13.604 35.262 -70.198 
-17.496 30.844 -66.383 
-18.190 24.310 -64.140 
-14.814 19.059 -62.402 
-9.358 15.879 -59.976 
-2.513 15.556 -58.244 
2.197 19.665 -55.317 
3.851 25.099 -51.416 
27.088 11.531 0.541 
22.854 15.984 -2.843 
22.309 21.620 -6.390 
25.437 25.035 -10.893 
30.950 26.986 -14.763 
37.101 25.050 -17.341 
40.399 19.919 -19.524 
40.928 13.809 -22.385 
38.304 7.585 -24.453 
32.500 5.225 -27.353 
26.757 6.236 -31.020 
32.388 23.883 -31.532 
26.167 22.088 -28.853 
22.574 17.488 -25.591 
23.118 13.107 -20.875 
26.512 8.854 -16.449 
32.473 7.678 -13.091 
37.532 10.660 -10.341 
40.553 15.851 -7.208 
40.982 22.623 -5.241 
36.725 27.534 -2.962 
30.790 29.476 -0.048 
