25.247 -6.344 -11.661 
25.166 -7.472 -4.801 
28.030 -10.336 0.470 
33.391 -12.815 3.787 
40.050 -12.932 4.606 
39.972 -13.099 4.640 
45.737 -9.633 5.049 
45.451 -9.524 5.213 
48.559 -4.088 4.869 
48.850 -4.458 5.056 
49.805 -4.900 2.220 
27.879 4.675 13.180 
33.823 3.904 15.192 
33.879 3.799 15.225 
34.516 5.812 10.241 
34.271 5.815 10.152 
35.155 8.847 3.899 
35.176 8.817 3.903 
35.307 8.738 3.990 
38.393 8.454 -1.986 
38.408 8.452 -1.993 
41.770 4.643 -5.944 
41.764 4.637 -5.931 
43.508 -1.300 -8.519 
45.475 -7.587 -8.967 
43.189 -13.763 -7.950 
39.260 -18.671 -5.759 
33.211 -21.018 -4.695 
