140.092 148.060 240.105 
146.694 148.196 241.096 
152.914 145.935 239.956 
157.572 142.810 236.287 
159.860 140.314 230.542 
159.734 140.021 223.898 
157.815 142.682 218.071 
155.577 147.998 214.680 
154.761 154.607 214.193 
156.254 160.866 215.651 
157.262 167.134 216.798 
182.854 183.082 208.331 
185.411 182.942 203.764 
190.078 182.443 198.019 
191.843 178.244 192.893 
191.300 172.690 189.371 
187.926 167.634 186.860 
182.232 164.966 185.043 
175.938 165.656 183.379 
170.846 169.401 181.629 
168.314 175.093 179.428 
169.155 180.971 176.487 
173.113 184.638 172.376 
178.714 185.290 168.121 
182.687 182.492 163.342 
183.426 177.796 158.311 
179.614 173.369 154.249 
173.895 172.100 151.785 
166.873 170.905 151.350 
161.452 175.470 150.725 
160.104 181.969 149.186 
161.790 188.838 147.971 
165.992 192.675 144.008 
170.926 193.749 139.529 
174.603 192.365 134.652 
176.798 189.548 129.349 
175.680 184.828 124.079 
171.331 183.034 120.854 
164.517 184.122 117.824 
159.686 188.526 116.846 
157.496 195.257 117.271 
159.570 201.513 116.584 
163.902 206.473 114.967 
167.971 208.665 110.429 
170.781 208.651 104.271 
171.183 205.877 98.078 
168.155 202.880 93.565 
162.988 200.185 90.623 
156.915 199.124 89.837 
150.454 200.392 91.140 
146.318 204.491 95.009 
145.574 211.099 96.938 
145.784 217.243 94.236 
146.573 221.134 88.787 
145.598 222.148 82.272 
142.741 220.749 76.384 
137.833 217.781 72.802 
132.408 213.795 73.246 
127.611 210.942 76.513 
124.058 210.433 81.902 
122.542 213.780 87.745 
121.837 220.206 90.435 
119.933 226.336 88.958 
115.840 230.509 86.241 
109.921 231.292 83.439 
103.913 228.606 82.184 
99.146 223.996 81.591 
96.337 218.877 84.444 
95.867 213.829 89.140 
98.060 211.632 94.612 
101.592 212.152 100.309 
102.030 216.670 105.179 
100.107 221.931 108.564 
94.670 224.889 110.844 
87.934 224.761 112.385 
83.742 220.716 114.207 
80.336 215.779 115.618 
79.907 208.971 116.899 
82.926 203.886 119.795 
88.697 201.069 121.023 
93.861 201.554 124.703 
97.375 204.841 129.590 
97.285 208.498 135.172 
94.786 209.049 141.114 
90.771 207.190 145.715 
87.476 203.230 149.305 
85.681 197.226 151.331 
86.012 190.661 151.101 
88.819 184.792 149.131 
93.907 181.800 146.567 
99.658 182.340 143.364 
105.354 186.149 143.472 
109.437 190.222 147.154 
112.098 191.128 152.861 
114.217 189.003 158.892 
115.641 183.683 162.293 
116.176 177.225 164.026 
118.556 171.792 161.596 
120.763 167.573 156.750 
122.151 166.567 150.481 
124.150 169.043 144.804 
127.759 173.984 141.841 
132.438 178.976 142.463 
138.565 179.512 144.597 
144.015 177.630 147.881 
148.014 172.572 148.882 
150.548 166.632 147.162 
150.922 161.533 143.018 
149.439 158.422 137.577 
148.781 159.112 131.170 
146.247 161.961 126.264 
145.672 167.470 123.430 
149.254 173.887 121.597 
154.718 177.426 122.286 
161.326 177.738 120.686 
165.994 175.099 117.094 
168.727 170.675 112.789 
167.626 166.396 107.582 
163.279 163.828 102.935 
157.228 164.520 99.726 
152.279 167.979 97.952 
149.417 173.557 96.882 
149.609 180.462 97.365 
152.770 185.309 94.566 
155.897 188.130 89.853 
157.703 188.359 83.373 
155.899 186.459 77.751 
153.132 182.762 73.086 
147.680 179.555 70.706 
141.441 177.013 70.834 
135.691 177.196 73.607 
131.613 179.365 78.306 
129.233 184.616 81.093 
129.069 191.381 81.908 
128.544 197.054 78.567 
126.791 200.068 73.000 
123.825 200.273 67.208 
118.780 197.954 63.281 
113.658 193.799 62.128 
108.860 190.031 64.537 
105.564 187.024 69.217 
104.088 186.620 75.289 
103.689 189.412 81.236 
102.300 195.135 84.874 
100.123 201.652 85.257 
94.925 204.944 83.116 
88.913 205.418 81.383 
82.739 202.609 80.791 
78.903 197.060 81.935 
77.163 191.375 84.781 
78.498 186.475 89.026 
82.734 183.730 93.269 
87.551 184.996 98.137 
88.435 188.890 103.600 
86.013 193.169 108.146 
80.621 195.340 111.795 
75.429 193.046 114.548 
71.277 187.971 116.553 
69.996 181.557 117.599 
72.342 174.977 118.648 
76.876 170.726 119.253 
83.358 169.250 120.491 
89.395 171.163 122.702 
91.595 174.349 128.432 
90.382 177.570 134.484 
87.876 176.058 139.991 
84.642 172.181 144.538 
84.323 166.362 146.735 
85.676 159.616 146.392 
89.544 154.619 144.229 
95.023 151.631 141.054 
101.712 152.768 139.215 
107.032 156.753 138.411 
112.136 160.259 142.882 
113.061 162.933 148.623 
115.083 163.237 154.026 
114.694 159.336 159.652 
113.619 153.529 162.878 
114.022 146.855 162.946 
116.807 141.362 160.434 
121.850 138.530 157.195 
128.085 138.893 154.937 
134.140 141.684 154.940 
138.740 145.358 158.013 
140.961 148.101 163.690 
141.154 148.021 170.291 
140.242 144.703 176.001 
139.424 138.933 179.208 
139.953 132.356 179.334 
142.623 126.801 176.929 
147.509 124.004 173.376 
153.510 124.671 170.676 
159.406 127.598 170.593 
164.054 131.094 173.709 
166.636 133.399 179.356 
167.022 133.177 186.018 
196.561 132.406 233.112 
193.265 135.137 232.505 
190.025 139.965 230.086 
186.786 146.356 230.439 
186.522 149.155 224.854 
184.861 152.917 220.772 
182.661 158.090 218.498 
183.206 164.338 220.315 
184.280 169.388 223.177 
187.856 172.361 226.637 
192.798 173.649 229.539 
199.251 171.882 229.235 
204.127 170.944 228.169 
208.115 171.565 224.344 
163.142 115.462 181.780 
158.092 117.937 185.364 
155.209 123.258 188.145 
154.439 129.856 188.483 
155.181 135.794 185.645 
156.026 139.336 180.112 
155.812 139.647 173.458 
153.612 137.332 167.667 
149.243 133.784 164.152 
143.340 130.732 163.986 
137.203 130.090 166.469 
132.248 132.734 170.025 
129.366 138.135 172.567 
128.508 144.716 172.500 
129.228 150.560 169.378 
130.315 153.926 163.712 
130.254 153.979 157.070 
127.938 151.445 151.432 
123.306 148.069 148.063 
117.186 145.364 147.739 
110.991 144.824 150.229 
105.825 147.535 153.622 
102.870 152.272 156.410 
100.822 159.650 156.535 
102.007 165.162 153.512 
103.082 168.089 147.505 
103.368 167.477 140.705 
101.345 164.078 135.240 
96.511 160.168 132.116 
90.278 157.724 132.325 
83.896 158.185 133.335 
78.800 161.652 134.583 
75.187 167.463 135.576 
75.051 174.130 135.348 
77.186 179.416 132.868 
80.977 183.311 129.831 
85.598 184.517 124.928 
88.638 181.457 119.613 
86.969 177.226 114.318 
82.215 175.383 109.739 
76.252 176.930 106.810 
71.344 181.618 104.762 
70.363 187.352 102.576 
71.422 193.991 100.672 
76.091 198.047 99.746 
81.711 200.135 98.504 
88.218 198.194 97.173 
91.864 192.669 94.787 
91.576 187.851 89.803 
88.893 185.925 83.715 
86.993 187.552 77.757 
88.423 191.549 72.603 
92.211 196.239 70.031 
96.604 201.469 69.811 
102.080 203.627 71.362 
107.639 203.546 74.053 
111.415 200.450 78.998 
112.930 194.383 81.343 
113.987 188.021 79.167 
115.091 183.796 73.793 
118.704 183.031 68.192 
123.376 184.613 63.899 
129.097 187.903 63.048 
134.229 191.099 64.767 
138.282 193.963 69.376 
140.196 194.183 75.450 
139.389 192.144 81.693 
138.631 187.120 85.537 
138.813 180.489 86.380 
140.877 174.567 84.150 
146.112 171.388 82.248 
152.389 170.611 81.348 
158.435 171.493 82.661 
163.722 174.151 85.672 
166.188 177.733 90.566 
165.216 180.535 95.978 
162.385 181.797 101.345 
156.252 181.450 104.719 
151.598 176.600 106.206 
150.190 170.022 106.764 
152.477 164.014 108.169 
156.475 160.732 111.883 
160.478 159.730 117.140 
162.751 161.416 122.878 
163.612 165.506 128.420 
160.856 169.966 132.029 
155.975 174.016 133.795 
149.858 176.348 132.143 
143.630 173.642 130.896 
139.420 168.260 130.715 
137.622 163.575 134.990 
137.723 160.078 140.553 
137.873 160.471 147.074 
137.961 163.592 152.819 
137.117 169.129 156.610 
135.455 174.978 157.509 
131.865 180.014 156.451 
128.006 182.924 152.042 
124.054 181.876 146.822 
118.471 178.191 144.939 
114.042 173.094 146.287 
109.394 171.241 150.840 
105.551 173.363 155.678 
102.829 177.352 160.023 
101.257 183.935 161.809 
101.735 190.517 160.156 
102.841 195.145 155.298 
103.171 196.787 149.022 
101.490 195.568 142.839 
98.949 191.098 138.424 
92.960 189.276 136.700 
86.663 189.699 136.505 
81.360 193.428 137.610 
79.408 199.818 137.264 
79.108 206.094 137.119 
81.725 211.790 134.800 
86.263 215.768 132.070 
91.377 216.745 128.216 
96.587 214.216 124.610 
97.019 210.049 119.471 
94.815 205.228 115.207 
90.635 205.164 110.087 
86.343 208.198 105.926 
83.799 213.364 102.827 
84.360 219.726 100.088 
87.783 225.032 98.753 
93.562 227.492 97.725 
99.666 228.359 98.311 
105.623 224.703 99.256 
108.520 219.295 97.411 
109.291 214.327 92.594 
107.338 211.512 86.537 
108.059 213.285 80.398 
110.137 216.742 75.520 
114.248 221.604 72.747 
119.581 225.728 74.147 
124.464 227.956 77.478 
128.671 227.147 82.283 
130.994 223.889 87.708 
131.044 217.642 90.578 
132.387 211.198 88.504 
135.157 206.836 84.442 
139.645 205.320 79.355 
145.588 206.913 77.518 
151.430 210.089 78.437 
155.810 212.883 82.434 
158.224 215.304 88.091 
157.785 215.482 94.896 
155.315 212.873 100.721 
152.678 207.310 103.557 
153.673 200.649 103.373 
156.779 195.073 101.403 
162.921 192.812 101.073 
169.225 192.446 102.602 
174.052 194.590 107.142 
176.131 197.489 112.053 
174.050 201.063 117.750 
169.631 202.167 122.261 
163.817 199.875 125.123 
159.784 195.702 127.047 
158.867 188.448 128.807 
160.794 182.743 129.451 
164.105 178.542 131.777 
171.339 177.632 133.702 
174.367 178.267 137.930 
177.716 182.917 142.685 
177.007 188.300 147.069 
173.088 188.913 152.448 
167.714 187.947 156.578 
164.056 183.800 160.381 
163.426 177.039 162.108 
166.895 171.678 163.674 
172.266 167.069 163.877 
179.026 167.202 165.665 
183.161 170.576 169.752 
186.149 175.269 173.438 
185.769 180.177 177.923 
182.471 183.140 182.869 
178.065 182.768 187.783 
174.616 179.105 192.082 
173.864 173.435 195.353 
176.369 167.437 195.974 
182.594 163.930 197.296 
188.040 163.339 202.197 
192.504 165.684 205.955 
195.038 168.432 210.414 
197.505 163.596 211.712 
199.157 159.672 215.280 
199.396 157.170 220.964 
198.456 157.038 226.948 
196.104 157.711 232.357 
191.603 159.674 236.615 
185.803 162.561 238.095 
179.689 162.479 236.333 
174.336 161.390 232.476 
171.338 157.344 228.270 
170.354 152.291 224.776 
166.296 155.991 228.418 
160.292 158.629 229.748 
153.725 158.742 228.461 
148.378 155.782 225.790 
145.448 150.205 223.583 
145.136 143.562 223.574 
146.490 137.705 226.454 
147.888 134.066 231.821 
