-41.751 59.657 -10.608 
-42.759 59.175 -3.725 
-43.931 55.257 1.586 
-43.108 49.452 4.678 
-40.178 43.601 5.738 
-34.563 40.452 6.220 
-34.529 40.556 6.222 
-28.216 40.192 5.925 
-27.956 40.619 5.755 
-31.321 62.163 14.105 
-28.797 56.955 16.100 
-26.882 57.707 11.216 
-23.744 58.445 4.936 
-23.732 58.585 4.997 
-22.379 55.674 -0.946 
-24.084 50.971 -5.084 
-24.118 50.944 -5.076 
-28.777 46.760 -7.432 
-27.528 45.565 -7.358 
-32.734 41.453 -8.024 
-39.260 40.631 -7.114 
-45.475 41.408 -4.422 
-50.471 45.470 -3.685 
