-41.936 59.923 -10.680 
-42.899 59.444 -3.693 
-44.090 55.505 1.669 
-43.431 49.632 4.800 
-40.259 43.745 5.726 
-34.594 40.708 6.306 
-34.592 40.706 6.304 
-28.328 40.349 5.961 
-28.256 40.647 5.837 
-28.450 40.352 5.572 
-22.294 42.085 4.827 
-31.764 62.431 14.336 
-28.620 57.126 16.214 
-26.934 57.904 11.026 
-23.795 58.704 4.876 
-23.772 58.919 4.955 
-22.411 55.905 -0.998 
-24.172 51.180 -5.086 
-24.211 51.145 -5.076 
-28.834 46.983 -7.538 
-27.595 45.690 -7.335 
-32.901 41.695 -8.000 
-39.435 40.854 -7.135 
-45.718 41.499 -4.381 
-50.647 45.658 -3.588 
