141.540 144.780 240.989 
148.147 145.054 241.929 
154.413 143.004 240.652 
159.115 140.144 236.827 
161.414 137.930 230.972 
161.234 137.887 224.323 
159.192 140.716 218.618 
156.783 146.096 215.452 
155.790 152.694 215.225 
157.132 158.931 216.909 
157.987 165.175 218.287 
183.072 182.107 210.224 
185.589 182.209 205.633 
190.213 182.053 199.835 
192.040 178.100 194.536 
191.738 172.608 190.859 
189.363 166.245 188.247 
183.107 164.257 186.549 
176.782 165.490 184.074 
172.195 169.263 181.566 
169.585 175.937 181.996 
171.368 182.397 179.741 
175.504 186.046 175.508 
179.458 185.764 169.976 
183.023 182.231 164.784 
183.499 178.139 159.826 
180.593 172.104 157.409 
176.781 170.727 152.195 
169.686 170.500 151.164 
166.334 174.784 146.961 
164.303 180.370 144.640 
166.599 186.516 141.872 
171.848 188.930 138.419 
177.232 189.063 134.502 
183.079 186.668 131.117 
183.707 181.012 127.029 
182.368 175.226 124.745 
179.661 172.667 119.474 
173.464 171.669 115.726 
169.015 174.425 113.458 
166.015 180.579 110.307 
167.340 186.544 107.789 
172.211 191.240 105.667 
178.094 191.712 102.652 
183.518 189.487 99.242 
185.499 185.975 94.175 
184.539 182.494 88.449 
180.239 180.109 83.755 
174.891 181.000 80.733 
169.442 184.187 79.073 
165.726 189.161 78.804 
164.522 195.717 79.597 
167.559 201.661 81.675 
173.457 205.222 80.979 
177.765 207.039 76.159 
179.476 207.032 69.638 
177.665 207.335 63.231 
173.254 208.492 58.332 
167.462 211.241 56.180 
161.990 214.663 58.146 
158.710 218.386 62.294 
158.651 222.220 67.512 
162.842 225.788 71.677 
168.866 229.357 71.754 
172.696 233.271 68.094 
173.537 238.214 64.044 
170.735 243.471 61.211 
165.522 247.678 61.120 
159.445 250.103 62.354 
154.957 251.069 66.953 
152.148 250.218 73.210 
153.119 248.188 79.085 
157.010 246.044 84.131 
162.669 248.155 86.935 
167.443 252.474 88.106 
168.427 258.912 89.155 
166.020 265.204 90.696 
161.492 267.691 93.949 
156.407 269.055 97.148 
150.959 266.963 100.906 
148.964 262.661 105.476 
149.453 256.504 107.619 
153.304 252.562 110.794 
159.229 251.402 114.047 
164.188 253.759 117.841 
165.655 257.135 123.160 
163.998 260.739 128.161 
160.531 262.712 133.010 
155.440 262.288 137.167 
149.992 259.374 139.426 
145.569 254.225 139.786 
144.312 248.049 138.489 
146.076 242.560 135.264 
151.704 238.906 133.872 
158.110 237.356 135.708 
161.962 236.156 140.626 
163.156 234.305 146.994 
160.469 231.435 152.134 
155.875 228.673 156.167 
151.479 224.014 155.942 
147.191 219.626 153.022 
144.765 217.028 147.581 
145.720 215.334 141.371 
150.358 213.555 136.730 
156.727 211.365 135.378 
160.491 206.338 137.094 
162.340 201.149 140.792 
160.125 195.684 143.586 
155.612 190.793 144.207 
150.060 187.827 142.288 
144.946 187.132 138.434 
143.031 187.037 132.247 
142.660 189.718 126.654 
146.060 191.976 121.958 
152.316 190.974 117.809 
157.821 187.509 117.059 
160.307 181.396 115.396 
158.815 175.585 113.017 
154.764 170.720 110.671 
148.912 169.255 107.472 
143.323 171.492 104.178 
140.249 176.771 101.004 
140.457 182.354 98.105 
143.563 186.980 95.040 
149.603 189.590 92.882 
154.029 188.206 88.433 
156.082 185.768 82.974 
154.793 183.246 76.868 
150.496 183.291 72.394 
144.618 183.647 69.494 
138.813 186.976 68.550 
134.101 191.656 69.688 
132.796 197.363 72.243 
134.525 202.621 75.818 
138.893 207.261 76.443 
144.779 210.190 74.651 
148.163 212.391 69.422 
148.029 214.330 63.147 
144.952 216.231 57.734 
139.527 219.306 55.020 
133.489 222.148 55.568 
129.144 225.383 59.266 
126.854 227.894 64.765 
127.992 229.989 70.555 
132.224 232.342 75.015 
137.698 236.397 76.242 
142.381 240.990 74.161 
142.217 246.677 70.989 
139.487 252.056 69.262 
134.330 256.465 69.833 
128.457 257.938 73.021 
123.940 257.712 77.816 
121.860 255.214 83.582 
122.805 250.930 88.506 
127.575 247.789 92.490 
133.103 249.338 96.074 
137.246 253.899 98.695 
138.061 260.193 101.309 
134.905 264.416 104.773 
129.596 266.490 108.584 
124.039 265.290 111.982 
119.868 260.735 115.411 
118.418 255.043 117.530 
120.334 248.768 119.169 
125.242 244.375 120.438 
130.820 244.493 124.524 
135.104 247.768 128.926 
134.686 250.275 134.622 
131.647 252.371 140.325 
127.391 250.704 144.556 
122.182 246.776 146.768 
118.869 240.979 146.611 
117.569 234.355 144.743 
120.700 228.457 142.547 
126.002 225.075 140.248 
132.635 222.494 143.018 
137.252 223.569 147.318 
140.225 222.666 152.190 
138.735 222.332 158.873 
134.526 221.513 164.061 
129.122 218.534 166.635 
124.816 213.473 166.352 
123.441 207.298 164.370 
125.587 201.444 162.082 
130.474 197.048 160.973 
136.555 194.780 162.390 
141.752 194.695 166.593 
144.048 195.481 172.736 
142.855 195.864 179.283 
138.780 194.822 184.436 
133.529 191.778 187.027 
129.161 186.811 186.867 
127.640 180.745 184.582 
129.790 175.158 181.772 
134.816 171.658 179.512 
141.483 170.347 180.851 
146.511 172.013 185.347 
148.557 171.364 191.317 
148.055 170.068 197.798 
144.982 168.114 203.725 
143.429 162.331 205.885 
198.332 130.907 232.931 
194.960 133.570 232.457 
191.573 138.399 230.251 
188.171 144.684 230.875 
187.782 147.686 225.404 
185.985 151.555 221.483 
183.629 156.750 219.428 
184.027 162.936 221.478 
184.995 167.901 224.522 
188.524 170.834 228.062 
193.457 172.141 230.970 
199.951 170.559 230.545 
204.840 169.792 229.404 
208.774 170.663 225.573 
147.708 155.283 191.049 
141.230 154.807 191.803 
134.863 157.199 194.015 
132.562 162.902 195.754 
132.966 168.925 198.435 
135.341 175.157 198.751 
140.687 179.028 196.303 
144.998 180.262 191.429 
146.413 180.054 184.960 
144.283 179.370 178.682 
139.414 179.585 174.213 
133.384 181.627 172.337 
128.285 185.759 173.390 
126.025 191.446 175.992 
127.388 197.517 178.337 
131.585 202.634 178.684 
136.722 205.987 176.150 
140.847 207.161 171.048 
142.169 206.645 164.522 
139.891 205.722 158.350 
134.842 205.981 154.106 
128.898 208.351 152.303 
123.944 212.792 153.082 
121.746 218.575 155.652 
123.022 224.837 157.822 
126.716 229.797 158.647 
132.087 234.573 156.003 
136.163 235.209 151.115 
136.993 234.480 144.437 
134.250 232.958 138.366 
128.659 232.635 134.605 
122.265 235.015 133.233 
117.667 239.742 134.407 
115.718 245.864 135.230 
116.916 252.038 135.130 
120.614 257.747 133.895 
126.071 260.456 131.172 
130.546 260.223 126.861 
134.356 257.856 122.545 
135.616 253.400 117.504 
132.491 248.641 113.705 
126.408 247.697 110.411 
121.280 250.598 106.911 
119.058 256.175 103.673 
120.218 262.162 100.056 
123.860 264.975 95.881 
129.216 266.336 91.605 
134.261 263.555 89.173 
137.946 259.090 87.181 
138.595 252.223 86.616 
134.668 246.386 86.453 
128.782 244.006 83.656 
123.933 244.768 78.769 
122.439 246.235 72.656 
124.612 245.732 66.362 
129.249 243.752 62.175 
135.407 241.788 59.958 
140.056 237.900 60.529 
143.257 233.230 62.998 
143.957 229.332 68.708 
140.316 225.927 73.151 
134.671 222.141 73.524 
129.734 218.672 70.128 
128.675 214.251 65.193 
130.482 209.989 60.576 
135.354 205.963 58.492 
140.787 202.822 58.830 
146.487 200.962 61.980 
149.576 200.224 67.504 
149.686 201.095 74.063 
146.481 200.387 79.524 
141.286 197.743 82.802 
136.415 193.209 82.948 
135.293 186.925 82.335 
136.971 180.790 81.732 
140.706 175.849 82.558 
146.200 172.548 84.295 
151.934 172.455 87.453 
155.746 175.252 91.419 
157.470 179.123 95.941 
155.766 185.057 99.257 
150.255 187.598 102.507 
144.339 186.376 105.517 
140.746 182.151 109.061 
140.958 177.793 113.698 
143.620 174.559 118.906 
147.974 174.022 123.564 
153.681 175.681 127.146 
157.512 180.476 128.835 
159.467 186.761 128.993 
158.280 192.978 126.642 
152.961 197.377 126.568 
146.613 199.055 128.469 
143.405 199.489 134.212 
142.438 198.859 140.681 
145.085 199.858 146.572 
149.725 201.868 150.715 
155.326 205.379 152.148 
159.844 209.320 150.792 
162.193 214.396 147.949 
161.487 218.377 142.806 
157.141 220.766 138.405 
151.052 224.100 138.103 
145.380 226.319 141.315 
143.445 230.493 146.276 
145.281 235.540 149.995 
148.986 240.229 152.543 
154.464 244.510 151.731 
159.615 246.415 147.714 
162.282 246.498 141.460 
161.628 245.900 135.024 
157.761 246.017 129.774 
151.417 245.902 127.395 
146.773 250.361 126.542 
144.414 256.210 126.263 
145.694 262.652 125.933 
150.113 266.881 123.222 
155.202 269.597 120.726 
160.278 269.112 116.405 
164.580 266.148 112.334 
166.217 261.313 108.346 
165.040 255.050 105.910 
159.948 252.248 102.716 
153.504 251.713 100.605 
149.922 254.711 95.928 
149.224 259.170 90.971 
151.416 263.042 86.179 
156.041 264.619 81.238 
161.469 263.398 77.969 
165.609 258.968 76.034 
169.105 253.858 76.190 
168.871 247.160 78.386 
164.914 242.130 78.688 
159.405 238.754 76.091 
154.128 238.509 71.561 
153.797 237.629 65.200 
155.884 236.368 59.358 
160.732 234.132 54.917 
166.918 231.123 54.609 
171.992 228.068 56.807 
174.744 224.658 61.520 
174.863 222.086 67.751 
170.636 220.019 72.763 
165.079 215.956 73.258 
161.181 211.119 71.114 
160.037 205.687 66.928 
163.237 200.646 64.569 
168.675 196.730 64.167 
174.243 194.455 66.774 
179.245 194.067 71.077 
181.563 195.558 77.317 
180.349 197.651 83.719 
175.555 198.283 88.468 
170.322 194.736 90.799 
166.269 189.432 91.046 
166.842 182.922 91.533 
169.714 177.290 93.026 
175.111 174.435 96.375 
180.115 174.427 99.812 
184.208 178.574 103.762 
184.836 183.695 107.566 
181.457 188.500 111.137 
176.737 190.866 114.222 
170.555 188.780 117.960 
167.183 184.487 120.926 
165.003 179.738 124.568 
167.848 175.363 129.227 
172.294 171.358 131.110 
178.350 171.682 134.461 
183.713 175.470 137.319 
183.157 180.662 142.011 
181.559 186.042 144.955 
176.901 188.199 149.115 
171.757 187.919 153.288 
167.465 184.415 157.430 
165.615 179.460 160.180 
166.426 173.536 163.446 
171.496 169.567 165.113 
178.303 167.817 165.246 
182.926 170.179 169.346 
186.234 173.898 173.635 
186.631 179.881 178.512 
182.997 183.821 182.962 
179.314 182.463 188.238 
174.947 179.197 192.760 
174.745 173.393 196.073 
176.884 166.777 197.330 
183.210 163.388 198.465 
188.716 162.757 203.295 
193.152 165.074 207.103 
195.655 167.717 211.642 
198.259 162.903 212.733 
200.048 158.890 216.134 
200.405 156.181 221.716 
199.524 155.797 227.699 
197.206 156.201 233.149 
192.695 157.881 237.517 
186.836 160.555 239.155 
180.710 160.377 237.441 
175.350 159.295 233.590 
172.421 155.332 229.258 
171.537 150.391 225.581 
167.418 153.842 229.397 
161.359 156.267 230.876 
154.780 156.255 229.649 
149.488 153.258 226.911 
146.684 147.694 224.518 
146.546 141.049 224.257 
148.080 135.126 226.899 
149.622 131.323 232.110 
