58.146 34.971 37.395
60.350 28.396 37.369
62.089 23.066 40.679
59.835 19.083 45.766
56.095 17.238 51.265
50.217 16.940 53.227
45.097 18.253 54.336
45.225 21.896 35.872
44.166 26.506 39.610
43.903 29.298 45.866
47.653 30.548 51.276
52.829 29.410 55.445
59.433 29.879 55.494
65.424 30.295 53.029
36.750 8.412 -5.439
31.675 12.231 -3.878
24.872 13.768 -4.013
19.115 11.482 -2.017
16.251 7.918 2.593
12.642 13.232 -0.239
9.778 18.274 3.391
6.770 20.565 9.013
4.427 21.687 15.325
7.059 22.156 21.701
12.193 22.388 26.060
18.372 24.597 26.812
23.922 27.605 24.595
27.976 30.846 20.314
27.750 36.497 16.751
9.570 36.624 18.030
12.138 34.938 12.390
17.139 32.217 8.630
21.449 26.767 9.202
24.565 22.024 12.570
23.509 17.299 17.050
19.866 13.416 21.195
14.303 10.039 21.086
8.352 8.470 18.593
30.348 -1.797 7.818
26.753 -4.568 3.327
23.189 -4.370 -2.252
21.445 -1.725 -7.830
20.779 3.149 -12.671
5.138 5.342 14.879
3.949 2.760 13.800
4.209 1.310 16.087
-6.398 1.623 27.041
-3.769 7.237 25.274
0.615 12.537 25.855
6.251 14.002 23.694
1.353 19.061 25.239
-0.995 24.288 21.583
-0.312 27.517 15.534
1.789 29.321 9.556
2.384 27.002 2.550
1.898 22.607 -2.080
-5.850 11.517 9.361
-0.002 9.196 6.591
6.003 11.672 5.340
10.482 16.171 6.686
12.733 21.302 9.735
12.904 -3.679 21.567
12.951 -0.460 27.676
12.413 4.003 32.637
7.848 6.840 36.296
16.158 23.515 14.492
18.349 23.664 16.145
20.226 22.858 14.367
7.391 -0.441 92.895
13.026 -2.652 93.422
16.323 -8.059 90.832
17.187 -13.443 87.054
15.508 -17.358 82.140
12.674 -16.492 75.864
9.013 -13.234 71.446
7.722 -7.592 68.394
8.804 -1.638 66.657
13.306 1.944 63.502
19.519 3.772 61.766
25.557 1.872 60.309
29.046 -3.096 56.163
30.027 -5.603 50.686
28.097 -11.929 47.875
23.572 -15.335 45.203
16.787 -15.824 45.068
12.156 -10.830 42.005
11.244 -4.255 40.190
13.709 0.400 35.782
17.466 1.944 30.511
20.811 -0.240 25.048
20.441 -3.978 19.784
18.220 -8.250 15.718
12.742 -13.299 14.243
6.893 -15.068 14.692
0.767 -13.946 18.005
-2.938 -8.930 19.264
-4.152 -1.571 18.079
-4.323 2.948 13.252
-5.137 4.552 7.112
-8.508 3.079 1.657
-12.603 -0.511 -2.068
-16.610 -5.370 -2.687
-21.130 -10.310 0.408
-24.520 -12.232 6.415
-26.490 -10.683 12.248
-27.080 -7.989 17.487
-30.083 -2.670 20.019
-33.117 4.066 18.072
-37.922 5.875 15.966
-44.628 6.980 13.807
-49.828 2.560 13.128
-52.917 -2.822 15.122
-54.438 -8.367 17.493
-53.491 -13.611 22.697
-49.557 -14.519 27.711
-47.733 -11.520 33.841
-48.088 -6.619 38.076
-51.160 -0.494 40.999
-57.258 1.621 42.513
-62.751 1.126 44.688
-68.115 -3.067 45.943
-69.697 -6.087 50.207
-70.353 -12.826 51.864
-67.523 -18.159 55.903
-62.296 -21.464 56.586
-55.527 -20.668 57.876
-50.966 -16.602 60.134
-49.364 -10.670 63.694
-50.610 -6.533 69.018
-52.196 -7.071 75.255
-53.429 -10.040 81.219
-53.770 -15.446 84.852
-50.729 -21.107 87.033
-46.631 -26.048 85.901
-42.303 -29.570 81.908
-36.808 -28.546 78.923
-32.231 -24.430 76.609
-28.558 -18.645 77.574
-24.793 -16.180 82.905
-22.647 -16.053 89.084
-19.826 -19.471 93.787
-17.142 -24.823 96.183
-14.267 -30.538 95.030
-10.639 -35.045 92.246
-9.200 -38.758 86.653
-6.869 -37.601 80.889
-6.832 -33.188 75.669
-2.688 -27.881 74.250
1.865 -22.927 76.103
7.887 -22.212 78.932
13.720 -25.025 79.936
18.023 -29.781 78.995
20.279 -35.787 76.962
20.626 -39.505 71.776
19.315 -40.912 65.575
14.156 -40.513 61.012
12.267 -36.359 56.318
11.697 -29.692 54.679
16.268 -25.043 52.926
21.575 -23.346 49.897
25.957 -24.366 45.477
27.659 -28.154 40.182
28.141 -33.010 35.951
25.501 -37.437 32.247
20.934 -42.312 30.681
14.049 -42.218 28.894
8.012 -40.392 30.986
4.777 -35.058 29.379
4.694 -27.869 27.996
5.967 -24.502 22.319
8.615 -22.672 16.469
9.198 -24.570 10.401
6.937 -29.139 5.476
2.847 -34.824 3.107
-3.187 -37.033 2.552
-8.500 -40.192 5.160
-13.017 -39.390 10.544
-16.178 -34.359 12.815
-18.504 -27.990 12.619
-19.064 -22.313 9.184
-22.087 -20.059 3.675
-26.777 -21.140 -0.755
-31.431 -23.666 -4.304
-35.462 -29.046 -3.375
-38.489 -34.286 -0.913
-40.533 -37.081 5.318
-40.578 -37.559 11.806
-39.770 -34.353 17.541
-41.166 -28.937 21.431
-45.398 -23.519 22.114
-50.783 -20.495 21.201
-57.644 -21.949 20.961
-62.838 -27.651 21.106
-63.344 -34.214 21.214
-63.951 -39.774 26.431
-59.467 -42.001 30.949
-56.427 -41.946 36.757
-52.055 -39.336 41.397
-53.442 -35.094 46.776
-56.643 -29.641 49.194
-61.834 -29.640 52.892
-66.858 -32.733 55.956
-69.762 -36.986 58.866
-69.921 -43.549 61.628
-66.205 -47.304 64.962
-60.931 -50.424 67.016
-53.673 -49.313 68.466
-49.079 -44.806 69.554
-46.800 -39.218 71.947
-47.836 -34.577 76.833
-50.192 -33.355 82.851
-54.550 -33.616 87.909
-55.375 -50.617 84.631
-60.731 -46.597 84.646
-62.963 -41.298 81.697
-62.977 -35.783 78.418
-60.302 -31.103 74.686
-56.051 -31.324 69.118
-51.425 -34.846 65.504
-50.927 -40.276 61.421
-52.651 -45.433 58.052
-57.099 -48.652 54.605
-62.275 -49.520 50.947
-67.202 -45.752 48.364
-69.908 -40.692 45.839
-70.035 -35.876 41.872
-67.036 -29.054 41.335
-62.083 -26.101 38.757
-55.066 -26.090 38.993
-51.110 -30.491 35.309
-50.126 -36.064 32.322
-52.592 -40.449 26.633
-56.036 -39.853 20.953
-58.108 -37.119 15.490
-56.898 -32.138 10.508
-53.055 -26.654 8.578
-47.600 -21.455 8.435
-40.488 -19.643 10.723
-36.201 -22.389 15.098
-32.922 -28.477 15.351
-31.283 -34.472 12.880
-30.248 -38.707 6.802
-28.617 -38.344 0.539
-24.633 -36.101 -4.192
-19.978 -31.713 -5.959
-15.605 -27.204 -4.325
-12.240 -23.620 -0.273
-10.024 -22.655 5.848
-8.088 -24.456 11.719
-8.580 -28.673 16.996
-5.363 -34.516 18.168
-2.724 -40.471 16.179
3.002 -42.413 12.971
9.339 -40.908 12.483
14.288 -37.139 13.697
17.275 -32.119 16.697
17.480 -26.162 20.356
16.823 -25.782 26.981
11.749 -25.031 31.868
10.071 -29.303 36.265
9.424 -35.319 39.221
12.387 -41.155 40.990
17.945 -42.734 43.785
24.084 -42.610 45.846
28.603 -39.908 49.321
29.910 -36.009 54.217
29.263 -30.878 58.329
25.758 -26.761 61.786
19.838 -24.275 63.506
13.224 -24.482 61.787
8.876 -29.544 63.225
7.189 -36.108 64.905
7.676 -40.652 69.208
8.205 -41.628 75.994
8.396 -39.819 82.163
8.646 -35.605 87.347
4.815 -30.942 89.680
0.515 -25.763 89.682
-2.830 -21.067 85.622
-7.688 -21.332 81.836
-12.129 -25.250 77.852
-15.831 -30.944 77.604
-19.432 -35.050 81.257
-23.038 -35.881 86.782
-26.708 -33.168 91.648
-29.783 -28.281 94.540
-33.100 -23.005 94.527
-35.607 -17.411 92.509
-35.794 -12.916 87.421
-36.871 -12.820 81.109
-37.001 -15.922 74.945
-41.205 -20.591 72.135
-45.777 -25.748 72.319
-52.139 -26.917 73.995
-57.790 -23.873 74.500
-62.534 -19.166 75.265
-63.621 -12.861 73.185
-63.480 -7.870 68.923
-60.361 -4.850 63.979
-55.819 -4.439 59.228
-52.566 -8.250 54.669
-52.706 -14.311 51.472
-56.740 -18.532 48.301
-61.016 -19.409 44.040
-64.966 -16.446 39.292
-66.944 -11.640 34.823
-67.215 -5.505 33.527
-63.266 -1.134 30.119
-58.020 2.527 29.348
-51.294 3.521 29.849
-45.370 0.043 30.926
-42.289 -4.481 29.140
-41.404 -11.135 25.926
-41.595 -13.108 19.944
-42.927 -11.580 13.208
-43.074 -8.805 8.003
-41.041 -3.151 4.966
-35.688 1.996 3.804
-30.799 4.616 5.064
-25.456 6.243 8.966
-22.006 3.713 14.156
-19.464 -2.010 16.446
-16.782 -8.145 14.717
-15.594 -13.241 10.500
-11.618 -13.983 5.188
-6.432 -12.655 1.203
-1.404 -9.563 0.547
2.247 -4.350 1.470
5.261 0.638 6.028
5.127 2.569 12.384
4.961 1.292 19.461
1.988 -3.003 24.147
4.160 -9.155 26.633
8.452 -14.336 26.846
14.264 -17.414 25.958
20.950 -15.480 26.722
25.817 -9.860 27.835
26.664 -4.313 31.360
24.924 0.081 35.610
20.664 1.258 40.630
16.934 0.288 46.343
12.639 -3.571 50.265
13.445 -9.155 53.194
16.513 -14.925 55.105
21.049 -15.927 59.345
25.057 -12.996 64.138
26.599 -9.541 68.722
25.351 -4.306 72.933
21.687 0.671 74.994
15.167 3.084 75.123
8.965 0.494 76.292
4.248 -3.572 76.845
2.251 -9.689 78.267
2.892 -15.180 82.345
4.475 -17.474 88.326
7.788 -17.486 94.248
6.879 0.210 92.642
12.947 -2.951 93.868
16.760 -8.127 90.379
17.182 -13.779 87.085
15.318 -17.540 82.039
12.618 -16.458 75.821
8.812 -13.240 71.364
7.849 -7.455 68.421
9.060 -1.725 66.576
13.718 1.873 63.982
19.851 3.866 62.009
25.775 1.884 60.327
29.218 -2.967 56.056
30.154 -5.776 50.872
28.366 -11.932 47.852
23.417 -15.587 45.230
16.525 -15.940 44.930
12.414 -10.759 42.172
11.529 -4.459 39.847
13.643 0.170 35.660
17.951 1.582 30.429
21.329 -0.160 25.015
21.577 -3.772 19.842
18.636 -8.454 15.796
13.170 -13.282 13.963
6.960 -14.984 14.576
0.954 -13.814 18.050
-2.601 -8.752 19.300
-4.025 -1.429 17.958
-3.923 2.988 13.155
-4.747 4.788 6.983
-8.406 3.335 1.563
-12.616 0.160 -2.469
-16.938 -5.867 -2.546
-21.380 -9.438 0.589
-24.265 -11.646 5.932
-26.492 -10.716 11.836
-26.994 -7.868 17.387
-30.156 -2.344 19.551
-32.604 4.115 18.441
-37.711 6.460 16.219
-44.783 6.273 13.459
-49.940 2.822 13.096
-52.901 -3.113 14.701
-54.150 -8.818 17.219
-53.634 -12.972 22.819
-49.911 -14.265 28.418
-47.783 -11.407 33.737
-48.106 -6.400 37.857
-51.053 -0.478 40.958
-57.233 1.951 42.117
-62.856 1.305 44.318
-67.956 -2.858 45.728
-70.487 -7.366 49.516
-70.907 -13.017 52.106
-67.312 -17.661 55.817
-62.465 -21.233 56.649
-55.633 -20.621 57.443
-51.041 -16.526 60.018
-49.518 -10.828 63.552
-50.812 -6.676 68.746
-52.316 -6.831 75.009
-53.602 -10.029 81.003
-54.018 -15.330 84.555
-50.843 -21.546 86.792
-46.695 -25.981 85.673
-42.771 -29.537 81.458
-36.950 -28.580 78.776
-32.379 -24.402 76.387
-28.465 -18.942 77.660
-24.747 -16.395 82.652
-22.716 -15.804 88.930
-20.245 -19.254 93.800
-17.318 -25.062 95.759
-14.134 -30.548 95.020
-10.838 -35.191 91.960
-9.443 -38.911 86.469
-6.954 -37.571 80.664
-6.915 -33.089 75.556
-2.644 -27.848 74.178
1.776 -22.975 76.087
7.896 -22.215 78.880
13.712 -25.083 79.948
17.953 -29.814 79.073
20.434 -35.803 77.209
20.823 -39.441 71.669
19.428 -40.756 65.527
14.184 -40.506 60.939
12.231 -36.355 56.179
11.703 -29.573 54.557
16.178 -24.996 52.824
21.450 -23.017 49.852
26.142 -24.428 45.388
28.139 -28.362 40.261
27.903 -33.150 36.043
25.590 -37.495 32.309
20.728 -41.908 30.289
14.518 -42.004 28.834
8.028 -40.289 30.730
4.787 -35.080 29.209
4.790 -27.899 28.004
6.668 -24.194 22.434
8.816 -22.945 16.500
9.124 -24.729 10.237
6.478 -29.055 5.194
3.288 -34.038 2.668
-2.452 -36.997 2.235
-8.146 -40.043 4.949
-12.751 -39.288 10.040
-16.224 -34.158 12.517
-18.452 -27.745 12.421
-19.223 -22.112 8.772
-22.190 -19.507 3.660
-26.530 -20.846 -1.084
-31.321 -23.586 -4.472
-35.677 -28.849 -3.635
-38.770 -33.962 -0.639
-40.630 -36.882 4.928
-40.589 -37.141 11.622
-39.726 -34.264 17.493
-41.108 -28.623 21.124
-45.195 -23.250 22.060
-51.240 -20.992 20.757
-57.761 -21.603 20.475
-62.834 -26.926 19.775
-63.750 -34.303 21.345
-64.160 -38.703 25.989
-59.877 -41.572 30.900
-56.557 -42.018 36.462
-52.361 -39.212 41.287
-53.706 -34.822 46.272
-56.870 -29.509 48.911
-61.864 -29.140 52.793
-67.242 -32.396 55.806
-70.158 -37.318 58.485
-70.000 -42.605 61.954
-66.346 -47.443 64.639
-61.044 -50.351 66.546
-53.792 -49.192 68.194
-49.275 -44.801 69.148
-46.912 -39.213 71.682
-47.946 -34.518 76.378
-50.385 -33.153 82.349
-54.568 -33.571 87.635
-55.587 -51.108 84.352
-61.355 -46.380 84.801
-63.449 -41.591 81.099
-63.247 -35.690 78.099
-60.375 -31.474 74.116
-56.212 -31.325 68.727
-51.503 -34.765 65.420
-50.678 -40.457 61.041
-52.704 -45.247 57.696
-57.130 -48.624 54.367
-62.393 -49.553 50.772
-67.334 -45.905 47.771
-69.895 -41.018 45.063
-70.123 -35.527 41.423
-67.323 -29.162 40.343
-62.000 -26.089 38.324
-55.020 -25.839 38.700
-51.078 -30.475 35.190
-50.432 -35.952 31.667
-52.445 -39.993 26.547
-55.791 -39.536 20.544
-57.888 -36.534 15.155
-56.881 -32.139 10.312
-53.181 -26.614 8.166
-48.043 -21.323 8.012
-42.004 -19.690 10.383
-36.725 -22.104 14.412
-32.739 -28.473 15.073
-31.190 -34.399 12.333
-30.325 -38.198 6.789
-28.528 -38.184 0.430
-24.642 -35.685 -4.490
-20.086 -31.124 -5.999
-15.332 -26.750 -5.170
-11.988 -23.109 -0.699
-9.675 -22.352 5.518
-8.069 -24.126 11.398
-8.544 -28.585 16.734
-5.586 -34.171 17.804
-3.015 -40.032 15.356
3.155 -42.021 12.432
9.188 -40.594 11.668
14.466 -36.746 13.345
17.435 -32.263 16.844
17.973 -26.290 20.065
16.545 -25.050 26.292
11.825 -25.014 32.158
9.847 -29.374 36.292
9.409 -35.400 39.139
12.419 -41.095 40.908
17.996 -42.744 43.790
24.014 -42.305 45.986
28.440 -39.785 49.510
29.984 -36.028 54.158
29.325 -30.838 58.231
25.732 -26.884 61.700
19.814 -24.191 63.499
13.113 -24.580 61.681
8.904 -29.580 63.041
6.967 -36.085 64.777
7.723 -40.654 69.080
7.873 -41.736 75.674
8.141 -39.804 81.966
8.622 -35.522 87.116
4.777 -30.892 89.524
0.510 -25.739 89.367
-2.942 -21.097 85.437
-8.061 -21.598 81.560
-12.105 -25.158 77.869
-15.839 -31.044 77.354
-19.933 -34.551 81.127
-23.441 -35.671 86.729
-26.779 -33.458 91.669
-30.048 -28.283 94.453
-33.085 -22.831 94.356
-35.783 -17.240 92.262
-35.493 -12.525 87.379
-37.356 -12.698 80.834
-36.928 -16.079 74.889
-41.301 -20.707 71.969
-45.877 -25.693 72.204
-52.325 -26.816 73.899
-57.965 -23.868 74.085
-62.465 -18.905 74.731
-64.068 -13.052 73.171
-63.839 -8.293 68.700
-60.733 -4.991 63.824
-56.047 -4.507 59.035
-52.535 -8.340 54.590
-52.727 -14.365 51.215
-56.875 -18.166 47.816
-61.408 -19.294 43.728
-64.720 -15.797 38.867
-66.206 -11.518 34.665
-66.994 -5.561 32.799
-63.268 -1.222 29.945
-57.985 2.709 29.271
-51.559 3.090 29.664
-45.411 0.365 30.806
-42.265 -4.577 29.119
-41.370 -11.176 25.774
-41.924 -12.925 19.219
-42.355 -11.182 12.701
-42.876 -7.566 7.584
-40.203 -3.628 4.046
-36.530 1.910 4.103
-30.111 4.308 4.488
-25.223 6.355 8.856
-21.976 3.776 14.220
-19.269 -2.039 16.305
-16.626 -8.057 14.575
-15.469 -13.125 10.119
-11.577 -13.803 4.870
-6.380 -12.392 1.124
-1.633 -9.084 -0.188
2.783 -4.126 1.809
5.010 0.227 6.254
5.168 2.655 12.377
5.200 1.431 19.189
2.360 -2.822 24.139
4.520 -8.959 26.524
8.650 -14.209 26.694
14.693 -17.225 26.066
21.075 -15.254 27.025
25.572 -10.519 28.324
26.929 -4.798 31.477
25.041 -0.355 36.120
20.780 1.452 41.026
17.303 0.384 45.968
12.595 -3.709 50.113
13.476 -9.139 53.395
16.519 -15.089 55.019
21.181 -16.141 59.328
25.441 -13.642 63.857
26.567 -10.328 68.716
25.884 -4.464 73.341
20.952 0.926 75.331
14.195 2.907 75.094
8.718 1.247 76.357
4.350 -3.877 76.563
2.289 -9.747 78.321
2.758 -15.131 82.161
4.384 -17.425 88.262
7.752 -17.560 94.352
