51.776 15.568 23.855
46.588 19.226 21.050
40.265 20.589 19.044
35.028 23.365 22.083
32.243 26.640 27.159
31.504 26.350 34.433
34.492 29.019 40.133
40.385 32.082 41.740
46.521 34.776 41.968
49.800 40.207 38.987
50.028 44.679 33.969
47.451 49.757 30.954
29.726 45.061 34.724
32.820 41.741 30.143
37.550 41.429 25.157
42.941 37.858 24.404
48.356 33.804 26.633
50.870 30.859 32.113
48.571 26.668 36.623
43.325 24.279 40.499
38.552 18.951 38.783
34.270 15.288 35.296
32.844 11.049 29.662
34.553 9.540 23.211
-46.743 5.871 -33.932
-40.758 4.635 -31.340
-34.577 6.309 -32.528
-28.943 5.797 -36.706
-27.562 9.537 -42.374
-29.788 14.551 -46.826
-34.296 19.140 -48.960
-35.628 24.997 -47.371
-38.593 30.104 -43.879
-36.358 34.042 -38.782
-32.186 35.672 -33.742
-19.993 27.395 -44.421
-20.861 25.302 -38.203
-25.012 24.551 -33.149
-31.177 25.405 -30.323
-37.174 22.640 -31.164
-41.517 19.808 -35.562
-43.678 18.269 -41.874
-42.316 13.680 -46.418
-37.864 9.391 -49.612
-35.921 3.146 -48.852
-35.312 -2.287 -44.952
-65.184 25.066 3.140
-59.152 26.307 0.594
-52.955 24.595 1.908
-47.319 24.994 6.088
-45.841 21.407 11.724
-48.137 16.455 16.234
-52.565 11.798 18.271
-53.413 5.721 16.801
-56.788 0.792 13.398
-54.479 -3.266 8.151
-50.605 -4.647 2.936
-38.236 3.702 13.569
-39.207 5.720 7.147
-43.453 6.841 2.334
-49.645 5.764 -0.405
-55.677 8.397 0.605
-60.007 11.195 4.993
-62.109 12.674 11.385
-60.837 17.475 15.835
-56.236 21.707 18.977
-54.291 27.908 18.119
-53.640 33.260 13.982
18.476 23.327 -7.639
24.422 20.828 -9.227
30.312 18.507 -7.067
33.066 13.796 -3.776
34.124 10.503 2.226
30.421 6.868 6.601
24.433 3.971 8.534
18.869 0.970 6.379
15.418 -2.423 2.138
15.285 -7.303 -1.938
17.244 -10.688 -7.603
33.225 -9.214 1.084
32.604 -6.928 -4.800
29.408 -2.559 -8.764
23.718 0.666 -11.012
18.711 4.355 -8.023
15.695 7.111 -2.677
16.132 10.517 3.202
19.570 14.081 7.485
23.233 19.428 8.615
29.385 22.718 8.180
33.121 25.063 3.164
21.468 -37.694 -23.704
22.431 -42.483 -18.600
26.051 -44.702 -13.674
28.267 -42.584 -7.837
29.865 -38.233 -3.161
29.346 -32.193 -0.036
24.012 -29.178 2.718
17.500 -26.920 2.539
11.476 -29.190 2.285
6.576 -33.381 1.652
3.924 -39.149 2.538
19.453 -41.384 13.876
18.688 -45.888 8.396
16.113 -46.832 2.355
13.753 -43.518 -2.923
11.590 -37.370 -5.849
13.570 -30.966 -6.957
18.328 -27.520 -10.211
24.795 -25.089 -10.289
30.811 -27.456 -11.390
35.439 -32.085 -12.268
37.294 -37.392 -15.062
-0.377 -38.780 3.615
-0.889 -44.113 7.816
2.275 -47.068 13.401
4.721 -45.379 19.500
6.475 -40.542 23.667
5.022 -34.269 26.280
0.371 -31.691 30.233
-6.026 -29.513 31.206
-12.038 -31.749 30.927
-16.690 -36.522 29.926
-19.001 -42.360 31.835
-3.229 -45.619 40.212
-4.019 -48.745 34.128
-7.327 -49.193 28.531
-9.817 -45.407 23.906
-11.318 -39.696 20.659
-10.457 -33.068 19.432
-4.831 -29.593 17.565
1.810 -27.712 18.037
7.805 -30.628 17.442
12.124 -35.730 17.490
12.329 -42.531 15.979
49.932 8.590 24.929
51.644 8.989 31.383
52.717 12.673 36.611
50.873 18.044 39.743
47.008 23.470 40.596
41.500 27.281 39.263
35.242 26.055 40.735
29.256 22.684 40.117
26.729 16.833 41.981
26.664 10.847 44.611
27.427 6.784 49.494
35.052 20.198 57.053
39.820 16.053 54.982
40.728 10.713 51.455
38.523 8.313 45.087
35.255 9.327 39.430
32.800 13.173 34.539
34.928 17.474 30.162
37.961 23.467 28.519
43.787 26.139 28.437
50.324 26.734 29.172
56.172 24.372 29.918
21.405 3.284 55.391
22.832 1.830 62.197
22.739 5.774 67.570
21.973 11.862 70.078
19.198 18.051 69.438
14.006 21.823 67.263
7.513 22.423 68.296
0.841 20.644 67.943
-2.758 15.645 70.637
-4.293 9.852 72.897
-2.701 5.474 78.165
7.253 18.051 84.688
10.118 12.880 83.049
9.802 6.910 79.247
7.912 4.802 73.444
5.076 5.192 67.229
3.818 8.805 61.853
7.523 12.832 58.051
11.500 18.360 57.032
17.934 20.203 58.659
23.920 20.185 61.058
29.460 17.460 62.004
