51.776 15.568 23.855
46.588 19.226 21.050
40.265 20.589 19.044
35.028 23.365 22.083
32.243 26.640 27.159
31.504 26.350 34.433
34.492 29.019 40.133
40.385 32.082 41.740
46.521 34.776 41.968
49.800 40.207 38.987
50.028 44.679 33.969
47.451 49.757 30.954
29.726 45.061 34.724
32.820 41.741 30.143
37.550 41.429 25.157
42.941 37.858 24.404
48.356 33.804 26.633
50.870 30.859 32.113
48.571 26.668 36.623
43.325 24.279 40.499
38.552 18.951 38.783
34.270 15.288 35.296
32.844 11.049 29.662
34.553 9.540 23.211
-46.743 5.871 -33.932
-40.758 4.635 -31.340
-34.577 6.309 -32.528
-28.943 5.797 -36.706
-27.562 9.537 -42.374
-29.788 14.551 -46.826
-34.296 19.140 -48.960
-35.628 24.997 -47.371
-38.593 30.104 -43.879
-36.358 34.042 -38.782
-32.186 35.672 -33.742
-19.993 27.395 -44.421
-20.861 25.302 -38.203
-25.012 24.551 -33.149
-31.177 25.405 -30.323
-37.174 22.640 -31.164
-41.517 19.808 -35.562
-43.678 18.269 -41.874
-42.316 13.680 -46.418
-37.864 9.391 -49.612
-35.921 3.146 -48.852
-35.312 -2.287 -44.952
-65.184 25.066 3.140
-59.152 26.307 0.594
-52.955 24.595 1.908
-47.319 24.994 6.088
-45.841 21.407 11.724
-48.137 16.455 16.234
-52.565 11.798 18.271
-53.413 5.721 16.801
-56.788 0.792 13.398
-54.479 -3.266 8.151
-50.605 -4.647 2.936
-38.236 3.702 13.569
-39.207 5.720 7.147
-43.453 6.841 2.334
-49.645 5.764 -0.405
-55.677 8.397 0.605
-60.007 11.195 4.993
-62.109 12.674 11.385
-60.837 17.475 15.835
-56.236 21.707 18.977
-54.291 27.908 18.119
-53.640 33.260 13.982
18.476 23.327 -7.639
24.422 20.828 -9.227
30.312 18.507 -7.067
33.066 13.796 -3.776
34.124 10.503 2.226
30.421 6.868 6.601
24.433 3.971 8.534
18.869 0.970 6.379
15.418 -2.423 2.138
15.285 -7.303 -1.938
17.244 -10.688 -7.603
33.225 -9.214 1.084
32.604 -6.928 -4.800
29.408 -2.559 -8.764
23.718 0.666 -11.012
18.711 4.355 -8.023
15.695 7.111 -2.677
16.132 10.517 3.202
19.570 14.081 7.485
23.233 19.428 8.615
29.385 22.718 8.180
33.121 25.063 3.164
21.468 -37.694 -23.704
22.431 -42.483 -18.600
26.051 -44.702 -13.674
28.267 -42.584 -7.837
29.865 -38.233 -3.161
29.346 -32.193 -0.036
24.012 -29.178 2.718
17.500 -26.920 2.539
11.476 -29.190 2.285
6.576 -33.381 1.652
3.924 -39.149 2.538
19.453 -41.384 13.876
18.688 -45.888 8.396
16.113 -46.832 2.355
13.753 -43.518 -2.923
11.590 -37.370 -5.849
13.570 -30.966 -6.957
18.328 -27.520 -10.211
24.795 -25.089 -10.289
30.811 -27.456 -11.390
35.439 -32.085 -12.268
37.294 -37.392 -15.062
-0.377 -38.780 3.615
-0.889 -44.113 7.816
2.275 -47.068 13.401
4.721 -45.379 19.500
6.475 -40.542 23.667
5.022 -34.269 26.280
0.371 -31.691 30.233
-6.026 -29.513 31.206
-12.038 -31.749 30.927
-16.690 -36.522 29.926
-19.001 -42.360 31.835
-3.229 -45.619 40.212
-4.019 -48.745 34.128
-7.327 -49.193 28.531
-9.817 -45.407 23.906
-11.318 -39.696 20.659
-10.457 -33.068 19.432
-4.831 -29.593 17.565
1.810 -27.712 18.037
7.805 -30.628 17.442
12.124 -35.730 17.490
12.329 -42.531 15.979
49.932 8.590 24.929
51.644 8.989 31.383
52.717 12.673 36.611
50.873 18.044 39.743
47.008 23.470 40.596
41.500 27.281 39.263
35.242 26.055 40.735
29.256 22.684 40.117
26.729 16.833 41.981
26.664 10.847 44.611
27.427 6.784 49.494
35.052 20.198 57.053
39.820 16.053 54.982
40.728 10.713 51.455
38.523 8.313 45.087
35.255 9.327 39.430
32.800 13.173 34.539
34.928 17.474 30.162
37.961 23.467 28.519
43.787 26.139 28.437
50.324 26.734 29.172
56.172 24.372 29.918
21.405 3.284 55.391
22.832 1.830 62.197
22.739 5.774 67.570
21.973 11.862 70.078
19.198 18.051 69.438
14.006 21.823 67.263
7.513 22.423 68.296
0.841 20.644 67.943
-2.758 15.645 70.637
-4.293 9.852 72.897
-2.701 5.474 78.165
7.253 18.051 84.688
10.118 12.880 83.049
9.802 6.910 79.247
7.912 4.802 73.444
5.076 5.192 67.229
3.818 8.805 61.853
7.523 12.832 58.051
11.500 18.360 57.032
17.934 20.203 58.659
23.920 20.185 61.058
29.460 17.460 62.004
-23.263 -8.865 -17.057
-16.750 -9.081 -14.812
-11.960 -4.678 -12.397
-10.912 0.567 -9.601
-11.611 7.568 -8.432
-15.635 12.916 -6.862
-21.143 14.970 -3.746
-26.217 13.151 0.522
-30.514 8.716 3.598
-31.691 3.057 6.718
-29.375 -0.267 11.853
-23.975 -3.110 15.604
-13.581 7.448 12.159
-13.555 1.445 9.227
-16.647 -3.264 5.454
-21.894 -4.416 1.226
-27.182 -2.398 -2.254
-30.138 1.319 -6.313
-29.402 6.275 -11.237
-25.424 10.245 -14.217
-19.915 10.602 -18.752
-15.079 7.524 -21.407
-11.437 2.649 -23.724
-10.282 -3.925 -25.654
32.577 5.304 9.746
30.530 10.979 6.161
27.932 12.281 0.163
24.495 10.286 -4.741
21.217 5.492 -8.544
18.564 -0.716 -9.149
14.933 -5.406 -7.205
9.730 -7.803 -3.137
6.213 -7.327 2.957
2.791 -3.297 6.224
0.521 3.669 8.004
-2.277 7.739 6.294
2.775 4.689 -10.173
6.874 8.556 -6.199
8.582 10.581 0.507
9.967 7.676 6.365
14.074 3.628 8.767
17.582 -2.685 8.787
20.207 -7.216 4.558
25.262 -7.231 1.060
29.843 -5.455 -3.930
33.090 -0.864 -7.876
36.370 4.953 -7.816
40.284 8.917 -3.678
6.200 34.891 -4.538
9.956 30.689 -8.178
11.077 24.772 -11.147
8.637 20.121 -14.655
3.445 17.314 -18.320
-3.110 17.298 -20.332
-7.896 19.663 -23.170
-10.661 24.495 -27.478
-10.556 30.876 -30.134
-6.413 34.568 -33.325
0.364 36.155 -35.928
0.312 36.302 -35.869
5.284 32.932 -38.606
4.312 33.737 -40.253
1.175 18.276 -36.167
5.332 21.712 -32.120
7.458 28.154 -29.798
4.735 33.777 -27.338
1.142 35.513 -22.512
-4.691 35.070 -18.300
-8.983 30.614 -15.874
-8.576 26.098 -11.457
-6.300 20.578 -7.990
-1.335 16.480 -5.719
4.714 16.667 -2.940
10.000 20.207 -0.299
138.524 9.502 0.263
135.049 14.185 -2.631
135.391 19.284 -6.628
138.847 24.742 -9.480
143.544 26.801 -12.325
147.935 27.034 -17.265
152.523 23.807 -21.358
153.258 17.522 -23.591
150.806 11.550 -27.010
146.265 8.198 -28.551
134.219 23.241 -26.252
133.499 16.963 -23.872
136.411 12.229 -20.717
141.292 9.349 -17.187
148.206 9.230 -16.473
153.030 11.273 -12.200
155.383 16.313 -8.056
153.375 21.247 -4.381
149.694 24.784 -0.495
143.910 26.437 2.970
135.831 17.772 8.768
135.592 12.307 11.403
137.866 8.948 16.500
143.418 7.022 20.601
149.587 9.455 21.542
152.081 14.235 26.205
152.945 20.379 28.800
149.405 25.181 31.456
143.808 28.567 33.067
137.582 28.052 36.676
139.743 9.457 36.669
134.466 12.496 33.884
133.203 17.033 29.389
134.740 22.098 25.081
138.982 26.239 22.085
144.572 26.129 18.317
150.398 23.027 16.197
153.283 17.947 14.322
153.461 13.844 9.247
150.519 8.406 5.581
1.677 -8.911 -27.941
-4.921 -7.018 -27.182
-10.308 -10.424 -26.487
-13.704 -15.207 -24.654
-14.882 -15.571 -27.428
-15.217 -21.930 -25.967
-14.967 -21.748 -24.847
-13.382 -27.639 -23.053
-10.125 -31.066 -18.904
-9.817 -30.876 -18.696
-5.367 -32.226 -14.208
-4.303 -32.360 -15.313
-1.048 -30.981 -10.071
-0.371 -28.021 -4.099
-2.776 -24.341 0.618
-7.816 -24.246 4.611
-14.372 -23.631 6.105
-20.599 -24.226 5.550
-25.394 -29.249 5.257
-27.414 -35.456 3.221
-10.306 -39.883 7.671
-13.066 -41.859 1.856
-15.538 -39.422 -3.451
-19.081 -34.264 -6.997
-21.558 -28.032 -6.490
-18.431 -22.554 -7.718
-14.257 -17.245 -7.038
-8.221 -14.437 -6.965
-1.904 -15.167 -9.401
1.467 -18.497 -14.266
4.001 -23.649 -17.886
2.896 -25.473 -24.268
-1.589 -27.645 -29.024
-6.405 -26.896 -33.535
-7.956 -21.967 -37.690
-9.462 -16.099 -39.797
-8.263 -17.051 46.953
-2.135 -14.510 49.192
4.084 -15.171 47.314
8.539 -16.352 42.892
11.006 -18.764 37.248
10.596 -20.098 31.197
8.080 -17.750 25.518
3.516 -14.786 21.743
-0.614 -10.873 20.149
-2.172 -4.204 20.391
-0.682 1.878 22.047
4.060 6.339 22.369
10.357 8.541 22.998
17.067 8.004 23.735
16.410 8.988 22.368
22.348 6.828 19.356
25.611 3.059 14.604
8.836 3.390 7.171
12.096 -2.421 7.879
14.629 -6.105 12.457
17.213 -7.172 19.024
18.622 -4.225 24.929
14.601 -3.294 29.801
9.350 -0.995 33.585
2.961 -0.199 34.804
-3.108 -3.399 33.879
-5.741 -9.650 32.198
-7.266 -15.322 28.952
-5.910 -21.747 30.795
-1.309 -26.530 32.053
2.488 -30.079 36.465
4.397 -30.022 42.872
4.392 -28.567 49.169
2.691 -8.685 -27.169
-3.990 -7.023 -25.755
-9.295 -10.552 -25.276
-12.682 -16.498 -24.902
-12.918 -22.257 -24.223
-11.771 -27.926 -22.944
-8.797 -31.221 -18.208
-4.381 -32.454 -14.182
-0.737 -31.398 -9.651
-0.255 -28.141 -3.836
-3.151 -24.733 0.845
-8.596 -24.124 4.589
-15.202 -23.405 5.798
-21.628 -24.157 4.679
-26.107 -29.200 4.698
-28.027 -35.485 2.814
-11.086 -39.864 7.314
-13.451 -41.890 1.547
-15.316 -39.264 -3.643
-18.744 -34.220 -7.194
-21.319 -28.005 -6.672
-18.274 -22.445 -7.566
-14.001 -17.297 -6.959
-8.019 -14.615 -6.963
-1.568 -15.243 -9.041
2.320 -18.416 -14.120
5.261 -23.646 -17.393
4.715 -25.239 -24.070
1.077 -27.777 -29.039
-2.832 -25.954 -34.134
-6.127 -21.001 -36.967
-8.123 -14.906 -37.969
-8.457 -16.156 47.421
-2.212 -13.404 48.784
3.996 -14.449 46.352
8.108 -16.330 41.060
9.599 -18.562 35.655
9.218 -19.869 30.094
6.581 -17.296 24.767
2.089 -14.336 21.542
-2.107 -10.322 20.114
-3.975 -3.816 20.289
-2.119 1.954 20.899
2.560 6.781 21.428
9.139 8.679 22.787
15.508 7.915 22.667
20.912 6.625 18.552
24.350 2.932 13.716
7.968 3.486 6.611
11.147 -2.406 7.100
13.008 -6.110 11.723
15.852 -7.288 17.974
17.064 -4.080 23.679
13.103 -2.847 28.575
7.838 -0.588 32.582
1.294 0.286 34.064
-4.588 -3.107 33.991
-7.246 -9.029 32.839
-8.849 -15.026 30.057
-7.255 -21.512 31.639
-2.678 -26.556 32.470
1.572 -29.608 36.582
3.772 -29.365 42.806
4.669 -26.961 48.817
-19.790 8.840 16.676
-19.292 5.002 21.757
-16.234 -0.939 24.919
-10.225 -3.832 25.829
-4.261 -5.948 23.499
1.697 -3.191 21.258
5.457 1.658 19.126
7.329 8.559 19.808
7.783 13.011 23.891
7.098 16.798 29.306
5.859 17.323 35.522
5.643 15.864 41.286
8.600 12.455 45.920
12.544 7.982 48.335
16.813 3.511 48.739
23.488 2.731 47.202
29.037 5.194 44.932
32.945 10.534 45.580
34.411 17.101 45.421
33.412 23.497 46.086
31.740 28.003 50.964
28.153 30.354 56.521
31.223 13.112 61.564
24.945 15.699 62.145
20.621 18.385 58.306
18.710 21.729 52.252
20.916 24.189 46.086
21.691 20.914 40.602
24.051 16.623 35.555
25.090 10.550 33.452
22.122 4.111 33.306
16.073 0.705 34.879
10.924 -1.875 38.351
4.235 -0.297 38.512
-0.837 4.535 39.206
-4.758 9.290 37.120
-6.932 11.455 31.268
-6.379 13.817 25.033
-4.358 13.738 18.149
-2.274 9.618 13.534
-2.455 3.841 10.523
-5.904 -2.564 10.224
-9.560 -7.719 12.175
-16.136 -8.794 14.908
25.201 -4.939 -10.843
30.237 -0.403 -9.815
32.305 5.888 -7.123
33.309 8.470 -0.965
32.038 10.170 5.211
28.837 8.004 10.944
26.424 2.869 14.317
26.847 -3.868 16.336
31.150 -8.580 17.158
36.266 -12.859 16.450
42.710 -13.057 15.418
48.262 -11.862 15.894
52.869 -8.625 19.065
55.162 -4.100 23.039
55.311 0.287 27.451
53.524 1.542 33.663
51.157 -0.740 39.374
50.963 -6.009 43.185
49.437 -12.721 44.524
50.129 -18.973 43.431
54.658 -23.855 42.883
60.663 -26.580 40.571
66.765 -9.303 43.695
67.770 -12.054 37.544
64.169 -14.133 32.668
58.630 -17.966 30.041
52.365 -19.934 31.498
46.740 -16.853 31.727
41.669 -12.427 33.885
39.372 -6.338 34.545
39.538 0.014 31.805
41.301 3.483 25.956
45.412 6.019 21.045
45.760 4.675 14.431
46.501 0.101 9.082
44.616 -4.652 5.254
39.054 -7.018 2.645
32.778 -9.889 2.649
26.244 -10.051 5.214
21.200 -5.754 6.273
18.563 0.355 5.917
17.919 6.934 2.565
19.744 12.129 -1.182
23.086 13.149 -7.401
118.855 97.708 76.798
113.162 100.567 74.109
106.673 100.623 73.672
100.848 97.422 73.738
96.377 94.784 78.083
94.700 93.657 83.820
92.094 90.029 88.964
91.144 91.369 95.415
92.370 94.289 101.440
93.482 99.862 104.841
91.830 106.276 105.527
84.659 107.070 89.086
90.418 110.355 90.416
96.631 109.438 92.921
101.185 106.777 96.559
105.409 102.159 95.544
110.044 99.662 91.297
109.381 93.895 89.916
107.464 87.950 87.879
104.706 84.686 82.115
103.727 85.368 75.538
105.303 89.133 69.854
-10.171 20.264 33.709
-12.020 21.820 27.402
-12.292 21.359 20.667
-11.614 18.914 15.210
-12.303 14.105 10.991
-13.584 7.773 9.210
-18.612 3.358 9.056
-22.987 -0.508 13.191
-28.976 1.430 15.605
-33.864 6.065 15.735
-36.714 11.236 14.187
-38.128 16.440 9.736
-38.817 18.241 3.534
-41.698 16.588 -2.106
-42.385 12.140 -7.470
-46.087 6.835 -8.435
-50.338 4.917 9.213
-46.252 0.494 6.328
-41.504 -0.465 1.927
-35.938 1.704 -1.146
-31.767 6.706 -3.852
-29.818 12.886 -1.704
-28.603 16.910 3.783
-27.974 18.367 10.422
-27.711 16.716 17.014
-26.659 12.120 21.662
-22.461 7.610 24.300
-17.755 2.443 23.780
-11.382 2.344 22.042
-5.762 5.243 20.580
-1.343 9.173 19.904
1.901 12.898 23.142
-20.537 15.633 -3.019
-26.198 18.052 -0.843
-31.849 17.302 2.179
-35.959 13.554 5.746
-36.746 8.375 9.728
-34.582 3.945 13.947
-30.813 3.064 19.198
-24.266 3.461 22.043
-20.701 8.821 24.090
-21.247 15.057 26.785
-23.994 20.259 28.358
-29.270 23.611 31.222
-34.969 23.594 34.483
-37.886 21.568 39.734
-39.767 16.841 44.625
-36.800 14.079 49.493
-20.399 19.233 43.758
-21.860 12.820 43.234
-26.525 8.421 41.793
-31.817 6.873 37.976
-38.064 8.483 34.913
-39.865 13.086 30.288
-37.788 17.831 25.688
-33.528 20.658 21.216
-27.719 20.812 17.796
-22.042 17.809 16.190
-19.182 12.607 13.081
-18.494 5.789 11.516
-22.141 1.929 7.563
-27.905 -0.001 4.556
-31.659 1.592 -0.720
-35.317 5.445 -5.021
-24.112 19.746 36.554
23.243 38.244 44.370
25.322 44.462 43.057
30.815 46.177 39.763
36.110 47.060 37.151
41.678 45.370 33.516
45.613 41.038 30.068
44.466 36.346 25.674
40.459 31.340 22.855
34.258 29.470 21.496
27.998 31.284 20.102
23.222 35.950 18.420
21.023 42.041 16.443
21.062 45.175 10.749
24.655 47.559 5.249
29.470 45.637 0.786
32.502 40.844 -2.657
32.581 34.563 -5.473
29.727 28.387 -6.264
14.773 41.024 -9.809
14.351 36.938 -4.465
16.502 33.203 0.290
20.867 28.079 2.157
27.632 27.943 2.977
32.827 32.205 4.537
36.270 37.882 5.335
37.028 43.559 8.830
36.238 45.885 14.712
31.452 48.899 18.873
27.086 46.155 23.191
26.230 40.554 26.965
27.246 34.310 29.188
31.165 29.616 31.713
36.452 28.870 35.571
42.398 30.522 38.197
43.892 34.276 43.365
42.421 40.050 45.542
173.805 171.022 127.098
171.019 178.058 126.113
173.705 183.588 127.352
175.003 189.306 123.298
175.970 191.219 118.183
178.562 189.325 112.563
175.098 186.805 106.808
170.479 185.568 103.970
163.935 185.277 101.460
158.309 188.118 101.136
156.780 195.001 103.617
168.769 199.633 106.236
167.588 198.360 113.065
163.507 193.795 115.744
163.436 188.968 118.176
163.999 182.071 117.600
168.603 177.666 116.543
174.096 174.852 116.617
179.413 173.955 119.251
199.183 230.233 179.964
202.880 224.530 181.528
202.415 217.853 183.061
198.287 212.702 184.931
193.509 208.440 183.495
188.354 206.439 179.800
185.592 205.631 173.492
185.861 206.193 166.300
188.339 207.990 160.830
194.511 208.756 157.435
201.379 207.651 157.738
205.617 203.089 158.451
207.867 196.727 160.052
206.774 190.149 161.052
204.148 184.679 158.494
201.687 181.498 153.041
200.009 181.428 146.670
200.851 183.889 140.464
204.243 187.852 136.035
209.611 191.395 134.520
216.677 192.382 134.939
222.245 190.411 137.154
227.017 186.042 138.523
226.081 171.545 137.436
224.183 167.398 131.440
222.647 167.518 123.968
222.877 168.262 118.189
226.246 172.248 112.894
230.378 177.282 111.082
236.750 178.526 110.634
243.765 178.040 113.606
248.318 173.173 117.332
249.321 165.501 117.781
249.757 158.926 115.734
249.175 155.173 109.549
254.831 172.723 102.135
249.269 169.101 99.786
242.796 165.371 101.067
237.832 162.318 106.150
237.365 160.236 113.572
240.222 162.488 120.345
241.135 167.599 123.908
240.565 173.922 126.394
237.488 179.716 123.662
233.165 182.319 122.920
226.892 184.410 121.606
220.803 181.593 121.724
216.371 178.669 124.710
213.613 175.119 129.273
215.132 172.158 135.787
216.907 174.134 142.031
219.905 178.822 146.264
220.451 185.174 147.443
217.846 191.621 147.108
213.322 196.213 145.000
207.166 197.958 144.007
194.326 193.084 146.454
191.400 191.258 151.679
190.822 190.468 158.397
193.733 190.767 163.973
197.385 193.336 168.377
200.464 198.424 171.334
203.251 204.741 170.470
203.048 211.242 167.644
198.588 216.291 167.091
192.700 219.328 167.520
186.710 219.533 171.016
182.803 218.064 177.022
183.977 217.628 183.774
187.920 217.772 189.113
194.116 219.480 192.232
51.614 -18.251 45.383
53.301 -18.098 38.707
57.917 -21.253 34.814
60.915 -26.912 32.912
60.134 -32.986 31.777
56.975 -38.590 30.386
51.333 -42.131 29.359
45.596 -41.502 26.096
41.053 -37.706 23.086
39.175 -32.201 19.638
40.233 -27.473 15.153
42.831 -27.124 9.501
47.084 -28.559 4.815
51.012 -32.308 1.456
36.660 -45.475 3.989
42.258 -47.518 7.530
48.324 -45.717 9.562
53.084 -42.339 11.552
55.663 -36.608 14.000
56.158 -29.691 14.455
53.293 -25.580 19.197
47.780 -23.987 23.023
43.077 -26.198 26.896
41.093 -30.203 31.544
42.869 -33.920 36.925
47.943 -36.126 41.053
53.417 -36.057 43.858
58.419 -33.831 45.954
188.556 220.713 189.883
184.586 226.188 190.165
178.496 228.937 190.958
172.610 228.968 193.820
167.935 226.987 198.327
166.232 223.358 203.674
167.942 220.510 209.586
172.312 221.809 214.468
178.001 224.230 216.986
180.466 230.008 218.527
179.357 236.378 219.723
177.347 239.932 223.789
174.484 241.324 229.184
173.480 239.865 235.136
175.948 236.869 240.191
178.869 232.355 243.902
183.160 227.593 245.552
188.383 223.529 244.251
193.785 222.828 240.167
197.000 225.368 234.636
198.389 230.230 230.903
200.036 236.327 229.455
201.225 242.719 230.978
202.624 247.117 235.819
206.167 247.812 241.322
211.228 245.297 244.825
216.295 241.149 245.848
220.961 236.589 244.333
225.265 233.981 239.809
228.152 234.047 233.606
229.243 237.809 227.916
230.643 243.845 225.329
233.157 249.842 225.777
236.622 254.751 228.691
240.177 257.155 234.088
244.031 255.099 239.276
247.585 250.281 242.346
252.308 245.624 241.434
257.100 243.082 237.473
261.467 243.981 232.587
264.903 247.602 228.182
267.421 253.268 226.126
270.802 258.964 228.052
273.165 263.306 232.884
274.754 264.316 239.223
274.871 262.748 245.728
274.895 258.557 249.344
277.488 253.337 251.318
281.413 248.520 249.854
286.642 245.321 246.696
292.707 245.588 243.575
297.912 250.000 241.625
300.994 255.704 242.342
303.614 260.009 246.468
305.375 262.261 252.604
306.743 260.434 259.300
310.086 255.800 262.887
312.045 249.526 265.073
316.153 244.696 263.049
320.245 241.096 258.809
324.064 242.513 253.150
328.767 245.456 249.967
331.470 251.951 248.887
333.839 257.800 251.171
333.305 253.447 268.967
329.899 258.995 265.582
327.276 261.215 258.844
324.579 259.625 253.057
322.296 255.144 248.307
318.513 249.530 246.391
314.734 244.290 248.336
310.126 241.571 251.949
305.247 242.559 256.300
300.939 246.497 259.713
297.844 252.371 261.418
294.420 257.691 259.555
293.399 262.174 253.754
293.287 263.423 247.134
294.103 260.930 240.407
292.017 255.683 236.681
287.769 250.238 236.036
282.169 248.112 235.659
277.033 245.046 238.559
271.747 246.509 242.491
267.363 251.256 245.014
264.816 257.637 244.672
261.662 261.414 240.401
258.048 262.061 234.926
255.334 259.750 229.239
253.766 254.654 225.080
252.168 248.280 224.358
249.450 242.707 226.775
246.078 239.521 231.640
242.455 239.924 237.285
238.877 243.045 241.769
234.431 247.650 243.530
230.098 252.334 241.152
226.532 252.949 235.554
223.000 249.780 231.262
219.496 245.497 227.777
216.126 239.734 228.119
215.039 233.517 230.554
213.088 230.541 236.125
210.335 230.736 241.926
206.195 233.643 246.174
202.052 238.778 247.901
197.286 242.634 245.534
192.193 243.294 241.381
188.366 240.339 236.734
187.977 236.279 230.957
187.151 230.852 228.671
183.777 225.079 229.123
178.335 222.663 229.553
171.945 222.211 230.324
165.951 224.308 230.196
162.212 228.464 227.020
161.111 233.563 223.098
162.779 236.944 217.759
166.643 239.271 212.937
172.477 239.468 209.462
178.404 236.622 208.414
181.435 231.091 207.667
183.098 224.490 207.592
180.850 218.431 205.689
176.173 214.665 202.835
172.162 213.818 197.494
170.387 216.089 191.539
171.594 219.966 186.202
186.582 221.322 193.127
182.281 226.996 192.569
176.055 228.609 194.884
170.846 226.940 198.747
167.524 223.244 203.477
168.496 219.528 208.956
171.802 218.148 214.561
175.658 221.070 219.187
180.822 225.336 220.913
182.663 231.154 221.606
180.837 236.813 224.498
177.557 239.431 228.686
175.581 239.015 234.737
175.007 237.040 239.883
177.981 234.250 243.685
180.869 230.022 247.234
185.399 225.735 247.781
191.420 223.434 246.323
196.312 223.429 241.750
198.815 225.383 235.551
199.529 231.101 231.876
200.520 237.816 230.733
200.902 244.219 232.989
202.000 247.971 238.408
205.433 249.080 243.374
211.038 247.571 246.113
216.539 244.517 246.657
221.684 241.578 244.346
225.778 238.260 240.200
228.075 237.467 234.437
230.025 237.708 229.483
224.654 237.978 225.443
224.114 240.299 221.901
224.132 244.835 219.878
226.727 246.311 216.703
231.842 248.495 214.440
231.389 252.631 211.249
235.104 256.977 207.747
230.629 259.941 210.256
233.597 264.354 207.572
239.022 268.193 207.607
241.524 268.644 211.445
245.948 272.466 208.030
249.225 275.540 210.355
249.338 279.356 213.905
253.943 279.281 218.389
254.141 280.351 225.280
252.371 278.074 231.199
252.626 272.278 234.131
251.913 265.367 234.961
255.324 260.291 233.958
260.177 255.904 231.321
265.300 255.641 226.427
271.205 258.453 225.915
276.056 262.041 228.348
279.781 265.983 232.159
280.849 268.756 238.613
281.096 267.072 245.325
277.758 261.827 248.798
280.149 256.098 249.353
283.505 250.554 247.967
288.647 247.055 244.743
294.733 246.677 241.915
300.506 250.548 240.486
304.212 255.767 241.741
307.147 259.414 246.272
308.898 260.987 252.617
309.750 258.530 259.196
312.361 253.277 262.529
313.462 246.670 264.294
317.048 241.533 262.047
320.861 237.776 257.685
325.059 239.118 252.285
330.212 241.686 249.499
333.714 247.864 249.010
336.663 253.200 251.814
334.850 247.677 269.196
332.279 253.828 266.132
330.231 256.830 259.498
327.614 256.001 253.518
325.019 252.186 248.364
320.679 247.228 245.897
316.224 242.361 247.307
311.174 239.972 250.542
306.264 241.234 254.789
302.315 245.412 258.345
299.872 251.482 260.388
297.188 257.300 258.823
296.960 262.279 253.351
296.976 263.764 246.735
297.504 262.081 239.882
295.285 257.203 235.751
289.248 252.490 234.919
282.285 250.973 238.194
274.868 250.520 241.721
270.416 255.424 245.144
268.902 261.851 245.662
267.955 267.712 242.808
268.133 269.636 236.113
268.930 272.612 230.035
267.641 270.050 223.881
263.452 266.854 220.032
258.260 262.078 218.790
252.142 260.961 220.912
246.723 262.218 225.214
243.155 267.224 228.117
240.361 273.404 228.668
238.056 278.777 225.933
236.231 282.874 221.273
233.407 283.850 216.322
229.698 289.813 215.779
224.099 291.537 212.772
218.114 289.801 210.902
215.616 288.616 204.812
210.263 286.189 209.489
209.017 279.174 206.648
206.890 274.240 208.958
202.993 270.073 212.856
206.290 264.429 212.015
206.992 259.198 215.693
207.928 254.772 220.066
213.923 253.393 222.185
216.781 251.349 227.694
215.593 247.249 228.093
214.104 240.354 227.791
214.449 234.955 231.450
213.503 231.995 237.270
211.643 231.927 243.578
207.870 234.631 248.334
201.987 237.572 248.872
196.666 240.518 248.181
191.563 241.356 244.070
188.471 239.482 238.313
188.038 236.031 232.594
188.127 229.937 229.818
185.562 224.141 229.895
180.710 220.526 231.416
174.488 220.050 232.246
168.610 222.021 231.317
164.767 225.374 227.615
162.263 230.411 224.191
164.010 233.822 219.922
167.305 235.965 214.719
173.214 237.844 211.357
179.208 235.473 210.317
183.229 230.391 209.489
185.544 223.872 209.397
183.804 217.456 208.145
179.542 213.354 205.318
174.083 211.974 201.644
170.867 214.071 196.213
170.412 217.973 190.650
187.489 222.366 193.642
182.426 226.869 193.207
176.523 228.415 195.636
170.688 226.854 198.977
167.776 222.915 203.469
168.299 219.426 209.295
171.704 217.975 214.896
176.087 220.599 219.251
180.801 224.866 221.505
182.726 230.622 222.195
181.082 236.494 225.292
177.753 239.322 229.578
175.571 238.693 234.767
174.893 236.622 239.796
178.022 233.885 243.551
180.446 229.364 247.190
185.552 225.450 248.023
191.400 222.513 246.194
196.217 222.454 241.526
198.933 224.497 235.538
200.097 230.035 232.181
200.164 236.473 230.487
201.595 242.614 232.540
201.912 245.823 238.009
205.650 247.657 242.768
211.193 246.409 245.954
216.744 242.875 247.025
221.036 238.471 245.293
226.273 238.508 240.877
229.842 241.374 239.247
229.864 235.897 236.792
232.477 232.164 232.668
231.655 229.971 227.795
230.244 228.148 223.477
230.222 231.564 217.321
229.203 234.297 213.693
228.936 239.430 215.206
227.694 245.901 213.436
226.121 252.155 215.486
230.189 248.968 215.459
231.449 252.305 210.120
232.075 257.094 209.544
230.336 261.539 208.618
236.963 262.025 205.523
242.455 261.045 206.828
241.147 264.940 203.771
242.826 269.784 202.121
246.254 272.621 204.254
248.817 274.578 208.564
250.841 272.631 212.998
249.691 277.730 216.090
253.885 279.434 219.987
254.537 279.279 226.555
253.336 276.546 232.466
253.017 270.993 235.758
253.083 264.267 236.096
255.686 258.689 233.215
259.292 254.888 229.992
265.405 253.463 228.344
271.699 256.429 226.873
276.575 260.551 228.493
280.685 264.255 232.710
281.403 267.714 238.890
281.423 266.114 245.345
278.650 261.502 249.981
280.929 255.730 251.094
284.295 250.227 249.695
289.386 246.711 246.453
295.453 246.277 243.587
301.214 250.120 242.044
304.931 255.360 243.173
307.898 259.090 247.613
309.696 260.783 253.914
310.595 258.451 260.533
313.229 253.262 263.946
314.342 246.690 265.828
317.912 241.509 263.653
321.691 237.670 259.334
325.851 238.908 253.879
330.985 241.421 251.008
334.484 247.587 250.377
337.454 252.976 253.058
335.766 247.784 270.555
333.172 253.876 267.393
331.076 256.752 260.718
328.417 255.812 254.775
325.784 251.899 249.712
321.426 246.897 247.371
316.980 242.059 248.905
311.953 239.734 252.222
307.076 241.076 256.478
303.152 245.322 259.984
300.725 251.430 261.929
298.030 257.218 260.273
297.763 262.093 254.709
297.765 263.499 248.091
298.105 261.719 241.227
295.971 256.680 237.210
289.975 251.906 236.486
283.174 249.857 239.481
275.938 248.589 243.043
271.440 253.732 246.345
269.776 260.431 246.601
268.835 266.484 243.635
268.726 268.814 236.662
268.056 268.834 230.274
267.242 269.121 224.031
264.606 264.775 219.667
259.467 260.682 219.595
253.197 259.499 221.284
247.891 261.008 224.303
244.369 264.702 229.198
241.065 269.889 227.981
239.437 275.340 227.570
237.858 279.667 224.035
235.791 282.892 218.943
233.895 283.273 214.033
232.631 288.231 217.224
227.918 292.057 217.438
221.951 291.767 216.335
217.916 293.074 212.428
212.589 288.883 212.081
208.925 286.621 209.551
207.276 280.112 207.647
208.535 274.264 208.971
208.424 270.204 211.942
203.401 271.278 210.676
205.219 264.692 213.214
210.581 267.071 216.788
209.537 260.861 214.218
214.453 257.973 216.638
215.988 256.370 223.888
214.692 255.527 228.362
218.101 249.214 225.548
217.926 249.298 229.941
221.553 244.132 227.757
217.010 239.834 228.060
215.375 233.873 231.914
214.092 231.370 236.860
211.936 230.539 243.517
208.027 233.208 248.483
202.321 236.762 249.072
197.270 239.912 248.351
192.201 240.691 244.109
189.065 239.288 238.255
188.047 235.023 233.300
188.121 229.525 230.131
186.085 224.070 230.787
180.936 220.246 231.276
174.388 220.289 232.368
168.933 221.571 231.736
164.728 225.026 228.148
162.719 230.241 224.663
163.917 233.482 220.317
167.637 235.089 214.914
173.638 237.930 212.030
179.540 235.446 210.598
183.283 230.366 209.742
185.561 223.970 209.898
183.674 217.768 208.361
179.170 213.046 206.302
175.053 211.685 201.282
171.253 213.348 195.904
171.198 217.709 190.629
