51.776 15.568 23.855
46.588 19.226 21.050
40.265 20.589 19.044
35.028 23.365 22.083
32.243 26.640 27.159
31.504 26.350 34.433
34.492 29.019 40.133
40.385 32.082 41.740
46.521 34.776 41.968
49.800 40.207 38.987
50.028 44.679 33.969
47.451 49.757 30.954
29.726 45.061 34.724
32.820 41.741 30.143
37.550 41.429 25.157
42.941 37.858 24.404
48.356 33.804 26.633
50.870 30.859 32.113
48.571 26.668 36.623
43.325 24.279 40.499
38.552 18.951 38.783
34.270 15.288 35.296
32.844 11.049 29.662
34.553 9.540 23.211
-46.743 5.871 -33.932
-40.758 4.635 -31.340
-34.577 6.309 -32.528
-28.943 5.797 -36.706
-27.562 9.537 -42.374
-29.788 14.551 -46.826
-34.296 19.140 -48.960
-35.628 24.997 -47.371
-38.593 30.104 -43.879
-36.358 34.042 -38.782
-32.186 35.672 -33.742
-19.993 27.395 -44.421
-20.861 25.302 -38.203
-25.012 24.551 -33.149
-31.177 25.405 -30.323
-37.174 22.640 -31.164
-41.517 19.808 -35.562
-43.678 18.269 -41.874
-42.316 13.680 -46.418
-37.864 9.391 -49.612
-35.921 3.146 -48.852
-35.312 -2.287 -44.952
-65.184 25.066 3.140
-59.152 26.307 0.594
-52.955 24.595 1.908
-47.319 24.994 6.088
-45.841 21.407 11.724
-48.137 16.455 16.234
-52.565 11.798 18.271
-53.413 5.721 16.801
-56.788 0.792 13.398
-54.479 -3.266 8.151
-50.605 -4.647 2.936
-38.236 3.702 13.569
-39.207 5.720 7.147
-43.453 6.841 2.334
-49.645 5.764 -0.405
-55.677 8.397 0.605
-60.007 11.195 4.993
-62.109 12.674 11.385
-60.837 17.475 15.835
-56.236 21.707 18.977
-54.291 27.908 18.119
-53.640 33.260 13.982
18.476 23.327 -7.639
24.422 20.828 -9.227
30.312 18.507 -7.067
33.066 13.796 -3.776
34.124 10.503 2.226
30.421 6.868 6.601
24.433 3.971 8.534
18.869 0.970 6.379
15.418 -2.423 2.138
15.285 -7.303 -1.938
17.244 -10.688 -7.603
33.225 -9.214 1.084
32.604 -6.928 -4.800
29.408 -2.559 -8.764
23.718 0.666 -11.012
18.711 4.355 -8.023
15.695 7.111 -2.677
16.132 10.517 3.202
19.570 14.081 7.485
23.233 19.428 8.615
29.385 22.718 8.180
33.121 25.063 3.164
21.468 -37.694 -23.704
22.431 -42.483 -18.600
26.051 -44.702 -13.674
28.267 -42.584 -7.837
29.865 -38.233 -3.161
29.346 -32.193 -0.036
24.012 -29.178 2.718
17.500 -26.920 2.539
11.476 -29.190 2.285
6.576 -33.381 1.652
3.924 -39.149 2.538
19.453 -41.384 13.876
18.688 -45.888 8.396
16.113 -46.832 2.355
13.753 -43.518 -2.923
11.590 -37.370 -5.849
13.570 -30.966 -6.957
18.328 -27.520 -10.211
24.795 -25.089 -10.289
30.811 -27.456 -11.390
35.439 -32.085 -12.268
37.294 -37.392 -15.062
-0.377 -38.780 3.615
-0.889 -44.113 7.816
2.275 -47.068 13.401
4.721 -45.379 19.500
6.475 -40.542 23.667
5.022 -34.269 26.280
0.371 -31.691 30.233
-6.026 -29.513 31.206
-12.038 -31.749 30.927
-16.690 -36.522 29.926
-19.001 -42.360 31.835
-3.229 -45.619 40.212
-4.019 -48.745 34.128
-7.327 -49.193 28.531
-9.817 -45.407 23.906
-11.318 -39.696 20.659
-10.457 -33.068 19.432
-4.831 -29.593 17.565
1.810 -27.712 18.037
7.805 -30.628 17.442
12.124 -35.730 17.490
12.329 -42.531 15.979
49.932 8.590 24.929
51.644 8.989 31.383
52.717 12.673 36.611
50.873 18.044 39.743
47.008 23.470 40.596
41.500 27.281 39.263
35.242 26.055 40.735
29.256 22.684 40.117
26.729 16.833 41.981
26.664 10.847 44.611
27.427 6.784 49.494
35.052 20.198 57.053
39.820 16.053 54.982
40.728 10.713 51.455
38.523 8.313 45.087
35.255 9.327 39.430
32.800 13.173 34.539
34.928 17.474 30.162
37.961 23.467 28.519
43.787 26.139 28.437
50.324 26.734 29.172
56.172 24.372 29.918
21.405 3.284 55.391
22.832 1.830 62.197
22.739 5.774 67.570
21.973 11.862 70.078
19.198 18.051 69.438
14.006 21.823 67.263
7.513 22.423 68.296
0.841 20.644 67.943
-2.758 15.645 70.637
-4.293 9.852 72.897
-2.701 5.474 78.165
7.253 18.051 84.688
10.118 12.880 83.049
9.802 6.910 79.247
7.912 4.802 73.444
5.076 5.192 67.229
3.818 8.805 61.853
7.523 12.832 58.051
11.500 18.360 57.032
17.934 20.203 58.659
23.920 20.185 61.058
29.460 17.460 62.004
-23.263 -8.865 -17.057
-16.750 -9.081 -14.812
-11.960 -4.678 -12.397
-10.912 0.567 -9.601
-11.611 7.568 -8.432
-15.635 12.916 -6.862
-21.143 14.970 -3.746
-26.217 13.151 0.522
-30.514 8.716 3.598
-31.691 3.057 6.718
-29.375 -0.267 11.853
-23.975 -3.110 15.604
-13.581 7.448 12.159
-13.555 1.445 9.227
-16.647 -3.264 5.454
-21.894 -4.416 1.226
-27.182 -2.398 -2.254
-30.138 1.319 -6.313
-29.402 6.275 -11.237
-25.424 10.245 -14.217
-19.915 10.602 -18.752
-15.079 7.524 -21.407
-11.437 2.649 -23.724
-10.282 -3.925 -25.654
32.577 5.304 9.746
30.530 10.979 6.161
27.932 12.281 0.163
24.495 10.286 -4.741
21.217 5.492 -8.544
18.564 -0.716 -9.149
14.933 -5.406 -7.205
9.730 -7.803 -3.137
6.213 -7.327 2.957
2.791 -3.297 6.224
0.521 3.669 8.004
-2.277 7.739 6.294
2.775 4.689 -10.173
6.874 8.556 -6.199
8.582 10.581 0.507
9.967 7.676 6.365
14.074 3.628 8.767
17.582 -2.685 8.787
20.207 -7.216 4.558
25.262 -7.231 1.060
29.843 -5.455 -3.930
33.090 -0.864 -7.876
36.370 4.953 -7.816
40.284 8.917 -3.678
6.200 34.891 -4.538
9.956 30.689 -8.178
11.077 24.772 -11.147
8.637 20.121 -14.655
3.445 17.314 -18.320
-3.110 17.298 -20.332
-7.896 19.663 -23.170
-10.661 24.495 -27.478
-10.556 30.876 -30.134
-6.413 34.568 -33.325
0.364 36.155 -35.928
0.312 36.302 -35.869
5.284 32.932 -38.606
4.312 33.737 -40.253
1.175 18.276 -36.167
5.332 21.712 -32.120
7.458 28.154 -29.798
4.735 33.777 -27.338
1.142 35.513 -22.512
-4.691 35.070 -18.300
-8.983 30.614 -15.874
-8.576 26.098 -11.457
-6.300 20.578 -7.990
-1.335 16.480 -5.719
4.714 16.667 -2.940
10.000 20.207 -0.299
138.524 9.502 0.263
135.049 14.185 -2.631
135.391 19.284 -6.628
138.847 24.742 -9.480
143.544 26.801 -12.325
147.935 27.034 -17.265
152.523 23.807 -21.358
153.258 17.522 -23.591
150.806 11.550 -27.010
146.265 8.198 -28.551
134.219 23.241 -26.252
133.499 16.963 -23.872
136.411 12.229 -20.717
141.292 9.349 -17.187
148.206 9.230 -16.473
153.030 11.273 -12.200
155.383 16.313 -8.056
153.375 21.247 -4.381
149.694 24.784 -0.495
143.910 26.437 2.970
135.831 17.772 8.768
135.592 12.307 11.403
137.866 8.948 16.500
143.418 7.022 20.601
149.587 9.455 21.542
152.081 14.235 26.205
152.945 20.379 28.800
149.405 25.181 31.456
143.808 28.567 33.067
137.582 28.052 36.676
139.743 9.457 36.669
134.466 12.496 33.884
133.203 17.033 29.389
134.740 22.098 25.081
138.982 26.239 22.085
144.572 26.129 18.317
150.398 23.027 16.197
153.283 17.947 14.322
153.461 13.844 9.247
150.519 8.406 5.581
1.677 -8.911 -27.941
-4.921 -7.018 -27.182
-10.308 -10.424 -26.487
-13.704 -15.207 -24.654
-14.882 -15.571 -27.428
-15.217 -21.930 -25.967
-14.967 -21.748 -24.847
-13.382 -27.639 -23.053
-10.125 -31.066 -18.904
-9.817 -30.876 -18.696
-5.367 -32.226 -14.208
-4.303 -32.360 -15.313
-1.048 -30.981 -10.071
-0.371 -28.021 -4.099
-2.776 -24.341 0.618
-7.816 -24.246 4.611
-14.372 -23.631 6.105
-20.599 -24.226 5.550
-25.394 -29.249 5.257
-27.414 -35.456 3.221
-10.306 -39.883 7.671
-13.066 -41.859 1.856
-15.538 -39.422 -3.451
-19.081 -34.264 -6.997
-21.558 -28.032 -6.490
-18.431 -22.554 -7.718
-14.257 -17.245 -7.038
-8.221 -14.437 -6.965
-1.904 -15.167 -9.401
1.467 -18.497 -14.266
4.001 -23.649 -17.886
2.896 -25.473 -24.268
-1.589 -27.645 -29.024
-6.405 -26.896 -33.535
-7.956 -21.967 -37.690
-9.462 -16.099 -39.797
-8.263 -17.051 46.953
-2.135 -14.510 49.192
4.084 -15.171 47.314
8.539 -16.352 42.892
11.006 -18.764 37.248
10.596 -20.098 31.197
8.080 -17.750 25.518
3.516 -14.786 21.743
-0.614 -10.873 20.149
-2.172 -4.204 20.391
-0.682 1.878 22.047
4.060 6.339 22.369
10.357 8.541 22.998
17.067 8.004 23.735
16.410 8.988 22.368
22.348 6.828 19.356
25.611 3.059 14.604
8.836 3.390 7.171
12.096 -2.421 7.879
14.629 -6.105 12.457
17.213 -7.172 19.024
18.622 -4.225 24.929
14.601 -3.294 29.801
9.350 -0.995 33.585
2.961 -0.199 34.804
-3.108 -3.399 33.879
-5.741 -9.650 32.198
-7.266 -15.322 28.952
-5.910 -21.747 30.795
-1.309 -26.530 32.053
2.488 -30.079 36.465
4.397 -30.022 42.872
4.392 -28.567 49.169
2.691 -8.685 -27.169
-3.990 -7.023 -25.755
-9.295 -10.552 -25.276
-12.682 -16.498 -24.902
-12.918 -22.257 -24.223
-11.771 -27.926 -22.944
-8.797 -31.221 -18.208
-4.381 -32.454 -14.182
-0.737 -31.398 -9.651
-0.255 -28.141 -3.836
-3.151 -24.733 0.845
-8.596 -24.124 4.589
-15.202 -23.405 5.798
-21.628 -24.157 4.679
-26.107 -29.200 4.698
-28.027 -35.485 2.814
-11.086 -39.864 7.314
-13.451 -41.890 1.547
-15.316 -39.264 -3.643
-18.744 -34.220 -7.194
-21.319 -28.005 -6.672
-18.274 -22.445 -7.566
-14.001 -17.297 -6.959
-8.019 -14.615 -6.963
-1.568 -15.243 -9.041
2.320 -18.416 -14.120
5.261 -23.646 -17.393
4.715 -25.239 -24.070
1.077 -27.777 -29.039
-2.832 -25.954 -34.134
-6.127 -21.001 -36.967
-8.123 -14.906 -37.969
-8.457 -16.156 47.421
-2.212 -13.404 48.784
3.996 -14.449 46.352
8.108 -16.330 41.060
9.599 -18.562 35.655
9.218 -19.869 30.094
6.581 -17.296 24.767
2.089 -14.336 21.542
-2.107 -10.322 20.114
-3.975 -3.816 20.289
-2.119 1.954 20.899
2.560 6.781 21.428
9.139 8.679 22.787
15.508 7.915 22.667
20.912 6.625 18.552
24.350 2.932 13.716
7.968 3.486 6.611
11.147 -2.406 7.100
13.008 -6.110 11.723
15.852 -7.288 17.974
17.064 -4.080 23.679
13.103 -2.847 28.575
7.838 -0.588 32.582
1.294 0.286 34.064
-4.588 -3.107 33.991
-7.246 -9.029 32.839
-8.849 -15.026 30.057
-7.255 -21.512 31.639
-2.678 -26.556 32.470
1.572 -29.608 36.582
3.772 -29.365 42.806
4.669 -26.961 48.817
-19.790 8.840 16.676
-19.292 5.002 21.757
-16.234 -0.939 24.919
-10.225 -3.832 25.829
-4.261 -5.948 23.499
1.697 -3.191 21.258
5.457 1.658 19.126
7.329 8.559 19.808
7.783 13.011 23.891
7.098 16.798 29.306
5.859 17.323 35.522
5.643 15.864 41.286
8.600 12.455 45.920
12.544 7.982 48.335
16.813 3.511 48.739
23.488 2.731 47.202
29.037 5.194 44.932
32.945 10.534 45.580
34.411 17.101 45.421
33.412 23.497 46.086
31.740 28.003 50.964
28.153 30.354 56.521
31.223 13.112 61.564
24.945 15.699 62.145
20.621 18.385 58.306
18.710 21.729 52.252
20.916 24.189 46.086
21.691 20.914 40.602
24.051 16.623 35.555
25.090 10.550 33.452
22.122 4.111 33.306
16.073 0.705 34.879
10.924 -1.875 38.351
4.235 -0.297 38.512
-0.837 4.535 39.206
-4.758 9.290 37.120
-6.932 11.455 31.268
-6.379 13.817 25.033
-4.358 13.738 18.149
-2.274 9.618 13.534
-2.455 3.841 10.523
-5.904 -2.564 10.224
-9.560 -7.719 12.175
-16.136 -8.794 14.908
25.201 -4.939 -10.843
30.237 -0.403 -9.815
32.305 5.888 -7.123
33.309 8.470 -0.965
32.038 10.170 5.211
28.837 8.004 10.944
26.424 2.869 14.317
26.847 -3.868 16.336
31.150 -8.580 17.158
36.266 -12.859 16.450
42.710 -13.057 15.418
48.262 -11.862 15.894
52.869 -8.625 19.065
55.162 -4.100 23.039
55.311 0.287 27.451
53.524 1.542 33.663
51.157 -0.740 39.374
50.963 -6.009 43.185
49.437 -12.721 44.524
50.129 -18.973 43.431
54.658 -23.855 42.883
60.663 -26.580 40.571
66.765 -9.303 43.695
67.770 -12.054 37.544
64.169 -14.133 32.668
58.630 -17.966 30.041
52.365 -19.934 31.498
46.740 -16.853 31.727
41.669 -12.427 33.885
39.372 -6.338 34.545
39.538 0.014 31.805
41.301 3.483 25.956
45.412 6.019 21.045
45.760 4.675 14.431
46.501 0.101 9.082
44.616 -4.652 5.254
39.054 -7.018 2.645
32.778 -9.889 2.649
26.244 -10.051 5.214
21.200 -5.754 6.273
18.563 0.355 5.917
17.919 6.934 2.565
19.744 12.129 -1.182
23.086 13.149 -7.401
