51.776 15.568 23.855
46.588 19.226 21.050
40.265 20.589 19.044
35.028 23.365 22.083
32.243 26.640 27.159
31.504 26.350 34.433
34.492 29.019 40.133
40.385 32.082 41.740
46.521 34.776 41.968
49.800 40.207 38.987
50.028 44.679 33.969
47.451 49.757 30.954
29.726 45.061 34.724
32.820 41.741 30.143
37.550 41.429 25.157
42.941 37.858 24.404
48.356 33.804 26.633
50.870 30.859 32.113
48.571 26.668 36.623
43.325 24.279 40.499
38.552 18.951 38.783
34.270 15.288 35.296
32.844 11.049 29.662
34.553 9.540 23.211
-46.743 5.871 -33.932
-40.758 4.635 -31.340
-34.577 6.309 -32.528
-28.943 5.797 -36.706
-27.562 9.537 -42.374
-29.788 14.551 -46.826
-34.296 19.140 -48.960
-35.628 24.997 -47.371
-38.593 30.104 -43.879
-36.358 34.042 -38.782
-32.186 35.672 -33.742
-19.993 27.395 -44.421
-20.861 25.302 -38.203
-25.012 24.551 -33.149
-31.177 25.405 -30.323
-37.174 22.640 -31.164
-41.517 19.808 -35.562
-43.678 18.269 -41.874
-42.316 13.680 -46.418
-37.864 9.391 -49.612
-35.921 3.146 -48.852
-35.312 -2.287 -44.952
-65.184 25.066 3.140
-59.152 26.307 0.594
-52.955 24.595 1.908
-47.319 24.994 6.088
-45.841 21.407 11.724
-48.137 16.455 16.234
-52.565 11.798 18.271
-53.413 5.721 16.801
-56.788 0.792 13.398
-54.479 -3.266 8.151
-50.605 -4.647 2.936
-38.236 3.702 13.569
-39.207 5.720 7.147
-43.453 6.841 2.334
-49.645 5.764 -0.405
-55.677 8.397 0.605
-60.007 11.195 4.993
-62.109 12.674 11.385
-60.837 17.475 15.835
-56.236 21.707 18.977
-54.291 27.908 18.119
-53.640 33.260 13.982
