9.266 46.296 32.944
15.717 46.352 35.486
19.909 47.290 40.702
22.474 45.663 47.552
22.060 40.498 51.880
19.510 34.968 54.673
17.395 29.355 53.573
21.658 23.098 54.733
26.155 19.379 52.353
31.967 18.092 49.071
36.230 19.504 43.762
39.220 24.841 41.430
42.536 30.923 42.545
44.232 35.812 46.682
40.552 25.889 61.228
35.788 31.600 59.400
33.878 36.029 54.561
33.256 36.601 47.712
32.271 34.639 42.012
28.575 30.212 38.654
26.578 24.018 36.927
22.024 28.693 37.616
14.339 30.018 37.745
9.604 31.093 42.344
7.521 34.869 47.352
7.832 40.305 51.268
10.505 46.547 52.727
11.784 52.164 49.342
45.715 54.788 -93.034
39.529 51.518 -94.136
36.637 46.728 -91.256
35.683 40.922 -87.524
37.817 37.124 -82.186
40.114 38.693 -76.039
44.433 42.233 -71.907
45.076 48.060 -69.037
42.925 54.084 -67.328
39.265 56.901 -64.079
33.187 59.041 -62.100
26.998 56.504 -60.675
23.784 51.906 -57.453
22.770 46.784 -53.558
24.858 40.872 -50.378
29.398 38.752 -46.448
36.073 38.768 -44.662
39.978 43.991 -42.175
39.564 50.349 -39.634
35.974 54.594 -35.723
31.497 56.265 -31.483
30.854 54.194 -24.760
28.474 51.096 -19.952
30.999 45.936 -16.530
35.570 42.307 -13.943
40.356 40.779 -12.769
46.761 38.595 -14.435
51.702 41.102 -18.703
55.233 46.615 -18.999
56.766 53.190 -17.248
58.137 58.255 -13.034
60.299 59.837 -6.528
62.372 58.430 -0.652
65.107 53.942 3.291
69.591 48.793 3.341
73.921 44.851 0.157
77.180 42.933 -5.132
79.637 43.429 -10.928
79.384 46.348 -17.291
82.704 51.635 -19.550
84.822 58.194 -18.286
89.972 60.637 -15.781
96.478 60.340 -13.723
101.888 56.382 -13.581
105.508 51.884 -15.616
106.710 45.264 -17.522
105.941 41.293 -22.654
101.917 40.463 -28.467
100.287 43.746 -33.945
100.239 49.166 -38.079
103.890 54.434 -40.763
109.932 55.779 -42.552
116.115 54.392 -44.766
121.124 50.163 -46.820
122.569 43.594 -48.637
119.680 37.672 -50.913
114.354 34.557 -53.202
109.167 34.545 -57.159
103.593 38.267 -59.344
102.295 43.719 -63.159
103.742 48.245 -68.138
104.980 47.862 -74.180
105.827 44.991 -80.503
106.155 39.770 -84.266
103.727 33.942 -86.122
99.444 29.093 -85.260
95.544 25.315 -80.968
89.763 26.344 -78.173
85.067 30.628 -75.858
80.764 35.737 -77.382
77.037 38.071 -82.468
75.718 38.897 -89.007
72.988 35.198 -93.790
70.378 29.487 -95.715
67.474 23.731 -95.013
63.725 19.457 -91.861
62.835 15.909 -86.103
60.171 17.148 -80.256
59.384 21.667 -75.261
55.444 27.099 -73.995
51.065 32.101 -76.018
44.998 32.759 -78.932
39.203 29.795 -80.255
34.919 25.116 -79.202
32.247 19.243 -77.121
31.868 15.426 -71.747
33.350 14.098 -65.661
38.325 14.600 -60.997
40.757 18.608 -56.258
40.872 25.307 -54.518
36.394 30.088 -52.758
30.849 31.821 -49.841
25.581 30.496 -45.883
24.746 27.048 -40.390
24.479 21.703 -36.362
26.911 17.099 -32.464
31.659 12.508 -30.560
37.724 12.673 -29.059
44.180 14.316 -30.840
47.641 19.733 -29.148
47.689 26.542 -27.765
45.858 30.286 -22.554
43.041 31.843 -16.444
43.025 30.296 -10.289
44.993 26.142 -5.161
48.673 21.139 -2.347
54.249 18.270 -2.274
60.036 15.491 -4.679
64.731 16.018 -9.850
68.176 21.149 -12.247
70.434 27.312 -12.193
73.210 32.385 -9.372
75.919 36.188 -4.550
79.265 35.437 1.070
83.705 31.760 4.629
87.763 26.426 4.681
91.492 22.242 1.175
92.870 18.627 -4.532
96.001 19.111 -10.640
92.615 20.865 -16.371
93.028 26.334 -20.413
96.948 31.886 -21.535
102.475 35.500 -20.377
108.724 35.940 -20.046
115.015 33.193 -19.611
118.735 28.548 -21.454
119.963 22.211 -23.425
117.492 16.946 -26.550
113.296 14.078 -30.971
108.963 13.450 -35.716
104.865 15.796 -40.745
105.790 20.059 -45.707
108.344 25.790 -48.535
114.386 25.702 -52.249
119.419 22.661 -55.181
122.096 17.545 -58.231
122.601 12.423 -61.290
119.189 7.516 -64.323
113.125 4.668 -65.693
107.061 6.036 -67.837
101.763 10.293 -68.639
99.882 15.950 -71.198
100.924 20.675 -75.854
103.459 22.165 -81.890
107.430 21.343 -87.275
108.142 4.242 -83.844
113.639 7.896 -83.840
116.267 13.707 -81.869
116.167 19.062 -77.753
112.959 23.759 -73.778
109.260 23.362 -68.087
104.421 20.201 -64.387
103.047 14.836 -60.924
105.152 9.765 -57.378
109.324 6.303 -53.733
115.000 5.695 -50.162
119.678 9.399 -47.562
122.464 14.556 -44.984
122.428 20.362 -41.991
119.526 26.581 -41.094
114.507 29.423 -38.354
107.504 29.521 -37.998
103.684 24.859 -34.517
103.436 19.082 -30.620
106.350 15.926 -25.456
109.604 15.937 -19.958
111.136 19.019 -14.497
111.118 23.577 -10.138
107.678 28.979 -7.599
103.675 33.427 -7.153
97.677 35.532 -7.177
91.936 36.497 -10.953
87.877 32.734 -14.987
84.450 27.181 -14.386
82.530 21.210 -11.611
80.933 17.031 -6.513
77.737 16.932 -0.716
75.012 19.759 4.718
71.167 24.559 6.742
67.108 29.744 5.214
63.278 32.470 0.661
61.143 33.111 -5.392
59.828 31.234 -11.366
60.671 26.779 -16.609
57.307 21.161 -17.936
54.629 15.244 -15.450
49.297 13.145 -12.574
42.682 14.304 -12.018
37.259 18.270 -13.486
34.644 22.285 -17.522
34.537 28.357 -20.951
35.683 29.703 -27.115
40.471 29.760 -32.236
42.566 25.465 -36.549
43.181 19.377 -39.271
39.862 13.589 -41.179
34.782 12.184 -44.112
28.267 12.635 -46.280
24.341 15.314 -49.437
22.820 18.810 -54.609
23.306 24.319 -58.537
27.021 28.038 -62.093
32.899 31.078 -63.348
39.587 30.354 -61.648
43.909 25.354 -63.050
45.646 18.827 -64.571
44.743 14.124 -68.972
45.016 13.159 -75.628
44.664 15.010 -81.918
44.627 19.192 -87.082
48.155 24.040 -89.676
52.375 29.130 -89.347
55.862 33.760 -85.517
61.052 33.240 -81.727
65.028 29.646 -77.459
68.626 23.748 -77.019
73.004 20.409 -80.682
76.543 18.957 -86.164
79.968 21.405 -90.951
82.849 26.541 -94.336
85.968 31.884 -93.993
88.392 37.601 -91.953
88.651 42.104 -86.799
89.169 41.948 -80.418
89.610 38.942 -74.778
93.954 34.069 -71.458
98.622 29.258 -71.616
105.131 28.441 -73.143
110.848 31.178 -73.275
115.320 36.499 -73.474
117.041 42.481 -71.935
117.060 46.975 -66.878
113.090 50.573 -63.270
108.294 50.669 -58.251
104.351 46.747 -54.153
104.947 40.877 -50.453
109.246 37.023 -46.854
113.776 36.881 -42.218
117.257 40.413 -37.433
118.464 46.230 -34.056
116.445 51.313 -31.135
111.493 56.735 -29.737
105.166 57.637 -29.092
98.819 55.841 -31.217
94.502 50.720 -28.924
94.316 44.299 -26.684
95.437 41.881 -20.069
97.051 42.295 -13.510
96.005 45.303 -8.178
93.214 50.395 -4.562
89.437 55.987 -4.156
83.480 58.371 -4.593
78.160 60.253 -8.472
74.576 58.225 -14.127
71.212 52.577 -15.359
69.505 46.097 -14.409
65.891 42.373 -10.908
61.838 39.990 -5.870
57.345 42.187 -1.587
53.217 46.734 1.264
49.287 51.546 -1.150
46.291 54.917 -6.196
44.986 56.693 -12.334
46.311 56.211 -19.039
47.496 52.180 -23.785
48.018 45.871 -26.492
44.037 40.473 -26.730
38.588 37.306 -25.699
31.758 36.748 -26.148
26.319 39.504 -27.833
23.209 44.517 -30.723
22.539 48.849 -34.632
25.085 53.839 -39.083
30.725 55.762 -42.051
35.319 54.987 -46.596
39.957 51.380 -50.333
39.669 46.031 -54.034
37.032 39.999 -56.037
32.395 39.018 -60.713
27.653 40.879 -65.204
25.673 44.877 -69.495
26.607 49.857 -73.775
30.436 55.016 -75.994
36.702 57.351 -77.272
43.223 56.158 -76.947
48.696 51.228 -76.828
50.664 45.174 -78.093
50.143 39.819 -82.074
48.764 37.202 -88.178
45.795 37.091 -94.374
18.592 3.412 -4.473
15.497 0.021 0.290
14.799 -6.962 2.900
18.640 -11.532 5.630
24.439 -12.988 8.883
29.765 -11.391 12.517
33.475 -7.080 16.003
32.766 -1.527 20.396
29.327 4.051 23.021
22.070 3.582 33.737
15.210 2.543 35.250
11.721 -2.420 38.309
12.000 -8.809 40.838
16.262 -13.428 43.827
22.592 -14.669 46.443
28.289 -12.144 49.870
29.074 -6.668 54.287
27.394 -0.954 57.528
22.620 2.969 60.837
16.134 2.786 63.650
14.143 -13.982 65.357
11.188 -10.297 60.425
9.954 -3.751 57.991
13.231 0.923 55.014
18.682 4.114 52.016
25.117 2.671 49.777
28.941 -1.325 46.106
29.932 -7.467 42.737
26.305 -13.196 39.321
20.674 -14.933 36.198
15.103 -12.671 32.945
13.566 -9.229 26.931
13.614 -4.246 22.671
15.120 1.276 19.634
20.073 5.139 16.464
26.311 6.471 14.205
30.575 3.647 9.919
33.826 -2.090 7.375
33.045 -8.121 4.430
29.091 -12.305 1.827
22.445 -13.636 -1.690
23.582 6.415 24.023
58.217 35.130 37.197
60.649 28.547 37.205
62.012 23.129 40.687
59.827 19.300 45.783
56.025 17.385 51.181
49.867 17.053 52.985
44.865 18.409 54.094
45.712 22.138 35.383
44.301 26.719 39.234
44.029 29.423 45.283
47.496 30.702 50.804
52.630 29.552 55.250
59.042 29.749 55.412
65.152 30.437 52.962
2.310 36.329 34.015
7.359 38.339 38.297
12.748 36.006 41.413
17.595 33.190 40.310
16.536 40.348 41.162
21.329 44.957 39.281
26.424 46.817 36.976
31.876 47.664 32.966
34.134 46.012 26.820
33.201 44.113 20.175
15.748 44.603 24.581
18.474 39.045 22.041
23.635 34.730 22.258
28.180 32.412 26.005
32.156 32.259 31.712
8.149 19.428 28.941
7.662 19.492 35.872
7.935 20.608 42.194
6.389 24.732 46.905
4.765 37.073 -4.059
-0.472 35.756 -8.337
-3.495 30.928 -11.773
-5.924 25.841 -10.270
-8.931 32.412 -10.991
-15.271 33.778 -9.380
-20.860 32.673 -7.005
-25.811 30.255 -3.031
-26.660 27.787 3.064
-24.857 26.647 9.670
-10.399 36.663 4.929
-9.548 30.644 7.483
-11.538 24.159 7.624
-14.377 19.617 3.890
-17.613 17.129 -1.625
9.681 19.446 0.644
10.032 20.029 -6.059
9.548 21.100 -12.429
7.901 25.257 -17.194
8.559 39.239 -17.055
12.205 43.413 -12.778
17.824 43.859 -9.275
23.399 43.726 -10.359
18.994 49.172 -9.430
20.741 55.713 -10.758
24.556 60.063 -12.860
29.171 63.404 -16.637
32.061 62.992 -22.615
32.554 61.280 -29.263
16.595 52.900 -25.584
21.771 49.452 -28.040
28.433 48.283 -27.648
33.483 48.516 -23.722
36.857 50.064 -17.879
22.360 26.781 -21.462
21.625 26.888 -14.803
20.565 27.985 -8.373
17.380 31.364 -3.744
1.499 62.066 47.283
6.963 60.571 43.108
11.865 63.257 39.448
16.385 66.472 40.475
15.861 59.343 39.540
20.992 55.121 41.047
26.490 53.700 42.982
32.106 53.220 46.743
34.442 55.217 52.733
33.757 57.062 59.358
16.015 55.228 56.027
18.551 60.939 58.209
23.417 65.594 57.912
27.642 68.196 53.863
31.286 68.685 48.065
6.739 80.141 51.883
5.732 79.681 44.919
5.659 78.008 38.556
5.013 73.177 34.056
-10.584 33.833 26.831
-3.599 32.107 26.871
2.155 32.186 28.102
8.506 33.927 25.361
11.992 37.027 20.459
13.578 39.719 14.980
12.617 43.860 9.278
8.860 48.505 6.582
5.461 53.693 25.406
-0.195 51.913 22.112
-3.027 49.687 16.609
-2.984 46.077 11.271
-1.543 40.067 8.894
0.897 34.471 8.769
2.126 29.136 10.796
0.933 22.975 14.658
1.247 20.375 15.809
1.099 18.544 13.614
-14.454 -30.444 24.881
-13.582 -36.352 21.340
-17.491 -41.099 18.528
-23.388 -41.494 15.501
-28.761 -38.621 12.653
-32.146 -33.832 9.700
-31.873 -29.647 5.063
-27.947 -24.848 1.675
-22.423 -24.367 -2.101
-16.499 -26.779 -4.716
-28.754 -39.708 -9.204
-24.409 -42.442 -4.050
-18.379 -41.555 -1.797
-14.755 -37.006 1.833
-14.587 -30.805 4.095
-17.082 -25.561 7.378
-20.251 -23.524 12.461
-26.598 -23.832 16.046
-30.110 -28.528 19.149
-31.138 -34.795 21.636
