5.496 -9.852 33.420
0.151 -8.533 36.628
-6.173 -7.322 37.250
-12.487 -7.828 34.969
-16.942 -7.503 29.830
-17.802 -10.312 23.923
-16.882 -14.780 19.251
-15.236 -20.739 17.511
-12.435 -26.619 17.327
-32.833 -23.502 41.831
-27.523 -23.658 38.293
-22.833 -23.155 34.456
-17.305 -26.191 36.823
-10.892 -27.408 35.378
-5.482 -26.377 31.832
-2.486 -22.812 27.113
-1.857 -18.470 22.467
-3.496 -13.337 18.878
-5.999 -7.446 18.196
-8.351 -1.746 20.439
-8.862 2.692 24.913
5.781 -59.873 52.834
1.371 -61.146 48.117
-4.285 -63.103 45.648
-11.049 -63.203 45.920
-16.870 -64.184 49.213
-19.980 -61.710 54.565
-21.250 -57.338 59.174
-20.846 -51.333 61.557
-19.191 -45.169 62.253
-29.677 -50.225 32.527
-25.832 -49.279 37.620
-22.708 -49.304 42.908
-17.210 -45.603 42.275
-11.644 -43.626 45.800
-7.644 -44.262 50.963
-5.868 -47.514 56.481
-6.308 -51.719 61.203
-8.301 -57.323 63.962
-10.372 -63.375 63.819
-11.118 -69.216 60.955
-9.682 -73.486 56.199
-19.113 -31.776 19.902
-19.829 -34.506 19.135
-20.418 -34.291 16.279
-24.777 -40.678 57.778
-26.020 -38.008 57.936
-27.524 -38.460 60.402
-5.071 54.850 49.856
0.010 56.616 46.292
6.076 57.880 45.432
12.385 57.429 47.681
16.795 57.041 52.841
17.633 53.875 58.471
16.520 50.208 63.761
15.285 44.100 65.192
12.986 38.016 65.164
31.106 41.568 41.182
26.652 40.562 44.566
22.391 41.652 48.810
17.065 38.806 46.090
10.660 37.647 47.650
4.956 38.746 51.114
1.870 42.036 56.053
1.554 46.406 60.826
3.915 51.767 63.982
7.534 57.079 64.668
9.644 62.777 62.750
9.333 67.589 58.195
-5.896 4.792 30.892
-1.872 3.259 35.718
3.710 1.628 38.176
10.453 1.258 37.865
16.301 0.458 34.555
19.181 3.704 29.702
20.338 7.230 24.255
19.825 13.296 22.043
19.467 19.709 21.933
28.167 15.059 50.360
24.910 16.155 45.460
21.982 15.560 40.301
16.656 19.237 41.137
11.332 20.887 37.444
6.855 20.264 32.438
5.167 17.317 26.601
5.846 12.954 22.012
7.836 7.156 19.873
10.197 1.314 20.158
11.449 -4.528 22.928
9.881 -8.810 27.824
16.737 32.515 63.802
18.899 30.501 63.725
19.419 30.737 66.545
22.931 24.742 24.577
24.896 26.848 25.234
26.655 26.285 22.921
-15.144 34.606 -21.774
-15.367 31.404 -28.030
-16.262 27.577 -32.852
-20.591 24.613 -36.736
-34.167 19.831 -9.320
-28.306 22.128 -6.617
-22.259 19.545 -5.402
-17.819 15.023 -6.873
-15.669 10.065 -9.833
-34.654 29.729 -27.039
-31.784 23.859 -25.112
-27.663 18.441 -26.348
-22.108 17.406 -23.857
-27.004 12.376 -25.678
-29.351 7.387 -21.749
-28.678 4.022 -15.837
-26.479 2.068 -9.797
-25.953 4.250 -2.711
-26.254 8.607 2.022
-12.194 7.978 -14.366
-9.818 7.793 -16.237
-8.049 8.729 -14.251
5.960 56.067 -9.694
11.958 53.494 -10.377
15.569 47.939 -11.075
16.493 41.980 -11.148
16.265 37.112 -13.468
-2.120 39.204 -20.713
-2.300 36.080 -14.904
-0.089 34.961 -8.786
3.109 37.197 -3.698
7.511 39.557 0.401
12.477 44.660 1.751
23.100 38.223 -49.051
23.043 40.775 -49.904
21.301 42.049 -48.441
-6.333 56.168 9.804
-12.178 53.666 10.377
-15.960 48.201 11.137
-16.882 42.169 11.062
-16.597 37.375 13.582
1.816 39.645 20.840
1.997 36.428 14.800
-0.284 35.288 8.639
-3.652 37.284 3.583
-7.830 39.868 -0.520
-12.969 44.979 -1.730
-23.323 38.666 48.972
-23.185 41.211 50.106
-21.440 42.446 48.341
-15.006 35.199 -21.892
-15.386 32.175 -27.629
-15.968 27.864 -32.609
-20.360 24.840 -36.482
-33.906 19.911 -9.526
-28.132 22.287 -6.742
-22.113 19.762 -5.289
-17.651 15.218 -6.780
-34.545 29.991 -26.896
-31.959 24.230 -25.132
-27.526 18.994 -25.856
-22.086 17.375 -23.811
-26.751 12.487 -25.810
-29.168 7.336 -21.822
-28.277 4.007 -15.713
-26.331 2.338 -9.690
-25.663 4.538 -2.626
-26.376 8.766 2.041
-12.309 8.096 -14.697
-9.843 7.952 -16.305
-8.039 8.897 -14.195
-15.592 10.300 -9.918
-91.946 29.837 186.335
-94.279 33.424 192.594
-99.169 36.285 195.671
-103.863 34.685 200.424
-111.405 35.295 201.112
-115.529 30.865 196.858
-116.893 26.235 192.114
-114.047 22.455 187.314
-70.086 11.113 203.923
-66.147 13.841 208.764
-67.164 19.151 212.014
-70.994 21.908 216.936
-75.408 28.116 217.788
-79.504 30.703 213.126
-84.198 29.896 207.971
-86.778 25.709 202.916
-101.355 34.683 174.819
-104.375 40.182 172.650
-104.069 46.859 172.347
-106.335 52.200 171.974
-93.396 47.916 199.545
-89.045 52.953 198.407
-82.597 52.747 199.650
-28.219 -11.019 -6.010
-31.383 -14.465 -1.259
-30.618 -20.348 1.795
-26.465 -22.509 6.459
-22.737 -28.938 7.475
-17.999 -30.691 2.527
-13.137 -29.801 -2.461
-11.537 -25.395 -6.743
-6.081 -28.266 -9.777
-32.993 -26.703 -23.623
-36.446 -27.441 -20.301
-40.867 -33.812 -20.706
-38.851 -39.715 -22.403
55.066 17.389 40.316
20.711 -9.815 -42.190
-13.508 4.056 -18.415
38.560 -21.119 -17.133
32.586 -19.174 -15.855
28.649 -19.043 -22.351
26.514 -22.504 -27.128
23.402 -28.101 -29.830
20.581 -34.729 -29.114
16.184 -37.862 -25.349
12.470 -38.481 -20.001
9.310 -36.299 -13.848
6.662 -31.302 -11.119
3.626 -25.481 -10.767
-0.130 -21.218 -13.007
-3.058 -16.747 -17.446
-7.442 -17.633 -22.330
-9.858 -20.291 -28.105
-13.342 -25.387 -29.916
-17.247 -30.697 -27.764
-18.775 -35.561 -22.555
-21.887 -35.524 -16.447
-24.580 -32.687 -11.559
-28.200 -27.959 -9.918
-33.462 -25.141 -9.653
-31.751 -28.657 -30.975
-31.341 -24.407 -28.487
-29.038 -20.305 -25.162
-25.627 -17.063 -20.661
-22.013 -17.884 -14.877
-19.709 -22.642 -10.352
-16.088 -28.284 -10.245
-12.688 -32.977 -13.177
-10.084 -36.210 -18.302
-7.078 -35.864 -23.974
-2.480 -32.810 -27.340
1.666 -28.240 -29.252
5.430 -22.026 -29.255
9.311 -19.145 -25.136
12.542 -18.216 -18.528
15.432 -20.974 -13.214
18.137 -26.552 -11.010
20.810 -33.508 -10.824
23.997 -37.408 -14.301
28.224 -38.658 -18.899
31.003 -38.061 -24.904
34.661 -32.810 -27.995
67.241 31.257 9.016
67.187 26.609 14.577
62.491 26.756 20.448
60.519 30.246 25.129
57.684 35.831 27.835
54.669 42.337 26.831
50.250 45.280 23.123
46.462 46.174 17.845
43.298 44.171 11.643
40.747 39.115 8.907
37.847 33.235 8.595
34.243 28.887 10.849
31.310 24.511 15.367
26.869 25.407 20.203
24.329 27.967 25.984
20.867 33.096 27.899
17.110 38.432 25.642
15.575 43.282 20.461
12.335 43.210 14.390
9.842 40.343 9.299
6.258 35.599 7.279
1.227 31.345 7.371
-0.638 38.253 24.089
2.480 32.893 25.872
5.307 28.367 22.906
8.551 24.979 18.457
12.065 25.767 12.633
14.402 30.515 8.149
18.039 36.082 8.157
21.531 40.660 10.969
24.201 44.008 15.962
27.117 43.701 21.686
31.615 40.528 25.080
35.675 35.914 27.074
39.322 29.608 27.180
43.068 26.775 22.577
46.393 25.975 16.321
49.658 28.733 11.150
52.160 34.489 9.106
54.657 41.453 8.656
58.210 45.342 11.985
62.497 46.308 16.601
64.930 45.862 22.768
68.676 41.303 26.594
20.621 3.898 16.512
40.956 9.567 -4.627
34.901 11.141 -2.809
27.889 10.483 -2.549
22.705 6.528 -2.434
20.493 1.953 0.491
17.479 7.372 1.611
12.403 11.316 3.208
8.286 13.479 7.910
5.327 14.013 14.099
7.590 14.674 20.565
12.469 15.532 25.365
18.389 18.631 25.960
24.364 20.712 23.172
27.194 25.481 19.550
26.053 31.563 16.958
8.392 31.517 19.890
10.904 30.393 13.723
15.188 27.823 9.522
20.340 23.057 9.284
24.835 19.097 12.392
24.978 13.876 16.613
22.224 8.906 20.174
17.841 4.344 19.847
12.501 1.017 17.944
37.134 -2.935 7.341
34.545 -6.643 2.737
31.243 -7.374 -2.829
28.457 -4.640 -8.233
28.056 0.436 -12.490
13.966 9.607 -3.830
7.841 11.393 -2.242
0.812 10.709 -2.536
-4.351 6.679 -2.419
-6.751 2.402 0.699
-10.347 7.748 1.753
-15.938 11.089 3.452
-20.017 12.858 8.067
-22.736 13.775 14.361
-20.334 14.739 20.933
-15.327 15.443 25.519
-9.237 18.618 25.776
-3.412 20.857 23.172
-0.734 25.549 19.147
-2.063 31.503 16.860
-19.713 30.885 19.710
-17.550 29.582 13.619
-12.857 27.477 9.174
-7.683 22.978 9.014
-3.258 18.797 12.124
-3.015 13.657 16.445
-5.662 8.876 20.331
-9.976 4.274 20.116
-15.612 1.058 18.314
9.723 -2.768 7.967
7.225 -6.464 3.165
3.952 -7.135 -2.528
1.603 -4.410 -8.062
1.555 0.950 -12.282
-17.795 -3.853 12.708
-19.204 -6.245 12.219
-18.702 -7.757 14.577
36.646 -0.290 -5.479
32.589 4.072 -2.938
26.003 6.813 -3.514
20.539 5.164 -1.469
16.443 1.101 1.805
12.615 5.803 -0.136
9.594 10.956 3.191
6.641 13.349 8.818
4.429 14.420 15.032
7.097 15.018 21.553
12.250 15.051 26.025
18.611 16.835 26.357
24.329 19.150 23.757
27.985 22.719 19.690
27.994 28.724 16.569
9.849 29.495 17.762
12.715 28.454 11.816
17.232 25.075 8.354
21.160 19.265 9.033
24.198 14.562 12.385
23.394 10.058 17.400
19.693 6.188 21.348
14.040 2.754 21.145
8.105 1.574 18.389
30.223 -8.664 8.257
26.913 -11.406 3.648
23.603 -11.110 -2.007
21.982 -8.082 -7.579
20.752 -3.550 -12.189
4.987 -1.963 14.923
3.893 -4.465 13.882
4.105 -6.007 16.217
41.240 9.692 -4.711
35.283 11.238 -2.807
28.323 10.687 -2.633
23.105 6.579 -2.743
20.957 2.089 0.238
18.382 7.403 1.918
12.568 10.951 3.049
8.424 13.071 7.770
5.320 13.767 13.865
7.550 14.642 20.382
12.227 15.412 25.286
18.208 18.604 26.072
24.135 20.736 23.430
27.101 25.520 19.862
26.246 31.412 16.868
8.478 31.911 19.955
10.941 30.830 13.724
15.185 27.858 9.579
20.434 23.186 9.384
24.777 19.211 12.509
25.088 14.033 16.869
22.302 8.956 20.188
18.036 4.373 19.837
12.474 1.009 18.141
37.396 -2.801 7.340
34.750 -6.562 2.824
31.540 -7.215 -2.863
28.737 -4.556 -8.226
28.068 0.509 -12.513
9.306 -3.274 11.484
8.524 -6.062 11.156
8.977 -7.288 13.687
56.847 51.380 249.961
63.476 47.806 250.194
66.453 41.859 248.712
66.670 35.422 244.606
62.890 31.209 241.382
58.367 30.486 236.141
54.020 33.475 231.993
51.557 38.556 228.776
52.949 44.068 225.561
56.649 47.716 221.795
62.175 49.160 218.379
66.604 46.636 214.496
69.266 42.093 210.560
69.327 36.814 206.670
67.087 30.270 204.705
61.854 26.607 204.467
54.958 26.041 205.021
50.011 30.630 203.259
48.214 36.950 200.298
49.275 40.712 195.005
51.659 41.195 188.606
54.259 38.436 183.236
53.594 33.878 178.393
49.442 28.380 175.762
43.849 23.290 176.450
37.852 22.400 178.593
33.118 24.278 183.714
29.622 29.584 184.899
27.760 36.482 182.770
26.579 40.162 177.384
24.356 40.763 171.209
20.180 38.602 166.587
14.955 34.581 164.906
10.534 29.364 166.953
7.878 25.248 171.619
5.564 24.399 177.991
4.576 27.254 184.493
4.371 31.364 188.761
3.652 37.480 191.080
-0.354 43.031 189.238
-5.416 46.157 186.723
-12.711 45.020 186.479
-17.601 40.852 187.520
-20.676 36.809 191.393
-20.464 30.770 194.164
-19.033 27.447 200.729
-14.916 27.270 205.639
-10.621 31.186 210.316
-10.022 36.872 213.443
-11.944 42.938 216.294
-16.762 45.468 219.555
-22.728 44.754 222.572
-27.022 42.104 226.086
-28.807 39.050 230.651
-28.380 32.863 233.381
-23.560 29.099 237.816
-17.986 25.642 237.012
-11.326 26.426 236.538
-6.596 31.106 237.073
-4.346 37.061 238.702
-3.750 41.774 243.655
-4.053 42.835 249.848
-4.049 41.091 256.270
-3.042 36.592 260.954
-0.001 31.024 263.139
3.938 25.871 262.197
7.130 21.342 258.077
11.622 21.619 252.967
15.563 25.388 249.255
19.713 30.504 248.532
24.281 34.247 251.734
28.129 35.300 257.053
31.874 32.393 261.514
35.231 27.219 263.949
37.718 21.248 263.919
40.037 16.077 260.889
39.865 11.542 255.615
39.558 11.696 248.823
40.333 14.832 243.291
43.386 19.802 240.071
48.419 24.575 239.900
54.820 26.036 240.935
60.714 23.125 240.862
64.814 18.183 240.235
66.612 11.801 238.557
65.343 6.752 234.305
61.548 3.950 229.442
56.821 4.009 224.996
52.874 7.750 221.099
52.393 13.803 217.941
55.874 18.418 214.601
60.464 19.285 209.790
63.368 16.970 204.613
64.018 12.784 199.814
63.762 6.651 197.160
60.408 1.826 194.993
54.989 -1.982 194.289
48.633 -2.372 195.475
42.740 -0.179 197.689
38.730 5.257 197.047
38.344 11.165 194.318
38.622 14.608 187.810
39.556 14.588 181.483
38.196 11.603 175.519
34.630 6.891 171.803
30.443 2.029 171.295
25.477 -1.572 173.143
20.565 -3.757 178.013
17.190 -1.755 183.990
14.881 4.066 186.474
12.468 10.420 185.426
10.427 15.193 181.503
6.669 17.039 176.570
0.342 15.437 173.229
-5.274 12.004 172.136
-9.212 6.673 174.541
-10.461 1.745 178.843
-10.785 -0.025 185.879
-8.992 1.076 192.194
-7.060 5.031 196.991
-7.127 11.477 199.787
-11.265 16.659 200.715
-17.206 19.160 201.305
-23.828 18.220 202.433
-28.978 12.965 204.627
-29.763 6.583 206.862
-27.660 2.388 211.658
-22.582 -0.139 216.098
-17.482 1.214 220.753
-13.134 4.618 223.734
-12.304 11.039 227.460
-15.712 15.798 230.141
-20.071 17.940 234.525
-23.805 14.927 239.748
-25.042 10.981 244.135
-23.879 5.665 248.232
-19.616 1.050 249.955
-13.562 -1.998 250.234
-6.257 -0.149 249.956
-1.720 4.158 250.114
0.935 10.726 251.247
0.760 15.907 255.219
-0.761 18.527 261.056
-3.646 18.424 267.376
-4.887 14.214 272.641
1.916 -0.535 264.151
-4.862 -0.027 267.319
-10.339 3.916 267.146
-13.491 9.075 264.688
-13.749 14.830 261.261
-11.359 18.771 256.260
-9.567 17.508 249.043
-6.306 13.784 245.043
-4.823 7.581 242.170
-7.636 2.807 239.796
-12.367 -1.049 237.624
-18.603 -2.290 235.998
-24.842 -0.213 234.754
-28.694 3.900 231.813
-30.332 9.740 228.306
-28.340 14.103 224.429
-23.646 18.080 221.058
-16.974 17.706 219.407
-13.191 12.376 216.185
-12.983 6.189 213.700
-16.148 1.610 209.636
-21.116 0.218 205.377
-24.268 2.146 199.674
-24.867 6.119 194.240
-22.175 11.767 189.759
-17.086 16.242 187.819
-10.020 18.952 188.532
-4.347 16.542 190.657
-0.690 10.233 192.058
0.359 4.099 190.029
-0.041 -0.343 184.985
-0.157 -1.962 178.695
2.081 -0.650 172.508
6.284 3.472 168.563
10.364 8.741 167.502
15.302 12.860 170.084
19.232 14.399 175.911
21.932 13.484 181.160
23.441 10.237 186.769
26.401 4.724 188.664
28.774 -1.185 187.349
32.642 -4.634 183.159
38.435 -3.635 180.197
44.657 0.727 179.339
48.635 5.109 181.476
49.925 11.311 183.595
49.549 14.616 188.863
46.689 15.479 195.673
45.948 12.009 201.293
46.065 6.057 205.336
49.239 0.636 207.131
55.645 -1.628 208.222
61.719 -0.769 209.523
66.945 1.992 211.169
69.818 6.714 214.493
70.359 12.535 217.895
67.867 17.958 220.350
62.624 21.001 222.962
56.092 20.316 223.703
51.730 16.288 227.749
50.260 10.125 230.756
52.090 6.323 235.478
54.533 5.824 241.585
56.651 8.785 247.032
57.145 13.658 251.396
54.211 18.813 253.989
50.833 24.812 253.559
45.989 28.485 250.459
39.978 27.601 247.707
35.058 23.544 245.487
31.224 18.087 246.965
28.553 14.674 252.136
26.441 14.952 258.342
24.333 18.326 263.609
22.106 23.669 266.502
18.759 29.120 266.282
16.674 35.259 263.941
14.568 38.702 258.405
12.154 37.780 252.593
10.151 33.718 247.678
5.785 28.286 246.567
1.485 23.524 248.874
-4.298 23.370 252.017
-9.857 26.028 253.464
-14.328 31.150 254.272
-16.441 36.978 252.081
-17.030 41.431 247.102
-15.937 43.146 240.905
-12.231 42.526 235.314
-9.871 38.040 230.648
-10.713 31.398 228.862
-15.235 26.767 227.374
-20.454 25.268 224.814
-25.365 26.599 220.787
-28.448 31.589 215.998
-28.780 36.558 212.570
-27.036 41.685 208.946
-21.602 44.722 205.836
-15.422 45.434 205.038
-9.165 42.898 204.391
-6.059 37.283 203.430
-5.954 30.565 200.453
-8.931 27.079 195.911
-11.399 26.597 189.570
-12.088 29.026 183.063
-11.056 33.197 178.386
-7.231 38.021 176.092
-1.026 41.424 175.307
4.980 44.277 177.981
9.564 42.099 182.443
13.138 36.773 184.640
15.053 30.387 183.986
15.162 24.602 180.597
17.054 22.373 173.921
21.045 22.406 168.862
26.514 25.697 165.973
30.430 31.027 165.186
34.256 36.204 168.604
35.722 39.569 174.154
37.606 39.610 181.242
36.139 36.000 187.114
38.035 30.304 189.942
42.432 25.591 190.288
47.801 21.899 188.806
54.741 23.208 187.493
60.010 28.600 186.399
61.581 34.780 187.897
60.449 40.592 192.131
57.764 42.787 198.187
55.133 42.989 203.557
52.200 39.550 209.544
53.381 34.088 213.050
56.927 28.658 214.930
63.475 28.722 217.801
68.036 31.143 220.943
71.136 36.312 224.806
70.811 41.875 228.319
66.904 47.128 231.095
60.751 50.370 232.381
54.906 48.430 234.971
50.127 43.265 236.547
49.211 37.795 239.878
50.757 33.561 244.366
54.268 31.582 249.969
58.183 33.488 255.115
37.308 -0.262 -0.131
32.931 5.287 0.455
26.529 6.963 0.698
20.211 5.569 1.053
16.369 0.852 4.175
12.594 6.344 1.703
9.763 11.065 5.190
6.550 13.350 10.891
4.250 14.141 17.047
6.770 14.800 23.405
12.088 15.938 27.210
18.680 17.547 26.998
24.374 18.960 24.555
28.917 21.687 20.198
28.826 27.363 16.237
10.706 27.602 16.365
13.447 25.501 10.908
18.876 22.257 7.928
22.019 16.532 9.437
23.348 11.621 13.873
23.287 8.856 19.862
18.905 5.182 23.084
13.176 2.145 22.976
7.406 0.869 20.057
29.381 -9.590 9.647
26.045 -11.637 4.585
22.971 -10.686 -1.038
21.736 -6.404 -6.176
20.243 -1.171 -8.546
3.931 -2.283 16.245
2.806 -4.627 15.171
2.882 -6.235 17.394
