5.496 -9.852 33.420
0.151 -8.533 36.628
-6.173 -7.322 37.250
-12.487 -7.828 34.969
-16.942 -7.503 29.830
-17.802 -10.312 23.923
-16.882 -14.780 19.251
-15.236 -20.739 17.511
-12.435 -26.619 17.327
-32.833 -23.502 41.831
-27.523 -23.658 38.293
-22.833 -23.155 34.456
-17.305 -26.191 36.823
-10.892 -27.408 35.378
-5.482 -26.377 31.832
-2.486 -22.812 27.113
-1.857 -18.470 22.467
-3.496 -13.337 18.878
-5.999 -7.446 18.196
-8.351 -1.746 20.439
-8.862 2.692 24.913
5.781 -59.873 52.834
1.371 -61.146 48.117
-4.285 -63.103 45.648
-11.049 -63.203 45.920
-16.870 -64.184 49.213
-19.980 -61.710 54.565
-21.250 -57.338 59.174
-20.846 -51.333 61.557
-19.191 -45.169 62.253
-29.677 -50.225 32.527
-25.832 -49.279 37.620
-22.708 -49.304 42.908
-17.210 -45.603 42.275
-11.644 -43.626 45.800
-7.644 -44.262 50.963
-5.868 -47.514 56.481
-6.308 -51.719 61.203
-8.301 -57.323 63.962
-10.372 -63.375 63.819
-11.118 -69.216 60.955
-9.682 -73.486 56.199
-19.113 -31.776 19.902
-19.829 -34.506 19.135
-20.418 -34.291 16.279
-24.777 -40.678 57.778
-26.020 -38.008 57.936
-27.524 -38.460 60.402
