-7.437 -0.354 93.224
-13.865 3.116 93.987
-16.584 7.522 91.010
-17.581 14.059 87.446
-15.478 17.255 82.222
-12.964 16.330 75.860
-8.936 12.967 71.520
-7.261 7.211 68.725
-9.415 1.563 66.760
-13.803 -1.800 63.651
-20.207 -4.152 62.322
-25.759 -2.112 60.148
-28.933 2.365 56.301
-29.825 5.758 50.851
-27.881 12.256 48.088
-23.304 15.341 45.246
-16.444 15.447 44.482
-12.195 10.880 42.233
-11.073 3.812 39.970
-13.661 -0.633 35.861
-17.676 -1.859 30.263
-21.499 -0.077 25.076
-20.936 3.779 19.523
-18.276 7.977 15.315
-12.887 12.477 14.346
-6.838 14.284 14.395
-0.556 13.139 17.368
2.837 7.900 19.241
4.438 0.578 17.930
4.683 -3.878 12.942
5.196 -6.046 7.288
9.217 -4.572 1.957
12.746 -0.712 -2.248
17.135 5.158 -2.494
21.134 9.751 0.281
24.100 12.121 6.148
25.842 10.934 11.833
27.249 7.707 17.336
28.031 1.360 20.014
32.605 -3.171 19.740
37.741 -6.335 16.817
44.808 -5.776 14.188
49.918 -2.266 13.661
53.545 2.989 15.304
54.153 8.864 17.246
54.064 13.617 22.912
50.046 14.315 28.267
48.318 11.180 34.463
48.198 6.089 38.406
51.541 0.290 41.068
57.065 -2.119 42.934
63.332 -1.133 44.677
68.367 2.779 46.544
70.338 6.335 50.592
70.614 13.064 51.825
67.340 18.076 56.390
62.174 21.547 56.676
55.838 20.567 58.043
50.988 16.545 60.502
49.510 10.874 64.032
50.469 6.771 69.140
52.302 7.313 75.749
53.284 10.397 81.572
53.944 15.634 85.160
50.674 21.289 87.041
46.648 26.144 86.024
42.517 29.785 81.943
36.776 28.635 79.069
32.135 24.433 76.777
28.664 18.628 77.804
24.860 16.282 83.069
22.660 15.998 89.345
20.026 19.248 94.250
16.829 24.606 96.314
13.872 30.594 95.184
10.313 35.182 92.139
9.290 39.048 86.296
6.823 37.482 80.897
6.786 32.997 75.799
2.429 27.790 74.359
-1.955 22.804 76.213
-7.944 21.893 79.017
-13.765 24.827 79.815
-18.185 29.581 79.323
-20.697 35.422 77.143
-20.958 39.208 71.727
-19.706 40.528 65.517
-14.312 40.248 61.043
-12.362 36.167 56.240
-11.855 29.364 54.558
-16.414 24.575 53.115
-21.477 22.951 49.698
-26.291 24.029 45.505
-28.114 27.854 40.273
-28.254 32.238 35.821
-25.531 37.442 32.518
-20.750 41.402 30.088
-14.383 41.820 28.846
-8.110 40.058 30.727
-4.805 34.753 29.340
-4.616 27.417 28.199
-6.011 23.988 22.673
-8.229 22.224 16.943
-8.275 24.404 10.554
-5.962 28.664 5.604
-2.862 33.663 3.072
2.251 36.411 2.351
8.497 39.725 4.846
12.900 38.853 10.178
16.109 33.810 12.741
18.831 27.627 12.439
19.447 21.885 9.011
22.405 19.822 3.466
26.787 20.739 -1.734
31.732 23.550 -4.594
35.880 28.736 -3.453
38.906 33.926 -1.014
40.756 36.871 5.068
40.791 37.078 11.631
39.600 34.129 17.529
41.054 28.583 21.188
45.125 23.123 22.299
50.983 20.676 21.370
57.561 21.961 21.678
62.900 27.388 20.792
63.967 33.841 21.796
63.874 38.857 25.869
59.148 41.681 30.618
56.556 41.499 36.442
51.995 39.120 41.300
53.604 34.982 46.824
57.044 29.336 49.011
62.000 28.794 52.899
67.380 32.125 55.717
69.927 36.629 58.730
69.999 42.621 61.756
66.362 47.218 64.860
60.973 50.249 66.337
53.733 49.459 68.462
49.131 44.707 69.205
46.707 39.222 71.815
47.683 34.675 76.717
50.158 33.423 82.698
54.227 33.953 88.151
55.487 51.303 84.688
60.745 47.325 84.797
63.218 41.765 81.589
63.317 35.907 78.669
60.154 31.050 74.929
56.061 31.198 69.123
51.427 34.743 65.739
50.474 40.525 61.354
52.454 44.891 57.882
57.323 49.121 54.275
62.442 49.405 50.766
67.439 45.682 47.828
69.999 40.611 45.388
70.871 35.007 41.943
67.470 29.284 39.799
61.983 25.494 38.725
54.919 25.597 38.744
50.983 30.038 35.416
50.021 35.614 31.799
52.205 39.375 26.597
55.804 39.845 21.213
57.679 36.305 15.611
56.939 32.132 10.701
53.459 26.730 8.647
47.826 21.845 7.691
41.241 19.990 10.409
35.860 22.113 14.015
32.875 28.898 15.212
31.079 34.399 12.437
30.578 38.319 6.869
28.733 37.759 0.643
24.832 36.073 -4.571
20.526 30.782 -6.012
15.650 26.838 -5.365
13.234 22.861 -0.560
10.617 21.622 6.289
8.632 23.832 11.301
8.704 28.323 16.530
6.033 33.858 18.280
2.989 39.672 16.496
-2.796 41.229 13.706
-8.681 40.150 11.907
-14.121 36.015 13.333
-17.412 31.889 16.641
-17.694 26.249 20.522
-16.688 24.773 26.079
-11.895 24.543 31.912
-9.940 29.175 36.437
-9.427 35.318 39.198
-12.630 40.972 41.108
-18.526 42.547 43.283
-24.048 41.906 46.161
-28.605 39.499 49.528
-30.008 35.801 54.327
-29.401 30.476 58.327
-25.796 26.465 61.693
-20.064 23.658 63.287
-13.352 24.325 61.890
-9.097 29.241 63.252
-7.281 35.928 64.599
-8.082 40.526 69.067
-8.216 41.485 75.834
-8.946 39.970 82.020
-8.814 35.589 87.059
-5.138 30.892 89.554
-0.883 25.687 89.592
2.728 20.995 85.815
7.811 21.540 81.895
11.931 25.151 78.138
15.815 30.863 77.534
19.333 35.160 81.113
22.804 36.205 86.680
26.069 33.663 91.884
29.575 28.678 94.716
33.000 23.145 94.866
35.659 17.531 92.681
35.871 12.979 87.609
37.270 12.694 81.402
36.838 16.056 75.365
41.087 20.736 72.362
45.765 25.746 72.505
52.090 26.842 74.132
57.810 23.940 74.274
62.889 19.608 75.227
64.095 13.119 73.696
63.832 8.362 69.346
60.967 5.337 64.469
55.814 4.643 59.920
52.796 8.243 54.928
52.547 14.424 51.743
57.167 18.261 48.552
61.582 18.755 44.742
64.564 16.813 39.603
67.293 12.103 35.175
67.386 6.073 32.865
63.588 1.377 30.200
58.469 -2.511 29.878
51.869 -3.146 29.904
45.490 -0.435 31.466
42.458 4.173 29.374
41.879 11.152 26.761
42.160 13.196 20.535
43.492 12.675 14.110
43.560 8.338 8.540
40.861 4.118 4.922
36.992 -1.502 4.949
30.977 -3.730 4.972
26.017 -6.476 9.164
22.485 -4.074 14.571
19.540 1.390 16.283
16.722 7.445 14.654
15.628 12.695 10.369
11.504 12.851 5.005
6.718 12.158 0.923
1.727 7.502 -0.311
-2.632 2.972 1.437
-5.334 -2.076 6.038
-5.410 -3.643 12.682
-4.422 -2.195 19.414
-2.015 2.305 24.144
-4.103 8.475 26.475
-8.288 13.779 26.493
-14.169 16.694 25.762
-20.723 15.010 26.774
-25.892 9.445 27.915
-26.752 3.602 30.588
-24.476 -0.302 35.747
-20.654 -1.685 41.146
-17.123 -0.508 45.989
-12.389 3.519 50.162
-13.220 9.087 53.353
-16.232 15.039 54.679
-20.838 16.092 59.489
-25.214 13.988 64.046
-27.072 9.708 68.730
-25.837 5.032 73.213
-21.225 -0.577 75.554
-15.422 -2.995 75.891
-9.319 -1.135 76.861
-4.515 3.714 76.753
-2.468 9.669 78.206
-2.899 15.020 82.414
-4.481 17.310 88.462
-7.860 17.888 94.323
56.847 51.380 249.961
63.476 47.806 250.194
66.453 41.859 248.712
66.670 35.422 244.606
62.890 31.209 241.382
58.367 30.486 236.141
54.020 33.475 231.993
51.557 38.556 228.776
52.949 44.068 225.561
56.649 47.716 221.795
62.175 49.160 218.379
66.604 46.636 214.496
69.266 42.093 210.560
69.327 36.814 206.670
67.087 30.270 204.705
61.854 26.607 204.467
54.958 26.041 205.021
50.011 30.630 203.259
48.214 36.950 200.298
49.275 40.712 195.005
51.659 41.195 188.606
54.259 38.436 183.236
53.594 33.878 178.393
49.442 28.380 175.762
43.849 23.290 176.450
37.852 22.400 178.593
33.118 24.278 183.714
29.622 29.584 184.899
27.760 36.482 182.770
26.579 40.162 177.384
24.356 40.763 171.209
20.180 38.602 166.587
14.955 34.581 164.906
10.534 29.364 166.953
7.878 25.248 171.619
5.564 24.399 177.991
4.576 27.254 184.493
4.371 31.364 188.761
3.652 37.480 191.080
-0.354 43.031 189.238
-5.416 46.157 186.723
-12.711 45.020 186.479
-17.601 40.852 187.520
-20.676 36.809 191.393
-20.464 30.770 194.164
-19.033 27.447 200.729
-14.916 27.270 205.639
-10.621 31.186 210.316
-10.022 36.872 213.443
-11.944 42.938 216.294
-16.762 45.468 219.555
-22.728 44.754 222.572
-27.022 42.104 226.086
-28.807 39.050 230.651
-28.380 32.863 233.381
-23.560 29.099 237.816
-17.986 25.642 237.012
-11.326 26.426 236.538
-6.596 31.106 237.073
-4.346 37.061 238.702
-3.750 41.774 243.655
-4.053 42.835 249.848
-4.049 41.091 256.270
-3.042 36.592 260.954
-0.001 31.024 263.139
3.938 25.871 262.197
7.130 21.342 258.077
11.622 21.619 252.967
15.563 25.388 249.255
19.713 30.504 248.532
24.281 34.247 251.734
28.129 35.300 257.053
31.874 32.393 261.514
35.231 27.219 263.949
37.718 21.248 263.919
40.037 16.077 260.889
39.865 11.542 255.615
39.558 11.696 248.823
40.333 14.832 243.291
43.386 19.802 240.071
48.419 24.575 239.900
54.820 26.036 240.935
60.714 23.125 240.862
64.814 18.183 240.235
66.612 11.801 238.557
65.343 6.752 234.305
61.548 3.950 229.442
56.821 4.009 224.996
52.874 7.750 221.099
52.393 13.803 217.941
55.874 18.418 214.601
60.464 19.285 209.790
63.368 16.970 204.613
64.018 12.784 199.814
63.762 6.651 197.160
60.408 1.826 194.993
54.989 -1.982 194.289
48.633 -2.372 195.475
42.740 -0.179 197.689
38.730 5.257 197.047
38.344 11.165 194.318
38.622 14.608 187.810
39.556 14.588 181.483
38.196 11.603 175.519
34.630 6.891 171.803
30.443 2.029 171.295
25.477 -1.572 173.143
20.565 -3.757 178.013
17.190 -1.755 183.990
14.881 4.066 186.474
12.468 10.420 185.426
10.427 15.193 181.503
6.669 17.039 176.570
0.342 15.437 173.229
-5.274 12.004 172.136
-9.212 6.673 174.541
-10.461 1.745 178.843
-10.785 -0.025 185.879
-8.992 1.076 192.194
-7.060 5.031 196.991
-7.127 11.477 199.787
-11.265 16.659 200.715
-17.206 19.160 201.305
-23.828 18.220 202.433
-28.978 12.965 204.627
-29.763 6.583 206.862
-27.660 2.388 211.658
-22.582 -0.139 216.098
-17.482 1.214 220.753
-13.134 4.618 223.734
-12.304 11.039 227.460
-15.712 15.798 230.141
-20.071 17.940 234.525
-23.805 14.927 239.748
-25.042 10.981 244.135
-23.879 5.665 248.232
-19.616 1.050 249.955
-13.562 -1.998 250.234
-6.257 -0.149 249.956
-1.720 4.158 250.114
0.935 10.726 251.247
0.760 15.907 255.219
-0.761 18.527 261.056
-3.646 18.424 267.376
-4.887 14.214 272.641
1.916 -0.535 264.151
-4.862 -0.027 267.319
-10.339 3.916 267.146
-13.491 9.075 264.688
-13.749 14.830 261.261
-11.359 18.771 256.260
-9.567 17.508 249.043
-6.306 13.784 245.043
-4.823 7.581 242.170
-7.636 2.807 239.796
-12.367 -1.049 237.624
-18.603 -2.290 235.998
-24.842 -0.213 234.754
-28.694 3.900 231.813
-30.332 9.740 228.306
-28.340 14.103 224.429
-23.646 18.080 221.058
-16.974 17.706 219.407
-13.191 12.376 216.185
-12.983 6.189 213.700
-16.148 1.610 209.636
-21.116 0.218 205.377
-24.268 2.146 199.674
-24.867 6.119 194.240
-22.175 11.767 189.759
-17.086 16.242 187.819
-10.020 18.952 188.532
-4.347 16.542 190.657
-0.690 10.233 192.058
0.359 4.099 190.029
-0.041 -0.343 184.985
-0.157 -1.962 178.695
2.081 -0.650 172.508
6.284 3.472 168.563
10.364 8.741 167.502
15.302 12.860 170.084
19.232 14.399 175.911
21.932 13.484 181.160
23.441 10.237 186.769
26.401 4.724 188.664
28.774 -1.185 187.349
32.642 -4.634 183.159
38.435 -3.635 180.197
44.657 0.727 179.339
48.635 5.109 181.476
49.925 11.311 183.595
49.549 14.616 188.863
46.689 15.479 195.673
45.948 12.009 201.293
46.065 6.057 205.336
49.239 0.636 207.131
55.645 -1.628 208.222
61.719 -0.769 209.523
66.945 1.992 211.169
69.818 6.714 214.493
70.359 12.535 217.895
67.867 17.958 220.350
62.624 21.001 222.962
56.092 20.316 223.703
51.730 16.288 227.749
50.260 10.125 230.756
52.090 6.323 235.478
54.533 5.824 241.585
56.651 8.785 247.032
57.145 13.658 251.396
54.211 18.813 253.989
50.833 24.812 253.559
45.989 28.485 250.459
39.978 27.601 247.707
35.058 23.544 245.487
31.224 18.087 246.965
28.553 14.674 252.136
26.441 14.952 258.342
24.333 18.326 263.609
22.106 23.669 266.502
18.759 29.120 266.282
16.674 35.259 263.941
14.568 38.702 258.405
12.154 37.780 252.593
10.151 33.718 247.678
5.785 28.286 246.567
1.485 23.524 248.874
-4.298 23.370 252.017
-9.857 26.028 253.464
-14.328 31.150 254.272
-16.441 36.978 252.081
-17.030 41.431 247.102
-15.937 43.146 240.905
-12.231 42.526 235.314
-9.871 38.040 230.648
-10.713 31.398 228.862
-15.235 26.767 227.374
-20.454 25.268 224.814
-25.365 26.599 220.787
-28.448 31.589 215.998
-28.780 36.558 212.570
-27.036 41.685 208.946
-21.602 44.722 205.836
-15.422 45.434 205.038
-9.165 42.898 204.391
-6.059 37.283 203.430
-5.954 30.565 200.453
-8.931 27.079 195.911
-11.399 26.597 189.570
-12.088 29.026 183.063
-11.056 33.197 178.386
-7.231 38.021 176.092
-1.026 41.424 175.307
4.980 44.277 177.981
9.564 42.099 182.443
13.138 36.773 184.640
15.053 30.387 183.986
15.162 24.602 180.597
17.054 22.373 173.921
21.045 22.406 168.862
26.514 25.697 165.973
30.430 31.027 165.186
34.256 36.204 168.604
35.722 39.569 174.154
37.606 39.610 181.242
36.139 36.000 187.114
38.035 30.304 189.942
42.432 25.591 190.288
47.801 21.899 188.806
54.741 23.208 187.493
60.010 28.600 186.399
61.581 34.780 187.897
60.449 40.592 192.131
57.764 42.787 198.187
55.133 42.989 203.557
52.200 39.550 209.544
53.381 34.088 213.050
56.927 28.658 214.930
63.475 28.722 217.801
68.036 31.143 220.943
71.136 36.312 224.806
70.811 41.875 228.319
66.904 47.128 231.095
60.751 50.370 232.381
54.906 48.430 234.971
50.127 43.265 236.547
49.211 37.795 239.878
50.757 33.561 244.366
54.268 31.582 249.969
58.183 33.488 255.115
21.336 -16.394 40.760
24.922 -17.743 46.329
27.639 -18.672 51.589
19.545 -9.866 91.823
21.955 -6.875 86.248
23.374 -4.173 80.692
56.144 -26.163 81.043
52.675 -24.627 75.585
50.108 -23.107 70.854
57.522 3.388 38.362
55.323 3.417 44.810
53.984 3.337 50.664
