3.254 -0.173 -92.306
8.900 3.338 -93.500
12.455 7.708 -90.884
13.436 14.165 -87.810
11.739 17.722 -82.307
9.867 17.347 -75.992
6.532 13.776 -70.971
5.817 7.980 -67.891
7.744 1.678 -66.234
12.759 -1.352 -63.828
19.283 -2.796 -62.757
25.433 -0.396 -62.385
29.208 4.418 -59.168
30.424 9.545 -55.934
28.648 14.311 -50.520
24.170 16.786 -46.513
18.078 16.209 -43.481
12.872 11.579 -42.242
12.520 5.328 -39.646
15.821 0.445 -36.034
20.390 -1.118 -31.447
23.556 0.022 -25.736
24.627 3.060 -20.478
23.871 8.498 -16.401
20.467 13.743 -14.442
15.459 15.169 -11.940
9.286 17.592 -13.625
3.906 15.831 -16.463
0.319 9.588 -17.804
-0.886 3.245 -15.788
-0.589 -1.614 -11.016
-0.639 -3.110 -4.746
-3.573 -1.745 1.189
-7.476 1.783 5.447
-11.639 7.508 6.001
-15.726 11.664 3.159
-19.588 13.913 -2.045
-23.051 12.841 -7.187
-23.895 9.326 -13.107
-27.074 3.774 -14.920
-29.627 -2.454 -13.319
-34.620 -4.875 -10.360
-40.501 -4.219 -6.724
-45.398 -0.092 -5.193
-49.122 5.354 -6.753
-50.236 11.185 -9.994
-50.137 14.382 -15.314
-47.365 15.621 -22.202
-46.317 11.829 -27.719
-46.973 6.174 -31.420
-51.137 0.957 -33.089
-57.222 -1.257 -34.101
-63.380 0.009 -35.825
-68.362 4.306 -37.875
-69.822 10.165 -41.315
-67.966 16.136 -44.628
-63.475 20.100 -48.043
-57.516 20.433 -51.251
-52.519 15.929 -53.592
-50.958 10.156 -57.014
-52.535 6.267 -62.366
-55.218 5.752 -68.206
-57.026 8.789 -73.964
-57.580 13.905 -78.146
-55.165 19.766 -80.608
-51.085 24.846 -80.129
-46.120 28.531 -77.242
-40.366 27.775 -74.425
-35.420 23.599 -72.140
-31.356 18.640 -73.816
-28.360 14.951 -78.935
-26.692 14.817 -85.261
-24.727 18.291 -90.444
-22.356 23.845 -93.206
-19.569 29.792 -93.194
-16.179 34.836 -90.530
-13.806 38.512 -85.176
-11.506 37.433 -79.218
-10.116 33.063 -74.150
-5.643 27.996 -72.978
-1.401 23.097 -75.391
4.514 22.655 -78.383
10.282 25.182 -80.047
14.494 30.210 -80.165
16.751 36.545 -78.453
17.351 40.389 -73.222
16.624 41.884 -66.979
12.225 41.249 -61.820
10.398 37.007 -56.796
10.925 30.498 -54.635
15.398 25.703 -53.480
21.094 24.154 -51.095
25.554 25.287 -46.388
28.927 28.801 -42.259
29.492 33.401 -37.792
27.164 39.315 -34.671
22.333 42.980 -31.874
16.121 43.307 -29.761
9.571 41.448 -30.814
6.234 36.046 -28.750
6.651 29.281 -27.207
8.399 25.834 -21.795
11.382 24.695 -15.869
12.219 26.906 -9.667
10.774 30.902 -4.589
7.406 36.221 -2.087
1.583 39.252 -1.411
-4.117 42.034 -3.739
-9.357 41.082 -8.480
-13.122 35.745 -10.252
-15.396 29.352 -9.562
-15.486 23.598 -5.598
-17.831 21.553 -0.195
-22.682 22.023 4.792
-26.685 25.979 8.677
-30.930 30.963 8.274
-33.876 36.398 5.252
-36.229 39.219 -0.515
-37.334 39.095 -6.884
-37.120 35.930 -12.715
-38.493 29.884 -16.057
-42.723 24.571 -16.278
-48.280 21.498 -14.620
-54.377 21.535 -13.275
-60.431 24.418 -12.602
-63.468 30.090 -14.070
-63.742 36.122 -16.453
-62.398 40.579 -20.810
-60.241 43.194 -26.315
-55.664 43.326 -31.114
-52.340 39.527 -35.678
-53.403 34.200 -39.886
-57.717 29.191 -42.234
-63.454 29.429 -45.439
-68.706 31.910 -48.448
-71.171 36.253 -52.149
-71.922 42.764 -54.805
-68.172 47.181 -57.978
-62.519 49.660 -60.603
-55.894 48.353 -62.002
-50.967 44.087 -63.820
-49.548 38.250 -66.591
-50.892 33.686 -71.229
-53.900 31.948 -77.077
-58.373 32.448 -82.021
-58.841 49.430 -77.477
-65.112 46.510 -77.436
-66.946 40.440 -74.892
-66.562 34.357 -71.467
-63.042 30.353 -67.486
-58.909 30.570 -62.367
-53.879 33.937 -58.865
-52.312 38.980 -55.504
-54.323 45.171 -52.169
-58.347 48.564 -48.675
-63.623 49.605 -44.821
-68.209 46.732 -41.110
-71.161 41.241 -38.152
-71.399 35.720 -35.616
-67.944 29.888 -32.551
-62.601 26.811 -30.857
-55.871 26.679 -29.997
-50.370 31.239 -29.613
-48.832 37.132 -26.434
-50.537 41.165 -21.309
-52.654 41.673 -15.192
-53.670 39.545 -9.076
-53.366 35.784 -4.345
-51.955 30.033 -1.400
-47.117 24.799 -0.928
-41.633 22.877 -1.170
-36.733 20.694 -5.411
-32.683 23.278 -9.656
-29.941 29.927 -10.977
-28.074 35.982 -8.547
-26.378 39.667 -3.143
-24.429 40.246 3.022
-19.585 38.213 7.151
-14.681 34.123 9.010
-10.739 28.498 7.586
-7.711 25.208 2.958
-5.704 23.982 -3.471
-4.521 25.700 -9.435
-5.631 30.064 -14.918
-3.078 35.858 -16.587
0.056 41.686 -15.031
5.940 43.515 -12.450
12.867 42.787 -12.781
17.948 39.125 -14.331
20.713 33.620 -17.356
20.153 28.186 -21.340
18.466 26.383 -27.229
13.522 25.992 -32.209
10.696 30.150 -36.563
9.936 36.187 -39.412
13.328 41.475 -41.517
18.377 43.743 -44.548
23.455 43.390 -48.200
27.982 41.099 -52.062
28.858 37.140 -57.015
27.933 31.790 -60.886
23.969 27.274 -63.543
18.090 24.657 -64.319
11.579 25.142 -62.145
6.685 30.329 -63.184
4.632 36.460 -65.040
4.464 40.960 -69.616
4.108 42.090 -76.137
4.261 40.412 -82.505
3.631 35.848 -87.384
0.274 30.706 -89.518
-3.629 25.138 -88.665
-7.112 21.374 -84.815
-11.595 21.150 -79.770
-15.508 24.783 -75.632
-19.664 30.332 -74.938
-23.715 34.353 -78.442
-27.560 35.141 -83.591
-31.691 32.136 -87.782
-34.691 27.099 -90.814
-37.667 21.421 -90.381
-39.799 15.447 -87.786
-40.117 11.976 -82.375
-40.200 11.605 -75.731
-39.996 14.985 -70.285
-43.933 20.256 -66.459
-48.639 25.072 -66.875
-55.104 25.893 -67.751
-60.862 23.305 -67.271
-65.518 18.248 -66.789
-66.661 11.955 -65.149
-65.768 6.931 -60.414
-62.254 4.284 -55.958
-56.994 3.845 -51.651
-52.989 7.955 -47.597
-53.111 14.186 -44.459
-56.837 18.192 -40.629
-61.513 18.118 -35.508
-64.299 14.653 -29.612
-64.603 9.690 -24.903
-62.311 3.379 -22.117
-56.859 -1.528 -22.072
-49.751 -2.276 -21.685
-43.786 -0.149 -24.390
-39.922 5.368 -22.781
-39.468 11.811 -20.347
-39.004 14.047 -14.182
-39.230 13.990 -7.654
-38.608 10.855 -2.006
-34.948 6.602 1.392
-31.239 0.841 2.144
-25.890 -2.340 0.237
-21.505 -4.666 -4.314
-18.166 -2.464 -10.182
-15.643 3.264 -12.382
-12.694 9.208 -11.593
-11.296 14.570 -7.319
-7.140 15.716 -2.839
-1.215 14.515 0.376
3.862 10.195 2.070
8.041 5.696 -0.516
9.480 0.782 -5.136
9.399 -0.984 -11.612
8.377 0.008 -17.913
6.023 3.965 -22.812
6.772 10.373 -25.610
10.758 15.736 -26.363
16.780 18.644 -26.192
22.687 18.145 -27.119
28.382 15.353 -29.172
30.984 9.840 -31.827
30.175 4.695 -35.525
27.438 1.257 -40.087
23.345 -0.622 -44.851
17.333 0.118 -47.598
12.834 4.655 -49.776
12.861 10.579 -52.852
15.909 15.860 -56.129
20.226 16.910 -60.833
23.927 15.071 -65.857
24.685 11.483 -70.869
23.968 5.465 -74.546
19.635 0.974 -76.626
13.555 -1.867 -77.042
6.972 -0.447 -76.096
1.516 3.792 -76.219
-0.710 9.811 -77.896
-0.703 15.156 -81.705
0.616 18.067 -87.734
3.494 17.736 -93.824
7.316 0.572 -92.724
13.245 3.975 -93.268
16.257 8.875 -90.775
17.047 14.361 -86.937
15.018 18.106 -81.743
12.697 17.176 -75.591
8.460 13.374 -71.485
7.927 7.607 -68.476
9.863 1.779 -66.502
14.735 -1.486 -63.884
21.287 -2.967 -62.936
26.880 -0.327 -60.731
30.571 4.610 -57.578
31.424 9.471 -54.378
28.958 14.260 -49.449
24.149 16.463 -45.861
18.305 15.850 -42.991
12.776 11.537 -42.131
12.295 4.982 -39.865
15.436 0.228 -36.299
19.633 -1.253 -31.376
21.931 -0.167 -25.243
23.024 2.651 -20.018
21.330 7.820 -15.652
17.895 12.743 -13.807
12.496 14.568 -12.173
6.459 16.918 -14.104
1.210 15.079 -17.224
-2.098 8.841 -19.180
-3.273 2.428 -17.413
-3.358 -2.372 -12.788
-4.507 -4.133 -6.580
-7.468 -2.853 -0.824
-11.843 0.536 2.980
-16.088 6.140 3.598
-20.329 10.083 0.700
-23.574 12.271 -4.894
-26.019 11.610 -10.716
-26.251 8.567 -16.861
-29.398 3.373 -19.044
-32.182 -3.031 -18.294
-37.194 -5.784 -15.607
-43.619 -5.525 -13.366
-48.964 -1.753 -12.521
-52.356 4.136 -13.606
-52.660 10.362 -16.224
-52.529 13.803 -21.418
-49.187 14.735 -27.802
-47.560 11.681 -33.347
-47.624 6.064 -37.282
-51.573 1.171 -39.742
-57.500 -1.291 -41.153
-63.412 -0.064 -43.389
-68.238 4.259 -45.336
-69.468 10.088 -48.854
-66.927 16.404 -50.758
-61.957 20.121 -53.411
-56.315 20.289 -56.886
-50.937 16.298 -58.923
-49.516 10.794 -62.835
-50.849 6.560 -67.953
-52.339 6.604 -73.910
-53.593 9.515 -79.895
-54.210 14.775 -83.769
-51.571 20.728 -85.731
-47.361 25.639 -85.038
-43.176 29.478 -81.004
-37.551 28.403 -78.376
-32.633 24.339 -75.659
-28.464 19.382 -77.265
-24.993 16.231 -82.185
-23.148 15.810 -88.425
-20.451 19.344 -93.320
-17.900 24.822 -95.616
-15.181 30.925 -95.065
-11.980 35.580 -91.942
-9.817 39.176 -86.354
-7.969 38.031 -80.463
-7.431 33.410 -75.219
-2.938 28.374 -73.856
1.452 23.458 -75.770
7.549 22.807 -78.608
13.315 25.785 -80.041
17.528 30.580 -79.160
20.001 36.650 -77.136
20.438 40.343 -71.819
18.858 41.750 -65.736
14.079 41.229 -60.918
11.893 37.148 -56.085
11.759 30.466 -54.299
16.142 25.743 -52.633
21.555 24.124 -49.608
25.922 25.285 -44.737
28.885 28.974 -40.200
29.082 33.871 -36.104
26.170 39.447 -33.060
21.180 42.605 -30.793
14.694 43.058 -29.063
8.396 41.249 -30.807
4.929 35.692 -29.083
5.116 28.955 -27.466
6.909 25.327 -22.257
9.241 24.048 -16.127
9.294 26.059 -9.807
7.089 29.848 -4.761
3.739 35.123 -2.256
-2.043 38.159 -1.920
-7.584 40.791 -4.675
-12.237 40.084 -10.139
-15.949 34.709 -12.249
-18.022 28.518 -11.982
-18.435 22.597 -7.970
-21.636 20.468 -2.971
-26.541 21.244 1.606
-30.664 24.993 5.408
-35.141 29.867 4.563
-37.706 35.318 1.328
-39.684 37.650 -4.696
-39.843 37.609 -11.150
-39.520 34.861 -16.839
-40.700 28.982 -20.570
-44.946 23.626 -21.144
-50.606 20.714 -19.584
-56.772 21.155 -18.701
-62.550 24.059 -18.780
-65.779 29.608 -20.710
-66.097 35.527 -23.100
-64.305 39.951 -27.153
-61.436 42.752 -32.558
-56.084 42.875 -36.333
-52.470 39.191 -40.640
-53.421 34.206 -44.896
-57.195 29.396 -48.192
-62.641 29.424 -51.983
-67.666 32.416 -55.318
-69.977 36.720 -58.754
-70.660 43.022 -61.607
-66.738 47.494 -64.566
-60.982 50.196 -66.498
-54.495 48.825 -68.001
-49.403 44.609 -68.671
-47.666 38.715 -71.173
-48.466 34.127 -75.813
-50.950 32.362 -81.830
-55.227 32.782 -86.866
-56.118 49.980 -83.837
-61.859 46.492 -84.185
-64.093 40.813 -81.289
-63.854 35.127 -77.462
-60.675 31.007 -73.207
-56.887 31.499 -67.674
-51.874 34.820 -64.320
-51.007 40.032 -60.551
-53.253 45.907 -57.661
-57.620 49.145 -54.393
-62.989 49.854 -50.923
-67.827 46.056 -47.804
-71.085 40.690 -45.400
-71.437 35.237 -42.821
-68.291 29.663 -39.465
-63.062 26.455 -37.576
-56.655 26.482 -35.798
-51.039 30.718 -34.680
-49.940 36.452 -31.212
-52.245 40.930 -26.481
-54.658 41.381 -20.354
-56.227 39.055 -14.631
-56.253 34.994 -9.963
-55.415 29.046 -6.946
-50.942 23.523 -6.298
-45.330 21.822 -6.274
-39.715 19.883 -9.899
-34.916 22.315 -13.038
-32.605 29.031 -14.764
-30.651 34.928 -11.915
-29.853 38.608 -6.403
-27.733 39.270 -0.244
-23.569 37.173 4.458
-19.058 32.804 6.651
-15.011 27.320 5.762
-11.276 24.497 1.278
-8.814 23.208 -4.859
-7.431 25.039 -10.819
-8.120 29.294 -16.434
-5.180 34.904 -17.615
-2.213 40.902 -15.581
3.209 42.649 -12.384
10.003 41.795 -11.826
15.227 38.148 -13.058
18.216 33.071 -16.414
17.897 27.582 -20.402
16.752 26.006 -26.562
12.320 25.978 -31.806
10.024 30.172 -36.218
9.498 36.309 -39.011
13.299 41.299 -40.944
18.719 43.868 -42.980
23.994 43.138 -46.577
28.929 40.549 -49.656
29.993 36.912 -54.468
29.354 32.174 -58.970
25.663 27.310 -61.610
19.879 24.805 -63.032
13.246 25.216 -61.416
8.505 30.466 -62.859
6.581 36.845 -64.706
7.068 41.237 -69.243
7.294 42.434 -75.800
8.228 40.561 -81.935
8.014 36.208 -86.997
4.606 31.321 -89.527
0.500 25.768 -89.342
-3.935 22.614 -86.302
-8.088 22.027 -80.840
-12.511 25.449 -77.342
-16.660 31.105 -76.977
-20.529 34.967 -80.751
-24.086 35.849 -86.071
-27.447 33.179 -91.097
-30.210 28.131 -94.410
-33.197 22.236 -94.247
-35.105 16.162 -91.805
-36.198 12.904 -86.375
-36.768 12.487 -79.910
-37.049 15.828 -74.626
-41.449 20.807 -71.003
-46.164 25.501 -71.456
-52.555 26.274 -72.835
-58.222 23.588 -73.141
-62.878 18.329 -73.145
-63.922 12.066 -72.103
-63.800 7.163 -67.070
-60.849 4.602 -62.571
-55.636 4.189 -58.040
-51.931 8.077 -53.797
-52.466 14.193 -50.044
-56.656 18.008 -46.596
-61.735 17.652 -41.939
-64.923 14.085 -36.697
-66.127 9.045 -32.664
-63.689 2.637 -30.028
-57.874 -2.280 -30.159
-51.349 -2.328 -28.650
-45.281 -0.171 -30.478
-41.627 4.812 -28.101
-41.142 11.078 -25.129
-41.392 13.466 -19.089
-42.604 13.157 -12.611
-42.479 9.369 -7.170
-39.057 4.936 -3.754
-35.426 -0.746 -2.835
-29.557 -3.570 -3.900
-24.724 -5.614 -8.155
-21.217 -3.183 -13.798
-18.512 2.523 -15.422
-15.875 8.801 -14.016
-14.689 13.691 -9.204
-10.832 14.529 -4.277
-5.075 13.016 -0.940
-0.142 8.859 1.063
3.915 4.147 -1.268
6.092 -0.118 -5.932
6.686 -1.898 -12.577
5.779 -0.589 -18.775
4.388 3.420 -23.675
5.111 9.913 -26.425
9.130 15.339 -26.489
15.119 18.108 -25.446
21.261 17.441 -26.021
26.924 14.770 -27.498
29.991 9.772 -30.580
29.657 4.915 -34.408
27.307 1.353 -39.101
23.273 -0.562 -43.894
17.259 0.037 -46.979
13.174 4.469 -49.891
13.500 10.568 -52.752
16.843 15.760 -55.472
21.431 16.698 -60.431
25.286 15.233 -64.978
27.321 11.453 -69.663
26.869 5.458 -73.412
22.901 1.390 -75.970
16.506 -1.581 -76.691
9.815 -0.106 -76.304
4.436 4.231 -76.246
2.300 10.177 -78.120
2.519 15.643 -81.909
3.984 18.200 -88.218
7.200 18.278 -94.018
