15.675 6.378 -6.580
13.286 1.393 -2.406
14.058 -4.250 1.117
18.166 -8.464 4.678
23.563 -9.548 7.985
27.541 -7.461 12.830
31.424 -2.490 15.806
29.820 3.399 18.626
25.040 7.016 21.946
19.719 8.486 23.978
14.824 6.780 27.609
10.193 2.602 30.538
9.876 -1.642 35.292
12.152 -7.640 38.551
27.259 2.858 38.369
27.363 -3.297 36.207
24.173 -7.830 32.102
18.535 -10.593 29.140
14.395 -8.239 24.279
11.989 -3.714 19.932
12.344 1.748 15.929
16.106 6.646 12.912
21.855 8.889 10.707
27.330 7.323 6.939
32.304 2.959 4.755
32.167 -2.133 0.652
29.369 -6.045 -3.602
24.244 -9.564 -6.582
32.657 57.936 81.534
33.900 55.861 87.829
31.175 53.101 92.696
24.979 50.855 94.889
19.158 48.123 94.441
15.084 44.182 91.225
14.470 38.815 87.263
15.859 35.065 82.029
20.422 32.219 77.995
26.450 29.545 77.919
31.891 26.780 80.388
33.671 23.448 85.775
33.481 20.452 90.874
30.959 17.481 97.280
25.772 14.208 99.204
24.062 12.662 80.061
18.698 15.046 82.029
16.791 19.739 86.581
15.958 21.825 92.965
19.439 25.839 96.855
24.915 29.851 96.840
30.278 32.780 94.636
33.470 35.911 90.268
33.157 39.479 84.819
29.670 42.268 80.286
24.565 43.328 75.913
19.445 47.594 76.525
14.992 51.053 79.749
14.244 54.440 85.876
17.320 57.422 91.321
-4.646 -13.230 85.257
-5.909 -10.176 91.238
-4.131 -6.325 95.797
1.090 -1.781 97.017
6.819 1.389 96.790
10.062 5.441 93.113
10.360 9.751 87.927
8.486 12.463 82.209
3.754 13.993 77.639
-2.640 15.368 76.388
-8.302 18.055 78.155
-10.774 22.111 82.931
-11.401 26.032 87.251
-9.493 29.364 93.687
-5.117 33.889 94.900
-2.389 34.784 76.532
2.490 32.037 78.820
4.971 28.064 83.362
6.008 27.080 90.148
2.893 23.534 94.690
-2.068 18.802 95.385
-6.596 14.785 93.685
-9.440 10.581 89.457
-8.269 6.462 84.539
-4.041 3.090 81.316
1.502 1.940 77.804
6.993 -1.156 79.334
12.162 -2.994 82.918
13.048 -5.367 89.520
10.757 -8.326 94.876
-52.019 77.275 -12.117
-47.973 80.674 -16.448
-46.543 86.306 -19.211
-45.872 92.757 -19.921
-45.373 98.643 -16.510
-45.611 103.056 -11.676
-44.485 104.365 -5.027
-41.429 101.814 0.489
-38.442 97.091 4.238
-34.092 92.430 4.991
-27.703 90.852 4.167
-21.717 91.609 1.115
-17.596 96.363 -0.987
-17.347 102.627 -3.902
-20.435 108.640 -5.815
-23.570 113.573 -2.268
-27.001 115.973 3.690
-26.245 117.326 10.388
-24.060 117.703 17.065
-18.208 120.039 19.416
-12.606 123.133 18.803
-9.176 127.388 15.186
-18.712 127.128 -0.140
-12.902 124.602 0.188
-9.380 119.575 3.110
-8.157 115.114 7.381
-10.536 110.551 11.808
-15.404 106.659 13.326
-22.636 106.192 13.886
-28.469 107.719 10.955
-30.894 108.316 4.848
-30.559 108.633 -2.143
-29.118 104.934 -7.144
-26.654 100.195 -11.674
-27.251 93.458 -11.788
-31.341 88.529 -10.445
-35.594 86.879 -5.327
-39.915 87.688 0.006
-45.503 90.531 1.908
-51.371 92.982 -0.455
-55.099 95.642 -4.552
-57.853 97.786 -10.277
-58.774 94.922 -16.272
-59.752 90.659 -20.586
30.844 39.513 -5.070
25.909 39.516 -0.464
21.395 36.550 3.581
20.577 32.487 7.769
19.975 28.909 12.823
21.986 24.635 17.394
25.607 20.514 21.370
31.446 21.096 24.633
37.628 24.132 26.274
40.183 29.819 29.023
38.301 34.960 32.879
33.703 38.156 36.236
28.288 39.530 39.511
23.598 37.338 43.707
19.323 33.484 46.537
17.995 28.789 50.810
20.222 26.322 56.126
20.398 27.705 62.526
29.225 9.508 79.579
31.377 13.457 74.208
30.623 19.084 71.494
30.913 25.600 72.228
32.372 30.908 75.945
32.288 34.928 77.284
36.066 36.972 83.546
39.802 36.146 89.295
44.046 32.068 91.961
49.660 28.591 89.955
53.045 24.773 85.785
58.078 26.488 82.068
60.181 29.096 75.784
61.310 35.085 73.426
60.274 41.792 72.410
62.542 47.139 75.835
64.567 50.957 80.340
69.193 50.038 85.895
73.498 47.536 88.926
78.375 43.084 89.883
80.345 47.713 70.145
79.569 42.565 71.459
77.174 36.916 75.976
75.997 34.459 82.284
71.890 36.034 87.287
67.403 38.886 90.291
61.057 42.014 90.133
55.993 44.684 87.616
52.049 43.546 82.710
49.960 41.160 77.260
48.659 36.174 73.434
48.883 29.343 72.108
48.189 23.740 75.960
46.129 20.729 80.970
41.370 20.623 87.018
38.410 24.413 91.740
30.952 26.107 91.582
26.354 28.100 90.172
22.402 26.657 83.931
18.812 25.541 80.272
29.208 9.515 79.577
31.362 13.443 74.195
30.615 19.073 71.493
30.919 25.609 72.220
32.381 30.914 75.978
32.296 34.909 77.290
36.045 36.971 83.542
39.805 36.148 89.278
44.037 32.053 91.967
49.654 28.588 89.954
53.044 24.781 85.777
58.087 26.489 82.075
60.173 29.097 75.779
61.305 35.083 73.438
60.266 41.791 72.417
62.560 47.140 75.829
64.581 50.959 80.337
69.207 50.028 85.879
73.491 47.515 88.918
78.375 43.076 89.876
80.351 47.707 70.141
79.589 42.585 71.456
77.172 36.917 75.966
76.000 34.468 82.276
71.896 36.052 87.285
67.418 38.894 90.278
61.051 42.020 90.129
56.002 44.694 87.611
52.046 43.531 82.710
49.956 41.161 77.256
48.676 36.167 73.435
48.877 29.331 72.113
48.188 23.733 75.940
46.133 20.741 80.950
41.380 20.632 87.018
38.408 24.415 91.751
30.936 26.072 91.580
26.351 28.081 90.184
22.423 26.665 83.916
18.819 25.523 80.265
21.834 18.856 13.389
17.227 19.000 18.149
11.656 16.805 22.154
11.851 11.818 26.670
15.688 6.741 28.418
21.690 3.080 29.179
26.679 4.154 33.656
31.741 6.711 36.560
33.826 11.392 40.795
34.166 17.667 43.333
34.653 17.829 36.851
17.552 9.849 46.459
16.134 16.128 44.518
18.886 21.414 41.348
23.037 22.896 36.707
27.901 21.008 32.353
32.485 16.559 29.633
30.907 12.539 24.432
28.567 6.780 21.719
23.433 3.745 19.133
16.907 1.566 18.509
12.319 4.296 14.037
22.768 9.382 -26.770
18.609 13.983 -23.717
13.801 14.299 -18.941
10.983 11.159 -13.788
10.217 5.296 -9.914
12.707 -0.507 -7.187
17.132 -0.571 -2.116
23.678 -0.239 0.284
27.526 4.408 2.842
30.943 9.795 3.736
30.901 15.127 6.422
12.931 13.360 7.079
14.836 17.937 2.168
19.159 19.346 -2.882
23.829 16.549 -6.667
27.247 11.036 -8.891
29.124 4.289 -8.285
26.042 -0.030 -12.509
20.762 -4.235 -13.989
15.013 -3.807 -17.203
9.613 -0.880 -19.696
6.138 2.813 -22.683
-6.323 -13.668 41.906
-1.670 -16.718 45.736
2.921 -15.191 49.786
4.731 -10.782 53.830
4.830 -4.485 54.373
2.243 1.964 55.311
-2.468 4.007 59.531
-8.931 4.575 61.614
-13.999 1.742 64.408
-16.994 -4.095 66.722
-15.964 -10.628 68.447
-0.041 -6.209 72.740
-1.647 -12.230 69.514
-6.133 -14.085 65.640
-10.952 -13.070 61.266
-13.802 -7.726 58.091
-14.346 -1.984 55.041
-10.592 0.284 49.857
-4.733 3.016 47.062
1.292 2.020 45.316
6.741 -1.067 43.560
9.795 -6.348 41.248
21.803 18.931 13.302
17.403 18.918 18.412
11.782 16.538 22.352
11.784 11.187 26.701
15.757 6.416 28.927
21.588 2.754 29.463
26.861 3.937 33.591
32.305 7.218 35.733
35.199 12.782 38.100
17.526 16.945 45.251
19.379 19.874 40.335
22.625 22.598 35.689
28.318 20.730 32.316
32.381 16.175 29.476
30.869 12.354 24.217
28.273 6.798 21.611
23.037 2.439 20.295
16.829 1.464 18.505
12.447 4.182 14.061
22.900 9.937 -25.777
19.136 13.808 -21.854
13.643 13.749 -18.098
9.474 10.228 -13.956
9.552 4.615 -10.308
12.472 -0.622 -7.173
17.026 -0.777 -2.271
23.660 -0.174 -0.020
28.511 3.748 1.474
31.240 9.491 3.449
32.399 16.097 4.043
15.304 15.057 7.038
16.521 19.339 2.446
19.578 18.791 -3.319
24.879 16.430 -6.809
28.003 10.677 -7.877
28.959 4.034 -8.148
25.863 -0.318 -12.250
20.234 -4.141 -13.886
13.944 -3.925 -16.003
8.888 -0.836 -19.540
6.326 4.220 -23.137
18.248 20.903 12.784
15.670 19.863 18.919
11.249 16.136 22.699
11.973 11.050 26.570
15.989 6.473 29.605
21.754 2.710 29.515
27.072 4.026 33.785
32.700 7.392 35.672
33.906 12.808 39.426
18.165 14.809 44.348
18.328 20.561 39.864
22.640 22.540 35.613
28.456 20.452 32.670
32.560 16.180 29.515
31.077 12.304 24.316
28.986 6.786 21.529
23.834 3.558 18.976
18.374 2.437 16.689
12.750 5.086 13.519
23.316 10.357 -25.612
18.599 14.601 -22.489
13.730 14.511 -18.059
10.555 10.544 -13.737
10.374 4.859 -10.077
13.083 -0.663 -7.334
17.260 -0.630 -2.148
23.668 -0.309 0.708
27.633 4.309 3.046
30.116 10.457 4.334
29.465 16.267 6.249
12.347 13.325 6.288
13.743 17.912 0.933
19.279 19.312 -2.741
24.398 16.604 -5.759
27.745 11.167 -7.578
29.399 4.503 -7.651
26.419 0.268 -11.965
21.156 -3.774 -13.718
15.195 -3.327 -16.946
9.938 -0.056 -19.147
-7.539 -35.109 -9.532
-11.257 -28.744 -8.318
-14.456 -24.738 -3.440
-12.659 -21.544 2.265
-9.276 -20.736 8.174
-3.922 -17.215 9.389
1.751 -13.460 7.759
6.131 -10.509 4.344
7.040 -6.429 -0.831
4.492 -2.198 -4.862
-0.193 1.777 -8.058
-5.225 4.917 -7.529
-10.901 7.717 -4.647
-13.433 9.734 0.732
-12.470 11.443 7.020
-8.445 12.761 12.193
-2.453 14.736 14.283
-3.630 24.510 -1.094
1.183 19.296 -2.607
4.726 14.324 0.262
5.119 9.492 4.579
2.328 5.556 8.892
-3.611 2.597 10.763
-9.356 0.198 9.691
-12.755 -2.448 4.222
-13.229 -5.276 -1.974
-10.726 -8.245 -6.967
-5.741 -12.006 -9.494
0.561 -14.622 -9.949
4.557 -18.275 -6.876
5.535 -23.175 -2.270
3.964 -27.023 2.865
-0.458 -30.338 6.681
-6.442 -32.885 7.902
-3.369 -34.478 -9.425
-7.200 -28.456 -6.970
-9.405 -25.119 -1.157
-6.390 -21.668 3.875
-1.539 -20.633 8.630
3.467 -16.370 8.545
8.276 -12.185 5.488
11.046 -8.651 1.227
10.000 -4.405 -3.825
6.125 -0.464 -6.919
0.369 2.997 -8.470
-4.654 5.523 -6.622
-9.635 7.726 -2.066
-10.665 9.284 3.984
8.062 11.150 2.471
7.086 6.873 7.295
2.261 3.210 10.584
-3.383 0.268 11.066
-7.767 -2.786 6.689
-9.543 -5.562 0.711
-8.348 -8.077 -4.916
-3.986 -11.186 -8.913
2.235 -13.037 -11.282
7.164 -16.689 -9.448
10.013 -21.233 -5.531
10.467 -25.207 -0.349
7.496 -29.054 4.414
2.418 -32.333 7.160
-13.971 -3.421 -12.453
-12.413 -1.662 -6.694
-11.421 -3.282 -0.492
-6.675 -6.624 2.875
-1.645 -10.565 3.408
4.316 -11.611 0.855
8.593 -11.624 -4.065
10.490 -7.698 -9.362
11.428 -1.137 -10.629
12.528 4.857 -9.320
14.749 9.418 -5.796
15.540 11.957 0.476
17.574 9.658 6.618
28.072 0.096 -5.348
25.259 -4.099 -0.991
20.526 -4.413 3.937
15.318 -2.714 6.609
9.724 0.321 6.673
5.447 4.156 3.809
2.193 5.166 -1.805
1.301 3.567 -8.846
2.419 -1.497 -12.820
0.143 -7.371 -13.810
-1.977 -13.527 -12.546
-4.500 -17.836 -8.127
-10.238 -18.670 -4.685
-15.163 -15.416 -0.878
-7.084 20.570 2.065
-11.300 20.870 6.991
-17.057 18.553 10.566
-17.043 13.618 15.353
-13.306 8.666 18.097
-7.559 4.779 18.769
-2.223 5.978 22.914
3.138 8.868 25.434
4.745 13.270 29.720
4.744 19.061 32.413
6.167 20.011 26.173
-10.889 12.264 36.278
-12.650 18.228 34.658
-11.104 22.311 29.696
-6.254 24.988 25.358
-1.423 22.836 21.110
3.291 18.591 18.601
1.866 14.360 13.469
-0.358 8.588 10.998
-5.662 4.678 9.257
-11.857 3.352 7.279
-16.473 6.010 2.815
-5.437 11.169 -37.908
-9.499 15.801 -34.329
-14.563 16.146 -30.176
-17.622 12.454 -25.286
-18.852 6.521 -21.986
-16.521 1.346 -18.407
-11.915 0.962 -13.534
-5.285 1.127 -11.243
-0.762 5.419 -9.578
1.949 11.011 -7.463
2.699 17.576 -6.921
-14.678 15.825 -2.595
-14.234 18.339 -9.099
-9.401 20.723 -13.680
-4.899 17.977 -17.781
-1.196 12.385 -19.364
0.220 5.776 -19.583
-2.743 1.547 -23.792
-8.063 -2.654 -25.574
-14.274 -1.970 -27.623
-19.528 1.394 -29.986
15.763 -20.021 36.978
19.197 -20.305 31.497
20.259 -21.897 25.270
18.113 -22.363 19.145
13.434 -22.029 14.369
7.445 -18.441 13.564
3.402 -14.014 14.105
1.501 -8.704 15.640
2.098 -2.238 17.444
6.607 2.906 18.097
12.129 5.360 15.772
17.014 5.569 11.442
20.224 3.715 5.841
19.738 1.451 -0.348
17.015 1.174 -5.872
3.480 10.690 3.743
1.514 5.486 1.891
2.089 -0.987 0.243
6.566 -6.090 -0.510
12.129 -8.611 1.927
17.129 -8.649 6.121
20.156 -6.910 11.790
19.834 -4.544 17.954
16.565 -3.355 23.465
11.999 -6.472 27.942
8.118 -10.650 28.820
3.313 -15.731 27.546
1.856 -21.357 25.066
3.718 -27.064 23.248
9.476 -30.974 21.649
8.059 -36.310 -11.412
3.520 -32.062 -9.933
1.669 -26.215 -7.387
3.269 -20.358 -5.445
8.906 -16.155 -5.092
14.055 -13.632 -7.971
19.094 -14.149 -11.893
20.300 -14.029 -18.390
18.990 -15.325 -25.076
14.402 -15.759 -29.859
9.079 -12.863 -32.156
4.405 -7.902 -31.989
0.660 -3.043 -29.753
1.133 3.234 -27.614
4.968 8.353 -26.067
19.004 0.671 -37.150
20.264 0.642 -30.692
18.916 1.837 -24.065
14.471 2.223 -19.216
9.167 -0.480 -16.931
4.445 -5.410 -17.081
0.898 -10.505 -19.224
1.216 -16.543 -21.474
4.761 -21.984 -22.394
10.031 -25.613 -22.109
15.648 -27.305 -19.471
18.943 -27.346 -13.896
20.439 -26.355 -7.549
18.164 -25.348 -1.752
13.661 -25.253 3.141
21.371 22.575 13.636
15.072 23.499 15.502
8.765 22.999 13.875
3.542 22.687 8.904
3.224 19.224 3.232
4.824 13.824 -0.750
8.242 8.057 -2.403
9.994 2.356 0.216
11.264 -2.313 4.710
11.290 -4.814 11.266
6.111 -7.868 14.166
-5.557 0.415 2.628
-5.410 2.075 8.946
-1.411 4.359 13.901
4.630 4.679 17.351
10.312 7.210 15.875
15.640 7.865 12.006
18.410 9.856 5.928
17.652 14.203 0.716
15.094 19.700 -1.476
10.416 24.854 -2.332
9.854 30.415 1.478
-16.099 -24.975 14.626
-9.721 -25.152 16.760
-3.447 -24.218 15.651
1.910 -22.723 11.701
2.515 -19.348 6.071
1.064 -14.446 1.608
-3.192 -9.786 -1.185
-6.112 -4.331 0.793
-7.770 0.656 4.369
-8.456 3.934 10.528
-4.254 6.928 14.573
9.239 -0.510 4.926
8.356 -2.381 11.305
3.862 -4.233 15.474
-2.355 -4.890 18.448
-7.548 -7.940 16.448
-12.337 -9.148 11.798
-13.877 -12.257 5.814
-11.663 -16.752 1.159
-8.194 -21.838 -0.457
-3.408 -26.670 -0.072
-2.777 -31.913 4.090
9.449 -0.735 4.988
8.546 -2.467 11.422
3.988 -4.385 15.761
-2.264 -5.030 18.356
-7.593 -7.965 16.250
-12.264 -9.277 11.704
-13.802 -12.385 5.705
-11.247 -16.799 1.052
-7.729 -21.854 -0.630
-3.356 -26.778 -0.094
-2.477 -32.088 4.073
-15.088 -24.946 14.789
-9.048 -25.293 17.033
-2.985 -24.032 15.602
2.307 -22.790 11.315
3.036 -19.019 5.939
1.368 -14.272 1.777
-2.896 -9.616 -1.094
-6.097 -4.182 0.843
-7.498 0.889 4.455
-8.408 4.041 10.563
-3.947 6.815 14.692
53.319 21.248 57.647
52.673 24.047 51.948
52.660 23.448 45.334
51.527 19.232 40.327
48.763 14.107 36.920
42.711 11.621 36.790
36.935 8.628 39.873
32.309 9.952 44.391
29.139 14.010 48.546
34.991 28.089 40.258
36.210 26.733 46.343
36.631 22.325 51.096
37.638 15.938 52.161
39.414 9.403 51.228
45.339 6.997 50.092
50.857 5.548 45.897
55.816 9.235 42.419
59.391 15.151 42.022
22.784 17.924 48.510
21.421 24.153 48.285
21.084 29.741 44.715
20.230 32.185 38.596
18.045 32.558 32.222
12.371 30.824 29.399
7.282 26.079 27.618
2.809 22.120 30.420
-0.639 19.886 35.615
2.847 34.604 44.742
4.438 28.703 46.469
5.576 22.527 44.820
7.401 18.774 39.764
9.897 16.819 33.694
16.027 17.251 31.587
21.540 20.774 28.884
25.866 25.967 30.994
28.709 29.313 36.346
-7.785 22.842 45.874
-9.329 28.944 46.625
-10.569 34.749 43.996
-12.547 37.605 38.438
-15.266 38.506 32.216
-21.471 37.760 30.421
-27.041 33.824 28.526
-31.297 29.056 31.609
-33.915 26.654 37.532
-27.590 40.157 47.195
-26.194 33.999 48.117
-25.943 27.823 45.662
-25.313 24.279 40.092
-23.342 22.660 33.836
-17.803 23.805 30.530
-12.811 28.139 27.678
-8.249 32.530 29.533
-4.608 35.717 34.062
-39.531 28.029 41.735
-40.571 30.409 47.548
-41.130 35.584 51.426
-42.551 41.990 51.374
-44.851 48.115 49.350
-50.963 49.890 48.120
-56.750 50.165 44.049
-61.578 45.579 41.565
-64.732 39.478 42.455
-57.625 36.586 58.394
-56.940 32.885 53.227
-57.150 32.318 46.604
-56.479 35.650 40.904
-54.207 40.290 36.558
-48.347 43.110 35.756
-42.706 46.977 38.032
-37.875 46.762 42.525
-34.285 43.707 47.162
-27.419 14.458 -41.334
-24.072 15.395 -35.748
-23.684 19.145 -30.164
-27.109 23.780 -26.498
-32.628 26.565 -24.394
-37.583 24.419 -20.300
-43.714 20.877 -19.257
-46.068 14.714 -19.601
-44.737 7.985 -19.738
-40.468 2.911 -18.800
-34.934 0.415 -15.462
-30.933 0.848 -10.635
-28.080 3.525 -5.243
-29.416 6.997 0.531
-34.025 9.727 4.460
-39.823 8.905 7.449
-45.447 5.692 9.442
-46.488 -0.248 12.134
-46.741 -7.334 12.112
-42.604 -12.580 11.868
-36.212 -15.532 11.928
-29.986 -1.480 20.126
-27.444 -3.750 14.604
-28.961 -7.218 9.010
-34.151 -9.860 5.487
-40.444 -9.874 3.536
-44.012 -5.716 -0.458
-47.992 0.163 -1.340
-47.428 6.715 -0.883
-43.272 12.172 -0.802
-37.273 14.888 -1.941
-31.377 14.740 -5.603
-27.946 12.481 -10.466
-27.020 8.963 -16.019
-29.992 6.485 -21.701
-35.504 6.091 -25.442
-40.444 9.453 -28.187
-44.166 14.850 -30.004
-42.533 20.578 -32.811
-39.585 27.054 -32.925
-33.513 29.922 -32.750
-26.519 29.698 -32.945
7.738 -0.699 94.345
13.416 -3.742 93.866
16.695 -8.681 91.320
17.535 -13.661 87.224
15.178 -17.461 81.789
12.727 -16.242 75.720
8.502 -12.089 71.885
7.768 -6.149 69.451
9.607 -0.433 67.307
15.000 2.951 64.744
20.259 4.628 62.701
26.399 1.153 60.781
29.261 -2.289 57.157
30.654 -7.932 52.683
27.419 -13.411 49.658
22.691 -14.692 46.188
15.835 -14.694 44.779
12.457 -9.457 41.972
12.523 -3.186 39.480
15.600 1.171 35.604
19.614 3.129 31.132
22.124 1.530 24.557
23.188 -1.452 19.169
20.986 -6.333 15.039
16.047 -10.748 13.338
10.988 -13.102 12.333
4.947 -15.190 14.605
0.276 -12.183 18.160
-2.049 -5.749 19.913
-4.110 0.015 17.545
-4.253 4.434 12.950
-5.600 6.129 6.780
-8.728 5.203 1.115
-12.935 0.886 -2.988
-16.382 -4.979 -3.312
-21.407 -8.357 -0.321
-24.495 -10.962 5.241
-26.881 -10.250 11.027
-26.766 -7.519 17.441
-30.077 -2.160 19.741
-32.970 3.908 18.550
-38.047 6.686 16.263
-44.193 6.137 14.477
-49.676 1.817 13.925
-53.365 -3.251 15.560
-54.643 -9.283 18.135
-53.435 -13.251 22.688
-49.274 -14.177 28.526
-47.639 -10.905 33.954
-47.768 -5.658 38.226
-51.410 -0.615 41.381
-57.419 0.990 43.220
-63.401 -1.206 45.207
-68.842 -4.786 46.374
-70.035 -11.440 48.119
-66.965 -17.159 50.307
-61.604 -20.155 52.987
-56.600 -20.181 57.164
-50.916 -16.439 59.309
-49.778 -10.922 63.188
-51.181 -6.504 68.308
-52.177 -7.187 74.206
-52.915 -9.587 80.589
-53.135 -14.882 84.417
-50.842 -20.807 86.016
-46.515 -25.710 85.342
-42.866 -29.631 80.899
-37.013 -28.502 77.966
-32.289 -24.112 75.991
-28.557 -18.527 77.415
-24.672 -15.928 82.514
-22.738 -15.555 88.771
-19.946 -19.180 93.543
-17.076 -24.597 95.566
-13.667 -29.765 94.626
-11.930 -36.065 91.875
-10.110 -38.087 85.878
-7.500 -36.913 80.011
-6.959 -32.313 75.229
-2.462 -27.146 73.922
1.853 -22.255 75.840
7.924 -21.848 78.730
13.710 -24.938 79.247
18.089 -29.842 80.142
20.337 -34.950 76.737
20.891 -39.044 71.523
19.587 -40.181 65.211
14.052 -39.633 60.511
11.471 -35.170 56.246
12.063 -28.601 54.102
16.513 -23.661 52.254
21.929 -22.492 48.609
25.944 -24.617 43.230
28.125 -29.238 39.175
26.812 -33.933 34.592
22.834 -39.200 31.275
16.500 -40.113 29.753
9.550 -39.165 30.629
5.599 -34.041 29.245
5.114 -27.278 28.182
7.260 -23.234 23.084
9.736 -21.464 17.179
9.626 -23.450 10.374
7.715 -27.388 5.453
4.541 -32.556 3.066
-1.230 -35.955 2.319
-6.511 -38.742 4.691
-11.336 -38.329 10.035
-15.350 -33.122 11.848
-17.233 -26.780 12.074
-18.339 -20.963 8.501
-21.176 -18.666 3.509
-25.445 -19.568 -1.772
-29.868 -23.540 -5.086
-33.872 -28.716 -4.654
-37.486 -32.892 -1.853
-39.418 -36.417 3.800
-39.369 -36.546 10.076
-39.616 -33.724 16.052
-39.988 -28.328 20.468
-44.046 -22.647 21.004
-49.738 -19.410 19.501
-55.770 -19.575 18.742
-61.864 -22.297 17.820
-65.080 -27.135 19.948
-65.525 -33.647 22.576
-64.016 -38.324 26.319
-59.453 -41.062 30.271
-55.921 -41.504 35.614
-51.679 -38.940 40.670
-52.943 -34.808 45.544
-55.806 -28.844 48.112
-61.821 -28.881 51.981
-66.978 -31.896 54.731
-69.626 -37.337 57.224
-69.323 -42.232 60.862
-66.578 -46.786 63.946
-60.194 -49.908 65.015
-54.230 -48.572 67.254
-48.983 -44.574 68.069
-47.049 -38.817 71.184
-48.033 -34.057 75.775
-51.253 -32.382 81.624
-54.908 -33.245 86.943
-55.305 -50.149 83.626
-60.977 -46.801 83.699
-63.355 -41.624 80.925
-63.553 -35.732 77.801
-60.234 -31.313 73.650
-56.520 -31.348 68.085
-51.626 -34.478 64.274
-50.426 -39.768 60.628
-52.135 -45.071 57.259
-56.588 -48.404 53.556
-62.019 -49.179 50.030
-66.783 -45.487 47.165
-69.662 -40.151 44.695
-69.428 -34.449 41.587
-66.387 -28.325 39.908
-61.508 -25.509 38.170
-54.552 -25.583 37.854
-50.570 -30.291 34.512
-50.333 -36.054 30.523
-52.506 -39.083 25.438
-55.708 -39.252 19.255
-56.396 -36.699 13.462
-57.028 -32.035 9.160
-54.236 -26.671 6.715
-50.132 -22.039 6.289
-44.254 -19.400 7.139
-38.403 -18.487 10.563
-34.999 -22.304 14.110
-32.670 -28.847 14.466
-30.023 -33.724 11.175
-29.081 -37.260 6.035
-26.741 -36.957 -0.334
-22.820 -33.983 -4.701
-18.846 -29.366 -6.710
-14.253 -24.836 -5.328
-10.482 -22.033 -0.908
-8.321 -20.925 5.507
-7.138 -23.009 11.295
-7.728 -27.535 16.553
-4.514 -33.207 17.912
-0.802 -38.938 15.791
4.251 -40.565 12.443
10.475 -39.251 12.163
15.866 -35.146 13.619
18.712 -30.739 17.775
18.375 -24.557 21.029
16.972 -23.323 27.027
12.132 -23.581 32.391
10.075 -28.184 36.403
9.738 -34.299 39.218
13.453 -39.969 41.123
18.875 -41.383 43.665
24.648 -39.756 47.080
29.109 -36.267 50.739
29.628 -30.313 54.374
26.032 -24.921 56.253
20.459 -22.891 59.443
14.643 -23.824 62.619
9.350 -28.461 62.571
7.557 -34.716 64.829
8.023 -39.787 69.000
8.237 -40.859 75.271
8.387 -39.983 81.832
8.233 -35.432 86.890
5.060 -30.078 89.538
0.781 -25.201 89.013
-2.570 -20.449 85.208
-7.991 -21.060 81.459
-12.180 -24.608 77.544
-15.783 -30.280 77.083
-20.153 -33.959 80.707
-23.096 -35.773 86.438
-26.845 -33.421 91.124
-30.129 -28.346 94.041
-33.295 -22.697 93.921
-34.822 -16.581 92.274
-35.310 -12.902 86.890
-34.847 -13.327 80.219
-36.980 -15.827 74.670
-41.237 -20.504 71.486
-45.927 -25.588 71.584
-52.355 -26.243 73.194
-57.820 -23.399 73.061
-63.252 -19.704 71.095
-65.766 -14.761 67.820
-65.101 -7.994 66.017
-59.976 -3.758 63.227
-55.837 -4.231 58.226
-51.635 -8.159 54.453
-52.266 -14.113 50.472
-56.357 -17.737 46.623
-61.819 -17.822 42.653
-64.439 -14.345 37.417
-66.276 -8.645 34.539
-63.857 -3.291 31.351
-58.975 2.125 30.196
-52.590 2.976 29.656
-46.284 0.911 31.093
-42.038 -3.801 28.972
-41.481 -10.177 26.507
-42.850 -12.544 20.252
-44.252 -12.313 13.479
-43.275 -8.537 8.164
-40.826 -3.342 4.728
-37.227 1.828 4.470
-31.471 4.640 5.304
-25.990 6.382 8.653
-22.126 4.638 14.329
-18.570 -1.255 15.183
-16.719 -7.155 14.287
-14.759 -12.174 9.814
-11.745 -12.643 3.819
-6.823 -11.062 0.963
-1.260 -7.220 -0.977
2.722 -1.461 1.407
5.477 2.169 5.421
6.018 3.983 12.031
5.202 2.432 18.469
4.587 -1.395 23.198
4.337 -7.804 26.279
8.290 -13.652 26.225
14.201 -16.483 24.882
20.508 -15.960 24.966
26.265 -13.224 25.366
29.368 -8.723 29.636
29.795 -3.906 34.024
27.150 0.747 38.869
21.675 2.326 42.373
16.970 1.233 46.696
12.307 -2.401 50.323
12.868 -7.932 53.984
15.409 -14.062 55.522
20.438 -15.220 60.236
25.578 -13.629 64.283
26.773 -10.027 69.031
27.029 -4.075 72.822
23.298 -0.356 75.873
16.543 2.585 76.799
9.895 1.210 76.938
4.821 -3.417 76.873
2.682 -9.565 78.528
2.941 -15.007 82.243
4.496 -17.690 88.165
7.905 -17.949 94.328
