42.034 -8.486 39.183
38.427 -9.243 36.898
36.587 -7.678 30.258
38.892 -5.513 23.409
42.019 -7.847 19.571
47.630 -9.942 16.195
51.765 -14.896 16.193
55.695 -20.157 17.870
55.133 -26.028 18.466
52.706 -31.622 21.440
46.943 -35.447 20.939
41.097 -36.639 17.817
37.135 -36.941 12.266
36.072 -34.931 5.886
40.419 -34.662 0.000
44.112 -35.773 -4.513
49.537 -39.933 -5.496
53.677 -44.525 -5.805
54.711 -51.100 -3.612
53.496 -56.656 -2.227
38.462 -55.944 -8.685
36.920 -51.638 -3.033
40.065 -52.079 3.817
44.632 -51.349 8.556
50.842 -49.001 9.205
54.382 -44.527 4.434
55.032 -37.553 7.132
54.246 -31.611 4.686
50.260 -26.611 4.579
44.590 -23.462 5.016
38.920 -23.034 10.133
36.603 -24.426 16.317
38.614 -26.679 23.314
42.003 -25.363 28.331
48.273 -23.754 30.616
50.586 -18.391 31.715
54.470 -13.652 30.739
55.082 -7.805 27.753
52.385 -2.585 26.989
46.975 0.878 24.916
61.551 9.255 21.771
63.015 6.707 27.450
60.645 5.370 33.536
58.734 7.052 39.842
52.588 7.632 42.395
45.915 7.888 41.548
40.566 6.975 39.284
36.936 2.837 37.476
34.827 -2.743 37.817
34.013 -6.333 41.787
33.049 -9.425 46.847
33.147 -8.333 52.725
33.923 -6.575 58.535
34.836 -2.924 62.787
32.510 3.225 64.314
32.143 9.629 62.413
30.898 14.484 58.316
23.719 -0.075 46.922
28.648 2.842 44.643
33.936 6.083 44.945
38.896 7.987 47.557
43.212 7.641 50.893
47.422 3.417 52.164
50.031 -1.824 50.929
51.517 -6.624 47.849
51.875 -8.263 42.084
51.302 -10.018 36.052
49.630 -7.790 30.897
48.999 -2.466 27.065
45.624 2.951 24.223
44.205 9.144 26.506
45.954 14.370 29.929
48.440 18.371 34.887
54.598 19.978 36.482
25.129 14.783 45.694
19.679 13.353 42.662
13.287 11.981 43.407
7.976 8.355 45.420
4.090 9.026 50.782
2.658 12.541 56.302
2.309 16.503 60.470
1.145 22.180 61.344
-1.906 27.126 60.083
-6.763 28.245 58.157
-12.527 28.516 56.295
-17.071 24.843 55.729
-21.266 20.216 54.983
-23.291 14.971 55.472
-23.514 11.112 60.724
-19.661 7.880 64.820
-15.331 6.255 69.125
-12.297 25.889 69.143
-7.576 22.449 67.127
-4.730 17.519 64.690
-4.903 12.580 61.139
-6.224 9.181 56.987
-6.963 10.067 50.863
-6.467 13.619 46.210
-4.763 18.062 42.802
-0.182 22.056 42.523
3.995 26.549 43.069
8.482 28.323 46.357
13.113 26.043 50.213
16.018 24.489 56.238
15.706 19.118 60.344
15.430 12.659 60.993
13.744 6.114 60.341
14.852 1.735 55.648
94.817 20.469 -4.844
90.849 25.415 -5.241
85.067 27.748 -2.889
78.223 28.140 -2.620
74.021 25.717 2.037
73.142 22.385 7.812
74.143 19.749 12.964
76.253 20.661 18.302
77.081 24.424 22.986
74.324 28.499 24.968
70.460 32.669 26.843
64.910 34.427 25.621
59.111 35.760 23.487
54.475 34.934 20.400
50.691 29.615 19.145
50.627 23.531 16.712
52.271 17.474 15.692
65.157 21.087 30.305
67.700 19.709 24.731
67.965 19.512 18.547
66.088 21.369 13.029
64.246 24.784 9.163
65.598 30.556 7.528
69.125 35.387 8.009
73.958 38.472 9.462
79.812 37.645 10.468
85.562 36.379 12.440
89.193 31.879 13.353
90.604 25.760 11.409
90.357 18.835 11.729
85.854 14.225 9.457
81.561 12.312 4.920
76.581 12.315 0.279
76.388 14.679 -5.865
-6.704 13.695 76.174
-6.567 18.412 80.582
-10.263 21.596 85.158
-14.799 26.299 87.059
-21.015 25.508 89.342
-25.916 21.222 90.949
-29.075 16.483 92.248
-29.444 11.962 95.923
-28.481 9.620 101.377
-28.752 11.399 106.429
-29.612 14.081 111.705
-31.914 19.100 113.684
-34.099 24.970 114.653
-36.478 29.836 113.458
-41.952 31.481 109.946
-44.973 31.091 104.014
-47.264 28.831 98.573
-41.246 11.691 106.518
-38.251 13.425 101.534
-35.985 17.300 97.232
-33.738 22.589 95.744
-31.298 27.529 96.411
-26.108 29.402 99.255
-21.009 28.155 102.207
-16.547 24.879 104.034
-13.455 19.855 102.525
-11.162 14.278 101.161
-11.873 9.771 97.626
-13.602 8.123 91.583
-17.976 5.601 86.843
-22.841 8.566 83.177
-25.038 13.611 79.821
-26.434 19.986 77.862
-22.654 24.884 75.642
70.481 16.519 93.904
68.210 10.559 94.945
63.723 6.953 98.243
61.273 3.924 103.836
56.170 5.841 107.635
51.437 10.414 109.053
47.721 14.686 108.871
43.334 16.848 106.056
38.260 16.054 102.785
34.472 12.294 102.620
30.533 7.761 103.387
29.553 3.386 107.257
29.567 -1.337 111.484
31.144 -3.966 116.155
32.594 -1.774 122.260
36.657 2.163 125.704
39.975 7.221 127.782
29.348 16.327 113.815
35.488 16.300 112.936
41.359 14.152 113.386
45.148 9.458 114.486
47.160 4.335 114.589
47.486 -0.245 110.523
46.719 -2.207 104.839
45.970 -1.807 99.072
46.969 2.134 94.506
47.269 6.632 90.369
48.691 12.221 89.767
52.732 16.692 92.157
54.350 22.341 95.895
56.077 23.182 102.421
59.335 21.200 107.648
61.931 17.330 112.717
66.782 13.053 112.810
5.856 -10.837 0.885
4.512 -11.850 -5.595
1.409 -10.889 -11.681
2.796 -6.119 -16.787
5.618 -0.582 -18.766
9.455 4.737 -18.672
15.599 6.683 -18.713
22.135 6.500 -17.652
26.999 2.466 -19.335
13.777 -8.674 -28.891
15.321 -10.265 -22.718
19.229 -11.224 -17.796
22.747 -8.366 -12.718
21.636 -3.648 -8.249
18.192 1.541 -5.673
12.220 4.092 -5.162
6.056 5.639 -6.653
-0.235 4.813 -9.591
-4.885 -0.092 -8.917
23.265 45.163 33.937
26.212 39.019 34.828
28.154 33.602 33.963
31.871 29.714 30.626
35.686 27.187 25.683
39.081 28.478 20.744
43.038 32.679 16.816
46.892 37.852 17.713
50.341 42.313 21.319
52.856 44.267 27.157
48.034 29.665 37.433
44.980 34.956 36.823
42.316 40.505 34.645
39.503 44.811 30.363
37.596 46.279 24.692
34.844 44.292 18.564
31.361 39.813 15.939
26.538 34.935 15.728
21.715 32.375 19.795
17.825 31.022 24.384
7.509 7.253 -2.501
11.699 2.708 -4.996
12.300 -1.658 -9.353
10.091 -5.504 -13.860
6.874 -6.508 -18.095
3.682 -6.812 -23.476
-0.136 -3.419 -27.537
2.697 10.704 -16.024
-1.701 7.701 -12.119
-5.718 3.991 -9.825
-6.619 -1.788 -6.664
-5.131 -7.342 -3.608
-1.127 -10.141 0.252
2.261 -9.417 5.399
8.056 7.300 -2.498
11.996 2.373 -5.082
12.737 -2.347 -9.011
10.552 -5.483 -13.785
6.890 -6.129 -18.460
3.694 -6.201 -23.724
-0.506 -3.182 -27.567
2.536 11.024 -16.228
-1.504 7.900 -12.099
-5.640 3.986 -9.762
-6.274 -1.669 -6.689
-4.901 -7.343 -3.585
-0.884 -10.295 0.154
1.632 -9.025 5.382
13.273 43.640 31.394
15.539 37.948 34.765
14.506 31.505 36.511
11.090 25.451 34.732
9.022 21.991 29.504
7.764 20.885 23.216
8.523 22.452 16.515
12.844 24.645 12.226
19.708 25.364 11.743
25.623 24.473 12.048
30.694 20.516 13.249
33.896 16.525 17.779
33.576 11.345 21.145
31.296 5.539 21.701
30.195 -0.623 21.066
34.131 -5.451 20.022
38.672 -9.493 16.664
46.177 6.125 11.672
42.362 4.695 7.406
37.085 1.007 4.850
32.761 -4.175 6.157
28.927 -4.981 2.570
23.809 -3.651 -1.416
20.885 -0.041 -5.833
19.702 5.583 -8.587
22.077 11.465 -11.180
26.545 8.359 -12.288
30.853 3.705 -12.795
36.052 0.440 -10.259
38.250 4.098 -6.006
35.861 10.315 -4.029
30.656 13.211 -1.037
26.041 12.455 2.905
21.366 9.054 5.053
20.227 6.409 10.040
18.655 6.305 16.285
19.495 9.381 21.733
22.471 13.345 26.345
26.523 18.934 27.291
26.608 25.098 24.799
23.826 29.806 21.183
18.846 33.350 18.119
12.154 34.380 17.464
5.888 34.255 20.260
1.247 32.172 24.515
0.344 31.634 31.398
2.765 31.567 37.875
28.607 207.619 81.780
22.103 206.880 79.782
17.245 205.372 75.036
15.566 201.773 69.178
18.124 199.202 63.375
21.750 193.706 61.141
26.178 188.607 62.574
29.661 184.720 67.212
28.814 182.093 73.440
24.091 179.213 77.132
18.032 176.608 78.438
13.103 173.360 76.229
10.477 169.016 71.829
10.464 165.618 65.749
13.798 164.190 59.869
19.532 162.571 56.889
25.838 161.103 57.082
31.332 159.527 60.967
32.688 158.098 67.860
32.829 152.164 70.736
30.128 145.995 71.854
28.622 140.230 68.773
28.275 135.980 63.839
31.658 133.077 58.859
36.369 133.597 53.760
41.662 136.312 51.502
47.205 140.365 52.236
51.220 141.745 57.557
53.920 139.786 63.638
55.338 134.399 67.352
57.569 128.250 68.028
62.166 124.050 64.957
65.607 122.115 60.407
70.048 124.137 55.266
73.932 128.450 52.377
76.070 134.393 50.240
76.164 140.824 51.301
75.365 146.105 55.984
76.763 147.016 62.414
81.121 146.500 67.475
86.943 144.083 69.884
93.524 143.933 68.370
98.467 145.182 63.640
100.818 149.955 59.662
101.103 154.367 55.521
99.339 160.169 52.367
93.717 164.352 51.877
90.979 168.033 56.173
90.214 170.900 62.231
92.918 172.918 68.073
98.301 176.261 70.124
102.517 180.184 69.065
107.810 182.622 66.264
109.492 187.865 62.667
108.091 192.207 57.560
104.210 194.300 52.860
98.375 195.522 51.441
91.747 193.903 51.643
86.823 194.329 56.460
84.844 195.504 63.020
85.082 200.118 67.699
84.636 206.733 68.745
84.448 213.049 66.808
83.782 218.182 62.485
80.570 220.300 57.185
76.164 219.277 52.510
72.870 215.219 47.967
68.259 210.799 48.500
64.391 206.509 52.239
61.041 205.615 58.206
56.520 208.938 61.537
53.056 214.522 63.659
49.007 218.903 61.103
45.116 220.885 56.176
42.448 220.896 50.343
38.951 217.891 45.611
38.901 212.835 40.773
38.118 206.519 41.171
39.818 200.713 44.535
36.222 197.571 49.593
31.650 197.187 54.801
25.273 198.179 56.570
18.999 198.673 53.989
14.780 198.224 48.574
13.406 196.871 42.037
15.431 193.421 36.760
18.759 188.278 33.934
22.865 183.223 34.581
25.805 178.325 37.879
26.771 175.331 43.983
23.126 171.547 48.077
18.064 167.284 48.666
14.053 162.365 46.631
12.776 157.512 42.137
16.354 153.561 37.521
17.778 153.553 30.710
22.833 153.436 26.868
29.360 153.127 26.699
35.093 156.211 28.895
39.543 154.074 33.406
40.677 151.652 39.597
41.026 145.349 42.032
39.139 138.811 42.813
40.953 133.406 39.611
44.417 129.993 34.996
48.883 128.919 30.821
54.264 129.974 26.839
57.469 135.139 23.487
60.832 140.239 25.575
62.642 144.502 30.614
66.508 143.253 36.352
69.071 139.831 41.378
73.813 135.335 41.999
78.730 131.543 40.116
83.972 130.685 35.984
87.253 132.482 30.256
88.125 137.360 25.544
87.467 143.762 23.594
86.776 150.026 25.469
84.020 154.407 29.923
86.071 157.488 35.614
90.473 158.328 40.632
96.796 158.580 43.021
103.253 159.097 41.178
106.968 162.374 36.353
108.116 166.093 30.681
107.169 170.051 25.830
103.602 174.641 21.872
100.711 179.623 23.186
94.498 181.856 25.617
91.505 182.147 31.783
92.353 184.585 37.064
95.188 188.534 41.819
100.707 191.633 44.455
105.532 196.433 43.132
105.414 201.990 39.432
103.879 206.317 34.173
99.533 208.146 29.295
93.201 207.685 26.512
86.929 207.005 27.236
80.883 207.537 30.614
78.313 210.428 35.768
78.737 212.589 42.219
81.391 218.641 44.397
84.913 224.483 43.751
81.793 225.561 25.854
87.563 223.921 28.805
91.579 222.609 34.352
92.564 219.508 40.239
91.343 213.977 42.958
89.209 207.758 44.602
87.131 201.893 41.609
85.885 198.596 35.548
88.715 198.519 29.375
94.335 198.769 25.698
100.825 197.482 25.399
106.670 194.881 27.199
110.101 190.830 31.389
110.172 186.302 35.841
107.587 181.464 39.291
102.233 178.010 41.642
96.566 175.270 40.583
91.746 173.509 36.205
90.121 171.332 30.207
91.822 168.626 23.980
95.706 163.620 21.868
101.134 159.949 22.667
103.154 154.435 26.122
103.247 150.139 30.589
100.398 146.198 35.592
95.624 145.306 39.440
89.701 146.730 43.133
83.512 147.728 40.751
79.424 149.208 35.551
77.682 147.666 28.882
78.179 142.873 24.257
78.334 136.237 22.972
75.874 130.508 25.375
72.509 126.546 29.725
66.882 126.653 33.462
64.561 128.902 39.721
59.677 132.739 41.021
56.819 138.966 40.956
55.702 144.320 36.904
52.658 145.447 31.081
48.907 144.426 25.448
44.286 139.928 23.463
38.542 138.745 24.387
33.091 137.420 28.567
30.180 138.915 33.652
28.124 141.873 39.457
28.461 147.563 42.819
32.245 153.141 44.276
32.975 158.674 40.772
32.472 162.769 35.547
28.404 164.636 30.488
22.310 165.673 28.928
15.889 166.463 29.050
11.213 169.813 31.765
7.995 172.613 37.166
8.651 177.562 41.338
11.068 178.944 47.581
16.431 181.191 50.993
22.882 182.930 50.181
27.737 184.373 45.547
28.611 187.848 39.705
26.348 193.194 36.455
23.058 199.155 36.995
20.883 204.295 40.636
21.497 208.540 45.437
24.952 211.148 50.283
29.506 210.732 54.841
34.229 206.973 58.419
39.923 204.425 56.864
44.575 202.749 52.191
48.051 204.329 46.421
50.486 209.724 43.159
52.552 216.111 43.493
54.785 221.417 46.656
57.700 224.139 51.964
60.788 223.463 57.614
64.466 220.957 62.627
66.291 215.008 65.944
67.151 208.735 64.004
70.792 204.995 60.122
74.583 203.853 54.618
78.461 206.351 49.619
84.308 209.543 48.986
89.989 211.437 52.100
94.256 211.496 57.158
97.012 208.915 62.444
97.372 203.909 66.909
96.549 197.577 68.091
91.675 192.648 67.565
90.836 187.556 63.442
90.735 186.007 56.585
95.227 184.584 51.869
101.431 182.477 50.512
106.167 178.316 52.162
108.373 173.432 56.617
109.072 170.324 61.207
107.407 166.995 66.697
102.853 162.986 68.999
96.410 161.463 69.753
90.049 162.639 67.493
86.982 160.343 62.183
86.806 159.295 55.291
88.344 153.646 51.904
91.729 147.536 50.919
93.191 141.773 53.420
90.880 136.226 56.187
87.728 132.736 61.384
82.605 132.738 65.963
77.061 134.468 67.154
72.440 139.716 66.727
68.194 141.620 62.085
65.492 141.362 55.869
63.522 137.331 51.254
61.780 131.626 48.495
57.834 126.518 49.700
53.584 123.460 53.687
49.367 123.134 59.145
47.349 125.792 64.759
46.123 131.962 67.792
44.680 138.165 67.584
45.635 144.204 64.118
42.381 146.974 58.850
38.276 146.797 53.435
31.798 145.492 51.450
25.903 144.554 54.289
21.340 145.898 58.647
18.225 149.508 63.644
18.495 151.591 70.411
21.773 156.481 73.279
25.959 161.953 73.286
29.466 166.057 68.916
27.124 169.694 63.433
22.321 171.077 58.842
17.060 174.696 59.088
11.822 178.039 61.947
10.049 181.942 67.435
11.276 183.880 73.699
15.825 186.470 78.187
22.233 187.302 79.536
28.163 189.487 77.718
32.528 192.662 73.639
32.589 197.807 69.169
30.161 201.395 63.788
26.150 206.942 63.300
21.582 211.594 65.846
23.243 38.244 44.370
25.322 44.462 43.057
30.815 46.177 39.763
36.110 47.060 37.151
41.678 45.370 33.516
45.613 41.038 30.068
44.466 36.346 25.674
40.459 31.340 22.855
34.258 29.470 21.496
27.998 31.284 20.102
23.222 35.950 18.420
21.023 42.041 16.443
21.062 45.175 10.749
24.655 47.559 5.249
29.470 45.637 0.786
32.502 40.844 -2.657
32.581 34.563 -5.473
29.727 28.387 -6.264
14.773 41.024 -9.809
14.351 36.938 -4.465
16.502 33.203 0.290
20.867 28.079 2.157
27.632 27.943 2.977
32.827 32.205 4.537
36.270 37.882 5.335
37.028 43.559 8.830
36.238 45.885 14.712
31.452 48.899 18.873
27.086 46.155 23.191
26.230 40.554 26.965
27.246 34.310 29.188
31.165 29.616 31.713
36.452 28.870 35.571
42.398 30.522 38.197
43.892 34.276 43.365
42.421 40.050 45.542
18.476 23.327 -7.639
24.422 20.828 -9.227
30.312 18.507 -7.067
33.066 13.796 -3.776
34.124 10.503 2.226
30.421 6.868 6.601
24.433 3.971 8.534
18.869 0.970 6.379
15.418 -2.423 2.138
15.285 -7.303 -1.938
17.244 -10.688 -7.603
33.225 -9.214 1.084
32.604 -6.928 -4.800
29.408 -2.559 -8.764
23.718 0.666 -11.012
18.711 4.355 -8.023
15.695 7.111 -2.677
16.132 10.517 3.202
19.570 14.081 7.485
23.233 19.428 8.615
29.385 22.718 8.180
33.121 25.063 3.164
6.864 54.331 89.192
7.861 58.187 83.042
6.339 57.288 77.160
10.070 62.510 78.878
11.260 66.600 75.166
14.966 71.326 75.343
14.445 76.991 74.802
11.381 79.728 78.121
7.226 81.723 83.191
3.311 75.816 82.472
3.815 69.677 85.545
8.044 69.423 91.165
13.054 64.692 91.181
19.191 65.002 93.314
19.703 59.599 89.756
23.188 55.214 88.579
51.776 15.568 23.855
46.588 19.226 21.050
40.265 20.589 19.044
35.028 23.365 22.083
32.243 26.640 27.159
31.504 26.350 34.433
34.492 29.019 40.133
40.385 32.082 41.740
46.521 34.776 41.968
49.800 40.207 38.987
50.028 44.679 33.969
47.451 49.757 30.954
29.726 45.061 34.724
32.820 41.741 30.143
37.550 41.429 25.157
42.941 37.858 24.404
48.356 33.804 26.633
50.870 30.859 32.113
48.571 26.668 36.623
43.325 24.279 40.499
38.552 18.951 38.783
34.270 15.288 35.296
32.844 11.049 29.662
34.553 9.540 23.211
-39.754 -11.264 -90.871
-40.523 -11.496 -88.038
-11.845 -59.987 -80.098
-11.657 -60.053 -82.985
-16.348 25.647 -46.096
-7.702 20.543 -52.468
-3.800 23.345 -55.799
-39.476 55.325 -58.782
-39.407 66.544 -54.607
-34.430 69.457 -53.576
-16.412 25.675 -113.661
-8.491 19.275 -120.700
-4.500 21.833 -124.148
-39.166 55.533 -127.835
-39.366 66.853 -123.966
-34.382 69.842 -122.857
-44.272 -25.563 -78.358
-52.909 -19.957 -84.825
-57.067 -22.742 -87.851
-23.208 -55.048 -94.707
-23.201 -66.703 -90.536
-28.262 -69.499 -88.840
-21.162 11.522 -57.637
-20.187 11.713 -54.888
-49.494 59.188 -43.372
-50.010 59.381 -46.212
-22.234 10.885 -125.546
-21.235 11.188 -122.831
-49.578 59.693 -112.718
-50.071 59.775 -115.595
-34.565 -28.110 -19.654
-31.122 -24.036 -16.669
-27.124 -24.196 -11.308
-23.970 -27.838 -6.748
-21.442 -33.044 -3.356
-18.214 -38.746 -4.786
-16.198 -43.820 -8.812
-12.269 -44.375 -14.046
-9.179 -42.360 -20.011
-6.650 -37.179 -23.272
-2.971 -31.741 -23.477
-3.667 -30.158 -5.332
-6.547 -25.813 -9.202
-10.470 -24.760 -14.433
-13.776 -27.387 -19.382
-17.482 -32.040 -22.567
-20.807 -37.945 -22.683
-24.120 -42.617 -19.168
-27.705 -43.475 -14.116
-31.011 -41.544 -8.211
-33.634 -36.966 -4.908
3.368 -24.403 5.976
8.068 -28.779 8.257
14.299 -30.928 8.933
20.014 -29.362 11.454
23.572 -26.800 15.233
26.262 -22.518 20.116
24.629 -17.456 22.668
21.481 -14.481 27.493
15.885 -13.255 31.155
9.519 -15.070 32.878
7.297 -20.244 36.678
22.524 -28.457 38.350
17.313 -31.278 34.789
11.996 -30.435 31.050
8.304 -27.281 26.718
7.540 -22.722 22.220
8.162 -17.471 19.086
11.248 -12.180 16.189
15.896 -11.656 11.615
20.643 -13.736 7.471
21.825 -18.637 3.199
20.730 -24.711 0.720
95.372 -24.309 -6.001
90.813 -28.768 -8.298
84.553 -30.838 -9.262
78.790 -29.428 -11.534
75.213 -26.925 -15.380
72.532 -22.415 -20.174
74.239 -17.296 -22.585
77.288 -14.359 -27.823
82.829 -13.216 -31.216
89.233 -15.196 -33.036
91.437 -20.369 -36.851
76.193 -28.590 -38.554
81.462 -31.340 -34.861
86.663 -30.428 -31.344
90.428 -27.357 -26.792
91.260 -22.824 -22.370
90.658 -17.520 -19.145
87.549 -12.287 -16.175
83.014 -11.857 -11.512
78.115 -13.884 -7.406
76.959 -18.693 -3.161
77.975 -24.773 -0.676
41.084 -33.158 42.550
45.820 -28.878 40.196
52.036 -26.760 39.402
57.817 -28.296 37.067
61.456 -30.775 33.286
64.143 -35.306 28.430
62.619 -40.409 25.995
59.464 -43.457 20.863
54.036 -44.508 17.372
47.724 -42.526 15.504
45.671 -37.262 11.665
60.868 -28.998 10.323
55.646 -26.315 13.965
50.255 -27.279 17.580
46.432 -30.491 21.754
45.598 -35.044 26.255
46.038 -40.236 29.409
49.097 -45.687 32.337
53.781 -46.077 36.892
58.513 -43.957 41.215
59.551 -38.990 45.350
58.463 -32.852 47.828
18.579 22.457 42.766
23.162 26.840 40.402
29.427 28.988 39.428
35.254 27.444 37.137
38.870 24.892 33.454
41.585 20.378 28.619
39.980 15.244 26.208
36.874 12.292 21.203
31.563 11.251 17.458
25.229 13.263 15.543
23.147 18.540 11.774
38.437 26.752 10.437
33.139 29.375 14.150
27.635 28.555 17.648
23.926 25.368 21.996
23.027 20.785 26.404
23.414 15.501 29.656
26.365 10.206 32.621
31.171 9.748 37.227
35.844 11.895 41.506
36.963 16.782 45.607
35.949 22.891 48.132
24.830 64.976 108.789
16.557 24.498 111.357
27.961 63.985 114.368
19.638 25.598 117.459
27.577 59.956 120.196
24.348 28.728 121.264
26.805 54.837 123.175
27.539 34.497 122.469
22.097 50.018 125.470
32.757 38.026 119.674
16.872 45.901 122.107
31.772 44.515 115.861
15.608 42.880 116.670
29.825 46.187 109.325
17.800 41.166 110.270
23.233 48.477 107.781
22.488 40.022 104.797
16.511 49.785 108.709
28.464 37.806 103.981
11.716 52.693 112.679
34.924 35.963 104.088
8.446 54.015 118.821
38.038 31.035 108.231
10.048 58.052 123.737
20.392 24.842 108.252
20.471 65.304 109.283
22.409 25.085 115.142
24.652 64.667 115.685
27.736 28.222 119.324
23.770 62.062 122.338
32.016 33.399 120.071
23.609 55.669 125.112
36.046 38.134 117.276
19.316 50.350 126.706
34.409 43.474 113.239
17.864 44.961 122.498
31.078 46.430 107.700
13.538 43.701 116.745
25.160 48.116 106.233
15.380 41.745 110.905
18.118 49.345 107.725
21.190 40.183 106.262
14.355 51.479 112.129
26.627 38.282 106.071
10.977 52.954 118.220
33.218 35.946 106.389
12.098 57.180 122.729
35.882 30.999 109.922
47.158 18.954 58.884
46.709 22.268 64.881
42.854 26.761 67.537
37.359 31.162 67.324
33.102 35.030 63.928
27.840 33.537 59.937
25.673 29.625 54.812
23.673 22.984 53.621
22.536 16.514 55.349
20.606 12.542 60.237
18.145 9.684 66.217
13.641 12.412 70.531
6.139 21.115 55.061
8.107 25.599 60.359
11.477 26.421 66.784
16.007 24.952 70.764
20.706 20.226 72.824
26.097 17.694 69.800
28.840 14.564 64.343
30.724 16.080 57.861
31.885 20.569 52.894
33.983 26.601 51.736
35.901 33.334 51.918
41.003 36.034 55.871
