6.717 -54.640 -92.949
12.694 -51.304 -93.721
15.804 -46.627 -91.261
16.746 -40.815 -87.396
14.927 -37.237 -82.471
12.537 -38.351 -76.026
8.442 -42.025 -71.829
7.528 -47.762 -69.051
9.603 -53.503 -67.155
13.890 -56.668 -64.439
20.075 -58.310 -62.552
26.038 -55.394 -60.824
29.261 -51.133 -57.696
30.063 -46.447 -53.379
27.826 -40.835 -49.907
23.141 -38.621 -46.441
16.265 -38.486 -44.934
12.606 -43.643 -42.173
12.455 -50.036 -39.777
16.274 -54.395 -35.888
20.539 -55.580 -31.100
22.332 -53.622 -24.880
23.750 -50.051 -19.984
20.773 -46.384 -15.612
16.212 -41.718 -13.392
11.337 -40.142 -12.638
4.924 -38.088 -14.546
0.524 -41.032 -18.834
-1.958 -47.058 -19.976
-3.654 -53.103 -17.904
-3.703 -57.710 -12.880
-4.974 -59.500 -6.638
-8.163 -58.329 -1.545
-12.890 -54.264 2.850
-16.815 -49.312 2.832
-21.477 -45.668 -0.126
-24.247 -43.068 -5.429
-26.469 -43.794 -11.171
-26.472 -46.540 -17.583
-29.907 -51.848 -19.827
-32.248 -58.234 -18.779
-37.167 -61.162 -16.388
-43.539 -60.288 -14.127
-48.881 -56.649 -13.878
-52.681 -52.029 -15.472
-54.389 -45.786 -18.019
-52.857 -41.254 -22.654
-49.368 -40.844 -28.514
-47.649 -43.911 -34.003
-47.636 -49.195 -38.216
-51.025 -54.481 -40.992
-56.922 -56.356 -42.683
-63.349 -54.947 -44.581
-67.861 -50.862 -46.950
-69.578 -44.400 -49.510
-66.848 -38.123 -51.082
-61.711 -35.198 -53.700
-56.391 -34.901 -57.368
-50.943 -38.644 -59.661
-49.348 -44.348 -63.325
-50.550 -48.329 -68.602
-52.312 -48.385 -74.771
-52.832 -45.256 -80.770
-53.725 -39.898 -84.654
-50.874 -34.562 -86.051
-46.860 -29.466 -85.514
-42.955 -25.575 -81.259
-37.180 -26.603 -78.291
-32.301 -30.680 -76.344
-28.139 -35.919 -77.532
-24.592 -38.285 -82.665
-22.702 -38.718 -89.040
-20.150 -34.873 -93.733
-17.774 -29.612 -95.764
-14.900 -23.915 -95.054
-11.515 -19.098 -91.794
-10.069 -15.868 -86.249
-7.701 -17.096 -80.220
-7.034 -21.681 -75.426
-2.796 -26.921 -74.045
1.591 -31.773 -76.012
7.636 -32.402 -79.057
13.339 -29.447 -80.318
17.508 -24.695 -79.523
20.027 -18.837 -77.203
20.705 -15.231 -71.807
19.090 -13.710 -65.727
13.947 -14.163 -60.989
11.814 -18.360 -56.360
11.631 -24.980 -54.523
15.956 -29.706 -52.732
21.532 -31.381 -49.461
25.958 -29.808 -45.010
27.557 -26.111 -40.204
27.795 -20.978 -36.292
25.577 -16.134 -33.106
20.629 -12.286 -30.736
14.183 -12.386 -28.861
7.939 -14.086 -30.952
4.593 -19.447 -29.299
4.636 -26.209 -27.576
6.212 -29.657 -22.237
8.636 -31.166 -16.114
8.533 -29.422 -9.987
6.581 -25.231 -4.941
3.105 -20.193 -2.965
-2.365 -17.159 -2.835
-8.010 -14.367 -5.232
-12.894 -15.362 -10.226
-16.220 -20.649 -12.619
-18.125 -27.137 -12.390
-18.724 -32.691 -8.324
-21.291 -34.800 -3.180
-25.931 -33.673 1.400
-30.727 -30.713 4.251
-35.335 -25.931 3.981
-38.778 -21.093 0.952
-40.262 -17.916 -4.813
-39.930 -18.114 -11.116
-40.315 -20.609 -16.790
-40.694 -26.194 -20.915
-44.704 -31.734 -21.735
-50.197 -35.562 -19.900
-55.978 -35.226 -20.030
-62.186 -32.746 -19.811
-65.568 -28.106 -21.337
-66.713 -21.814 -23.191
-64.421 -16.839 -26.671
-60.373 -14.102 -30.988
-56.290 -13.469 -36.213
-52.476 -16.131 -41.502
-53.733 -20.268 -46.114
-56.490 -25.976 -48.760
-62.686 -26.246 -52.636
-66.936 -22.997 -55.761
-70.177 -18.346 -58.753
-70.219 -12.716 -61.397
-66.625 -8.141 -64.493
-60.643 -5.095 -65.747
-54.678 -6.458 -67.793
-49.509 -10.694 -68.754
-47.412 -16.024 -71.534
-48.381 -20.930 -76.171
-50.833 -22.374 -82.123
-54.695 -21.761 -87.418
-56.226 -5.253 -84.133
-61.183 -8.477 -83.973
-63.448 -14.444 -81.995
-63.649 -19.772 -78.114
-60.344 -24.273 -74.252
-56.854 -23.633 -68.515
-51.955 -20.553 -64.797
-51.277 -15.283 -60.817
-53.202 -10.170 -57.457
-57.382 -6.736 -54.072
-62.971 -6.067 -50.642
-67.646 -9.767 -47.862
-70.291 -14.822 -44.978
-70.030 -20.286 -41.465
-67.262 -26.312 -40.210
-62.317 -29.325 -38.170
-55.345 -29.505 -38.118
-51.343 -25.122 -34.806
-50.573 -19.123 -31.338
-53.011 -15.841 -26.379
-56.191 -15.937 -20.290
-57.802 -18.206 -15.220
-57.838 -22.909 -10.300
-54.767 -27.280 -7.540
-50.370 -32.414 -6.948
-44.712 -34.590 -7.384
-38.800 -35.767 -11.079
-35.284 -31.983 -15.108
-33.183 -25.806 -15.252
-30.901 -20.088 -12.218
-30.336 -16.482 -6.383
-28.256 -16.351 -0.305
-24.075 -19.031 4.407
-19.356 -23.267 6.267
-14.913 -27.940 4.912
-11.548 -31.307 0.507
-9.300 -32.202 -5.507
-7.993 -30.413 -11.599
-8.416 -26.202 -16.809
-5.037 -20.476 -18.217
-2.190 -14.487 -16.091
3.064 -12.393 -13.008
9.657 -13.635 -12.182
14.751 -17.589 -13.376
17.543 -21.745 -17.511
18.004 -27.680 -20.725
16.606 -29.267 -26.851
11.874 -29.152 -32.025
9.627 -25.112 -36.318
9.224 -19.130 -39.284
12.238 -13.425 -41.449
17.446 -11.940 -44.186
23.585 -12.263 -46.501
28.181 -15.053 -49.435
29.760 -18.687 -54.266
28.889 -23.588 -58.613
25.400 -28.055 -61.991
19.812 -30.720 -63.220
13.045 -29.978 -61.973
8.612 -25.161 -63.131
6.836 -18.671 -64.765
7.482 -14.086 -69.224
7.342 -13.071 -75.778
8.129 -14.764 -82.002
7.912 -19.067 -87.034
4.455 -23.809 -89.669
0.258 -28.868 -89.505
-3.297 -33.376 -85.757
-8.256 -33.096 -81.725
-12.692 -29.649 -77.726
-16.366 -23.990 -77.237
-20.362 -20.313 -80.849
-24.084 -19.159 -86.377
-27.226 -21.471 -91.052
-30.146 -26.723 -94.364
-33.014 -32.019 -94.230
-35.121 -37.841 -92.178
-35.796 -42.295 -87.124
-36.729 -42.205 -80.720
-36.719 -39.188 -74.987
-41.262 -34.494 -71.732
-45.972 -29.753 -71.837
-52.433 -28.759 -73.490
-58.130 -31.701 -73.914
-62.517 -36.870 -74.304
-63.862 -43.427 -72.905
-63.470 -47.791 -67.895
-60.238 -50.657 -63.827
-55.599 -51.017 -58.707
-51.830 -47.292 -54.530
-52.333 -41.339 -50.940
-56.592 -37.484 -47.344
-61.101 -37.275 -42.639
-64.502 -40.995 -37.833
-65.645 -46.604 -34.057
-63.527 -52.175 -31.320
-58.218 -57.364 -29.750
-51.962 -58.095 -29.517
-45.691 -55.944 -31.230
-41.524 -50.741 -29.048
-41.371 -44.509 -26.445
-42.673 -41.871 -19.880
-43.511 -42.411 -13.362
-42.733 -46.265 -8.074
-39.961 -51.197 -4.836
-36.148 -56.293 -4.472
-30.541 -59.223 -5.338
-24.948 -60.520 -8.813
-21.192 -58.433 -14.310
-18.477 -52.382 -15.678
-16.632 -46.218 -14.409
-15.521 -41.607 -9.537
-11.256 -40.982 -4.569
-5.843 -43.051 -1.200
-1.122 -46.775 1.171
3.257 -50.914 -1.610
5.990 -54.875 -6.012
6.703 -56.953 -12.176
5.759 -55.756 -18.861
4.669 -51.811 -23.822
4.495 -45.367 -26.690
8.649 -39.934 -26.805
14.165 -37.150 -26.054
20.618 -36.627 -25.598
26.008 -39.037 -28.029
29.349 -44.401 -30.478
29.780 -48.694 -34.252
27.231 -53.303 -38.869
21.845 -55.434 -41.970
17.531 -54.686 -46.772
12.820 -51.021 -50.508
13.179 -45.576 -53.930
15.515 -39.560 -55.895
20.271 -38.656 -60.649
24.694 -41.116 -65.059
26.420 -44.769 -69.195
25.824 -49.393 -73.753
21.895 -54.397 -76.060
15.557 -57.087 -76.783
8.969 -55.633 -76.965
4.172 -51.043 -76.968
2.103 -45.052 -78.641
2.454 -39.612 -82.261
4.189 -36.772 -88.434
7.268 -37.043 -94.529
58.994 38.513 34.688
63.579 42.730 33.029
62.300 48.245 30.330
64.875 50.170 25.560
63.252 53.404 21.359
42.088 43.005 -13.949
35.920 44.268 -12.179
35.115 49.005 -7.771
32.063 48.359 -2.919
32.600 47.591 3.761
2.869 26.398 23.532
5.110 29.668 28.710
11.048 28.851 30.857
12.627 27.587 36.466
16.474 23.493 39.559
13.266 20.539 44.562
7.791 23.091 46.538
6.296 24.346 51.979
-1.420 11.350 0.321
4.767 8.830 2.557
-0.069 4.087 5.189
-4.343 0.139 2.597
-7.932 -3.490 -2.042
-10.479 -4.719 -7.520
-8.364 1.872 -6.979
-7.405 -1.253 -12.819
-3.698 -4.338 -17.549
0.760 -0.232 -16.837
-1.559 5.512 -16.870
2.870 4.225 -15.125
8.293 -0.064 -16.818
12.764 -3.037 -12.090
14.635 -5.218 -6.489
15.534 1.511 -5.089
12.335 -1.934 -0.953
7.198 -4.502 3.088
1.335 -7.991 3.648
-2.424 -11.684 -1.070
-2.668 -13.756 -7.792
2.027 -11.913 -12.204
6.052 -8.881 -16.294
-43.914 -25.977 40.329
-40.547 -29.540 44.887
-34.497 -31.175 47.583
-28.374 -29.402 49.906
-24.813 -23.637 52.072
-25.445 -17.196 53.944
-29.999 -12.490 56.170
-35.617 -11.183 59.681
-37.854 -12.193 65.750
-37.771 -14.924 72.004
-34.733 -18.035 76.841
-28.894 -19.203 80.360
-21.492 -17.909 81.894
-16.262 -14.810 79.204
-13.596 -8.555 76.033
-15.763 -2.684 73.668
-19.623 2.829 76.491
-22.352 6.488 80.995
-22.048 9.090 87.581
-19.015 10.925 92.738
-13.089 12.903 94.719
-6.462 13.173 94.080
-1.177 12.810 90.472
1.540 13.148 84.766
0.216 16.110 78.388
-2.661 19.345 73.488
-7.837 23.894 72.246
-8.672 30.147 73.318
-8.080 36.164 73.653
-3.091 41.469 74.974
2.327 44.042 75.017
8.677 42.506 72.776
13.589 38.046 70.888
15.861 34.322 65.018
13.020 31.798 59.902
9.986 31.984 53.978
5.444 34.880 50.097
1.641 40.640 48.222
1.487 46.219 47.095
4.431 50.234 42.910
10.102 52.912 40.325
14.223 52.652 36.697
20.199 49.184 35.904
23.192 43.231 32.786
22.770 37.126 30.659
18.371 32.267 28.880
12.715 30.352 26.900
6.527 32.961 24.571
3.476 34.028 19.342
4.700 36.373 12.964
4.227 34.054 7.352
9.667 32.155 3.132
11.228 26.484 0.966
12.992 20.300 2.243
14.379 14.564 6.032
11.706 11.113 9.811
5.764 9.578 12.974
-1.115 9.548 12.613
-5.489 7.922 8.235
-7.954 4.572 3.639
-7.848 0.732 -1.711
-4.098 -4.141 -4.424
-0.615 -9.894 -3.391
4.153 -13.108 0.448
5.163 -16.697 5.604
2.824 -17.730 11.703
-1.405 -16.606 16.954
-7.546 -17.203 19.266
-14.103 -19.326 18.010
-18.026 -23.151 17.519
-19.146 -30.522 17.028
-18.385 -35.896 18.021
-16.563 -40.983 21.224
-12.368 -42.550 25.879
-7.470 -41.206 30.635
-3.992 -35.938 33.567
-5.976 -31.734 38.225
-10.911 -27.604 40.528
-17.145 -28.416 43.663
-20.400 -30.719 48.033
-21.485 -35.917 52.285
-18.884 -39.355 57.075
-15.370 -42.547 61.165
-8.865 -43.321 61.539
-3.825 -41.400 63.681
0.564 -36.761 63.945
2.356 -30.316 62.265
0.406 -24.512 63.770
-5.118 -19.754 65.220
-6.953 -18.100 71.763
-8.818 -18.592 78.045
-6.625 -20.556 83.895
-1.718 -20.916 88.314
3.623 -18.806 90.822
10.199 -18.715 89.268
13.927 -16.332 83.685
14.992 -10.702 80.117
13.741 -5.266 77.971
9.687 0.576 77.791
6.390 4.725 81.522
6.781 8.487 86.368
10.371 11.947 90.565
15.348 15.630 92.514
21.435 17.326 90.038
27.689 14.847 88.215
30.337 13.926 82.132
29.895 12.470 75.267
25.754 13.136 70.116
21.705 17.415 66.635
20.241 23.980 65.288
22.236 30.099 65.973
25.663 35.175 65.016
32.795 36.449 62.599
38.708 34.913 61.545
43.159 30.451 57.971
42.525 24.254 53.720
39.619 21.927 48.301
34.954 19.291 43.785
29.860 22.636 39.291
28.667 28.576 36.681
45.286 32.268 36.775
40.916 37.292 39.194
35.004 36.924 42.275
28.684 34.935 44.424
26.210 30.452 48.279
27.313 23.352 49.869
31.668 19.312 53.839
37.149 19.245 57.544
39.214 20.792 63.491
39.411 25.305 68.921
35.768 28.302 73.895
29.909 28.837 77.720
22.740 28.893 77.076
16.500 24.586 77.603
15.446 18.147 75.050
17.251 12.048 73.590
21.620 7.076 75.550
25.280 4.571 81.012
24.794 3.436 87.329
21.802 2.399 93.284
16.332 -1.737 94.661
9.690 -2.089 95.765
4.193 -2.519 92.266
0.608 -2.742 85.863
0.754 -5.543 80.312
4.061 -8.968 75.259
8.309 -13.521 74.537
10.614 -19.543 76.158
8.946 -26.197 77.430
5.006 -30.271 81.225
-1.761 -32.798 79.935
-7.277 -32.932 76.946
-12.900 -30.731 73.514
-13.995 -27.708 68.796
-12.346 -23.764 62.779
-7.969 -25.050 58.205
-3.698 -28.312 53.896
-0.762 -34.078 52.598
-2.963 -39.669 50.170
-6.776 -44.959 48.655
-12.329 -46.361 45.501
-18.237 -45.658 43.341
-21.297 -42.283 39.096
-22.489 -35.631 38.091
-20.804 -32.445 33.318
-16.803 -26.926 34.290
-10.512 -26.029 31.996
-5.025 -28.841 28.645
-3.199 -32.645 24.050
-2.606 -33.896 17.742
-4.294 -33.204 11.899
-7.553 -31.365 6.367
-9.999 -25.844 3.979
-13.051 -19.632 4.406
-14.472 -14.324 8.654
-10.593 -9.736 12.032
-4.602 -7.844 14.260
2.441 -8.065 13.414
7.897 -7.376 9.223
10.094 -3.636 4.544
8.664 -0.199 -1.729
5.253 3.478 -5.373
2.296 9.594 -4.534
-1.582 13.542 -1.305
-4.592 17.017 3.927
-1.278 19.498 9.378
2.991 18.592 14.662
9.305 19.264 16.981
15.694 21.528 15.668
19.852 25.327 13.163
20.260 31.465 11.343
18.564 38.285 10.318
14.043 42.211 13.425
10.348 45.123 18.021
8.099 45.645 23.861
5.620 40.656 28.385
7.916 35.950 32.899
13.203 32.714 36.287
18.186 34.341 39.920
20.031 38.130 44.055
21.252 41.849 47.297
19.314 46.740 51.502
15.089 49.642 54.914
9.385 50.515 57.769
3.114 48.594 57.825
0.147 43.694 57.482
-0.859 37.241 56.609
1.596 32.335 58.911
5.878 27.487 62.942
9.233 27.373 67.844
10.133 29.347 74.357
8.093 31.562 80.255
4.594 31.185 85.474
-1.989 29.644 88.019
-9.486 29.839 86.514
-13.732 26.861 82.541
-13.547 21.396 78.200
-11.490 15.853 76.292
-7.980 9.804 77.345
-3.599 6.377 81.410
-4.438 2.808 87.112
-7.811 -0.955 90.917
-13.896 -2.771 93.147
-19.836 -5.150 92.955
-25.793 -3.343 89.494
-28.387 -2.460 83.620
-27.922 -2.591 76.175
-23.341 -3.321 70.851
-20.198 -8.895 68.453
-18.238 -15.554 67.825
-19.767 -21.389 68.762
-24.907 -26.304 69.829
-31.561 -28.047 69.511
-37.062 -27.136 65.174
-41.630 -21.824 62.122
-41.335 -17.679 57.194
-38.100 -15.233 51.653
-32.714 -14.081 46.376
-28.356 -17.673 42.586
-25.762 -24.479 40.808
