17.233 -44.232 36.465 
18.888 -48.974 39.476 
17.701 -54.597 41.177 
14.310 -59.391 40.101 
11.473 -63.075 36.947 
4.053 -50.359 27.125 
0.560 -51.839 31.644 
0.790 -52.223 38.259 
2.300 -53.305 44.745 
5.982 -50.439 49.243 
9.982 -46.122 51.555 
13.312 -40.171 52.363 
12.138 -35.011 54.816 
10.578 -33.097 60.687 
9.734 -27.034 62.970 
5.388 -27.541 65.850 
54.674 -11.219 20.806 
57.371 -10.353 15.667 
59.173 -6.636 11.467 
60.114 -0.855 9.525 
62.054 4.116 9.520 
54.036 5.496 25.446 
50.616 7.622 21.261 
47.725 5.515 16.054 
46.585 2.713 9.982 
45.596 -3.125 7.412 
44.470 -9.355 7.409 
42.546 -15.558 9.403 
37.202 -18.195 9.719 
32.060 -19.596 6.017 
