29.990 -54.768 5.792 
34.375 -57.868 5.962 
38.445 -62.041 3.736 
42.197 -67.247 4.939 
44.581 -72.203 8.817 
45.153 -75.338 14.278 
45.211 -75.268 21.500 
41.073 -74.342 26.754 
35.180 -76.342 28.593 
28.872 -78.688 28.142 
24.909 -83.341 25.606 
24.716 -89.177 21.838 
26.705 -93.935 18.017 
31.343 -99.424 19.350 
35.409 -102.727 21.483 
38.636 -105.751 26.694 
42.628 -92.257 30.544 
43.611 -92.803 24.653 
41.564 -91.616 18.346 
37.181 -89.851 13.409 
32.288 -86.132 11.714 
29.395 -80.565 11.630 
28.283 -74.159 13.813 
29.151 -68.830 18.191 
32.543 -65.908 23.793 
38.450 -64.101 24.022 
45.188 -64.509 22.702 
84.544 -58.441 -33.182 
78.535 -58.316 -29.611 
72.166 -59.745 -28.646 
65.144 -62.206 -30.081 
62.155 -65.385 -33.839 
60.600 -71.136 -36.637 
62.743 -77.225 -39.309 
66.954 -82.142 -39.338 
73.247 -84.187 -37.175 
76.149 -86.661 -31.850 
77.293 -86.902 -25.353 
52.090 -93.715 -32.992 
57.297 -92.851 -29.012 
56.859 -88.459 -24.354 
59.590 -83.160 -21.534 
64.275 -78.612 -20.498 
69.792 -75.526 -22.631 
76.252 -75.715 -25.775 
78.778 -76.829 -31.951 
78.205 -74.885 -37.657 
75.208 -72.864 -43.423 
70.585 -68.617 -45.979 
67.711 -62.777 -45.162 
65.132 -56.647 -41.373 
67.565 -52.151 -38.208 
71.929 -47.913 -36.322 
78.082 -45.880 -33.815 
