26.608 -55.833 6.467 
32.475 -58.126 8.006 
36.859 -61.571 4.949 
40.432 -67.060 6.513 
42.948 -71.491 10.669 
43.079 -75.252 15.839 
43.535 -75.558 22.682 
39.610 -74.636 28.441 
34.127 -77.280 30.388 
27.983 -79.856 29.699 
23.978 -84.788 27.340 
23.583 -90.090 23.539 
26.600 -95.472 20.084 
31.069 -100.034 21.107 
39.916 -91.885 34.328 
42.820 -93.326 28.178 
41.804 -92.572 20.751 
38.455 -91.195 16.281 
33.848 -87.436 13.181 
28.432 -83.023 14.127 
26.470 -76.810 15.284 
26.836 -71.335 19.042 
29.427 -67.159 24.195 
35.452 -64.064 25.340 
42.197 -62.858 23.853 
56.653 -86.071 -29.353 
58.541 -91.959 -27.818 
56.950 -88.387 -23.067 
59.588 -82.982 -20.081 
64.635 -78.925 -19.030 
70.118 -75.748 -21.369 
76.387 -76.011 -24.555 
79.116 -76.269 -30.466 
78.305 -73.987 -36.297 
75.095 -71.214 -41.500 
70.084 -67.715 -44.127 
67.230 -61.643 -43.617 
65.347 -55.699 -39.396 
68.876 -50.749 -34.951 
72.779 -47.762 -32.934 
71.561 -59.280 -26.264 
64.495 -61.700 -27.332 
60.702 -65.277 -32.836 
59.720 -70.675 -34.665 
61.914 -76.249 -37.503 
66.399 -81.189 -38.347 
71.772 -85.003 -36.829 
74.607 -87.559 -31.548 
76.813 -88.003 -25.160 
