6.717 -54.640 -92.949
12.694 -51.304 -93.721
15.804 -46.627 -91.261
16.746 -40.815 -87.396
14.927 -37.237 -82.471
12.537 -38.351 -76.026
8.442 -42.025 -71.829
7.528 -47.762 -69.051
9.603 -53.503 -67.155
13.890 -56.668 -64.439
20.075 -58.310 -62.552
26.038 -55.394 -60.824
29.261 -51.133 -57.696
30.063 -46.447 -53.379
27.826 -40.835 -49.907
23.141 -38.621 -46.441
16.265 -38.486 -44.934
12.606 -43.643 -42.173
12.455 -50.036 -39.777
16.274 -54.395 -35.888
20.539 -55.580 -31.100
22.332 -53.622 -24.880
23.750 -50.051 -19.984
20.773 -46.384 -15.612
16.212 -41.718 -13.392
11.337 -40.142 -12.638
4.924 -38.088 -14.546
0.524 -41.032 -18.834
-1.958 -47.058 -19.976
-3.654 -53.103 -17.904
-3.703 -57.710 -12.880
-4.974 -59.500 -6.638
-8.163 -58.329 -1.545
-12.890 -54.264 2.850
-16.815 -49.312 2.832
-21.477 -45.668 -0.126
-24.247 -43.068 -5.429
-26.469 -43.794 -11.171
-26.472 -46.540 -17.583
-29.907 -51.848 -19.827
-32.248 -58.234 -18.779
-37.167 -61.162 -16.388
-43.539 -60.288 -14.127
-48.881 -56.649 -13.878
-52.681 -52.029 -15.472
-54.389 -45.786 -18.019
-52.857 -41.254 -22.654
-49.368 -40.844 -28.514
-47.649 -43.911 -34.003
-47.636 -49.195 -38.216
-51.025 -54.481 -40.992
-56.922 -56.356 -42.683
-63.349 -54.947 -44.581
-67.861 -50.862 -46.950
-69.578 -44.400 -49.510
-66.848 -38.123 -51.082
-61.711 -35.198 -53.700
-56.391 -34.901 -57.368
-50.943 -38.644 -59.661
-49.348 -44.348 -63.325
-50.550 -48.329 -68.602
-52.312 -48.385 -74.771
-52.832 -45.256 -80.770
-53.725 -39.898 -84.654
-50.874 -34.562 -86.051
-46.860 -29.466 -85.514
-42.955 -25.575 -81.259
-37.180 -26.603 -78.291
-32.301 -30.680 -76.344
-28.139 -35.919 -77.532
-24.592 -38.285 -82.665
-22.702 -38.718 -89.040
-20.150 -34.873 -93.733
-17.774 -29.612 -95.764
-14.900 -23.915 -95.054
-11.515 -19.098 -91.794
-10.069 -15.868 -86.249
-7.701 -17.096 -80.220
-7.034 -21.681 -75.426
-2.796 -26.921 -74.045
1.591 -31.773 -76.012
7.636 -32.402 -79.057
13.339 -29.447 -80.318
17.508 -24.695 -79.523
20.027 -18.837 -77.203
20.705 -15.231 -71.807
19.090 -13.710 -65.727
13.947 -14.163 -60.989
11.814 -18.360 -56.360
11.631 -24.980 -54.523
15.956 -29.706 -52.732
21.532 -31.381 -49.461
25.958 -29.808 -45.010
27.557 -26.111 -40.204
27.795 -20.978 -36.292
25.577 -16.134 -33.106
20.629 -12.286 -30.736
14.183 -12.386 -28.861
7.939 -14.086 -30.952
4.593 -19.447 -29.299
4.636 -26.209 -27.576
6.212 -29.657 -22.237
8.636 -31.166 -16.114
8.533 -29.422 -9.987
6.581 -25.231 -4.941
3.105 -20.193 -2.965
-2.365 -17.159 -2.835
-8.010 -14.367 -5.232
-12.894 -15.362 -10.226
-16.220 -20.649 -12.619
-18.125 -27.137 -12.390
-18.724 -32.691 -8.324
-21.291 -34.800 -3.180
-25.931 -33.673 1.400
-30.727 -30.713 4.251
-35.335 -25.931 3.981
-38.778 -21.093 0.952
-40.262 -17.916 -4.813
-39.930 -18.114 -11.116
-40.315 -20.609 -16.790
-40.694 -26.194 -20.915
-44.704 -31.734 -21.735
-50.197 -35.562 -19.900
-55.978 -35.226 -20.030
-62.186 -32.746 -19.811
-65.568 -28.106 -21.337
-66.713 -21.814 -23.191
-64.421 -16.839 -26.671
-60.373 -14.102 -30.988
-56.290 -13.469 -36.213
-52.476 -16.131 -41.502
-53.733 -20.268 -46.114
-56.490 -25.976 -48.760
-62.686 -26.246 -52.636
-66.936 -22.997 -55.761
-70.177 -18.346 -58.753
-70.219 -12.716 -61.397
-66.625 -8.141 -64.493
-60.643 -5.095 -65.747
-54.678 -6.458 -67.793
-49.509 -10.694 -68.754
-47.412 -16.024 -71.534
-48.381 -20.930 -76.171
-50.833 -22.374 -82.123
-54.695 -21.761 -87.418
-56.226 -5.253 -84.133
-61.183 -8.477 -83.973
-63.448 -14.444 -81.995
-63.649 -19.772 -78.114
-60.344 -24.273 -74.252
-56.854 -23.633 -68.515
-51.955 -20.553 -64.797
-51.277 -15.283 -60.817
-53.202 -10.170 -57.457
-57.382 -6.736 -54.072
-62.971 -6.067 -50.642
-67.646 -9.767 -47.862
-70.291 -14.822 -44.978
-70.030 -20.286 -41.465
-67.262 -26.312 -40.210
-62.317 -29.325 -38.170
-55.345 -29.505 -38.118
-51.343 -25.122 -34.806
-50.573 -19.123 -31.338
-53.011 -15.841 -26.379
-56.191 -15.937 -20.290
-57.802 -18.206 -15.220
-57.838 -22.909 -10.300
-54.767 -27.280 -7.540
-50.370 -32.414 -6.948
-44.712 -34.590 -7.384
-38.800 -35.767 -11.079
-35.284 -31.983 -15.108
-33.183 -25.806 -15.252
-30.901 -20.088 -12.218
-30.336 -16.482 -6.383
-28.256 -16.351 -0.305
-24.075 -19.031 4.407
-19.356 -23.267 6.267
-14.913 -27.940 4.912
-11.548 -31.307 0.507
-9.300 -32.202 -5.507
-7.993 -30.413 -11.599
-8.416 -26.202 -16.809
-5.037 -20.476 -18.217
-2.190 -14.487 -16.091
3.064 -12.393 -13.008
9.657 -13.635 -12.182
14.751 -17.589 -13.376
17.543 -21.745 -17.511
18.004 -27.680 -20.725
16.606 -29.267 -26.851
11.874 -29.152 -32.025
9.627 -25.112 -36.318
9.224 -19.130 -39.284
12.238 -13.425 -41.449
17.446 -11.940 -44.186
23.585 -12.263 -46.501
28.181 -15.053 -49.435
29.760 -18.687 -54.266
28.889 -23.588 -58.613
25.400 -28.055 -61.991
19.812 -30.720 -63.220
13.045 -29.978 -61.973
8.612 -25.161 -63.131
6.836 -18.671 -64.765
7.482 -14.086 -69.224
7.342 -13.071 -75.778
8.129 -14.764 -82.002
7.912 -19.067 -87.034
4.455 -23.809 -89.669
0.258 -28.868 -89.505
-3.297 -33.376 -85.757
-8.256 -33.096 -81.725
-12.692 -29.649 -77.726
-16.366 -23.990 -77.237
-20.362 -20.313 -80.849
-24.084 -19.159 -86.377
-27.226 -21.471 -91.052
-30.146 -26.723 -94.364
-33.014 -32.019 -94.230
-35.121 -37.841 -92.178
-35.796 -42.295 -87.124
-36.729 -42.205 -80.720
-36.719 -39.188 -74.987
-41.262 -34.494 -71.732
-45.972 -29.753 -71.837
-52.433 -28.759 -73.490
-58.130 -31.701 -73.914
-62.517 -36.870 -74.304
-63.862 -43.427 -72.905
-63.470 -47.791 -67.895
-60.238 -50.657 -63.827
-55.599 -51.017 -58.707
-51.830 -47.292 -54.530
-52.333 -41.339 -50.940
-56.592 -37.484 -47.344
-61.101 -37.275 -42.639
-64.502 -40.995 -37.833
-65.645 -46.604 -34.057
-63.527 -52.175 -31.320
-58.218 -57.364 -29.750
-51.962 -58.095 -29.517
-45.691 -55.944 -31.230
-41.524 -50.741 -29.048
-41.371 -44.509 -26.445
-42.673 -41.871 -19.880
-43.511 -42.411 -13.362
-42.733 -46.265 -8.074
-39.961 -51.197 -4.836
-36.148 -56.293 -4.472
-30.541 -59.223 -5.338
-24.948 -60.520 -8.813
-21.192 -58.433 -14.310
-18.477 -52.382 -15.678
-16.632 -46.218 -14.409
-15.521 -41.607 -9.537
-11.256 -40.982 -4.569
-5.843 -43.051 -1.200
-1.122 -46.775 1.171
3.257 -50.914 -1.610
5.990 -54.875 -6.012
6.703 -56.953 -12.176
5.759 -55.756 -18.861
4.669 -51.811 -23.822
4.495 -45.367 -26.690
8.649 -39.934 -26.805
14.165 -37.150 -26.054
20.618 -36.627 -25.598
26.008 -39.037 -28.029
29.349 -44.401 -30.478
29.780 -48.694 -34.252
27.231 -53.303 -38.869
21.845 -55.434 -41.970
17.531 -54.686 -46.772
12.820 -51.021 -50.508
13.179 -45.576 -53.930
15.515 -39.560 -55.895
20.271 -38.656 -60.649
24.694 -41.116 -65.059
26.420 -44.769 -69.195
25.824 -49.393 -73.753
21.895 -54.397 -76.060
15.557 -57.087 -76.783
8.969 -55.633 -76.965
4.172 -51.043 -76.968
2.103 -45.052 -78.641
2.454 -39.612 -82.261
4.189 -36.772 -88.434
7.268 -37.043 -94.529
58.994 38.513 34.688
63.579 42.730 33.029
62.300 48.245 30.330
64.875 50.170 25.560
63.252 53.404 21.359
42.088 43.005 -13.949
35.920 44.268 -12.179
35.115 49.005 -7.771
32.063 48.359 -2.919
32.600 47.591 3.761
2.869 26.398 23.532
5.110 29.668 28.710
11.048 28.851 30.857
12.627 27.587 36.466
16.474 23.493 39.559
13.266 20.539 44.562
7.791 23.091 46.538
6.296 24.346 51.979
-1.420 11.350 0.321
4.767 8.830 2.557
-0.069 4.087 5.189
-4.343 0.139 2.597
-7.932 -3.490 -2.042
-10.479 -4.719 -7.520
-8.364 1.872 -6.979
-7.405 -1.253 -12.819
-3.698 -4.338 -17.549
0.760 -0.232 -16.837
-1.559 5.512 -16.870
2.870 4.225 -15.125
8.293 -0.064 -16.818
12.764 -3.037 -12.090
14.635 -5.218 -6.489
15.534 1.511 -5.089
12.335 -1.934 -0.953
7.198 -4.502 3.088
1.335 -7.991 3.648
-2.424 -11.684 -1.070
-2.668 -13.756 -7.792
2.027 -11.913 -12.204
6.052 -8.881 -16.294
-43.914 -25.977 40.329
-40.547 -29.540 44.887
-34.497 -31.175 47.583
-28.374 -29.402 49.906
-24.813 -23.637 52.072
-25.445 -17.196 53.944
-29.999 -12.490 56.170
-35.617 -11.183 59.681
-37.854 -12.193 65.750
-37.771 -14.924 72.004
-34.733 -18.035 76.841
-28.894 -19.203 80.360
-21.492 -17.909 81.894
-16.262 -14.810 79.204
-13.596 -8.555 76.033
-15.763 -2.684 73.668
-19.623 2.829 76.491
-22.352 6.488 80.995
-22.048 9.090 87.581
-19.015 10.925 92.738
-13.089 12.903 94.719
-6.462 13.173 94.080
-1.177 12.810 90.472
1.540 13.148 84.766
0.216 16.110 78.388
-2.661 19.345 73.488
-7.837 23.894 72.246
-8.672 30.147 73.318
-8.080 36.164 73.653
-3.091 41.469 74.974
2.327 44.042 75.017
8.677 42.506 72.776
13.589 38.046 70.888
15.861 34.322 65.018
13.020 31.798 59.902
9.986 31.984 53.978
5.444 34.880 50.097
1.641 40.640 48.222
1.487 46.219 47.095
4.431 50.234 42.910
10.102 52.912 40.325
14.223 52.652 36.697
20.199 49.184 35.904
23.192 43.231 32.786
22.770 37.126 30.659
18.371 32.267 28.880
12.715 30.352 26.900
6.527 32.961 24.571
3.476 34.028 19.342
4.700 36.373 12.964
4.227 34.054 7.352
9.667 32.155 3.132
11.228 26.484 0.966
12.992 20.300 2.243
14.379 14.564 6.032
11.706 11.113 9.811
5.764 9.578 12.974
-1.115 9.548 12.613
-5.489 7.922 8.235
-7.954 4.572 3.639
-7.848 0.732 -1.711
-4.098 -4.141 -4.424
-0.615 -9.894 -3.391
4.153 -13.108 0.448
5.163 -16.697 5.604
2.824 -17.730 11.703
-1.405 -16.606 16.954
-7.546 -17.203 19.266
-14.103 -19.326 18.010
-18.026 -23.151 17.519
-19.146 -30.522 17.028
-18.385 -35.896 18.021
-16.563 -40.983 21.224
-12.368 -42.550 25.879
-7.470 -41.206 30.635
-3.992 -35.938 33.567
-5.976 -31.734 38.225
-10.911 -27.604 40.528
-17.145 -28.416 43.663
-20.400 -30.719 48.033
-21.485 -35.917 52.285
-18.884 -39.355 57.075
-15.370 -42.547 61.165
-8.865 -43.321 61.539
-3.825 -41.400 63.681
0.564 -36.761 63.945
2.356 -30.316 62.265
0.406 -24.512 63.770
-5.118 -19.754 65.220
-6.953 -18.100 71.763
-8.818 -18.592 78.045
-6.625 -20.556 83.895
-1.718 -20.916 88.314
3.623 -18.806 90.822
10.199 -18.715 89.268
13.927 -16.332 83.685
14.992 -10.702 80.117
13.741 -5.266 77.971
9.687 0.576 77.791
6.390 4.725 81.522
6.781 8.487 86.368
10.371 11.947 90.565
15.348 15.630 92.514
21.435 17.326 90.038
27.689 14.847 88.215
30.337 13.926 82.132
29.895 12.470 75.267
25.754 13.136 70.116
21.705 17.415 66.635
20.241 23.980 65.288
22.236 30.099 65.973
25.663 35.175 65.016
32.795 36.449 62.599
38.708 34.913 61.545
43.159 30.451 57.971
42.525 24.254 53.720
39.619 21.927 48.301
34.954 19.291 43.785
29.860 22.636 39.291
28.667 28.576 36.681
45.286 32.268 36.775
40.916 37.292 39.194
35.004 36.924 42.275
28.684 34.935 44.424
26.210 30.452 48.279
27.313 23.352 49.869
31.668 19.312 53.839
37.149 19.245 57.544
39.214 20.792 63.491
39.411 25.305 68.921
35.768 28.302 73.895
29.909 28.837 77.720
22.740 28.893 77.076
16.500 24.586 77.603
15.446 18.147 75.050
17.251 12.048 73.590
21.620 7.076 75.550
25.280 4.571 81.012
24.794 3.436 87.329
21.802 2.399 93.284
16.332 -1.737 94.661
9.690 -2.089 95.765
4.193 -2.519 92.266
0.608 -2.742 85.863
0.754 -5.543 80.312
4.061 -8.968 75.259
8.309 -13.521 74.537
10.614 -19.543 76.158
8.946 -26.197 77.430
5.006 -30.271 81.225
-1.761 -32.798 79.935
-7.277 -32.932 76.946
-12.900 -30.731 73.514
-13.995 -27.708 68.796
-12.346 -23.764 62.779
-7.969 -25.050 58.205
-3.698 -28.312 53.896
-0.762 -34.078 52.598
-2.963 -39.669 50.170
-6.776 -44.959 48.655
-12.329 -46.361 45.501
-18.237 -45.658 43.341
-21.297 -42.283 39.096
-22.489 -35.631 38.091
-20.804 -32.445 33.318
-16.803 -26.926 34.290
-10.512 -26.029 31.996
-5.025 -28.841 28.645
-3.199 -32.645 24.050
-2.606 -33.896 17.742
-4.294 -33.204 11.899
-7.553 -31.365 6.367
-9.999 -25.844 3.979
-13.051 -19.632 4.406
-14.472 -14.324 8.654
-10.593 -9.736 12.032
-4.602 -7.844 14.260
2.441 -8.065 13.414
7.897 -7.376 9.223
10.094 -3.636 4.544
8.664 -0.199 -1.729
5.253 3.478 -5.373
2.296 9.594 -4.534
-1.582 13.542 -1.305
-4.592 17.017 3.927
-1.278 19.498 9.378
2.991 18.592 14.662
9.305 19.264 16.981
15.694 21.528 15.668
19.852 25.327 13.163
20.260 31.465 11.343
18.564 38.285 10.318
14.043 42.211 13.425
10.348 45.123 18.021
8.099 45.645 23.861
5.620 40.656 28.385
7.916 35.950 32.899
13.203 32.714 36.287
18.186 34.341 39.920
20.031 38.130 44.055
21.252 41.849 47.297
19.314 46.740 51.502
15.089 49.642 54.914
9.385 50.515 57.769
3.114 48.594 57.825
0.147 43.694 57.482
-0.859 37.241 56.609
1.596 32.335 58.911
5.878 27.487 62.942
9.233 27.373 67.844
10.133 29.347 74.357
8.093 31.562 80.255
4.594 31.185 85.474
-1.989 29.644 88.019
-9.486 29.839 86.514
-13.732 26.861 82.541
-13.547 21.396 78.200
-11.490 15.853 76.292
-7.980 9.804 77.345
-3.599 6.377 81.410
-4.438 2.808 87.112
-7.811 -0.955 90.917
-13.896 -2.771 93.147
-19.836 -5.150 92.955
-25.793 -3.343 89.494
-28.387 -2.460 83.620
-27.922 -2.591 76.175
-23.341 -3.321 70.851
-20.198 -8.895 68.453
-18.238 -15.554 67.825
-19.767 -21.389 68.762
-24.907 -26.304 69.829
-31.561 -28.047 69.511
-37.062 -27.136 65.174
-41.630 -21.824 62.122
-41.335 -17.679 57.194
-38.100 -15.233 51.653
-32.714 -14.081 46.376
-28.356 -17.673 42.586
-25.762 -24.479 40.808
86.112 119.414 111.126
89.595 117.178 116.170
91.864 120.970 110.900
97.512 119.819 107.121
103.942 117.912 105.555
106.582 112.939 107.938
108.484 108.139 106.995
109.733 101.352 104.236
106.258 95.994 102.212
100.214 93.177 100.876
94.685 93.312 97.354
91.785 96.628 92.065
89.984 102.245 89.367
93.700 106.387 84.895
98.232 105.962 79.840
100.732 102.028 75.071
101.258 97.182 70.182
98.696 94.982 65.852
93.448 91.132 63.313
87.409 91.771 62.248
83.099 96.486 61.735
79.901 100.638 66.217
78.780 107.691 64.363
80.473 113.737 65.495
84.551 118.516 63.881
89.542 121.639 61.417
91.223 122.713 54.924
90.997 121.428 47.880
89.609 117.063 43.964
83.924 116.387 40.041
76.950 115.724 39.336
71.100 117.366 41.055
67.169 123.122 41.970
66.812 129.522 41.931
84.570 129.994 37.685
83.714 132.724 42.752
80.241 133.778 48.107
76.897 130.584 52.248
73.217 124.734 53.803
70.872 118.547 52.126
74.252 112.725 51.776
79.352 108.837 49.906
84.978 107.594 48.626
90.449 107.559 50.861
96.120 110.143 54.157
96.458 111.573 60.774
93.653 114.838 66.826
90.405 112.315 71.090
87.512 106.252 74.235
83.586 101.810 74.434
84.682 95.850 77.446
87.690 90.838 79.380
92.780 87.040 81.005
99.001 86.597 83.395
104.102 90.744 83.894
107.257 96.234 86.129
107.119 103.098 87.475
104.398 108.292 90.047
99.974 110.665 94.799
94.894 109.535 98.810
90.580 104.241 101.821
91.967 101.752 108.163
94.229 99.236 112.013
97.059 101.656 117.980
100.480 106.341 119.216
104.987 111.240 119.897
107.011 117.260 120.113
105.455 122.161 123.874
101.712 125.580 127.769
106.068 125.593 131.932
107.743 128.082 138.417
103.710 132.016 142.539
97.411 134.175 144.514
91.460 133.160 146.805
87.757 129.964 151.106
87.180 125.756 156.182
89.455 122.954 161.755
94.070 120.762 165.445
99.418 121.832 168.609
105.268 125.345 169.672
108.526 131.364 168.880
107.943 137.426 170.533
104.659 142.191 173.800
98.283 144.569 174.835
136.099 62.787 65.051
139.704 66.097 68.828
145.272 69.661 69.720
149.329 73.050 67.082
152.289 75.572 60.984
151.119 77.332 54.708
147.272 80.575 49.987
140.845 82.136 48.968
135.068 82.519 49.774
130.543 84.621 52.382
128.345 88.998 57.476
131.256 93.212 61.655
137.500 95.444 64.671
140.120 101.234 63.497
143.058 105.593 59.401
145.982 106.963 53.718
143.741 110.615 49.853
140.446 114.978 45.686
136.387 120.295 47.153
130.841 122.864 50.178
128.097 124.875 55.575
125.997 124.257 61.924
127.688 123.523 68.092
132.828 124.421 72.638
139.349 125.639 73.925
144.360 129.731 72.812
144.896 136.149 73.575
142.990 141.688 75.369
140.119 145.984 77.736
137.847 146.903 82.996
132.244 145.633 86.621
126.831 143.583 87.138
125.068 136.764 89.428
126.162 130.802 88.848
130.042 125.862 92.299
134.455 125.002 97.344
136.969 126.229 102.499
140.974 130.792 106.674
138.024 133.523 112.061
135.084 135.412 116.204
130.912 132.666 121.276
127.739 127.152 122.251
123.296 122.632 122.006
121.059 116.606 121.492
122.075 111.988 125.376
125.362 107.916 129.906
119.803 107.844 133.049
117.479 105.311 139.097
120.452 100.863 143.489
126.078 98.629 146.687
131.706 99.574 149.883
133.962 102.327 155.132
134.273 106.095 160.438
130.888 108.497 165.661
125.903 111.072 168.321
120.082 109.535 170.713
114.193 106.480 170.659
110.807 100.865 169.899
111.542 94.801 171.870
114.801 88.797 172.675
119.283 86.316 177.116
143.919 114.900 116.295
139.958 117.367 120.835
138.037 113.049 114.434
132.782 114.479 110.503
127.175 116.495 107.612
123.209 121.140 110.323
122.126 126.538 107.664
121.070 133.438 105.965
124.632 139.156 104.652
130.294 142.168 103.556
136.562 142.142 101.121
141.056 139.040 98.105
142.920 134.241 93.956
141.272 130.796 88.920
136.667 127.961 84.865
131.718 129.682 80.771
127.066 133.272 77.569
125.666 137.506 73.312
127.042 140.281 67.546
130.707 141.417 63.385
134.571 138.086 59.597
140.401 134.917 57.951
143.475 129.361 59.087
144.215 123.437 60.890
142.688 117.640 64.438
137.385 113.622 65.398
131.794 111.227 62.880
127.577 109.528 57.820
125.204 108.313 52.612
127.089 103.708 48.075
132.115 101.133 43.717
138.961 100.459 43.228
143.925 98.017 46.595
147.085 95.397 51.849
147.549 92.673 57.933
143.939 91.669 64.054
139.721 88.556 66.950
137.502 81.915 67.320
133.628 76.858 64.701
132.052 73.744 60.234
134.283 70.359 54.486
140.060 68.246 50.884
146.110 67.727 49.849
151.528 64.935 53.193
154.115 62.267 58.834
98.129 128.216 183.785
92.146 129.817 180.129
90.328 132.618 175.814
89.955 136.193 170.255
93.009 138.988 164.840
98.228 139.106 160.785
104.170 136.332 159.192
107.034 131.751 157.617
107.417 125.068 156.170
104.481 119.215 156.189
98.768 116.343 154.495
94.647 115.531 150.791
91.064 117.140 144.488
89.150 121.813 141.082
91.217 124.172 136.076
95.262 126.355 130.870
118.504 102.755 185.490
125.110 101.751 182.676
127.717 98.226 178.609
129.257 95.465 173.130
127.387 92.951 166.886
122.982 93.131 161.815
118.026 96.506 158.979
115.300 101.058 157.731
114.132 107.907 157.662
116.913 113.146 156.735
122.901 116.083 157.129
127.438 116.762 153.439
132.105 115.379 148.651
135.182 111.562 144.660
134.200 108.943 138.925
130.946 106.712 133.746
114.801 93.889 101.238
112.075 95.959 95.416
112.986 100.953 91.426
115.904 106.434 88.944
120.812 109.689 92.205
125.983 111.060 90.167
132.710 110.824 87.886
137.641 106.823 86.702
140.191 100.203 85.603
139.017 94.548 82.682
135.915 90.977 78.042
129.512 90.372 75.639
125.712 93.395 69.671
125.858 98.284 64.842
145.942 97.910 66.182
142.098 102.499 68.130
136.795 107.346 69.313
130.385 107.702 70.694
124.959 104.637 73.713
122.372 100.750 78.422
123.140 95.623 83.330
126.881 92.274 87.823
130.822 92.915 92.878
131.818 95.444 97.756
129.956 99.916 102.734
125.114 104.328 104.117
121.984 109.027 104.270
115.940 111.853 103.662
111.302 110.452 107.461
90.479 138.157 66.058
94.318 133.568 68.047
99.606 128.738 69.275
106.000 128.381 70.700
111.390 131.486 73.715
113.891 135.363 78.463
113.047 140.528 83.355
109.296 143.809 87.857
105.342 143.156 92.864
104.290 140.639 97.711
106.269 136.242 102.720
111.040 131.878 104.185
114.127 127.066 104.262
120.165 124.235 103.677
124.738 125.680 107.620
121.339 142.239 101.197
124.133 140.147 95.460
123.036 135.198 91.458
120.317 129.665 88.963
115.473 126.411 92.218
110.207 125.164 90.250
103.470 125.308 88.001
98.588 129.328 86.654
96.012 135.864 85.513
97.242 141.538 82.615
100.355 145.109 77.991
106.779 145.712 75.625
110.631 142.707 69.679
110.569 137.786 64.870
122.181 121.221 122.978
128.583 120.714 123.384
133.977 124.378 125.304
136.879 129.557 128.385
136.412 135.411 131.330
134.341 139.042 136.078
129.898 139.393 141.479
125.359 137.573 145.357
122.626 131.803 147.883
123.486 125.150 149.267
127.720 119.325 149.544
133.324 117.143 151.400
140.112 117.562 152.881
136.110 132.796 160.318
140.972 133.544 155.033
142.200 130.476 149.593
141.137 125.926 144.523
137.121 120.914 145.460
133.408 119.751 141.617
126.768 119.489 139.306
121.887 123.194 138.841
119.279 128.521 136.510
119.213 133.907 133.976
122.225 139.175 130.394
126.551 140.516 126.181
128.454 138.682 120.428
129.945 134.727 115.182
113.760 115.330 122.889
107.509 115.308 123.481
101.822 111.966 125.551
99.249 106.445 128.256
99.331 100.583 131.319
101.837 97.103 135.825
105.960 96.201 141.313
110.734 98.556 145.367
113.404 104.305 147.896
112.510 110.946 149.239
108.496 116.880 149.580
102.763 119.132 151.477
96.203 118.689 153.539
100.022 103.117 160.146
95.261 102.759 154.734
94.303 105.742 149.404
95.627 110.587 144.444
98.475 116.658 144.143
103.179 116.721 139.739
109.833 116.387 140.069
114.036 113.163 138.514
117.069 107.911 136.525
117.135 101.753 134.165
113.921 97.006 130.280
109.259 95.454 126.289
107.898 97.346 120.390
106.170 101.416 115.266
112.102 90.324 96.328
114.673 94.009 101.460
111.105 96.136 95.827
112.983 100.881 91.662
115.958 106.585 89.221
120.985 109.661 92.175
126.140 110.714 90.040
132.759 110.704 87.940
137.874 106.608 86.477
140.527 100.752 85.723
138.875 94.175 83.065
136.088 90.843 78.428
130.111 90.055 74.987
126.593 93.585 69.386
126.588 97.775 64.249
145.350 98.646 65.665
142.211 102.152 68.289
136.950 107.374 69.292
130.519 107.254 70.764
125.401 104.723 73.907
122.313 100.577 78.530
123.040 96.268 83.444
127.281 91.941 87.405
131.089 92.912 93.047
132.355 95.414 97.474
130.114 99.605 102.577
125.512 103.906 104.081
121.811 109.213 104.038
116.365 111.749 103.808
111.916 110.604 107.541
109.057 107.340 111.334
108.833 112.645 115.305
106.244 115.411 121.393
101.576 112.047 125.629
98.807 106.555 128.437
98.617 100.723 131.285
101.236 97.217 136.066
104.839 96.234 141.362
107.698 98.625 146.916
110.869 103.144 150.235
110.470 108.948 152.539
108.570 115.273 153.036
103.341 119.393 152.282
97.485 119.806 154.337
91.568 117.656 156.667
87.542 111.819 159.264
90.937 137.459 65.655
94.073 133.937 68.302
99.316 128.692 69.360
105.780 128.839 70.743
110.893 131.351 73.907
113.926 135.514 78.590
113.212 139.838 83.501
109.016 144.220 87.402
105.157 143.296 93.026
103.922 140.827 97.466
106.018 136.576 102.573
110.638 132.333 104.101
114.338 126.928 103.992
119.810 124.411 103.891
124.231 125.543 107.631
127.309 129.135 111.308
127.702 123.683 115.263
130.062 120.854 121.277
134.644 124.092 125.574
137.392 129.620 128.480
137.484 135.487 131.269
134.778 139.032 135.978
131.154 139.693 141.448
128.063 137.410 146.904
125.084 133.146 150.159
125.439 127.144 152.723
127.362 120.881 153.082
132.832 116.919 152.477
138.914 116.865 154.389
145.164 119.867 155.248
148.036 123.994 159.535
124.122 145.802 96.313
121.503 142.189 101.440
125.088 140.030 95.877
123.225 135.304 91.668
120.228 129.537 89.278
115.222 126.450 92.201
110.021 125.480 90.023
103.431 125.436 88.127
98.304 129.592 86.521
95.731 135.429 85.732
97.400 142.000 83.012
100.228 145.306 78.390
106.218 146.034 74.953
109.697 142.459 69.372
109.706 138.250 64.265
131.680 126.436 168.150
133.905 132.299 164.878
137.654 133.590 160.353
140.646 134.288 154.765
143.138 131.403 148.887
142.505 126.174 144.433
138.218 121.795 142.166
133.242 120.087 140.596
126.307 120.306 140.137
121.711 123.416 139.266
119.454 129.651 139.144
119.532 135.463 136.233
121.722 137.891 130.298
125.762 139.958 126.073
128.450 138.259 120.574
130.183 134.381 115.626
103.825 109.884 167.733
101.401 103.885 164.795
98.364 102.447 160.150
95.353 101.825 154.560
92.946 104.504 148.764
94.461 108.967 144.018
97.767 114.679 142.360
102.927 116.461 140.596
109.543 115.891 139.716
114.806 112.502 139.900
116.801 106.275 138.820
116.682 102.517 134.633
114.493 98.327 130.143
110.070 96.186 126.133
107.849 97.961 120.591
105.738 101.544 115.579
-5.877 21.836 -18.343
-1.635 22.397 -12.462
-0.448 20.109 -6.021
-2.557 17.753 -0.189
-8.727 19.588 -2.540
-8.055 14.256 -1.563
-7.760 7.366 -0.678
-8.535 1.618 -3.151
-12.998 4.548 -6.696
-12.852 0.893 -11.780
-13.195 1.181 -12.028
-11.023 2.339 -17.533
-6.959 5.045 -20.544
-1.193 8.485 -21.144
2.804 13.547 -19.374
5.383 17.893 -14.821
6.248 17.667 -7.869
5.252 12.788 -3.026
2.864 6.186 -3.363
-1.495 3.683 -3.512
-5.163 1.451 -8.358
-3.025 0.297 -13.359
-5.292 18.286 -25.798
-10.626 15.409 -27.366
-15.183 10.405 -28.868
-19.587 6.156 -27.721
-14.623 4.693 -24.300
-19.342 4.862 -21.119
-24.268 6.572 -16.639
-25.971 9.807 -11.292
-19.972 8.231 -9.775
-18.198 13.139 -5.884
-14.419 17.571 -7.831
-12.434 23.371 -9.493
-13.468 25.178 -16.112
-13.529 24.626 -22.928
-13.669 21.431 -28.830
-19.042 17.421 -30.938
-24.849 15.389 -28.315
-28.148 14.159 -22.712
-27.764 13.782 -17.429
-24.296 15.289 -12.379
-22.950 20.731 -11.610
2.597 -0.379 92.949
8.925 -3.314 92.411
12.657 -8.002 90.017
13.432 -14.615 87.025
11.861 -17.914 81.290
9.609 -17.196 74.953
6.181 -14.054 70.263
5.376 -8.456 67.108
6.586 -2.209 65.787
12.096 1.020 63.287
18.445 2.314 61.562
23.981 0.694 60.189
28.396 -4.061 57.459
29.779 -7.871 52.785
28.323 -13.855 49.335
23.556 -17.067 46.030
16.730 -17.310 44.743
12.721 -12.351 41.570
12.303 -5.787 39.341
15.221 -1.313 35.326
19.810 0.243 30.603
23.418 -1.834 25.155
24.291 -5.349 19.983
22.334 -11.179 15.555
16.561 -15.770 13.732
10.415 -16.932 13.760
3.880 -15.828 16.667
0.035 -10.530 17.601
-0.820 -3.344 15.990
-0.230 0.871 10.996
-0.353 2.618 4.523
-3.314 1.048 -1.205
-6.753 -3.148 -5.557
-11.433 -8.342 -5.576
-15.392 -13.297 -2.744
-19.338 -14.902 2.075
-22.267 -12.787 8.172
-23.675 -8.861 12.807
-26.177 -2.798 13.675
-29.324 1.835 12.178
-34.424 5.715 8.369
-40.740 4.060 4.473
-45.644 -0.407 4.533
-48.883 -5.344 6.641
-50.557 -10.916 9.876
-50.773 -15.195 14.947
-47.170 -16.134 21.377
-45.612 -11.729 26.771
-48.242 -7.339 30.888
-50.144 -1.279 32.411
-55.402 2.091 33.418
-61.892 1.547 35.113
-67.096 -1.981 36.934
-70.722 -8.169 38.253
-70.346 -12.584 43.772
-67.750 -18.511 45.340
-63.166 -21.231 48.890
-56.549 -20.697 50.622
-52.105 -16.486 53.476
-50.843 -10.921 56.696
-52.486 -6.341 61.582
-54.893 -6.348 67.281
-56.708 -8.823 73.362
-57.171 -13.893 77.677
-54.758 -19.910 79.835
-50.776 -25.028 79.424
-46.001 -28.622 76.007
-40.089 -27.798 73.649
-35.259 -23.798 71.545
-31.409 -18.357 72.850
-28.080 -15.369 77.963
-26.386 -14.734 84.495
-24.641 -18.196 89.648
-22.418 -23.908 92.463
-19.713 -29.745 92.292
-15.988 -34.630 89.895
-14.212 -38.671 84.547
-11.629 -37.524 78.431
-10.326 -33.156 73.531
-5.745 -28.151 72.331
-1.470 -23.294 74.660
4.379 -22.706 78.072
10.237 -25.651 79.643
14.335 -30.544 79.352
16.434 -37.019 78.094
17.011 -41.048 73.102
16.246 -42.418 66.712
11.879 -41.727 61.337
10.355 -37.443 56.468
10.547 -30.906 54.627
15.235 -26.225 53.146
20.984 -24.602 50.835
24.807 -26.074 45.893
28.358 -29.869 42.200
28.758 -34.626 37.968
26.529 -39.912 34.403
21.714 -44.194 31.804
15.506 -44.147 29.853
9.094 -41.831 30.737
6.149 -36.731 28.865
6.647 -29.601 27.273
8.397 -26.265 21.800
12.034 -25.091 16.002
12.264 -27.429 10.021
10.805 -32.847 5.148
7.450 -36.487 2.361
1.086 -40.534 1.825
-4.519 -42.784 3.983
-9.269 -41.280 8.895
-13.022 -35.917 10.398
-15.139 -29.544 9.561
-15.244 -24.051 5.546
-17.216 -21.555 -0.082
-21.855 -22.504 -5.335
-25.846 -25.908 -8.831
-30.696 -31.486 -8.681
-33.782 -36.439 -5.529
-36.143 -39.489 0.236
-37.028 -39.035 7.105
-36.671 -35.545 12.690
-38.555 -30.161 16.129
-42.430 -24.377 15.638
-48.893 -21.718 15.265
-55.402 -22.853 13.201
-59.947 -28.371 12.811
-62.290 -35.508 14.283
-60.659 -41.043 18.319
-57.960 -43.219 23.931
-55.683 -42.965 30.266
-52.669 -39.246 34.934
-53.702 -34.814 40.742
-58.317 -29.158 40.270
-63.870 -29.120 43.524
-68.484 -31.852 47.246
-71.430 -36.306 51.804
-71.559 -42.269 54.160
-67.876 -47.752 58.030
-61.925 -49.925 60.134
-54.951 -48.753 60.960
-50.486 -43.908 62.609
-49.254 -38.160 65.959
-50.945 -33.590 70.314
-54.072 -31.753 75.995
-57.551 -33.130 81.488
-62.681 -37.778 83.908
-50.795 -51.811 76.872
-58.307 -50.195 75.986
-63.667 -47.181 76.846
-66.494 -40.634 74.425
-66.483 -34.575 71.602
-62.905 -30.349 67.944
-58.384 -30.808 62.005
-54.124 -33.688 58.128
-52.258 -38.881 54.513
-53.922 -44.678 51.777
-57.876 -48.099 47.713
-62.829 -49.252 44.172
-68.009 -46.439 40.470
-70.038 -41.480 36.750
-69.679 -36.578 33.205
-67.044 -30.598 30.521
-61.459 -26.009 31.166
-54.764 -26.620 32.371
-50.279 -31.135 29.209
-48.580 -36.810 26.048
-49.607 -41.006 20.821
-52.293 -41.510 14.399
-54.515 -38.334 8.904
-53.499 -33.646 2.885
-49.064 -27.599 1.774
-43.001 -23.726 1.609
-37.110 -21.073 5.197
-32.649 -23.708 9.412
-29.908 -30.156 11.004
-27.860 -36.145 8.570
-26.319 -39.969 3.078
-23.819 -40.662 -2.847
-19.950 -38.580 -8.036
-14.881 -34.540 -9.618
-10.206 -28.912 -7.684
-7.407 -25.101 -3.348
-5.237 -24.285 3.420
-4.369 -26.197 9.434
-5.458 -30.132 14.939
-3.232 -35.940 16.680
-0.386 -42.121 15.282
5.482 -44.322 13.176
11.983 -43.231 12.568
17.456 -39.724 14.333
20.224 -34.815 17.697
20.367 -28.980 21.421
18.531 -27.153 27.285
13.070 -26.611 32.160
10.476 -30.835 36.265
9.555 -36.706 39.218
12.215 -42.409 41.660
17.109 -44.426 45.082
22.551 -44.232 48.326
27.294 -41.827 51.921
28.688 -37.721 56.871
27.573 -32.718 60.805
24.081 -28.321 63.650
17.826 -25.363 64.073
11.130 -25.832 61.900
6.696 -30.533 62.785
4.279 -36.777 64.475
4.128 -41.149 69.223
4.007 -42.401 75.794
3.953 -40.380 82.100
3.508 -35.721 86.910
-0.354 -30.866 88.874
-4.034 -25.429 88.019
-6.935 -21.038 83.534
-11.737 -21.352 78.880
-15.417 -24.955 74.818
-19.388 -30.761 74.219
-23.556 -34.707 77.900
-27.683 -35.062 82.735
-31.562 -32.224 87.276
-34.926 -27.174 90.081
-38.405 -21.733 89.414
-39.676 -15.404 86.872
-39.645 -11.593 81.395
-39.969 -11.597 74.893
-39.642 -15.265 69.337
-43.493 -20.209 66.133
-48.358 -25.170 65.975
-54.986 -25.856 66.869
-60.702 -23.074 66.748
-65.123 -17.721 67.198
-66.071 -11.974 64.804
-66.104 -7.428 59.691
-61.391 -3.956 55.802
-57.021 -4.293 50.942
-53.071 -8.152 46.985
-52.926 -14.315 44.274
-56.467 -18.650 40.186
-61.148 -19.261 35.359
-62.508 -17.164 30.543
-65.360 -12.875 26.252
-63.360 -7.854 23.032
-61.254 -1.390 21.366
-55.405 2.332 20.407
-48.956 2.245 21.588
-43.492 0.109 23.821
-39.363 -5.515 22.809
-38.571 -11.411 19.633
-39.195 -14.332 13.377
-38.130 -13.947 7.328
-37.058 -10.741 1.070
-35.160 -6.601 -2.817
-30.401 -0.660 -2.685
-24.832 1.987 -1.263
-21.424 4.928 4.151
-18.102 2.196 9.629
-15.750 -3.509 12.520
-12.979 -9.718 11.585
-11.145 -14.938 7.651
-7.073 -16.329 2.603
-1.260 -15.351 -0.255
4.295 -11.464 -1.322
8.273 -6.335 0.563
9.998 -1.495 5.165
9.839 0.256 11.632
8.313 -0.580 17.995
5.303 -4.818 22.670
6.923 -10.835 25.369
10.599 -16.096 26.254
16.635 -19.137 26.654
23.161 -17.484 28.653
28.175 -12.687 29.549
29.043 -6.230 32.336
26.499 -2.077 36.906
22.074 -0.093 41.517
17.751 -0.758 46.059
12.472 -4.979 49.362
12.713 -10.212 52.876
15.602 -16.283 54.421
19.982 -17.325 59.663
23.337 -14.859 65.178
24.295 -11.188 69.693
23.713 -4.773 73.100
19.329 -0.686 75.583
12.917 2.107 75.950
6.322 0.257 75.105
1.399 -3.996 75.412
-1.027 -9.961 77.110
-0.785 -15.397 80.946
0.353 -18.103 86.884
4.004 -18.170 92.864
6.328 -0.015 -93.231
12.854 3.240 -93.807
16.602 8.883 -91.383
17.265 15.016 -87.109
15.232 18.286 -81.972
12.574 17.044 -75.579
8.484 13.241 -71.416
7.280 7.691 -68.642
9.302 1.933 -66.232
13.667 -2.092 -63.796
19.779 -4.054 -62.243
25.844 -1.945 -60.267
29.365 2.488 -56.827
30.474 6.445 -51.893
28.517 12.399 -48.147
23.564 15.951 -45.973
16.764 15.902 -44.582
12.528 11.020 -42.333
11.730 4.306 -40.150
14.294 -0.467 -35.979
18.625 -1.646 -30.655
22.001 0.217 -25.195
22.015 4.120 -19.648
19.325 8.848 -15.805
13.662 13.368 -13.717
7.416 15.279 -14.137
1.245 13.816 -17.499
-1.823 8.487 -19.578
-3.265 1.535 -17.897
-3.632 -2.714 -12.762
-4.277 -4.503 -6.423
-7.405 -3.014 -0.543
-11.894 0.297 2.982
-15.951 6.385 3.257
-20.663 9.667 0.423
-23.261 12.636 -5.334
-25.826 11.090 -11.672
-26.597 8.133 -16.983
-29.124 2.488 -19.790
-31.751 -3.440 -18.298
-37.101 -6.491 -15.643
-44.288 -6.681 -13.399
-49.471 -2.994 -12.311
-52.837 2.776 -14.414
-53.253 8.997 -16.193
-52.669 13.531 -22.238
-49.569 14.470 -27.432
-47.409 11.410 -33.703
-47.673 6.189 -37.555
-50.761 0.595 -40.429
-56.387 -2.349 -41.819
-62.742 -1.110 -44.002
-67.792 2.173 -45.278
-70.158 5.899 -49.192
-70.211 12.174 -50.653
-67.099 17.499 -55.128
-61.503 20.820 -54.831
-55.795 20.463 -56.852
-50.743 16.225 -59.446
-49.146 10.500 -63.098
-50.634 6.453 -68.475
-52.478 6.570 -74.558
-53.300 9.744 -80.436
-53.530 14.858 -84.594
-50.930 20.638 -86.159
-46.701 25.418 -85.348
-42.716 29.401 -81.077
-36.962 28.240 -78.267
-32.370 24.070 -76.074
-28.372 18.750 -77.279
-24.769 15.885 -82.325
-22.469 15.898 -88.563
-20.101 19.528 -93.420
-17.147 24.853 -95.485
-14.366 30.663 -94.906
-11.127 35.488 -91.908
-10.088 38.946 -86.112
-7.475 37.807 -80.164
-7.279 33.080 -75.271
-2.772 27.973 -73.984
1.695 23.179 -75.878
7.847 22.438 -78.638
13.640 25.601 -79.966
17.716 30.400 -79.284
19.880 36.596 -77.112
20.461 40.207 -71.822
19.240 41.526 -65.269
14.004 40.917 -60.655
11.943 36.652 -56.292
11.864 29.974 -54.267
16.198 25.179 -52.807
21.571 23.600 -49.526
25.940 24.707 -45.050
27.810 27.977 -39.726
28.406 33.669 -36.021
26.097 38.236 -32.523
21.117 42.250 -29.945
14.609 42.628 -28.849
8.337 40.612 -30.340
4.885 35.188 -29.212
5.016 28.162 -28.053
6.227 24.407 -22.031
8.849 23.257 -16.152
8.867 25.205 -9.761
7.621 30.210 -4.746
4.239 34.954 -2.468
-1.585 38.001 -2.339
-7.762 40.450 -4.857
-12.602 39.573 -9.855
-16.015 34.421 -12.374
-18.297 27.838 -11.956
-18.681 22.287 -8.317
-21.022 20.021 -2.617
-25.970 20.884 2.239
-30.608 23.970 5.375
-35.137 29.128 4.642
-37.913 34.335 1.488
-39.516 37.369 -4.500
-39.947 37.535 -11.060
-39.287 34.576 -17.041
-40.811 28.907 -20.845
-45.058 23.687 -21.463
-50.756 20.491 -20.330
-57.729 21.402 -20.190
-62.512 27.280 -20.050
-63.065 34.093 -20.671
-63.294 38.948 -25.110
-59.604 42.220 -30.565
-56.044 41.904 -36.177
-51.962 39.267 -40.942
-52.997 34.559 -45.832
-56.302 29.659 -48.817
-62.193 28.783 -52.181
-67.074 32.419 -55.294
-69.709 36.733 -58.464
-70.166 42.621 -61.664
-66.494 47.436 -64.545
-60.539 50.465 -65.704
-53.576 48.985 -68.136
-48.947 44.619 -69.034
-46.912 38.573 -71.433
-47.946 34.201 -76.194
-50.507 32.332 -81.971
-54.162 33.258 -87.698
-56.609 38.557 -91.740
-48.314 51.732 -82.229
-55.391 51.453 -84.948
-60.980 47.100 -84.749
-63.870 40.897 -81.472
-63.589 35.427 -78.234
-60.195 30.783 -74.175
-56.159 31.323 -67.936
-51.265 34.596 -64.895
-50.574 40.044 -60.656
-52.494 45.182 -57.445
-56.649 49.039 -54.395
-62.060 49.336 -50.590
-67.038 45.729 -47.658
-69.918 40.874 -45.109
-69.968 35.030 -41.471
-67.425 29.695 -39.267
-62.013 25.447 -38.431
-55.180 25.783 -38.547
-51.002 30.472 -35.100
-49.796 36.010 -31.510
-51.506 39.884 -26.076
-55.182 40.189 -20.279
-57.287 37.202 -14.706
-56.475 32.639 -10.005
-52.862 26.455 -7.742
-47.233 21.750 -7.018
-40.529 19.834 -9.888
-36.176 22.252 -14.082
-32.700 28.573 -14.857
-30.737 34.609 -12.088
-29.912 38.236 -6.447
-27.954 38.395 -0.030
-23.877 36.521 4.715
-19.691 31.079 6.728
-14.672 26.867 5.934
-11.514 23.339 1.461
-9.270 22.395 -5.212
-7.942 24.167 -11.007
-8.209 28.895 -16.276
-5.210 34.615 -17.572
-1.931 40.222 -15.788
3.590 42.699 -12.861
9.863 41.400 -12.043
15.381 36.833 -12.832
17.854 32.289 -16.187
18.153 26.511 -20.113
16.872 24.933 -25.993
12.145 25.198 -31.785
10.050 29.519 -36.191
9.486 35.786 -38.977
12.547 41.530 -40.576
18.509 43.452 -43.387
23.833 42.774 -45.971
28.316 40.208 -49.613
29.663 36.787 -54.451
29.711 31.748 -58.707
25.956 27.482 -62.020
19.867 24.494 -63.342
13.251 24.824 -61.471
8.785 29.949 -62.795
6.933 36.440 -64.386
7.329 40.859 -69.009
7.570 41.899 -75.574
8.183 40.408 -81.905
7.967 36.162 -86.900
4.723 31.229 -89.405
0.620 25.797 -89.176
-3.023 21.483 -85.317
-7.980 21.660 -81.268
-12.207 25.257 -77.495
-16.049 30.997 -76.924
-20.180 34.767 -80.677
-23.443 35.772 -86.244
-27.004 33.109 -90.824
-29.900 28.159 -94.101
-33.158 22.694 -94.160
-35.209 16.730 -91.994
-35.777 12.700 -86.720
-36.886 12.419 -80.381
-36.863 15.774 -74.519
-41.083 20.420 -71.482
-45.759 25.359 -71.718
-52.236 26.295 -73.121
-57.891 23.628 -73.590
-62.531 18.535 -74.918
-64.195 12.689 -72.794
-64.011 7.802 -67.852
-60.143 4.054 -63.542
-55.774 4.016 -58.483
-52.115 7.969 -54.110
-52.415 14.108 -50.644
-56.330 17.725 -46.969
-61.070 18.038 -43.018
-63.327 16.559 -38.111
-66.715 11.132 -34.323
-66.149 6.244 -31.601
-63.071 0.680 -29.348
-57.434 -2.998 -29.023
-51.096 -3.120 -29.065
-45.007 -0.771 -30.953
-41.640 4.621 -28.522
-40.966 11.249 -25.629
-41.382 13.589 -19.475
-41.131 12.618 -13.053
-42.057 8.711 -7.259
-39.573 4.050 -3.891
-35.752 -1.924 -2.975
-29.653 -4.765 -4.304
-24.540 -6.344 -8.621
-20.952 -3.659 -13.689
-18.583 2.384 -15.688
-16.128 8.291 -13.918
-14.881 13.416 -9.649
-11.020 14.237 -4.076
-5.734 13.413 -0.457
-0.608 8.959 0.964
3.469 4.246 -1.265
6.233 -0.873 -6.118
6.061 -2.950 -12.172
5.571 -1.435 -19.084
3.297 2.969 -23.878
5.139 9.050 -26.454
9.111 14.368 -26.524
15.057 17.683 -26.033
21.416 15.955 -26.790
26.648 10.608 -28.586
27.836 4.463 -31.048
25.292 -0.239 -36.197
20.797 -1.499 -41.398
17.640 -0.197 -46.324
12.676 3.886 -50.096
13.112 9.462 -53.356
16.119 15.196 -55.484
21.289 16.120 -60.056
25.292 14.424 -64.314
27.164 10.272 -69.205
26.070 5.108 -73.430
21.735 0.072 -76.270
15.319 -2.594 -76.510
9.028 -0.908 -76.690
4.220 4.009 -76.509
2.244 9.965 -78.169
2.744 15.429 -81.923
4.332 18.100 -88.061
8.082 18.340 -93.888
-2.539 -0.278 -92.460
-9.154 -3.924 -92.732
-12.471 -9.187 -90.426
-13.120 -15.479 -86.830
-11.789 -18.556 -81.685
-9.462 -17.844 -75.144
-6.659 -14.458 -70.327
-5.205 -8.641 -67.197
-7.674 -2.655 -65.798
-12.470 0.359 -63.552
-18.594 2.298 -61.660
-24.828 0.036 -60.602
-28.745 -4.551 -57.641
-30.128 -8.976 -53.411
-28.328 -14.534 -49.144
-23.560 -17.476 -45.840
-16.904 -17.273 -44.282
-12.891 -12.389 -41.814
-12.789 -5.677 -39.451
-15.685 -1.681 -35.314
-20.394 -0.066 -30.799
-24.043 -1.808 -25.615
-24.871 -5.721 -19.924
-22.868 -10.881 -15.906
-17.621 -15.621 -13.697
-11.149 -17.830 -13.931
-4.548 -15.952 -16.473
-0.640 -10.905 -17.408
0.713 -3.884 -15.781
0.091 0.479 -10.755
-0.655 2.057 -4.353
1.980 0.268 1.865
6.217 -3.250 5.931
10.373 -8.904 6.138
13.757 -13.634 3.437
18.669 -14.856 -1.483
22.933 -13.646 -7.507
22.858 -9.452 -12.333
26.654 -4.120 -14.891
28.858 1.276 -12.088
33.589 4.687 -8.308
39.699 3.801 -4.514
44.744 -0.436 -4.089
48.494 -5.343 -5.947
49.406 -10.951 -8.936
50.048 -15.080 -15.370
46.882 -15.661 -20.769
45.711 -12.099 -26.917
46.527 -6.912 -30.501
49.511 -1.172 -32.769
54.987 1.999 -33.443
61.773 0.462 -34.303
66.179 -2.443 -36.433
69.869 -6.736 -39.467
70.743 -13.595 -41.920
67.642 -17.518 -47.122
62.000 -21.047 -47.142
56.623 -20.124 -50.466
52.026 -15.430 -52.836
50.388 -10.608 -56.509
52.593 -6.070 -61.208
54.728 -5.976 -67.228
56.399 -8.918 -72.974
57.216 -13.807 -77.118
54.672 -19.531 -79.588
50.541 -25.012 -79.169
45.469 -28.238 -76.076
39.755 -27.369 -73.335
35.150 -23.692 -71.255
31.304 -18.468 -72.702
28.136 -15.415 -77.773
26.251 -15.336 -84.112
24.414 -18.468 -89.320
22.008 -23.970 -92.345
19.405 -29.869 -92.230
16.418 -34.957 -89.477
14.305 -38.829 -84.024
11.884 -37.696 -78.171
10.287 -33.381 -73.345
5.819 -28.516 -72.191
1.554 -23.902 -74.417
-4.450 -23.226 -77.815
-9.896 -26.044 -79.827
-14.097 -31.146 -79.625
-16.391 -37.257 -77.600
-16.725 -41.416 -72.834
-16.108 -42.837 -66.513
-11.808 -42.159 -61.050
-10.356 -37.976 -56.148
-10.773 -31.456 -54.166
-15.406 -26.975 -52.908
-21.125 -25.552 -50.344
-26.007 -27.073 -46.581
-28.198 -30.308 -41.762
-29.278 -36.233 -38.668
-26.765 -40.393 -34.643
-21.851 -44.478 -31.794
-15.746 -44.651 -29.811
-9.471 -42.251 -30.157
-6.201 -37.134 -28.577
-6.347 -30.377 -26.682
-8.964 -26.682 -21.736
-11.915 -25.517 -15.989
-11.859 -27.894 -9.549
-11.123 -32.379 -4.723
-7.388 -36.926 -1.991
-1.889 -40.459 -0.875
3.994 -43.196 -4.138
9.141 -41.543 -8.336
12.927 -36.303 -10.020
15.183 -30.018 -9.334
15.566 -24.570 -5.444
16.881 -22.190 0.614
21.795 -23.506 5.962
26.332 -26.524 9.188
31.160 -31.578 8.601
34.101 -36.850 6.037
35.978 -39.846 -0.225
37.102 -39.621 -6.721
36.514 -36.129 -12.493
38.225 -30.578 -15.886
43.349 -26.263 -16.545
48.300 -22.481 -14.810
55.119 -23.027 -13.454
60.199 -28.461 -12.330
61.601 -35.188 -13.759
60.685 -40.748 -17.646
57.409 -43.436 -23.625
55.854 -42.867 -30.154
52.454 -39.563 -35.077
53.227 -34.509 -40.502
57.429 -29.399 -40.372
63.279 -28.393 -43.316
67.608 -31.549 -47.061
71.244 -35.707 -50.364
71.022 -40.907 -54.008
67.846 -46.579 -56.222
62.177 -49.162 -59.643
55.707 -48.315 -61.134
50.810 -44.044 -62.690
49.217 -38.006 -65.897
50.980 -33.577 -70.292
54.007 -31.643 -75.592
57.354 -32.526 -81.472
61.102 -37.121 -84.996
51.080 -51.214 -75.856
58.789 -50.350 -76.201
64.028 -46.850 -76.543
67.108 -40.672 -74.193
66.641 -35.208 -71.090
62.615 -30.434 -67.318
58.771 -30.772 -62.135
54.193 -33.453 -57.907
52.214 -39.152 -54.720
53.408 -44.165 -51.363
57.657 -48.784 -47.468
63.341 -49.495 -44.857
67.469 -46.204 -40.594
69.381 -42.066 -36.684
69.305 -35.941 -32.884
66.648 -30.652 -30.447
61.339 -26.038 -30.593
54.803 -26.812 -31.917
50.172 -31.543 -29.228
48.462 -36.882 -25.918
49.744 -41.013 -20.775
52.825 -41.911 -14.779
54.793 -38.860 -8.924
53.888 -34.545 -3.977
49.073 -29.167 -1.743
44.378 -24.225 -1.715
37.730 -22.160 -4.499
33.562 -24.307 -9.227
29.604 -30.100 -10.456
27.827 -36.344 -8.377
26.737 -40.292 -3.268
23.863 -40.552 2.905
20.051 -38.772 7.678
15.038 -34.648 9.330
11.073 -29.566 8.278
7.295 -26.183 3.288
5.492 -24.661 -3.202
4.979 -26.357 -9.305
5.693 -30.733 -14.647
2.969 -36.322 -16.339
0.162 -42.412 -14.985
-5.930 -45.085 -12.710
-12.070 -43.831 -12.356
-17.470 -39.483 -13.210
-20.399 -35.356 -17.531
-20.528 -29.501 -21.000
-18.518 -27.146 -26.265
-13.705 -27.298 -31.616
-10.856 -31.255 -35.910
-9.679 -37.220 -39.123
-12.042 -42.744 -41.222
-17.449 -44.826 -44.967
-22.216 -44.627 -48.134
-26.603 -42.474 -52.328
-28.812 -38.770 -56.621
-27.503 -33.471 -60.670
-23.556 -28.586 -62.885
-18.024 -25.851 -63.644
-11.369 -26.480 -61.742
-6.765 -30.963 -62.758
-4.423 -37.237 -64.159
-4.036 -41.507 -68.928
-3.887 -42.880 -75.288
-4.082 -41.064 -81.651
-3.274 -36.494 -86.520
0.423 -31.316 -88.672
4.071 -25.773 -87.553
6.963 -21.640 -83.343
11.652 -21.808 -78.788
15.466 -25.388 -74.594
19.646 -30.800 -73.982
23.982 -34.255 -77.512
27.803 -34.921 -82.624
31.947 -32.284 -87.232
34.974 -27.043 -89.744
38.212 -21.638 -88.919
39.669 -15.208 -86.536
39.501 -11.670 -81.236
39.881 -11.645 -74.610
39.837 -14.924 -68.962
43.345 -19.874 -65.783
48.054 -24.835 -66.093
54.428 -25.613 -66.649
60.301 -23.002 -65.428
64.980 -17.975 -66.208
66.095 -12.171 -64.484
65.859 -7.181 -59.847
61.542 -3.996 -55.269
56.788 -4.074 -50.709
52.547 -7.824 -46.824
52.634 -14.044 -43.815
56.124 -18.364 -40.155
60.367 -19.300 -35.561
61.797 -18.153 -30.097
63.697 -12.795 -25.174
63.038 -7.378 -23.122
60.390 -1.585 -20.905
54.942 1.636 -19.559
48.357 2.454 -21.463
43.507 -0.680 -24.252
39.669 -5.933 -22.299
38.289 -11.964 -19.176
38.746 -14.864 -13.573
39.200 -14.729 -7.729
37.440 -11.975 -0.917
34.873 -7.152 2.331
30.844 -2.204 3.194
24.779 1.337 1.391
20.600 3.680 -3.506
17.610 1.469 -9.283
14.943 -4.098 -12.072
12.120 -10.333 -11.175
11.062 -15.400 -6.977
5.954 -17.136 -2.160
0.261 -16.450 0.123
-5.070 -11.926 1.123
-8.754 -6.648 -0.377
-10.401 -1.529 -4.980
-10.252 0.157 -11.299
-8.480 -0.844 -17.814
-6.114 -5.066 -22.799
-7.520 -10.994 -25.607
-11.042 -16.362 -26.153
-17.062 -19.356 -26.690
-24.238 -17.737 -28.524
-28.385 -12.278 -29.791
-29.293 -6.497 -32.378
-26.720 -1.516 -36.870
-21.914 -0.490 -41.870
-18.207 -1.466 -46.007
-12.618 -5.160 -49.325
-12.421 -10.620 -52.836
-15.034 -16.528 -55.348
-19.425 -17.431 -60.264
-23.488 -15.840 -64.973
-24.011 -12.012 -69.856
-23.751 -6.089 -73.509
-19.250 -1.333 -75.693
-13.166 0.867 -76.279
-6.749 -0.208 -75.547
-1.415 -4.536 -75.547
0.820 -10.421 -76.830
0.676 -15.716 -80.681
-0.281 -18.384 -86.826
-3.522 -18.739 -92.726
