37.125 39.258 59.446
42.358 41.980 57.150
48.035 40.776 53.501
51.317 35.878 49.658
52.418 30.337 47.595
50.083 24.710 45.122
45.600 20.655 42.562
40.791 20.228 38.430
34.603 22.242 35.590
32.594 28.219 32.853
34.194 33.988 30.380
38.128 37.200 25.787
44.006 38.098 22.137
47.495 34.123 17.923
48.208 29.193 13.882
46.719 23.438 10.735
40.643 20.252 7.913
35.599 37.888 8.338
30.357 33.753 10.588
30.108 27.971 13.834
31.904 21.497 14.761
36.752 18.900 18.623
42.536 20.085 21.817
48.251 22.776 23.893
50.435 27.344 28.352
49.678 33.695 31.445
44.942 37.385 34.502
38.992 37.605 37.421
35.268 34.867 42.227
32.698 29.495 45.788
35.344 25.310 50.155
40.676 23.269 54.557
47.274 23.000 56.853
51.670 27.086 59.740
7.079 33.698 -3.363
7.854 39.047 -0.175
7.302 45.473 0.626
8.125 21.015 57.952
7.388 27.113 56.702
7.936 33.185 58.643
7.127 33.898 -3.528
7.808 39.116 -0.477
7.226 45.428 0.485
7.487 26.907 56.833
8.002 33.095 58.531
7.184 34.006 -3.679
7.944 39.313 -0.576
7.300 45.665 0.466
8.217 20.982 58.246
7.427 26.988 56.945
8.019 33.107 58.643
7.213 33.671 -3.353
7.739 39.045 -0.446
7.189 45.397 0.564
7.510 26.858 56.851
8.015 33.027 58.453
7.947 39.064 0.184
7.299 45.446 0.778
7.289 27.235 56.923
7.879 33.341 58.803
8.338 -10.240 9.856
10.630 -4.567 7.021
12.715 -1.741 1.317
12.181 -1.786 -5.313
9.380 -4.017 -10.857
4.416 -6.631 -14.245
-1.980 -8.161 -15.145
-8.272 -7.818 -13.222
-13.416 -5.196 -10.049
-16.211 0.297 -7.471
-16.419 7.090 -6.695
-14.116 13.340 -8.313
-7.701 6.878 -23.090
-3.408 8.675 -18.269
-2.033 9.772 -11.824
-3.545 8.682 -5.309
-4.380 4.115 -0.823
-5.707 -2.075 0.858
-5.532 -8.646 0.168
-2.549 -14.030 -2.448
2.754 -16.827 -5.029
9.085 -16.854 -6.844
15.373 -14.495 -6.552
20.009 -10.717 -3.190
5.751 -0.632 11.777
7.627 4.408 7.573
7.210 8.356 3.400
9.569 6.040 -2.820
2.822 -4.574 12.675
6.879 -0.266 10.020
6.666 5.663 8.818
10.873 8.461 5.034
-113.184 23.983 -27.056
-109.971 17.984 -27.148
-103.902 14.488 -28.286
-97.405 14.461 -31.200
-91.756 17.984 -32.337
-87.995 22.700 -30.488
-84.925 25.258 -25.512
-84.683 29.210 -20.352
-86.613 27.891 -13.781
-87.957 24.302 -8.136
-86.986 18.777 -5.076
-83.888 12.906 -4.304
-79.764 8.515 -5.946
-73.935 7.448 -8.718
-67.872 8.580 -10.566
-62.295 11.561 -9.636
-58.297 16.601 -7.991
-69.772 10.306 7.706
-70.989 16.935 5.880
-70.227 21.882 2.058
-70.037 24.513 -4.145
-68.007 24.023 -10.942
-70.197 19.895 -15.769
-74.135 14.861 -18.168
-78.783 10.048 -18.386
-85.142 9.262 -18.001
-91.276 11.564 -17.084
-95.969 15.913 -14.190
-97.685 21.919 -14.218
-98.887 27.782 -17.875
-97.053 32.623 -22.376
-97.193 32.445 -29.062
-98.228 29.918 -34.711
-99.786 25.501 -39.740
-15.333 6.102 3.490
-9.849 2.723 5.412
-3.297 1.140 3.993
2.787 2.464 3.103
8.394 5.506 4.061
10.787 10.714 8.070
11.194 16.920 10.862
8.822 20.350 15.997
5.055 19.774 21.704
0.497 16.908 25.979
-0.866 12.120 29.811
1.158 7.146 33.779
16.265 2.356 23.617
10.526 0.041 21.892
4.068 -0.025 20.222
-1.284 3.867 20.526
-4.871 9.647 20.668
-5.249 15.713 18.479
-4.427 18.527 12.122
-2.029 20.228 6.806
1.291 20.445 0.947
2.933 15.704 -3.756
2.438 9.250 -5.789
-0.793 3.596 -6.656
3.119 31.234 33.551
-1.287 33.958 29.044
-7.364 32.678 29.074
-10.563 32.050 25.219
-15.791 28.830 22.365
-21.060 27.521 23.671
-26.859 29.084 21.006
-31.782 30.825 23.187
-36.752 29.944 -10.999
-33.685 33.668 -6.536
-27.599 32.719 -5.318
-25.077 32.584 -0.048
-20.109 29.249 3.381
-14.656 27.029 2.313
-9.862 27.860 6.483
-4.285 29.028 5.313
37.033 7.058 -5.544
32.478 11.416 -3.543
26.192 14.102 -3.772
20.237 12.591 -0.895
16.539 8.223 2.621
12.644 13.373 -0.303
9.734 18.413 3.285
6.703 20.743 8.916
4.399 21.755 15.186
7.197 22.422 21.596
12.455 22.346 25.922
18.538 24.744 26.541
23.908 28.183 24.477
27.597 31.741 20.306
27.808 36.628 15.570
9.883 38.111 16.826
12.832 36.258 11.066
16.969 32.140 8.331
21.348 26.908 8.855
24.718 22.239 12.638
23.740 17.608 17.423
19.895 13.636 21.180
14.226 10.220 21.011
8.633 8.783 18.346
29.872 -1.631 7.852
26.291 -4.384 3.370
22.692 -3.983 -2.172
22.669 -3.857 -2.214
21.001 -1.052 -7.673
19.276 -0.101 -6.939
20.982 4.500 -11.997
5.231 5.048 14.654
4.051 2.606 13.794
4.279 1.364 16.145
-6.008 -29.678 -49.106
-7.422 -27.280 -41.706
-10.614 -29.782 -35.747
-8.421 -32.717 -30.918
-3.369 -36.655 -28.120
2.953 -36.791 -27.270
9.220 -36.260 -28.711
15.264 -33.248 -31.496
17.228 -27.227 -32.662
17.495 -20.641 -31.575
16.719 -15.476 -27.309
13.572 -12.250 -21.974
12.556 -14.068 -15.420
13.600 -17.437 -10.030
18.343 -21.166 -6.007
24.369 -23.664 -5.552
30.287 -23.367 -5.317
36.729 -23.021 -8.033
41.297 -18.071 -10.127
28.350 -8.383 -1.526
32.055 -8.096 -3.433
30.867 -6.257 -9.433
32.851 -9.082 -15.901
33.518 -15.469 -18.885
30.602 -21.295 -19.249
26.718 -26.204 -18.207
21.496 -29.919 -15.364
14.760 -28.507 -14.040
9.250 -25.540 -15.264
5.006 -22.325 -19.384
3.799 -17.984 -24.878
5.806 -17.998 -31.444
8.438 -20.478 -36.887
9.116 -26.389 -40.664
8.399 -33.081 -41.040
6.098 -38.826 -40.083
1.366 -43.440 -38.298
-5.088 -44.324 -35.879
-7.539 -35.109 -9.532
-11.257 -28.744 -8.318
-14.456 -24.738 -3.440
-12.659 -21.544 2.265
-9.276 -20.736 8.174
-3.922 -17.215 9.389
1.751 -13.460 7.759
6.131 -10.509 4.344
7.040 -6.429 -0.831
4.492 -2.198 -4.862
-0.193 1.777 -8.058
-5.225 4.917 -7.529
-10.901 7.717 -4.647
-13.433 9.734 0.732
-12.470 11.443 7.020
-8.445 12.761 12.193
-2.453 14.736 14.283
-3.630 24.510 -1.094
1.183 19.296 -2.607
4.726 14.324 0.262
5.119 9.492 4.579
2.328 5.556 8.892
-3.611 2.597 10.763
-9.356 0.198 9.691
-12.755 -2.448 4.222
-13.229 -5.276 -1.974
-10.726 -8.245 -6.967
-5.741 -12.006 -9.494
0.561 -14.622 -9.949
4.557 -18.275 -6.876
5.535 -23.175 -2.270
3.964 -27.023 2.865
-0.458 -30.338 6.681
-6.442 -32.885 7.902
-3.369 -34.478 -9.425
-7.200 -28.456 -6.970
-9.405 -25.119 -1.157
-6.390 -21.668 3.875
-1.539 -20.633 8.630
3.467 -16.370 8.545
8.276 -12.185 5.488
11.046 -8.651 1.227
10.000 -4.405 -3.825
6.125 -0.464 -6.919
0.369 2.997 -8.470
-4.654 5.523 -6.622
-9.635 7.726 -2.066
-10.665 9.284 3.984
8.062 11.150 2.471
7.086 6.873 7.295
2.261 3.210 10.584
-3.383 0.268 11.066
-7.767 -2.786 6.689
-9.543 -5.562 0.711
-8.348 -8.077 -4.916
-3.986 -11.186 -8.913
2.235 -13.037 -11.282
7.164 -16.689 -9.448
10.013 -21.233 -5.531
10.467 -25.207 -0.349
7.496 -29.054 4.414
2.418 -32.333 7.160
17.818 -3.387 55.203
15.264 3.161 53.884
11.970 6.274 60.061
6.237 6.954 63.387
0.777 4.551 66.249
-0.789 1.371 71.100
-1.503 -4.901 74.681
3.151 -8.761 77.222
9.552 -9.251 80.328
14.448 -6.315 83.703
16.641 -1.583 87.801
15.661 3.703 92.395
11.771 8.414 95.535
5.569 9.317 97.856
0.407 7.155 101.073
-2.263 3.881 105.909
-3.664 -2.763 107.931
14.451 -2.737 107.328
11.032 -7.687 104.511
6.290 -9.278 100.238
-0.049 -8.203 97.171
-2.188 -3.345 93.211
-1.693 2.617 90.438
0.609 7.600 86.685
5.401 8.883 82.249
12.107 8.754 80.161
15.545 4.266 76.851
16.713 -2.069 74.398
14.169 -7.937 72.379
9.345 -10.277 68.433
3.291 -10.766 64.917
0.294 -6.997 60.620
0.011 -0.880 56.394
1.149 2.431 52.129
8.428 28.802 -3.575
2.568 27.095 -6.714
-3.468 28.923 -8.541
-5.788 33.986 -12.046
-6.672 39.586 -15.529
-2.789 43.258 -19.804
2.386 46.745 -22.131
7.651 45.500 -25.671
11.599 41.232 -29.042
12.944 35.198 -31.733
11.846 29.555 -34.276
8.248 26.266 -38.879
2.266 26.009 -41.137
-3.944 28.045 -42.872
-7.020 33.175 -46.039
-6.785 38.730 -49.750
-3.665 42.906 -53.208
1.171 46.957 -55.912
6.554 45.874 -59.443
11.517 42.600 -62.564
13.748 37.458 -66.109
-2.193 29.432 -62.412
3.006 27.011 -59.117
9.309 28.037 -57.183
12.345 32.678 -53.872
13.580 38.133 -50.248
10.264 42.333 -46.094
5.567 46.626 -43.924
0.232 45.785 -40.185
-4.335 42.147 -36.884
-6.063 36.565 -33.812
-5.864 30.438 -31.626
-2.679 26.936 -26.868
3.238 25.937 -24.590
9.736 27.316 -22.921
13.201 31.935 -19.544
13.489 37.381 -15.958
11.199 42.336 -12.610
6.859 46.862 -9.890
1.549 46.315 -5.976
-3.652 43.381 -3.041
-6.312 37.562 -1.300
