37.125 39.258 59.446
42.358 41.980 57.150
48.035 40.776 53.501
51.317 35.878 49.658
52.418 30.337 47.595
50.083 24.710 45.122
45.600 20.655 42.562
40.791 20.228 38.430
34.603 22.242 35.590
32.594 28.219 32.853
34.194 33.988 30.380
38.128 37.200 25.787
44.006 38.098 22.137
47.495 34.123 17.923
48.208 29.193 13.882
46.719 23.438 10.735
40.643 20.252 7.913
35.599 37.888 8.338
30.357 33.753 10.588
30.108 27.971 13.834
31.904 21.497 14.761
36.752 18.900 18.623
42.536 20.085 21.817
48.251 22.776 23.893
50.435 27.344 28.352
49.678 33.695 31.445
44.942 37.385 34.502
38.992 37.605 37.421
35.268 34.867 42.227
32.698 29.495 45.788
35.344 25.310 50.155
40.676 23.269 54.557
47.274 23.000 56.853
51.670 27.086 59.740
7.079 33.698 -3.363
7.854 39.047 -0.175
7.302 45.473 0.626
8.125 21.015 57.952
7.388 27.113 56.702
7.936 33.185 58.643
7.127 33.898 -3.528
7.808 39.116 -0.477
7.226 45.428 0.485
7.487 26.907 56.833
8.002 33.095 58.531
7.184 34.006 -3.679
7.944 39.313 -0.576
7.300 45.665 0.466
8.217 20.982 58.246
7.427 26.988 56.945
8.019 33.107 58.643
7.213 33.671 -3.353
7.739 39.045 -0.446
7.189 45.397 0.564
7.510 26.858 56.851
8.015 33.027 58.453
7.947 39.064 0.184
7.299 45.446 0.778
7.289 27.235 56.923
7.879 33.341 58.803
8.338 -10.240 9.856
10.630 -4.567 7.021
12.715 -1.741 1.317
12.181 -1.786 -5.313
9.380 -4.017 -10.857
4.416 -6.631 -14.245
-1.980 -8.161 -15.145
-8.272 -7.818 -13.222
-13.416 -5.196 -10.049
-16.211 0.297 -7.471
-16.419 7.090 -6.695
-14.116 13.340 -8.313
-7.701 6.878 -23.090
-3.408 8.675 -18.269
-2.033 9.772 -11.824
-3.545 8.682 -5.309
-4.380 4.115 -0.823
-5.707 -2.075 0.858
-5.532 -8.646 0.168
-2.549 -14.030 -2.448
2.754 -16.827 -5.029
9.085 -16.854 -6.844
15.373 -14.495 -6.552
20.009 -10.717 -3.190
5.751 -0.632 11.777
7.627 4.408 7.573
7.210 8.356 3.400
9.569 6.040 -2.820
2.822 -4.574 12.675
6.879 -0.266 10.020
6.666 5.663 8.818
10.873 8.461 5.034
-113.184 23.983 -27.056
-109.971 17.984 -27.148
-103.902 14.488 -28.286
-97.405 14.461 -31.200
-91.756 17.984 -32.337
-87.995 22.700 -30.488
-84.925 25.258 -25.512
-84.683 29.210 -20.352
-86.613 27.891 -13.781
-87.957 24.302 -8.136
-86.986 18.777 -5.076
-83.888 12.906 -4.304
-79.764 8.515 -5.946
-73.935 7.448 -8.718
-67.872 8.580 -10.566
-62.295 11.561 -9.636
-58.297 16.601 -7.991
-69.772 10.306 7.706
-70.989 16.935 5.880
-70.227 21.882 2.058
-70.037 24.513 -4.145
-68.007 24.023 -10.942
-70.197 19.895 -15.769
-74.135 14.861 -18.168
-78.783 10.048 -18.386
-85.142 9.262 -18.001
-91.276 11.564 -17.084
-95.969 15.913 -14.190
-97.685 21.919 -14.218
-98.887 27.782 -17.875
-97.053 32.623 -22.376
-97.193 32.445 -29.062
-98.228 29.918 -34.711
-99.786 25.501 -39.740
-15.333 6.102 3.490
-9.849 2.723 5.412
-3.297 1.140 3.993
2.787 2.464 3.103
8.394 5.506 4.061
10.787 10.714 8.070
11.194 16.920 10.862
8.822 20.350 15.997
5.055 19.774 21.704
0.497 16.908 25.979
-0.866 12.120 29.811
1.158 7.146 33.779
16.265 2.356 23.617
10.526 0.041 21.892
4.068 -0.025 20.222
-1.284 3.867 20.526
-4.871 9.647 20.668
-5.249 15.713 18.479
-4.427 18.527 12.122
-2.029 20.228 6.806
1.291 20.445 0.947
2.933 15.704 -3.756
2.438 9.250 -5.789
-0.793 3.596 -6.656
3.119 31.234 33.551
-1.287 33.958 29.044
-7.364 32.678 29.074
-10.563 32.050 25.219
-15.791 28.830 22.365
-21.060 27.521 23.671
-26.859 29.084 21.006
-31.782 30.825 23.187
-36.752 29.944 -10.999
-33.685 33.668 -6.536
-27.599 32.719 -5.318
-25.077 32.584 -0.048
-20.109 29.249 3.381
-14.656 27.029 2.313
-9.862 27.860 6.483
-4.285 29.028 5.313
37.033 7.058 -5.544
32.478 11.416 -3.543
26.192 14.102 -3.772
20.237 12.591 -0.895
16.539 8.223 2.621
12.644 13.373 -0.303
9.734 18.413 3.285
6.703 20.743 8.916
4.399 21.755 15.186
7.197 22.422 21.596
12.455 22.346 25.922
18.538 24.744 26.541
23.908 28.183 24.477
27.597 31.741 20.306
27.808 36.628 15.570
9.883 38.111 16.826
12.832 36.258 11.066
16.969 32.140 8.331
21.348 26.908 8.855
24.718 22.239 12.638
23.740 17.608 17.423
19.895 13.636 21.180
14.226 10.220 21.011
8.633 8.783 18.346
29.872 -1.631 7.852
26.291 -4.384 3.370
22.692 -3.983 -2.172
22.669 -3.857 -2.214
21.001 -1.052 -7.673
19.276 -0.101 -6.939
20.982 4.500 -11.997
5.231 5.048 14.654
4.051 2.606 13.794
4.279 1.364 16.145
-6.008 -29.678 -49.106
-7.422 -27.280 -41.706
-10.614 -29.782 -35.747
-8.421 -32.717 -30.918
-3.369 -36.655 -28.120
2.953 -36.791 -27.270
9.220 -36.260 -28.711
15.264 -33.248 -31.496
17.228 -27.227 -32.662
17.495 -20.641 -31.575
16.719 -15.476 -27.309
13.572 -12.250 -21.974
12.556 -14.068 -15.420
13.600 -17.437 -10.030
18.343 -21.166 -6.007
24.369 -23.664 -5.552
30.287 -23.367 -5.317
36.729 -23.021 -8.033
41.297 -18.071 -10.127
28.350 -8.383 -1.526
32.055 -8.096 -3.433
30.867 -6.257 -9.433
32.851 -9.082 -15.901
33.518 -15.469 -18.885
30.602 -21.295 -19.249
26.718 -26.204 -18.207
21.496 -29.919 -15.364
14.760 -28.507 -14.040
9.250 -25.540 -15.264
5.006 -22.325 -19.384
3.799 -17.984 -24.878
5.806 -17.998 -31.444
8.438 -20.478 -36.887
9.116 -26.389 -40.664
8.399 -33.081 -41.040
6.098 -38.826 -40.083
1.366 -43.440 -38.298
-5.088 -44.324 -35.879
-7.539 -35.109 -9.532
-11.257 -28.744 -8.318
-14.456 -24.738 -3.440
-12.659 -21.544 2.265
-9.276 -20.736 8.174
-3.922 -17.215 9.389
1.751 -13.460 7.759
6.131 -10.509 4.344
7.040 -6.429 -0.831
4.492 -2.198 -4.862
-0.193 1.777 -8.058
-5.225 4.917 -7.529
-10.901 7.717 -4.647
-13.433 9.734 0.732
-12.470 11.443 7.020
-8.445 12.761 12.193
-2.453 14.736 14.283
-3.630 24.510 -1.094
1.183 19.296 -2.607
4.726 14.324 0.262
5.119 9.492 4.579
2.328 5.556 8.892
-3.611 2.597 10.763
-9.356 0.198 9.691
-12.755 -2.448 4.222
-13.229 -5.276 -1.974
-10.726 -8.245 -6.967
-5.741 -12.006 -9.494
0.561 -14.622 -9.949
4.557 -18.275 -6.876
5.535 -23.175 -2.270
3.964 -27.023 2.865
-0.458 -30.338 6.681
-6.442 -32.885 7.902
-3.369 -34.478 -9.425
-7.200 -28.456 -6.970
-9.405 -25.119 -1.157
-6.390 -21.668 3.875
-1.539 -20.633 8.630
3.467 -16.370 8.545
8.276 -12.185 5.488
11.046 -8.651 1.227
10.000 -4.405 -3.825
6.125 -0.464 -6.919
0.369 2.997 -8.470
-4.654 5.523 -6.622
-9.635 7.726 -2.066
-10.665 9.284 3.984
8.062 11.150 2.471
7.086 6.873 7.295
2.261 3.210 10.584
-3.383 0.268 11.066
-7.767 -2.786 6.689
-9.543 -5.562 0.711
-8.348 -8.077 -4.916
-3.986 -11.186 -8.913
2.235 -13.037 -11.282
7.164 -16.689 -9.448
10.013 -21.233 -5.531
10.467 -25.207 -0.349
7.496 -29.054 4.414
2.418 -32.333 7.160
17.818 -3.387 55.203
15.264 3.161 53.884
11.970 6.274 60.061
6.237 6.954 63.387
0.777 4.551 66.249
-0.789 1.371 71.100
-1.503 -4.901 74.681
3.151 -8.761 77.222
9.552 -9.251 80.328
14.448 -6.315 83.703
16.641 -1.583 87.801
15.661 3.703 92.395
11.771 8.414 95.535
5.569 9.317 97.856
0.407 7.155 101.073
-2.263 3.881 105.909
-3.664 -2.763 107.931
14.451 -2.737 107.328
11.032 -7.687 104.511
6.290 -9.278 100.238
-0.049 -8.203 97.171
-2.188 -3.345 93.211
-1.693 2.617 90.438
0.609 7.600 86.685
5.401 8.883 82.249
12.107 8.754 80.161
15.545 4.266 76.851
16.713 -2.069 74.398
14.169 -7.937 72.379
9.345 -10.277 68.433
3.291 -10.766 64.917
0.294 -6.997 60.620
0.011 -0.880 56.394
1.149 2.431 52.129
8.428 28.802 -3.575
2.568 27.095 -6.714
-3.468 28.923 -8.541
-5.788 33.986 -12.046
-6.672 39.586 -15.529
-2.789 43.258 -19.804
2.386 46.745 -22.131
7.651 45.500 -25.671
11.599 41.232 -29.042
12.944 35.198 -31.733
11.846 29.555 -34.276
8.248 26.266 -38.879
2.266 26.009 -41.137
-3.944 28.045 -42.872
-7.020 33.175 -46.039
-6.785 38.730 -49.750
-3.665 42.906 -53.208
1.171 46.957 -55.912
6.554 45.874 -59.443
11.517 42.600 -62.564
13.748 37.458 -66.109
-2.193 29.432 -62.412
3.006 27.011 -59.117
9.309 28.037 -57.183
12.345 32.678 -53.872
13.580 38.133 -50.248
10.264 42.333 -46.094
5.567 46.626 -43.924
0.232 45.785 -40.185
-4.335 42.147 -36.884
-6.063 36.565 -33.812
-5.864 30.438 -31.626
-2.679 26.936 -26.868
3.238 25.937 -24.590
9.736 27.316 -22.921
13.201 31.935 -19.544
13.489 37.381 -15.958
11.199 42.336 -12.610
6.859 46.862 -9.890
1.549 46.315 -5.976
-3.652 43.381 -3.041
-6.312 37.562 -1.300
45.622 109.551 -92.673
39.495 106.229 -93.565
36.711 101.043 -91.005
35.955 95.463 -87.169
37.970 91.766 -81.795
40.526 93.094 -75.735
44.782 96.793 -71.663
45.311 102.646 -68.752
43.947 108.234 -67.094
39.670 111.512 -63.730
33.463 113.579 -62.022
27.274 111.140 -60.333
23.745 107.132 -56.746
22.664 102.293 -52.223
24.818 96.239 -49.328
29.408 93.990 -45.543
36.354 93.834 -44.466
40.413 98.786 -42.079
41.348 105.211 -39.661
38.393 110.172 -35.653
34.728 111.329 -30.576
31.157 110.254 -25.421
31.051 108.121 -18.864
32.720 103.416 -14.883
36.389 97.901 -12.866
41.649 96.330 -12.101
47.527 93.313 -14.534
52.548 96.146 -17.737
55.134 102.178 -19.353
56.912 108.355 -17.295
57.246 112.947 -12.244
58.452 114.865 -6.014
61.549 113.606 -0.570
65.983 109.717 3.268
70.330 104.690 3.326
74.706 100.677 0.193
77.528 98.287 -5.239
79.479 99.013 -10.957
79.753 101.631 -17.476
82.890 106.992 -19.823
85.155 113.499 -19.023
90.467 116.520 -16.496
96.937 115.867 -14.161
102.184 111.614 -13.899
105.769 106.736 -14.516
108.174 101.088 -17.727
106.547 96.142 -22.442
102.728 95.129 -28.134
100.781 98.297 -33.632
100.755 103.565 -37.966
104.124 108.942 -40.781
110.203 110.805 -42.505
116.414 109.246 -44.695
121.536 105.043 -46.458
122.733 98.837 -49.084
119.954 92.809 -51.438
114.525 89.368 -53.395
109.281 89.236 -57.210
103.901 93.076 -59.432
102.438 98.767 -63.152
103.818 102.917 -68.389
105.300 102.826 -74.478
106.265 99.877 -80.662
106.737 94.511 -84.318
103.973 88.938 -86.163
99.804 83.976 -85.313
95.898 80.195 -81.081
89.946 81.173 -78.437
85.306 85.423 -75.901
81.111 90.582 -77.385
77.457 92.909 -82.404
75.775 93.957 -88.788
73.111 90.154 -93.587
70.725 84.412 -95.763
67.668 78.839 -95.090
64.183 74.204 -91.841
63.034 70.664 -86.169
60.519 71.824 -80.185
60.176 76.535 -75.273
55.742 81.688 -73.869
51.434 86.639 -75.873
45.280 87.281 -78.754
39.442 84.349 -79.987
35.197 79.620 -79.132
32.724 73.737 -77.031
32.293 70.013 -71.576
33.647 68.537 -65.545
38.578 69.001 -60.796
41.079 73.073 -56.127
41.254 79.753 -54.408
36.907 84.504 -52.565
31.299 86.062 -49.578
26.235 84.463 -45.572
25.499 81.464 -40.146
25.238 76.068 -35.903
27.298 71.000 -32.727
32.352 66.822 -30.562
38.535 66.796 -28.923
44.872 69.000 -30.602
48.099 74.543 -28.982
48.657 80.937 -27.320
47.420 84.910 -21.908
44.875 85.176 -15.652
43.945 83.047 -9.908
46.218 79.171 -4.591
49.861 74.141 -2.535
55.699 71.799 -2.001
61.373 68.943 -4.678
66.150 69.885 -9.824
69.320 75.334 -12.266
71.120 81.749 -11.998
71.591 87.622 -8.324
74.459 90.181 -3.395
79.062 89.666 1.716
83.677 85.858 4.648
88.207 80.881 4.331
91.242 75.269 1.634
92.829 72.424 -4.297
93.267 72.317 -10.621
92.747 74.894 -16.850
93.770 80.459 -20.668
98.119 85.396 -21.656
103.639 88.356 -21.023
109.727 90.033 -19.371
115.725 86.511 -18.815
118.593 80.862 -20.675
119.498 75.264 -23.051
117.327 70.347 -26.860
112.796 67.564 -31.180
109.285 67.572 -36.358
105.351 70.384 -41.356
106.545 74.837 -45.904
109.384 80.459 -48.443
115.648 80.568 -52.003
120.037 77.156 -55.590
123.033 72.277 -58.645
123.217 66.943 -61.536
119.398 62.458 -64.833
113.451 59.323 -65.963
107.414 60.799 -68.314
102.027 65.058 -69.011
100.141 70.716 -71.435
101.159 75.420 -76.003
103.544 76.943 -82.166
107.417 76.102 -87.529
108.517 59.126 -83.728
113.924 62.704 -83.938
116.436 68.424 -81.941
116.432 74.130 -78.030
113.268 78.723 -73.849
109.543 78.105 -68.326
104.548 74.910 -64.656
103.771 69.612 -60.849
105.706 64.579 -57.374
110.063 60.900 -54.033
115.716 60.250 -50.605
120.370 63.867 -47.747
123.140 69.029 -44.930
123.025 74.363 -41.194
120.259 80.559 -40.094
115.213 83.472 -38.021
108.348 83.722 -37.875
104.126 79.182 -34.704
102.806 73.446 -31.244
105.249 69.515 -26.030
108.306 69.206 -20.455
110.157 71.703 -14.693
109.913 75.637 -9.853
107.610 81.640 -7.123
104.216 86.417 -6.822
98.249 88.405 -6.643
92.957 90.424 -10.799
88.696 87.043 -14.620
85.615 81.084 -14.680
83.896 74.905 -11.811
82.797 71.455 -6.012
81.100 71.630 0.163
76.783 74.231 4.849
72.111 78.138 6.861
67.517 82.880 5.340
63.990 86.146 0.931
61.946 86.909 -5.277
60.561 84.858 -11.184
61.271 80.736 -16.676
58.236 74.927 -17.888
55.472 68.865 -15.769
49.862 66.591 -12.869
43.190 67.844 -12.308
38.095 72.347 -13.576
35.459 77.237 -16.192
34.357 82.350 -20.839
35.920 84.279 -26.845
40.749 84.144 -31.866
43.037 80.050 -36.165
43.660 74.002 -38.985
40.645 68.190 -40.985
35.502 66.448 -43.805
29.117 67.069 -46.175
24.817 69.539 -49.137
23.096 73.522 -54.159
23.674 78.682 -58.334
27.366 82.576 -61.915
33.130 85.482 -63.157
39.882 84.870 -61.630
44.292 79.866 -62.918
46.058 73.358 -64.502
45.258 68.706 -68.934
45.353 67.779 -75.617
44.558 69.550 -81.930
44.905 73.748 -86.952
48.324 78.718 -89.559
52.581 83.774 -89.246
56.117 88.319 -85.403
61.295 87.862 -81.601
65.343 84.366 -77.380
69.025 78.566 -76.990
73.486 75.266 -80.750
76.836 73.724 -86.442
80.193 76.254 -91.207
83.103 81.468 -94.471
86.102 86.894 -94.299
88.173 92.754 -92.010
88.780 97.177 -86.792
90.110 97.189 -80.424
89.672 93.699 -74.760
94.277 88.955 -71.495
98.909 84.124 -71.706
105.417 83.306 -73.241
111.098 86.049 -73.540
115.920 90.991 -74.167
117.171 97.175 -72.798
117.133 101.887 -67.803
113.905 104.844 -63.501
108.864 105.385 -58.736
105.265 101.525 -54.241
105.488 95.522 -50.663
109.584 91.642 -47.025
114.397 91.632 -42.416
117.683 95.396 -37.525
118.860 101.305 -34.013
116.496 106.997 -31.270
111.217 112.258 -29.699
104.650 112.692 -29.725
98.330 110.129 -31.008
94.906 105.081 -28.645
94.598 98.722 -26.344
94.735 96.309 -19.321
95.478 98.093 -12.759
95.599 101.543 -8.001
93.149 106.760 -4.391
89.055 111.671 -4.140
83.151 114.335 -4.861
78.073 115.905 -8.863
74.224 113.660 -14.237
71.363 107.735 -15.484
69.707 101.473 -14.269
68.335 96.214 -9.264
64.331 95.719 -3.985
59.395 97.938 -0.635
54.346 101.868 1.996
50.099 106.157 -0.983
47.872 110.827 -5.418
47.012 112.674 -11.721
47.501 111.223 -18.435
48.509 107.270 -23.389
48.448 100.930 -26.359
44.241 95.813 -26.756
38.449 93.081 -26.515
31.900 92.144 -25.158
27.081 94.641 -28.066
22.905 99.799 -30.138
23.275 105.052 -33.842
26.540 109.651 -37.911
31.798 111.085 -41.693
35.784 109.869 -46.553
40.366 105.965 -50.241
39.682 100.463 -53.672
36.508 94.546 -55.384
32.082 93.595 -60.139
27.617 95.598 -64.770
26.326 99.179 -69.315
27.182 104.399 -73.459
31.409 109.480 -75.728
37.756 112.257 -76.436
44.046 110.710 -77.231
48.537 105.695 -76.362
51.049 99.863 -78.124
50.541 94.363 -82.008
49.196 91.838 -88.191
45.808 91.550 -94.117
-44.047 48.961 13.575
-40.948 53.569 18.242
-42.100 57.809 22.323
-46.332 61.775 25.206
-52.651 63.496 27.764
-58.617 62.528 29.889
-63.013 59.621 32.290
-64.228 58.399 38.352
-61.174 57.452 44.632
-55.793 55.266 48.535
-50.019 58.138 50.063
-43.984 60.837 48.897
-40.687 66.654 47.228
-41.156 72.953 48.465
-58.499 72.324 49.403
-56.543 73.702 43.614
-52.084 72.531 38.726
-46.570 69.397 36.457
-44.112 63.357 36.078
-45.236 57.065 35.493
-47.199 51.653 34.029
-50.214 46.357 31.002
-55.437 44.647 26.200
-59.905 48.116 22.548
-61.512 53.873 19.158
-59.344 59.966 17.068
-55.537 64.894 16.058
-49.428 66.250 13.829
-44.550 -1.655 45.688
-45.455 -4.318 45.095
-57.203 -6.006 22.686
-56.266 -8.278 24.109
-44.517 49.245 13.587
-41.616 54.037 18.445
-42.854 58.302 22.398
-47.228 62.210 24.725
-53.763 64.186 26.799
-59.177 62.501 30.091
-63.823 58.876 32.137
-65.058 58.394 38.877
-61.695 57.515 45.007
-56.314 55.616 48.816
-50.590 58.623 50.385
-44.514 61.527 48.686
-41.253 67.162 46.419
-40.863 73.628 49.535
-59.313 72.265 49.468
-57.301 73.948 43.756
-53.345 73.067 38.775
-47.525 69.371 36.247
-44.771 63.735 36.122
-45.946 57.319 35.795
-47.665 51.957 34.532
-50.853 46.647 31.319
-55.881 44.866 26.474
-60.146 48.021 22.743
-62.784 53.558 19.361
-61.061 59.825 17.467
-56.659 64.897 16.385
-50.477 66.315 13.680
-44.996 -1.623 45.860
-45.846 -4.285 45.360
-57.407 -6.361 22.848
-56.311 -8.582 24.122
-44.712 49.918 13.229
-42.079 54.148 18.307
-42.856 58.434 22.320
-46.888 62.098 25.133
-53.027 63.631 28.448
-59.194 62.715 30.281
-63.477 59.962 32.567
-64.626 58.652 38.755
-61.643 57.685 45.015
-56.253 55.663 48.917
-50.571 58.629 50.463
-44.688 61.648 49.089
-41.451 67.582 47.270
-41.280 73.936 49.319
-58.961 72.826 49.512
-56.769 74.264 43.662
-52.680 73.050 38.822
-47.195 69.422 36.945
-44.769 63.970 36.566
-45.620 57.423 35.890
-47.767 52.116 34.376
-50.767 46.659 31.209
-55.947 44.935 26.471
-60.312 48.413 22.770
-62.000 54.000 19.418
-60.893 60.594 17.641
-56.551 65.289 16.517
-50.441 66.916 13.995
-44.891 -1.433 46.138
-45.702 -4.042 45.372
-57.594 -6.133 22.737
-56.575 -8.349 24.171
-44.864 49.496 13.033
-41.616 53.703 17.793
-42.387 58.040 22.080
-46.393 61.781 25.527
-52.255 63.804 28.190
-58.322 62.477 30.164
-62.916 59.453 32.274
-63.951 58.344 38.483
-60.830 57.131 44.750
-55.644 55.128 48.480
-50.060 57.810 50.239
-43.884 60.518 49.275
-40.335 65.883 47.396
-40.949 72.553 48.797
-58.374 71.732 48.938
-55.918 74.058 43.114
-51.051 72.724 38.874
-46.271 68.931 36.455
-43.635 62.846 36.263
-44.947 56.716 35.334
-46.902 51.626 34.102
-50.277 46.484 30.658
-55.164 44.886 25.853
-59.597 48.338 22.524
-61.884 53.842 19.387
-60.355 60.238 17.168
-56.098 65.143 16.531
-49.854 66.764 14.009
-44.906 -1.458 45.196
-45.578 -4.058 44.394
-59.361 53.847 1.279
-54.771 50.744 4.572
-49.344 50.064 7.973
-44.585 52.290 11.711
-43.809 56.290 17.445
-46.398 60.696 21.155
-51.549 64.342 24.386
-56.897 62.741 28.236
-62.240 59.281 30.421
-63.018 59.358 37.094
-60.164 57.644 43.409
-54.198 55.720 46.311
-48.204 58.398 47.846
-42.902 62.743 46.794
-42.076 69.500 47.467
-44.962 75.599 47.790
-60.477 69.754 52.359
-59.393 72.644 47.275
-56.795 73.131 41.663
-52.555 71.863 36.912
-46.639 68.657 35.111
-44.264 62.296 35.304
-45.542 56.674 34.003
-46.473 51.263 31.801
-49.972 46.345 28.633
-55.433 44.869 24.334
-59.715 48.561 20.547
-62.970 54.044 18.619
-61.067 60.662 16.616
-56.685 65.489 15.434
-50.486 67.311 13.373
-46.219 65.937 8.477
-44.499 61.589 3.003
-44.843 -1.901 43.929
-45.985 -4.434 43.436
33.728 58.722 60.852
39.071 54.900 59.148
40.040 49.841 55.510
36.782 43.676 53.964
32.017 39.725 51.179
26.265 39.915 47.214
21.645 43.354 43.741
21.246 47.854 38.413
24.116 52.522 34.604
29.346 54.038 30.767
34.932 53.249 27.516
38.309 48.951 23.749
39.735 43.229 20.825
38.069 38.245 17.228
33.967 33.872 14.160
27.464 33.431 11.943
21.134 35.841 11.851
18.907 42.268 9.930
19.122 48.818 8.628
22.309 51.666 2.954
27.110 51.927 -1.739
29.351 48.829 -7.403
30.099 42.944 -10.888
26.251 38.330 -13.877
11.598 49.546 -11.752
9.038 43.650 -9.002
12.743 38.700 -6.128
18.488 35.742 -4.604
25.364 34.930 -4.945
31.197 38.398 -3.983
33.877 43.361 -0.862
34.187 47.682 3.977
31.800 50.008 9.611
26.207 50.766 13.776
23.342 47.416 18.061
22.296 42.096 22.304
23.964 35.310 23.814
29.482 33.498 26.797
34.068 35.692 31.179
39.278 38.981 33.666
40.618 45.081 36.104
38.397 50.638 38.957
33.788 55.686 39.908
27.553 56.484 42.805
22.280 53.886 45.687
20.580 49.789 50.966
22.117 45.864 55.842
26.703 41.150 58.934
8.837 -10.209 24.060
9.136 -6.816 18.434
7.248 -2.151 14.358
13.135 -3.657 13.110
18.465 0.411 9.392
24.904 1.280 9.815
31.111 0.021 12.253
35.111 -4.524 14.782
23.009 -18.567 9.690
22.525 -17.200 16.205
24.500 -13.824 21.722
27.054 -8.525 25.030
27.594 -1.757 25.087
24.266 3.527 23.756
19.996 6.989 22.638
13.863 9.677 23.784
7.936 7.712 26.473
13.974 24.811 31.792
16.891 19.305 34.610
17.874 12.920 33.312
17.789 8.467 38.034
22.732 4.971 39.668
26.868 5.078 45.579
