9.643 46.099 34.130
16.742 44.957 36.597
20.711 44.872 42.159
21.905 43.451 49.571
20.539 38.964 53.572
17.021 33.439 56.183
15.304 27.278 55.040
20.928 22.532 56.545
26.346 19.685 54.621
31.326 18.886 50.140
33.395 35.138 47.615
28.999 32.772 42.680
27.157 27.380 39.603
20.921 29.482 37.877
14.533 29.272 38.619
9.246 30.434 42.554
6.712 34.151 47.539
6.673 39.652 51.146
9.713 45.467 53.246
51.776 15.568 23.855
46.588 19.226 21.050
40.265 20.589 19.044
35.028 23.365 22.083
32.243 26.640 27.159
31.504 26.350 34.433
34.492 29.019 40.133
40.385 32.082 41.740
46.521 34.776 41.968
49.800 40.207 38.987
50.028 44.679 33.969
47.451 49.757 30.954
29.726 45.061 34.724
32.820 41.741 30.143
37.550 41.429 25.157
42.941 37.858 24.404
48.356 33.804 26.633
50.870 30.859 32.113
48.571 26.668 36.623
43.325 24.279 40.499
38.552 18.951 38.783
34.270 15.288 35.296
32.844 11.049 29.662
34.553 9.540 23.211
-60.956 12.808 -6.651
-54.331 12.468 -5.882
-48.595 16.111 -7.402
-46.082 21.635 -4.154
-45.308 26.331 0.711
-45.106 27.457 7.068
-42.819 24.628 12.648
-40.591 20.245 16.220
-38.576 14.451 18.378
-33.350 10.386 15.382
-29.509 7.921 11.789
-24.390 8.024 7.413
-20.253 11.416 3.811
-16.333 16.134 3.410
-13.974 22.074 6.134
-13.184 26.018 11.149
-15.378 29.313 16.279
-14.006 29.681 22.596
-10.443 13.010 22.470
-17.022 12.503 21.350
-22.753 16.188 22.780
-25.316 21.500 19.517
-25.954 26.575 15.105
-27.528 26.631 8.781
-27.487 25.018 2.271
-29.457 20.120 -1.399
-33.806 15.012 -1.170
-37.499 10.136 0.267
-42.392 7.658 3.930
-47.060 8.225 7.976
-51.795 11.376 11.412
-55.067 16.878 12.948
-57.701 21.683 9.418
-56.756 26.854 4.723
-55.307 29.176 -1.185
-56.849 29.295 -7.561
-6.299 12.660 -48.844
-5.131 18.940 -47.392
-8.299 24.448 -44.875
-13.466 27.121 -41.907
-19.031 26.106 -38.091
-23.249 21.911 -34.603
-24.223 16.103 -30.951
-21.236 11.107 -27.341
-15.561 8.198 -24.849
-9.796 9.265 -21.431
-5.340 13.171 -18.810
-3.856 18.524 -14.886
-5.652 22.754 -10.016
-11.306 25.915 -7.940
-17.526 25.412 -4.192
-21.061 20.707 -0.543
-22.221 14.053 0.895
-19.683 9.456 4.434
-15.052 6.782 8.786
-5.896 22.459 9.420
-3.597 17.407 6.473
-4.410 12.250 2.259
-7.530 9.099 -2.220
-12.617 8.796 -6.963
-19.103 12.050 -8.912
-23.092 18.480 -10.423
-21.383 23.998 -14.342
-17.002 27.253 -18.369
-11.928 27.408 -22.430
-7.911 24.295 -26.559
-4.989 18.496 -28.824
-6.622 12.408 -30.847
-12.098 8.362 -32.811
-17.911 8.467 -36.474
-22.721 11.524 -39.877
-24.402 16.941 -43.896
-22.718 21.963 -47.781
-17.941 25.866 -51.309
11.963 17.599 9.296
7.574 21.558 12.252
4.493 25.258 16.777
4.618 28.348 22.637
8.670 32.049 26.714
14.049 35.451 28.263
19.327 39.152 26.531
24.290 41.156 22.149
24.970 43.952 16.121
22.087 47.001 10.970
17.363 50.412 8.303
12.044 54.164 8.298
7.116 57.563 10.935
5.444 60.722 16.715
6.686 63.006 22.877
11.286 65.813 27.245
17.257 69.127 27.911
22.488 72.634 25.326
8.618 78.398 13.331
13.367 73.618 10.195
19.496 68.945 10.250
23.988 66.030 14.224
24.227 61.670 20.206
21.089 58.298 25.234
15.325 54.976 27.261
9.611 53.084 25.664
5.589 49.780 22.049
5.217 45.135 17.161
7.791 40.785 12.653
12.737 38.044 9.112
19.036 35.508 9.088
22.936 31.709 12.887
24.258 28.641 18.387
22.331 25.592 24.066
17.680 23.601 28.677
11.827 20.621 29.198
6.958 -44.765 15.713
6.700 -41.519 21.814
10.874 -38.424 27.562
16.408 -34.897 29.299
20.907 -30.951 27.145
25.170 -27.273 22.543
24.184 -23.706 18.055
21.221 -19.895 13.304
15.400 -16.822 11.208
9.735 -14.378 12.498
5.752 -11.011 16.285
5.068 -7.351 21.562
7.645 -2.818 26.270
12.863 -0.273 29.746
18.711 3.042 29.335
23.073 6.458 25.868
24.371 9.602 20.009
22.237 12.821 14.595
4.377 12.911 21.788
4.844 9.881 15.912
8.594 6.104 11.721
14.054 2.577 10.378
19.623 -0.621 11.861
23.996 -3.014 16.482
24.889 -5.379 22.591
22.020 -8.696 27.958
17.423 -12.367 30.301
12.153 -16.258 30.162
7.223 -19.509 27.411
5.473 -22.806 21.843
6.633 -25.477 15.920
11.027 -27.392 11.104
17.050 -30.361 10.482
22.932 -34.368 12.836
25.163 -37.361 18.288
24.780 -41.567 22.493
-12.209 38.055 -16.449
-14.825 43.401 -12.465
-20.480 45.645 -9.535
-25.744 45.594 -6.801
-30.275 41.453 -3.898
-31.011 35.402 -1.637
-29.225 29.068 1.766
-23.524 26.251 5.089
-18.172 27.427 9.213
-13.198 31.363 12.463
-13.431 36.815 15.863
-16.861 42.278 18.713
-22.201 44.118 22.829
-27.057 42.420 27.119
-30.802 37.923 29.989
-20.413 25.255 26.579
-26.266 26.801 23.024
-30.763 31.040 20.320
-31.172 36.577 16.608
-28.194 41.532 12.889
-22.828 43.671 10.812
-16.678 42.872 7.262
-13.640 37.949 4.111
-13.810 32.423 -0.282
-17.713 28.078 -4.232
-23.454 27.594 -7.904
-27.783 30.442 -12.194
-30.364 36.022 -16.071
-28.617 42.051 -19.097
-23.776 45.838 -22.443
-6.373 27.719 -26.945
-3.594 21.827 -25.499
0.606 16.461 -26.489
6.045 15.273 -24.313
1.185 10.153 -25.237
-0.928 5.414 -20.799
-0.334 2.504 -14.755
1.372 1.897 -8.640
2.721 4.405 -1.759
2.215 9.145 2.747
-5.611 19.453 -9.497
0.122 21.941 -6.518
6.177 19.277 -5.536
10.613 14.711 -6.777
12.791 9.529 -9.547
11.937 33.179 -23.437
12.452 29.616 -29.221
11.667 25.476 -33.706
7.334 22.410 -37.457
15.672 7.067 -14.122
18.142 6.970 -15.809
20.151 7.656 -13.795
-6.303 27.801 -27.315
-3.586 21.870 -26.016
0.654 16.656 -26.904
6.052 15.514 -24.350
1.132 10.430 -25.305
-0.605 5.688 -20.484
-0.221 2.825 -14.696
0.073 2.377 -8.276
0.714 5.035 -1.890
1.655 9.589 2.804
-6.153 19.859 -9.362
-0.306 22.234 -6.594
5.706 19.649 -5.370
10.182 15.445 -6.520
13.323 10.925 -10.125
10.756 5.857 -13.812
11.867 33.599 -23.416
12.451 29.910 -29.189
12.056 25.277 -33.700
7.419 22.372 -37.358
-6.090 29.135 -27.526
-3.266 23.668 -25.615
1.126 18.606 -26.410
6.522 16.958 -24.139
1.374 12.140 -25.385
-1.055 7.091 -21.533
-0.699 3.773 -15.676
1.017 2.195 -9.588
1.928 4.319 -3.057
1.384 8.330 1.929
-6.111 19.998 -9.466
-0.305 22.184 -6.458
5.662 19.609 -5.367
10.089 14.902 -6.620
12.541 9.748 -9.359
14.446 6.861 -13.634
13.642 34.683 -21.649
13.414 31.655 -27.842
12.737 27.680 -32.832
8.355 24.472 -36.780
18.145 7.508 -16.296
20.395 9.640 -16.719
20.052 8.025 -14.455
20.014 8.122 -14.519
21.626 -37.720 -23.978
22.720 -42.521 -18.890
26.138 -44.878 -14.006
27.887 -42.882 -8.075
29.809 -38.818 -3.277
29.309 -32.989 0.156
23.849 -29.586 2.722
17.359 -27.200 2.397
11.488 -29.605 2.099
7.135 -34.582 1.091
5.770 -41.033 1.336
20.285 -42.756 13.179
19.162 -46.390 8.137
16.614 -47.219 1.964
15.447 -43.713 -3.672
12.389 -37.760 -6.112
13.625 -31.286 -8.016
18.375 -27.888 -10.288
24.954 -25.169 -10.370
30.749 -27.598 -11.429
35.352 -32.509 -12.260
37.564 -37.425 -15.211
0.039 -39.077 3.807
-0.584 -44.574 7.880
1.967 -47.382 13.245
4.167 -45.868 19.481
6.244 -41.071 23.848
5.194 -34.604 26.066
0.628 -32.232 30.129
-6.102 -29.809 30.901
-12.041 -32.205 30.543
-16.596 -37.001 29.185
-18.771 -42.472 31.711
-3.385 -45.552 40.167
-4.253 -49.069 34.712
-6.821 -49.597 28.641
-9.400 -45.675 23.875
-11.229 -40.307 20.758
-10.200 -33.739 19.586
-4.831 -30.258 17.264
1.838 -28.087 17.693
7.892 -31.064 17.407
12.262 -36.278 16.805
13.131 -42.691 14.985
49.862 8.636 25.016
50.936 9.094 31.196
52.720 12.507 36.934
50.998 17.804 39.992
46.996 23.383 40.517
41.458 26.634 38.808
35.099 25.714 40.834
29.159 22.292 40.191
26.509 16.597 42.027
26.234 10.449 44.410
27.143 6.542 49.490
35.071 20.179 56.820
39.539 15.458 54.879
40.098 10.025 51.330
38.559 8.253 44.690
34.815 8.875 39.205
32.248 12.965 34.538
34.710 17.211 30.128
38.104 23.010 28.535
43.585 25.841 28.377
50.344 26.312 29.945
56.367 24.131 29.729
21.179 2.990 55.421
22.587 1.704 62.222
22.386 5.482 67.641
21.497 11.466 70.378
18.645 17.630 69.575
13.774 21.591 66.878
7.419 21.940 67.942
0.710 20.298 67.277
-2.904 14.930 70.116
-4.473 9.303 72.405
-2.754 4.904 77.648
7.237 17.745 84.156
9.888 12.364 82.732
9.716 6.564 78.674
7.244 4.563 73.223
4.522 4.709 67.186
3.437 8.434 61.635
7.290 12.317 58.219
11.432 17.707 57.135
17.915 19.636 58.350
23.929 19.991 60.778
29.346 17.127 61.939
61.739 7.420 -11.108
64.332 11.476 -7.030
65.516 16.893 -3.385
62.296 22.301 -0.655
56.763 24.604 3.021
51.265 22.135 6.054
47.263 18.030 8.758
48.376 14.474 14.757
51.244 10.238 18.384
56.467 7.976 21.788
62.284 9.905 24.674
65.299 14.572 28.363
66.311 20.216 32.454
51.710 25.740 29.128
56.119 27.515 26.103
60.859 26.882 21.227
64.724 23.181 17.564
67.225 17.622 14.543
64.406 11.244 13.354
59.803 6.327 11.920
55.791 6.110 6.813
50.668 7.949 3.163
47.345 13.121 -0.055
47.735 18.895 -3.984
50.785 21.464 -8.555
56.450 22.863 -12.254
54.182 27.399 35.211
49.878 27.024 38.647
44.606 24.528 42.652
41.847 19.883 45.503
42.574 13.673 48.603
47.184 10.418 51.658
52.905 8.723 54.845
55.499 11.235 60.704
57.766 16.348 64.326
56.729 22.510 67.276
52.717 26.003 70.655
47.286 27.034 73.906
42.478 25.346 77.584
44.558 9.796 75.080
39.795 11.823 71.067
38.373 16.580 66.588
39.755 21.942 63.452
43.851 26.759 60.463
50.336 27.436 58.958
56.672 25.636 57.837
59.055 22.384 52.569
60.329 16.805 49.090
57.238 11.475 45.995
52.385 9.147 41.838
48.253 9.878 37.604
45.150 14.403 33.902
16.635 -31.443 13.116
17.248 -34.942 16.960
17.591 -39.754 20.273
20.534 -42.668 25.142
26.385 -44.763 28.095
31.867 -43.831 30.603
35.698 -38.353 32.381
37.032 -31.559 33.965
35.246 -27.874 39.001
30.110 -23.766 42.164
24.742 -24.696 46.359
20.705 -27.654 49.615
19.603 -31.623 54.381
36.981 -35.005 56.226
34.608 -38.776 52.803
30.590 -41.827 49.564
25.326 -41.834 46.588
20.252 -37.913 43.486
19.510 -32.783 40.301
21.140 -27.520 36.479
24.873 -26.085 31.178
30.083 -26.517 27.361
34.370 -30.586 24.375
35.548 -35.996 21.378
33.870 -40.828 17.959
-3.177 -4.718 37.023
-2.976 0.083 33.079
-3.139 -4.862 30.488
-0.633 -11.218 30.972
2.244 -16.346 34.798
8.124 -18.623 37.094
13.931 -14.676 37.319
18.839 -11.287 38.559
19.603 -4.612 37.026
19.341 -7.722 31.195
16.760 -10.597 25.909
16.117 -4.779 26.080
14.658 0.097 29.489
14.527 2.958 36.377
-4.686 -8.243 37.018
-4.845 -2.998 33.974
-4.200 -7.583 30.428
-1.230 -13.217 29.673
1.256 -19.148 32.920
7.316 -21.452 35.364
13.195 -17.732 35.564
17.797 -14.646 38.581
18.493 -7.458 38.109
18.398 -9.698 31.901
16.218 -11.652 26.175
15.492 -5.646 27.433
14.166 -1.830 31.541
12.798 0.448 37.799
28.410 3.058 13.361
33.987 3.617 15.355
34.083 3.698 15.225
35.016 5.395 10.020
34.612 5.508 9.816
34.754 8.521 3.828
38.234 7.938 -1.968
41.691 4.453 -6.012
43.374 -1.750 -8.932
45.000 -7.831 -9.519
42.544 -13.986 -8.596
39.313 -19.224 -5.974
33.099 -21.146 -5.160
28.666 -6.856 -17.283
25.003 -6.117 -11.578
25.359 -7.789 -4.819
27.876 -10.675 0.462
33.559 -12.255 3.893
40.086 -13.035 4.642
45.604 -9.640 4.869
45.604 -9.637 4.869
49.198 -4.643 4.023
49.665 -4.985 2.679
51.341 2.051 4.940
52.843 4.118 6.233
54.987 2.589 7.209
27.980 3.274 13.063
33.979 3.718 15.220
34.207 3.984 14.904
34.428 4.716 9.464
34.298 4.828 9.464
34.728 8.323 3.582
37.935 8.167 -2.314
41.474 4.582 -5.918
43.040 -1.714 -9.002
44.806 -7.862 -9.449
42.647 -13.912 -8.310
39.220 -19.156 -5.738
32.862 -21.025 -5.043
28.884 -6.866 -17.511
24.838 -6.179 -11.924
25.130 -7.763 -5.195
27.632 -10.426 0.179
33.203 -12.222 3.769
39.701 -12.934 4.625
45.282 -9.507 4.840
49.380 -5.181 2.261
51.166 1.851 4.818
52.639 3.914 6.123
54.814 2.449 7.041
34.423 0.523 11.954
34.436 0.585 12.003
34.097 6.375 9.035
34.074 6.417 8.991
35.673 8.448 3.180
38.896 8.280 -2.844
42.253 4.571 -6.377
44.044 -1.656 -9.456
45.732 -7.944 -10.020
43.345 -14.125 -9.233
39.977 -19.354 -6.654
33.781 -21.451 -5.977
29.218 -6.962 -17.750
24.857 -6.612 -12.449
25.754 -7.968 -5.661
28.359 -10.884 -0.306
33.975 -12.336 3.171
40.682 -13.178 3.939
46.200 -9.704 4.292
46.235 -9.720 4.284
49.995 -4.988 2.634
49.671 -4.505 3.598
52.097 2.043 4.430
53.655 4.122 5.779
55.840 2.674 6.771
34.592 6.482 9.139
34.901 0.922 11.413
35.838 8.729 3.206
34.238 6.551 8.872
39.124 8.756 -2.544
35.853 8.719 3.063
42.106 4.457 -6.479
39.017 8.500 -2.649
43.671 -1.675 -9.252
42.191 4.345 -6.412
45.740 -7.837 -9.806
43.810 -1.764 -9.308
43.646 -13.813 -8.824
45.693 -7.760 -9.831
40.376 -19.170 -6.322
43.819 -13.844 -8.780
34.235 -21.159 -5.606
40.201 -19.063 -6.397
30.703 -7.689 -17.460
30.808 -7.871 -17.320
25.654 -6.742 -12.548
25.672 -6.748 -12.547
26.212 -7.551 -5.571
26.215 -7.588 -5.603
28.737 -10.515 -0.197
28.784 -10.444 -0.238
34.545 -12.334 3.012
34.562 -12.233 3.057
40.990 -13.058 3.885
40.985 -13.176 3.968
46.473 -9.571 4.049
46.441 -9.583 4.022
49.496 -4.222 3.679
49.712 -4.208 3.684
51.863 1.457 3.926
52.192 2.107 4.389
53.741 4.243 5.777
55.836 2.722 6.799
28.814 3.130 12.068
33.968 3.580 13.086
34.663 5.370 8.789
34.897 8.682 3.046
34.923 8.679 3.037
38.623 8.183 -2.918
38.690 8.289 -2.920
41.678 4.611 -6.489
41.591 4.336 -6.265
43.616 -1.608 -9.745
45.541 -7.951 -10.337
43.270 -14.177 -9.322
39.887 -19.198 -6.818
33.535 -21.048 -6.095
29.437 -6.575 -18.770
25.698 -6.138 -13.013
25.931 -7.800 -6.097
28.301 -11.149 -0.780
34.012 -12.436 2.725
40.597 -12.983 3.631
46.168 -9.550 4.159
49.779 -4.140 3.453
51.795 2.133 3.981
53.358 4.320 5.260
55.498 2.666 6.342
28.337 4.248 12.582
34.802 3.635 14.644
36.053 4.021 8.866
35.991 8.724 3.815
39.097 8.384 -2.162
42.641 4.808 -5.894
44.348 -1.548 -8.523
46.177 -7.894 -9.458
43.971 -14.181 -8.384
40.101 -19.188 -6.144
33.943 -21.389 -5.058
29.536 -7.154 -16.991
25.230 -6.745 -11.797
26.067 -7.844 -5.126
28.569 -10.456 0.387
34.309 -11.791 3.329
40.767 -13.326 4.554
46.117 -9.852 4.946
49.761 -4.930 5.379
