9.643 46.099 34.130
16.742 44.957 36.597
20.711 44.872 42.159
21.905 43.451 49.571
20.539 38.964 53.572
17.021 33.439 56.183
15.304 27.278 55.040
20.928 22.532 56.545
26.346 19.685 54.621
31.326 18.886 50.140
33.395 35.138 47.615
28.999 32.772 42.680
27.157 27.380 39.603
20.921 29.482 37.877
14.533 29.272 38.619
9.246 30.434 42.554
6.712 34.151 47.539
6.673 39.652 51.146
9.713 45.467 53.246
51.776 15.568 23.855
46.588 19.226 21.050
40.265 20.589 19.044
35.028 23.365 22.083
32.243 26.640 27.159
31.504 26.350 34.433
34.492 29.019 40.133
40.385 32.082 41.740
46.521 34.776 41.968
49.800 40.207 38.987
50.028 44.679 33.969
47.451 49.757 30.954
29.726 45.061 34.724
32.820 41.741 30.143
37.550 41.429 25.157
42.941 37.858 24.404
48.356 33.804 26.633
50.870 30.859 32.113
48.571 26.668 36.623
43.325 24.279 40.499
38.552 18.951 38.783
34.270 15.288 35.296
32.844 11.049 29.662
34.553 9.540 23.211
