29.118 85.679 16.328
33.342 83.424 20.444
35.856 81.348 26.463
33.214 77.577 31.497
28.283 73.530 33.665
23.905 69.082 31.795
21.950 64.732 27.194
22.996 61.222 21.398
26.848 58.519 17.000
32.845 55.238 16.612
38.925 53.387 18.044
43.177 51.036 22.480
44.927 48.988 28.401
41.793 45.641 33.883
36.948 43.211 37.786
31.993 39.011 38.108
29.275 33.544 35.488
27.545 29.456 30.434
28.501 26.379 24.752
33.714 23.424 21.196
39.769 20.983 20.127
44.369 17.629 23.250
47.563 14.942 28.197
47.872 11.016 34.760
44.272 7.796 38.608
31.568 8.830 24.332
28.991 11.731 29.477
30.374 15.120 35.214
34.162 17.057 39.969
39.370 20.867 40.943
43.754 24.865 37.650
46.846 27.704 32.770
46.701 30.649 27.060
42.892 33.171 22.017
37.922 35.947 20.324
30.547 36.348 20.105
27.673 41.378 23.131
24.821 44.295 29.071
27.204 48.420 33.630
32.035 52.338 35.941
37.002 56.375 35.313
40.507 60.486 31.932
40.561 64.474 26.815
39.804 65.848 20.099
34.793 66.185 15.089
28.413 67.989 14.441
21.764 69.239 17.194
19.059 72.857 22.226
18.874 75.899 28.094
21.142 80.330 32.452
17.709 4.174 -3.682
14.297 0.503 0.144
13.814 -6.128 3.618
17.374 -11.046 5.945
22.928 -12.590 9.390
28.772 -11.238 12.393
32.485 -7.126 16.033
31.866 -0.616 18.272
28.541 4.131 22.768
20.209 3.809 33.400
14.826 2.751 37.669
10.303 -1.892 40.134
10.358 -8.490 42.160
14.425 -13.177 45.189
20.069 -14.243 48.834
25.847 -12.149 51.756
27.429 -6.876 55.793
25.970 -1.041 59.058
21.568 2.979 62.405
15.023 3.494 64.622
12.937 -13.504 66.743
9.303 -9.700 62.543
8.687 -3.321 59.434
12.033 1.703 56.759
17.729 4.454 54.018
23.824 2.582 51.648
27.809 -1.832 47.853
28.273 -7.649 44.789
24.581 -12.731 40.656
18.534 -14.634 38.294
14.156 -12.812 33.700
12.938 -9.120 27.569
13.060 -4.199 23.213
14.400 1.460 20.188
19.371 5.112 16.542
25.407 6.569 14.137
30.050 3.493 10.107
32.883 -2.076 7.249
32.141 -7.940 4.437
27.507 -12.136 1.454
20.871 -13.435 -1.657
22.663 6.365 24.216
28.607 207.619 81.780
22.103 206.880 79.782
17.245 205.372 75.036
15.566 201.773 69.178
18.124 199.202 63.375
21.750 193.706 61.141
26.178 188.607 62.574
29.661 184.720 67.212
28.814 182.093 73.440
24.091 179.213 77.132
18.032 176.608 78.438
13.103 173.360 76.229
10.477 169.016 71.829
10.464 165.618 65.749
13.798 164.190 59.869
19.532 162.571 56.889
25.838 161.103 57.082
31.332 159.527 60.967
32.688 158.098 67.860
32.829 152.164 70.736
30.128 145.995 71.854
28.622 140.230 68.773
28.275 135.980 63.839
31.658 133.077 58.859
36.369 133.597 53.760
41.662 136.312 51.502
47.205 140.365 52.236
51.220 141.745 57.557
53.920 139.786 63.638
55.338 134.399 67.352
57.569 128.250 68.028
62.166 124.050 64.957
65.607 122.115 60.407
70.048 124.137 55.266
73.932 128.450 52.377
76.070 134.393 50.240
76.164 140.824 51.301
75.365 146.105 55.984
76.763 147.016 62.414
81.121 146.500 67.475
86.943 144.083 69.884
93.524 143.933 68.370
98.467 145.182 63.640
100.818 149.955 59.662
101.103 154.367 55.521
99.339 160.169 52.367
93.717 164.352 51.877
90.979 168.033 56.173
90.214 170.900 62.231
92.918 172.918 68.073
98.301 176.261 70.124
102.517 180.184 69.065
107.810 182.622 66.264
109.492 187.865 62.667
108.091 192.207 57.560
104.210 194.300 52.860
98.375 195.522 51.441
91.747 193.903 51.643
86.823 194.329 56.460
84.844 195.504 63.020
85.082 200.118 67.699
84.636 206.733 68.745
84.448 213.049 66.808
83.782 218.182 62.485
80.570 220.300 57.185
76.164 219.277 52.510
72.870 215.219 47.967
68.259 210.799 48.500
64.391 206.509 52.239
61.041 205.615 58.206
56.520 208.938 61.537
53.056 214.522 63.659
49.007 218.903 61.103
45.116 220.885 56.176
42.448 220.896 50.343
38.951 217.891 45.611
38.901 212.835 40.773
38.118 206.519 41.171
39.818 200.713 44.535
36.222 197.571 49.593
31.650 197.187 54.801
25.273 198.179 56.570
18.999 198.673 53.989
14.780 198.224 48.574
13.406 196.871 42.037
15.431 193.421 36.760
18.759 188.278 33.934
22.865 183.223 34.581
25.805 178.325 37.879
26.771 175.331 43.983
23.126 171.547 48.077
18.064 167.284 48.666
14.053 162.365 46.631
12.776 157.512 42.137
16.354 153.561 37.521
17.778 153.553 30.710
22.833 153.436 26.868
29.360 153.127 26.699
35.093 156.211 28.895
39.543 154.074 33.406
40.677 151.652 39.597
41.026 145.349 42.032
39.139 138.811 42.813
40.953 133.406 39.611
44.417 129.993 34.996
48.883 128.919 30.821
54.264 129.974 26.839
57.469 135.139 23.487
60.832 140.239 25.575
62.642 144.502 30.614
66.508 143.253 36.352
69.071 139.831 41.378
73.813 135.335 41.999
78.730 131.543 40.116
83.972 130.685 35.984
87.253 132.482 30.256
88.125 137.360 25.544
87.467 143.762 23.594
86.776 150.026 25.469
84.020 154.407 29.923
86.071 157.488 35.614
90.473 158.328 40.632
96.796 158.580 43.021
103.253 159.097 41.178
106.968 162.374 36.353
108.116 166.093 30.681
107.169 170.051 25.830
103.602 174.641 21.872
100.711 179.623 23.186
94.498 181.856 25.617
91.505 182.147 31.783
92.353 184.585 37.064
95.188 188.534 41.819
100.707 191.633 44.455
105.532 196.433 43.132
105.414 201.990 39.432
103.879 206.317 34.173
99.533 208.146 29.295
93.201 207.685 26.512
86.929 207.005 27.236
80.883 207.537 30.614
78.313 210.428 35.768
78.737 212.589 42.219
81.391 218.641 44.397
84.913 224.483 43.751
81.793 225.561 25.854
87.563 223.921 28.805
91.579 222.609 34.352
92.564 219.508 40.239
91.343 213.977 42.958
89.209 207.758 44.602
87.131 201.893 41.609
85.885 198.596 35.548
88.715 198.519 29.375
94.335 198.769 25.698
100.825 197.482 25.399
106.670 194.881 27.199
110.101 190.830 31.389
110.172 186.302 35.841
107.587 181.464 39.291
102.233 178.010 41.642
96.566 175.270 40.583
91.746 173.509 36.205
90.121 171.332 30.207
91.822 168.626 23.980
95.706 163.620 21.868
101.134 159.949 22.667
103.154 154.435 26.122
103.247 150.139 30.589
100.398 146.198 35.592
95.624 145.306 39.440
89.701 146.730 43.133
83.512 147.728 40.751
79.424 149.208 35.551
77.682 147.666 28.882
78.179 142.873 24.257
78.334 136.237 22.972
75.874 130.508 25.375
72.509 126.546 29.725
66.882 126.653 33.462
64.561 128.902 39.721
59.677 132.739 41.021
56.819 138.966 40.956
55.702 144.320 36.904
52.658 145.447 31.081
48.907 144.426 25.448
44.286 139.928 23.463
38.542 138.745 24.387
33.091 137.420 28.567
30.180 138.915 33.652
28.124 141.873 39.457
28.461 147.563 42.819
32.245 153.141 44.276
32.975 158.674 40.772
32.472 162.769 35.547
28.404 164.636 30.488
22.310 165.673 28.928
15.889 166.463 29.050
11.213 169.813 31.765
7.995 172.613 37.166
8.651 177.562 41.338
11.068 178.944 47.581
16.431 181.191 50.993
22.882 182.930 50.181
27.737 184.373 45.547
28.611 187.848 39.705
26.348 193.194 36.455
23.058 199.155 36.995
20.883 204.295 40.636
21.497 208.540 45.437
24.952 211.148 50.283
29.506 210.732 54.841
34.229 206.973 58.419
39.923 204.425 56.864
44.575 202.749 52.191
48.051 204.329 46.421
50.486 209.724 43.159
52.552 216.111 43.493
54.785 221.417 46.656
57.700 224.139 51.964
60.788 223.463 57.614
64.466 220.957 62.627
66.291 215.008 65.944
67.151 208.735 64.004
70.792 204.995 60.122
74.583 203.853 54.618
78.461 206.351 49.619
84.308 209.543 48.986
89.989 211.437 52.100
94.256 211.496 57.158
97.012 208.915 62.444
97.372 203.909 66.909
96.549 197.577 68.091
91.675 192.648 67.565
90.836 187.556 63.442
90.735 186.007 56.585
95.227 184.584 51.869
101.431 182.477 50.512
106.167 178.316 52.162
108.373 173.432 56.617
109.072 170.324 61.207
107.407 166.995 66.697
102.853 162.986 68.999
96.410 161.463 69.753
90.049 162.639 67.493
86.982 160.343 62.183
86.806 159.295 55.291
88.344 153.646 51.904
91.729 147.536 50.919
93.191 141.773 53.420
90.880 136.226 56.187
87.728 132.736 61.384
82.605 132.738 65.963
77.061 134.468 67.154
72.440 139.716 66.727
68.194 141.620 62.085
65.492 141.362 55.869
63.522 137.331 51.254
61.780 131.626 48.495
57.834 126.518 49.700
53.584 123.460 53.687
49.367 123.134 59.145
47.349 125.792 64.759
46.123 131.962 67.792
44.680 138.165 67.584
45.635 144.204 64.118
42.381 146.974 58.850
38.276 146.797 53.435
31.798 145.492 51.450
25.903 144.554 54.289
21.340 145.898 58.647
18.225 149.508 63.644
18.495 151.591 70.411
21.773 156.481 73.279
25.959 161.953 73.286
29.466 166.057 68.916
27.124 169.694 63.433
22.321 171.077 58.842
17.060 174.696 59.088
11.822 178.039 61.947
10.049 181.942 67.435
11.276 183.880 73.699
15.825 186.470 78.187
22.233 187.302 79.536
28.163 189.487 77.718
32.528 192.662 73.639
32.589 197.807 69.169
30.161 201.395 63.788
26.150 206.942 63.300
21.582 211.594 65.846
3.447 47.990 34.807
10.034 46.596 33.003
16.295 46.234 35.700
20.188 47.084 41.081
22.262 45.467 47.973
22.324 40.296 52.254
19.467 34.667 55.077
17.296 28.996 54.045
21.742 22.821 55.179
26.400 19.443 52.867
32.111 18.071 49.456
36.265 19.240 43.940
39.420 24.615 41.495
41.983 30.892 42.300
45.424 34.954 46.301
45.125 20.732 59.477
41.333 25.978 60.979
36.445 31.418 59.215
33.658 35.859 54.601
33.156 37.428 47.948
31.972 34.372 42.193
28.447 30.017 38.863
26.760 23.685 37.261
22.147 29.474 37.899
14.406 29.816 37.979
9.646 30.875 42.511
7.569 34.581 47.607
7.901 39.988 51.618
10.542 46.220 53.002
11.655 51.852 49.672
40.639 17.518 -5.206
35.500 18.215 -2.926
28.534 18.348 -2.730
23.010 14.189 -2.651
20.225 9.794 1.471
16.201 16.115 0.207
12.883 19.030 3.237
9.106 21.665 8.059
5.766 22.321 14.269
8.030 22.694 20.853
13.034 23.281 25.782
19.318 25.812 26.571
24.493 29.080 24.290
27.578 33.330 20.485
26.683 39.500 17.566
9.121 39.618 20.165
11.247 38.174 14.034
16.111 36.073 9.996
20.924 31.105 9.762
25.736 26.810 12.828
25.415 21.294 16.607
22.777 16.586 20.185
18.163 11.872 20.032
12.627 8.799 18.899
37.441 4.594 7.198
34.491 0.958 2.560
31.579 0.319 -2.883
28.458 2.752 -8.383
28.238 7.983 -12.852
11.281 3.052 11.410
9.409 45.975 33.044
15.915 46.102 35.472
20.153 47.186 40.766
22.519 45.387 47.515
22.231 40.270 51.947
19.541 34.722 54.950
17.449 29.280 53.850
21.596 22.980 55.306
26.163 19.294 53.121
31.982 18.008 49.880
36.059 18.934 44.349
38.997 24.398 41.889
41.778 31.025 42.631
44.009 35.717 46.917
41.266 25.120 61.337
36.530 30.992 59.982
34.320 35.561 55.382
33.381 36.307 48.705
32.732 34.385 42.738
29.011 29.979 39.039
26.731 23.896 37.352
22.186 28.260 38.329
14.569 29.703 37.894
9.770 30.814 42.488
7.793 34.441 47.482
7.988 39.785 51.524
10.522 46.137 52.821
11.767 51.603 49.665
7.102 33.791 -3.395
7.887 39.073 -0.004
7.373 45.528 0.795
7.812 33.436 58.734
17.208 42.787 74.086
16.428 39.970 68.320
17.062 35.501 63.568
11.162 36.890 62.466
5.795 32.603 59.137
-0.793 31.913 59.803
-6.727 33.683 62.612
-10.669 37.699 65.869
1.566 51.228 59.361
2.014 50.082 65.839
-0.275 47.359 71.593
-2.756 41.873 74.425
-3.883 35.306 73.986
-0.946 29.888 72.632
3.586 26.512 72.016
9.832 23.797 72.635
15.995 25.098 75.261
24.279 51.891 56.601
90.495 34.141 5.519
94.868 30.453 2.396
101.394 26.711 2.404
105.754 24.246 6.711
106.776 21.369 12.788
104.206 18.314 18.165
99.700 14.600 21.049
94.766 9.627 20.011
89.090 7.531 15.604
90.367 -3.416 8.343
92.054 -6.921 2.536
97.149 -10.122 -0.650
103.732 -12.479 0.464
107.840 -14.917 5.046
108.367 -17.241 11.663
105.838 -19.626 17.281
100.427 -23.327 19.302
94.627 -27.014 18.035
91.107 -30.644 13.517
90.583 -33.571 7.079
108.062 -36.494 7.817
104.703 -32.446 3.271
98.453 -29.967 1.271
93.417 -26.283 3.416
89.931 -23.164 8.505
91.165 -19.500 13.987
95.577 -15.999 17.890
101.757 -13.215 18.391
106.621 -9.385 14.586
108.626 -6.815 9.114
107.677 -2.966 3.676
104.206 3.035 2.018
99.154 7.212 1.225
93.503 10.296 2.154
89.090 13.842 6.623
87.085 16.600 11.984
89.441 20.740 16.909
94.392 23.389 20.605
100.524 26.205 20.459
105.513 29.174 16.697
107.582 32.041 10.275
87.704 5.953 9.725
17.351 3.973 -4.032
14.343 0.612 0.172
14.072 -6.256 3.235
17.456 -10.898 6.037
23.466 -12.803 8.844
29.012 -10.877 12.102
32.589 -6.744 15.796
31.583 -0.257 17.439
28.556 3.969 22.776
20.386 3.577 33.171
14.750 2.691 36.669
10.521 -2.328 38.374
10.918 -8.670 40.725
14.884 -13.590 43.830
21.040 -14.981 46.922
26.650 -12.053 49.887
27.812 -7.197 53.906
26.099 -1.572 57.813
21.554 2.780 60.813
15.378 3.321 62.120
13.467 -14.156 65.124
9.966 -10.508 60.432
8.882 -3.782 58.170
11.741 1.152 55.479
17.145 3.736 51.789
23.155 2.328 50.786
27.790 -1.922 46.956
28.645 -7.914 43.249
25.311 -12.397 39.274
19.734 -14.109 35.994
14.579 -12.593 32.426
13.020 -9.091 26.941
12.814 -4.279 22.514
14.421 1.417 19.817
19.244 5.153 16.315
25.311 6.809 13.878
29.879 3.698 9.783
32.654 -1.530 6.980
32.022 -7.713 4.203
27.973 -11.898 1.815
21.520 -13.496 -1.717
22.703 6.133 24.030
40.565 17.043 -4.357
34.559 18.624 -2.934
27.395 18.034 -2.744
22.239 14.102 -1.936
20.235 10.862 2.500
17.551 16.783 0.250
12.683 20.544 3.356
8.403 21.682 8.273
5.317 21.629 14.262
7.731 22.311 20.658
12.757 22.932 25.306
18.588 26.147 25.957
24.500 28.731 23.447
27.318 33.350 19.800
26.266 39.559 17.465
8.674 38.628 19.762
10.742 37.114 13.798
15.469 35.337 9.304
20.744 30.595 9.219
24.970 26.478 12.358
25.162 21.481 16.503
22.528 16.488 20.007
18.139 11.884 19.739
12.569 8.802 17.476
10.832 6.298 10.972
37.178 4.623 7.514
34.644 0.893 2.934
31.194 0.263 -2.733
27.873 2.957 -7.836
28.076 7.901 -12.462
8.379 0.788 13.986
14.550 21.110 13.823
13.882 24.746 8.980
10.920 29.013 4.807
4.442 32.051 3.647
-0.372 35.270 7.082
-2.734 37.659 12.903
-2.161 40.368 18.865
1.424 44.238 22.486
6.878 48.184 23.707
12.307 51.089 21.521
14.698 54.514 16.327
13.801 56.990 10.149
10.050 60.126 5.987
4.604 63.759 4.684
-0.524 67.333 6.532
-5.267 69.850 10.250
-5.768 72.518 16.193
-2.742 77.599 20.721
1.491 81.226 22.566
10.685 81.610 10.432
13.430 76.124 13.984
11.612 75.134 19.676
6.820 72.097 22.956
1.173 68.381 23.630
-3.033 64.171 20.495
-4.720 60.077 15.897
-3.137 57.256 9.737
0.758 54.715 5.333
5.815 50.448 4.973
11.761 48.301 6.618
14.848 43.695 10.519
15.842 40.140 16.191
13.171 36.667 21.081
7.485 33.243 22.583
0.780 31.497 21.094
-2.899 29.811 16.498
-3.405 25.694 10.780
-2.207 20.467 7.332
2.360 36.475 33.699
7.438 38.342 38.013
12.829 36.000 41.219
17.568 33.304 40.048
16.602 40.374 40.957
21.072 45.045 38.886
26.308 47.374 36.723
31.797 47.958 32.834
34.059 46.311 26.670
33.097 44.358 20.144
15.581 44.783 24.360
18.377 39.288 21.766
23.485 34.993 22.171
28.054 32.674 26.005
31.987 32.595 31.762
8.168 19.521 28.760
7.567 19.540 35.666
7.779 20.691 42.015
6.458 24.858 46.777
4.874 37.227 -4.169
-0.409 35.613 -8.332
-3.476 30.803 -11.614
-5.786 25.804 -10.329
-8.919 32.231 -10.928
-15.128 33.895 -9.582
-20.748 33.108 -7.061
-25.765 30.570 -3.082
-26.489 27.949 3.056
-24.801 26.706 9.619
-10.180 36.957 5.007
-9.416 30.906 7.390
-11.421 24.427 7.241
-14.226 20.004 3.688
-17.390 17.456 -1.949
9.978 19.654 0.559
10.259 20.144 -6.097
9.676 21.303 -12.490
8.111 25.440 -17.258
8.572 39.382 -17.024
12.306 43.567 -12.785
17.938 44.042 -9.406
23.531 43.854 -10.390
19.201 49.391 -9.461
20.706 55.863 -10.712
24.202 60.509 -12.759
28.955 63.745 -16.541
31.944 63.293 -22.498
32.351 61.543 -29.127
16.372 53.221 -25.669
21.546 49.811 -27.974
28.193 48.584 -27.356
33.261 48.885 -23.587
36.611 50.299 -17.685
22.458 26.966 -21.484
21.646 27.043 -14.889
20.709 28.101 -8.423
17.577 31.472 -3.754
1.528 62.599 46.975
6.874 60.998 42.814
11.921 63.687 39.516
16.445 66.968 40.314
16.020 59.893 39.241
20.792 55.569 40.783
26.356 53.593 42.772
32.026 53.546 46.498
34.315 55.483 52.504
33.530 57.487 59.103
15.837 55.439 55.740
18.305 61.261 57.883
23.220 65.887 57.410
27.433 68.474 53.428
31.009 68.996 47.572
6.528 80.496 51.443
5.640 80.099 44.435
5.661 78.400 38.101
4.940 73.596 33.620
2.086 47.117 34.945
9.620 46.189 33.477
15.873 46.206 36.213
20.201 46.008 42.208
21.005 44.762 48.834
19.651 39.728 53.241
16.490 34.216 55.539
15.599 28.039 54.108
21.430 23.156 54.721
26.241 19.838 53.218
31.321 17.598 49.238
35.996 19.742 44.424
38.856 25.389 42.240
38.164 30.458 58.872
33.839 35.322 55.554
33.501 37.189 48.448
32.125 33.923 42.966
28.788 29.985 39.044
26.312 24.004 36.907
21.461 28.016 38.491
14.021 29.863 37.771
8.877 31.031 41.933
6.037 34.588 46.812
5.937 40.253 50.309
8.483 45.991 52.679
58.387 35.017 37.569
60.536 28.505 37.317
62.484 23.195 40.691
60.129 19.184 45.869
56.367 17.364 51.415
50.708 17.065 53.495
45.500 18.193 54.533
45.570 22.046 36.081
44.370 26.764 39.950
44.202 29.274 46.267
48.149 30.426 51.491
53.187 29.404 55.540
59.866 29.843 55.598
65.674 30.273 53.082
