4.206 78.279 -8.299
7.578 78.642 -2.560
9.222 76.341 3.786
9.337 70.554 7.361
7.495 63.930 8.606
9.275 58.470 5.722
11.905 54.494 1.234
13.231 52.975 -5.214
19.129 52.673 -8.314
25.035 55.921 -9.992
30.519 57.239 -6.915
33.957 59.113 -2.614
24.097 50.806 8.651
25.789 57.331 7.787
26.569 63.340 4.003
24.573 66.377 -1.740
22.024 66.369 -8.064
15.874 65.973 -9.948
9.554 64.650 -9.239
4.423 60.998 -6.853
-0.246 62.699 -2.630
-2.068 64.980 3.579
-3.936 70.990 5.617
-1.744 77.472 6.748
183.805 202.281 188.148
180.961 204.401 194.117
176.574 204.225 198.568
169.850 201.810 200.537
165.174 197.738 199.564
163.525 190.766 197.881
166.104 184.624 195.935
172.481 180.855 194.729
177.248 178.390 197.416
181.918 178.124 202.541
182.915 177.036 209.109
180.425 175.412 214.829
175.603 172.949 218.841
169.650 169.696 218.927
165.712 165.506 217.618
162.499 162.518 212.803
162.473 157.921 207.940
166.663 155.501 203.092
173.524 152.929 203.132
177.669 149.037 205.856
178.265 143.741 210.693
176.340 138.855 213.832
172.371 133.755 214.797
166.171 130.615 213.775
162.345 128.403 208.896
159.557 127.615 202.720
160.808 130.208 196.236
166.111 130.352 192.302
172.692 128.519 190.788
177.058 123.608 191.346
178.135 116.960 190.768
176.176 111.517 188.546
171.857 107.307 185.064
166.616 106.999 180.882
163.171 109.007 176.256
160.771 112.739 171.283
161.084 118.839 168.428
165.219 124.533 167.929
171.534 125.598 165.812
177.518 123.497 163.042
179.690 120.043 157.965
179.165 116.718 152.181
175.600 115.744 146.631
170.497 117.238 142.920
165.012 121.780 140.087
162.832 126.635 139.510
161.483 132.974 141.796
165.103 138.545 144.041
170.562 142.452 143.954
175.576 144.980 141.048
178.165 147.111 136.150
178.329 148.899 129.676
175.939 147.855 123.098
170.462 149.787 119.817
165.287 153.361 119.604
159.431 156.392 121.952
157.157 160.663 126.321
157.110 163.165 132.442
161.778 164.627 137.773
168.252 167.367 138.325
172.032 172.089 136.442
172.914 178.182 133.968
170.828 183.980 132.609
166.084 188.827 131.529
160.566 191.617 133.318
155.391 191.097 137.193
151.945 188.934 142.160
151.579 185.773 148.151
155.914 183.969 153.205
161.928 185.441 156.348
164.361 190.144 159.375
165.189 196.713 161.433
162.621 202.233 163.201
157.727 206.456 165.055
151.685 206.817 167.735
146.387 204.074 170.353
143.085 198.903 173.663
143.859 193.152 176.304
146.831 188.257 178.627
152.241 187.179 182.781
157.536 189.719 186.805
158.164 192.535 192.566
155.657 195.622 198.241
150.999 195.959 202.671
144.813 194.362 204.728
139.136 189.875 204.368
137.186 183.837 202.638
137.873 177.611 200.555
142.113 172.345 199.299
148.362 169.726 200.093
152.394 167.491 204.840
152.854 165.904 211.246
149.713 162.662 215.707
144.496 160.001 218.651
137.633 158.021 218.269
135.788 152.559 217.106
132.372 149.733 212.167
132.127 146.495 206.587
134.477 146.054 200.124
140.310 144.204 197.397
146.938 142.624 197.595
149.761 137.087 200.010
150.069 131.440 202.523
148.260 125.763 205.031
143.961 120.481 203.641
139.007 117.826 200.317
135.054 117.167 194.976
133.561 118.222 188.863
134.589 122.337 183.445
139.444 124.576 179.446
145.553 123.608 176.876
151.163 119.620 176.687
152.519 114.395 174.061
151.045 108.018 171.108
147.179 105.005 167.193
142.630 105.111 162.065
137.872 108.488 158.942
135.896 113.090 154.873
135.022 119.985 154.724
138.874 125.845 155.951
144.720 127.929 153.436
149.561 127.814 148.985
152.723 125.419 143.024
150.581 125.821 136.730
145.636 124.641 131.811
140.277 126.921 129.677
135.282 131.934 129.116
133.193 137.442 131.157
133.402 143.008 135.247
136.548 147.464 137.988
143.014 150.817 136.757
147.828 152.546 132.490
147.787 156.132 127.061
145.502 159.495 122.381
141.961 162.757 118.722
135.387 164.287 117.923
131.480 168.220 120.885
128.809 171.245 126.735
129.800 172.667 133.039
133.816 174.912 137.411
140.244 178.341 138.706
144.536 182.731 137.489
147.144 187.805 132.676
146.855 191.935 128.702
142.179 196.355 125.919
136.847 198.344 124.666
131.502 201.056 126.968
127.474 202.168 132.731
142.152 206.679 142.463
139.656 200.860 143.480
135.809 196.208 143.942
130.845 192.293 140.866
128.792 191.617 134.029
130.458 189.861 128.303
133.381 186.812 124.038
138.219 184.485 121.292
144.558 181.530 122.250
147.059 177.235 124.972
148.340 173.219 130.467
145.365 170.364 135.389
139.379 166.424 137.112
133.249 163.982 135.608
129.413 161.214 130.839
128.775 156.886 126.636
131.119 152.502 121.369
135.098 148.974 119.150
140.564 145.202 120.077
145.421 142.597 123.949
149.790 142.073 129.425
149.477 140.452 135.924
144.578 140.353 141.486
138.012 139.180 142.369
134.106 133.316 141.821
133.397 126.828 140.223
135.480 120.522 139.005
139.663 115.914 140.228
145.281 113.182 143.194
149.331 113.972 148.022
151.736 116.059 154.105
150.995 120.929 158.826
145.480 123.206 162.311
138.673 122.291 164.497
134.238 117.418 166.392
133.114 111.495 169.211
134.908 108.496 174.262
138.341 106.681 179.220
143.411 107.549 183.847
148.545 111.354 187.049
150.551 117.636 188.819
150.046 124.044 188.359
145.780 129.390 186.960
139.517 131.073 188.248
133.809 130.189 191.996
131.981 130.091 198.249
132.386 129.286 204.746
136.031 131.125 209.773
141.376 134.237 212.757
146.020 138.231 213.016
148.826 144.405 211.072
149.694 148.212 204.964
146.384 152.481 201.915
140.913 155.645 199.858
136.055 159.524 201.691
133.838 163.073 205.051
133.477 167.615 210.260
135.894 170.762 215.160
141.126 173.697 217.960
146.838 177.293 216.079
151.666 178.070 212.604
154.373 180.129 207.302
154.340 179.570 200.498
149.465 177.888 195.537
143.274 180.447 193.443
139.363 185.642 193.391
138.688 192.143 192.650
141.355 198.119 191.261
145.895 202.390 189.503
150.887 204.551 186.917
156.388 202.658 183.456
159.928 198.178 179.970
159.645 192.373 176.302
155.345 188.852 172.360
149.508 188.343 168.647
146.971 191.283 164.124
145.997 196.027 159.269
148.827 200.682 155.347
154.082 203.046 152.232
160.218 201.934 149.328
165.866 198.271 148.956
168.348 192.657 147.103
168.110 186.171 148.310
164.524 180.693 147.883
159.294 178.091 144.980
154.125 178.350 140.112
153.438 178.660 133.782
155.875 177.840 127.693
160.415 176.701 123.240
167.104 174.403 121.988
172.041 170.831 124.137
174.392 166.042 128.562
173.386 162.048 133.589
169.250 157.585 137.058
162.823 154.687 137.346
159.146 150.788 133.857
159.051 146.015 129.779
162.271 141.924 125.580
167.010 137.781 125.133
172.730 134.639 126.325
175.674 132.016 130.400
179.608 131.130 136.452
179.153 130.698 142.756
176.821 134.502 148.076
171.125 133.453 151.440
164.444 131.619 151.917
161.422 125.857 151.984
161.392 119.855 152.787
163.876 113.142 152.679
167.778 109.647 156.586
173.552 108.915 160.526
175.813 110.124 166.351
178.210 114.048 170.601
176.778 119.947 174.025
172.030 124.079 176.165
165.674 124.181 179.243
160.096 120.451 181.311
158.948 116.516 186.011
160.364 113.611 191.608
164.419 112.043 196.836
169.501 113.803 200.845
173.598 118.717 202.887
176.226 124.914 202.982
176.473 131.023 200.789
172.664 135.496 196.727
166.787 138.708 198.041
161.767 140.831 202.055
158.405 141.320 208.138
160.334 143.289 214.158
164.769 145.244 218.533
169.788 149.123 219.664
175.276 152.988 218.176
178.606 156.869 213.437
178.656 160.361 207.628
174.865 163.005 202.438
169.423 167.573 202.196
164.173 170.597 205.480
164.315 175.494 208.518
166.192 180.815 212.496
170.197 185.826 213.385
175.652 188.779 212.209
181.138 188.955 207.732
182.737 188.139 201.336
180.729 187.670 194.808
176.555 187.655 189.538
171.170 191.428 187.088
166.664 194.769 186.749
164.329 201.292 188.442
166.716 207.543 189.869
173.616 141.334 102.889
173.329 140.345 105.410
175.210 139.050 106.899
137.695 173.608 236.690
137.982 171.579 234.897
136.096 169.759 234.149
227.634 -1.530 164.968
224.052 2.889 168.555
220.634 8.823 168.259
217.938 13.359 164.250
217.216 15.691 157.609
215.860 13.623 150.514
214.048 8.937 146.746
211.233 4.156 144.702
206.358 -0.292 146.303
201.119 -2.420 150.176
196.478 -0.841 154.289
191.608 3.133 156.380
187.467 8.162 155.357
185.224 13.527 152.243
184.152 16.326 146.600
183.301 16.650 140.065
184.042 13.541 134.248
183.016 7.663 131.031
180.799 1.529 130.751
175.283 -1.841 131.089
169.092 -3.241 132.321
162.684 -1.184 134.351
158.387 3.848 134.083
156.398 8.725 130.582
156.332 12.666 125.097
159.027 14.904 119.569
162.702 14.108 114.389
166.161 9.439 110.643
166.589 2.308 109.928
162.611 -1.478 106.387
156.819 -2.716 103.459
150.988 -1.216 100.404
147.454 2.913 96.618
147.303 6.781 91.645
150.797 10.730 87.559
156.587 13.676 86.016
162.912 12.498 84.691
167.495 7.461 84.252
168.480 0.535 82.248
165.920 -4.156 78.449
163.698 -6.499 72.726
163.364 -5.036 66.167
166.187 -1.510 61.116
168.554 4.250 58.115
173.822 8.030 57.941
179.707 10.689 60.211
184.262 10.326 64.733
187.280 7.104 70.035
191.004 1.576 70.359
192.532 -4.731 67.970
195.859 -6.988 63.122
199.625 -6.745 57.533
204.154 -3.146 54.621
208.438 2.127 54.461
210.717 8.186 56.249
213.857 10.947 61.310
212.694 12.774 67.836
214.047 9.670 73.547
215.940 4.291 77.149
220.598 -0.356 77.459
226.399 -2.758 76.896
232.614 -1.647 75.751
237.844 1.360 75.559
242.075 6.356 75.571
243.252 13.145 77.862
241.530 18.279 80.997
238.181 20.580 86.247
232.328 20.273 89.702
229.660 15.764 94.078
230.335 9.920 97.608
234.304 6.882 101.629
239.105 6.635 106.344
242.947 9.928 110.304
245.736 15.326 113.291
243.556 20.499 116.747
239.535 25.480 118.289
233.820 28.779 117.199
227.241 27.933 116.592
222.178 23.670 117.472
219.951 17.970 120.670
219.062 15.785 126.716
220.135 15.891 133.345
219.988 19.565 138.447
219.759 25.588 141.870
217.280 31.151 142.445
212.686 35.852 141.439
207.423 38.395 138.304
202.687 37.053 134.283
200.325 32.464 129.656
195.960 27.150 130.914
193.296 22.292 135.055
189.487 21.647 140.402
185.043 24.319 144.491
180.724 29.258 146.364
177.564 35.422 145.456
176.037 39.944 140.561
175.198 41.352 133.995
175.048 39.665 127.710
173.665 35.219 123.086
173.227 28.596 121.631
168.180 24.129 122.044
162.252 22.979 122.501
156.090 24.083 121.395
151.802 28.337 118.931
149.521 33.759 116.157
150.275 38.483 111.358
153.392 41.267 106.254
157.814 41.349 101.492
164.352 39.484 99.522
166.170 33.906 96.594
165.683 27.002 95.894
162.107 23.753 91.479
157.240 22.653 87.081
152.862 24.273 82.602
151.696 28.002 77.133
153.414 32.610 72.871
158.303 35.934 69.998
164.440 38.044 68.846
171.054 37.785 70.690
175.274 32.798 71.836
177.846 26.593 70.252
176.642 20.393 67.400
176.835 18.871 60.993
177.935 19.423 54.879
179.816 22.587 49.179
183.490 28.247 47.251
187.961 32.878 48.793
192.547 35.670 52.117
195.892 36.511 57.992
197.672 33.136 63.679
200.898 27.329 65.452
204.514 22.353 64.433
209.200 18.688 60.814
214.403 20.089 56.950
219.208 24.341 55.376
222.750 30.160 55.286
223.106 36.353 57.762
224.331 39.916 63.305
222.721 40.822 69.832
221.573 37.657 75.757
224.358 32.926 79.362
228.552 27.955 80.584
235.208 27.197 81.061
241.050 29.082 81.554
245.752 33.841 83.286
246.997 39.628 85.562
244.929 45.605 88.890
239.417 48.485 93.005
233.592 47.075 97.416
230.810 43.124 101.032
231.670 38.326 106.730
235.322 33.803 109.847
240.897 32.527 113.445
247.023 34.143 115.755
250.354 39.188 118.110
250.415 45.523 120.345
248.229 50.931 122.499
243.558 53.457 124.868
237.652 53.311 126.980
233.709 50.351 129.465
231.743 45.131 134.059
233.774 39.864 137.935
237.096 36.334 141.627
241.634 36.561 146.543
243.565 40.312 151.517
245.339 46.096 154.356
245.759 52.798 155.940
241.532 57.114 157.855
246.354 54.108 142.711
250.415 48.874 141.078
250.323 42.279 139.331
247.339 36.475 137.846
242.789 34.161 134.037
236.585 35.329 130.958
233.008 39.375 127.224
232.185 44.825 123.317
233.839 49.167 120.075
239.082 51.407 115.183
245.079 51.025 112.581
248.635 47.924 109.189
250.351 43.074 106.311
249.269 36.393 104.291
245.401 32.877 102.110
239.470 30.428 98.620
233.608 31.954 96.737
229.894 36.753 93.692
229.788 42.494 90.276
232.287 45.978 85.450
235.586 46.732 80.214
238.805 44.327 74.830
240.569 38.252 71.087
238.320 31.239 70.290
233.581 26.020 69.034
227.755 24.053 68.959
221.438 24.608 71.297
216.260 28.927 71.581
214.519 35.806 70.281
212.130 38.156 64.519
211.507 37.853 57.789
211.014 34.537 51.976
208.771 29.523 48.920
204.554 23.794 48.099
200.438 20.705 51.467
196.028 18.961 56.361
193.611 21.347 62.114
190.694 26.897 64.789
187.895 33.258 63.643
184.548 36.597 59.332
179.825 37.394 54.817
173.812 34.902 53.146
168.738 30.677 54.550
165.587 25.389 57.249
164.331 22.245 62.881
164.759 20.669 69.450
167.606 22.788 75.231
170.954 27.529 78.807
169.366 33.540 80.986
165.809 39.237 80.913
159.883 40.688 82.744
153.519 39.881 84.312
149.668 36.159 87.862
148.779 31.404 92.764
150.634 26.031 96.328
154.533 24.763 101.416
161.480 24.203 102.773
165.731 28.420 105.200
167.510 34.545 107.464
165.783 39.759 111.051
162.503 42.694 116.121
159.535 42.055 121.349
157.711 39.836 126.851
157.395 35.023 131.303
160.744 30.571 134.966
164.996 25.287 135.076
171.057 23.581 133.836
176.046 23.909 129.249
180.474 28.964 127.428
182.560 35.355 128.069
184.481 39.874 132.177
187.971 41.149 137.870
190.561 39.124 143.751
192.973 34.877 148.378
197.499 30.100 148.108
201.234 25.111 145.762
202.353 21.008 140.567
204.014 21.049 134.165
205.857 24.921 129.096
209.083 30.478 126.602
214.728 33.559 127.191
220.265 35.808 130.166
225.475 33.494 133.374
229.533 28.564 134.319
232.251 22.382 133.063
232.889 16.498 129.994
232.003 12.390 124.634
229.326 11.960 118.697
225.307 15.489 114.305
227.643 20.259 109.384
231.656 25.077 106.969
238.135 26.253 105.039
243.625 23.712 102.596
247.414 19.006 99.986
248.302 12.443 98.069
244.826 6.831 95.788
238.899 4.063 94.131
233.030 4.588 91.391
228.531 7.780 87.690
226.519 13.910 85.462
228.022 17.159 79.986
230.551 17.776 74.134
232.175 15.168 68.428
231.817 9.870 64.591
230.641 3.581 63.196
226.139 -1.335 63.438
220.454 -4.516 65.109
214.598 -4.710 67.722
210.532 -2.190 72.757
206.484 2.955 72.352
205.229 9.402 70.367
202.142 11.449 64.933
199.663 11.094 58.936
196.540 8.486 53.996
192.469 3.490 51.829
188.768 -1.924 53.127
184.352 -4.923 57.165
181.788 -6.300 62.803
181.474 -4.436 69.503
180.216 0.974 72.878
177.117 7.064 73.401
173.664 12.194 70.520
167.607 12.841 68.461
161.506 11.035 67.789
156.205 7.199 68.867
153.622 1.977 72.480
154.614 -2.294 77.603
156.797 -3.903 83.411
161.102 -2.881 88.683
165.711 1.881 91.216
164.971 8.026 94.050
161.891 13.022 96.169
156.098 16.087 98.779
151.049 14.333 102.687
148.881 10.304 107.111
149.172 5.101 111.474
152.230 0.432 114.995
157.427 -1.972 117.959
164.480 -1.536 118.633
169.935 2.839 118.118
171.031 8.715 120.767
169.873 14.265 124.508
168.203 15.477 130.793
167.252 14.065 136.926
167.407 9.886 142.312
170.205 4.791 145.176
175.222 0.324 144.886
180.478 -2.559 141.658
185.956 -1.010 138.205
190.719 3.037 136.359
193.973 9.030 136.953
195.594 14.517 140.535
197.381 16.765 146.415
198.157 17.261 152.968
199.348 13.230 158.365
200.409 7.392 161.355
203.990 1.600 160.842
208.463 -2.487 157.395
212.763 -3.836 152.854
218.079 -0.639 149.765
220.663 5.554 147.734
225.428 10.002 150.904
228.018 13.775 154.702
229.975 15.197 161.549
232.907 11.521 166.586
236.526 7.681 168.662
241.339 2.045 167.172
244.897 -0.360 162.436
229.645 58.188 161.559
225.279 54.218 163.051
222.987 47.788 166.001
223.944 43.376 169.564
228.601 39.782 172.280
234.602 39.467 176.804
238.929 43.756 180.683
240.118 49.358 184.229
237.396 54.849 187.251
232.206 58.120 189.931
226.571 57.873 193.254
222.887 54.617 197.164
221.233 49.595 201.595
222.194 43.113 203.635
226.816 39.804 206.695
232.399 38.448 209.602
238.241 40.876 211.401
241.195 46.714 214.208
240.844 52.792 217.045
238.075 56.591 221.775
234.940 57.149 227.346
231.186 54.686 232.785
230.561 49.283 236.731
232.839 43.322 239.245
237.308 38.590 240.582
243.547 36.283 239.874
249.597 36.974 238.015
254.576 41.411 236.942
255.659 48.542 237.662
257.562 51.699 242.995
258.540 52.506 249.383
259.074 49.671 255.671
260.741 44.891 259.992
264.994 39.963 261.299
269.897 35.515 258.515
274.100 34.182 253.741
277.199 35.653 248.074
279.667 41.210 245.044
281.977 47.872 245.845
285.191 51.443 250.156
289.814 52.759 254.755
296.117 50.742 256.319
301.210 46.708 256.153
304.736 41.550 253.865
306.412 38.627 248.090
306.569 37.170 241.400
303.973 38.431 235.680
300.071 42.625 231.714
301.324 48.851 229.435
304.414 54.544 229.494
310.374 56.831 228.134
316.772 56.496 226.283
321.042 53.168 222.891
322.525 48.285 218.511
321.390 42.464 214.973
317.538 40.545 209.902
311.006 39.156 208.625
306.500 42.807 205.726
304.175 48.510 203.056
305.494 53.943 199.141
308.499 56.846 194.194
311.534 56.292 188.890
314.471 53.764 183.925
314.764 49.649 179.248
312.582 43.126 176.162
308.750 37.849 176.132
302.475 35.650 176.833
297.405 36.097 181.472
292.638 40.661 182.761
289.918 46.879 181.662
287.921 50.958 177.039
284.714 51.920 171.569
281.982 49.584 165.842
280.323 44.521 161.593
276.396 39.552 161.498
273.444 34.202 163.989
271.788 30.509 168.915
270.238 30.622 175.734
267.807 34.350 180.541
264.057 39.927 182.362
258.352 42.141 181.503
252.444 43.509 178.278
247.492 40.107 175.058
243.957 34.928 174.055
242.337 28.244 175.480
241.475 23.316 179.377
242.914 19.597 184.866
244.800 20.159 190.983
248.685 24.152 195.057
245.895 28.603 199.667
241.105 33.619 201.620
234.694 34.240 203.286
229.386 31.268 205.664
225.813 26.545 208.472
225.630 19.831 210.811
229.475 14.624 213.316
235.073 12.426 216.196
240.947 13.789 218.939
244.929 17.836 222.243
246.415 24.243 223.859
244.494 27.937 229.046
241.989 28.741 234.822
240.379 26.474 240.776
241.619 22.001 245.081
243.083 15.822 247.426
247.648 11.024 247.426
253.320 8.509 246.352
259.162 8.302 243.561
263.334 10.703 238.383
266.933 16.027 238.621
267.658 22.705 240.302
270.293 25.315 245.787
272.533 25.686 251.808
275.316 23.406 257.548
279.859 18.843 259.563
284.260 13.893 258.639
288.842 10.964 254.924
291.948 9.468 249.602
292.487 10.732 242.617
293.405 16.010 239.042
295.848 22.385 238.436
298.694 28.078 241.144
304.397 29.720 243.554
310.710 28.367 244.478
316.805 25.474 243.684
319.398 19.782 240.676
319.332 15.474 235.543
317.301 13.347 229.775
313.148 13.102 224.276
308.282 17.404 221.513
308.488 23.255 217.999
311.275 28.429 215.591
316.931 31.538 213.182
322.480 29.979 209.687
324.940 25.972 205.058
325.404 19.915 201.472
322.616 15.542 198.518
318.002 12.438 195.285
311.103 12.067 193.903
305.176 16.108 194.131
303.687 21.676 190.888
305.527 27.341 186.954
307.005 28.252 180.834
308.260 26.920 174.646
308.453 22.846 169.306
305.782 18.052 165.905
301.983 11.732 167.475
296.164 9.382 170.855
290.646 10.603 173.520
286.123 14.242 175.184
281.750 20.277 173.766
279.856 24.724 169.666
277.540 26.752 163.890
277.524 27.048 157.033
275.814 23.052 152.271
273.669 16.903 150.055
272.516 10.453 152.381
269.433 7.426 156.045
264.999 6.564 161.950
260.730 10.366 165.789
255.183 14.905 167.065
251.299 18.570 163.940
247.812 19.963 158.225
243.465 17.845 154.553
240.730 14.195 150.286
241.835 8.461 148.148
238.218 2.676 149.103
236.375 -2.545 153.142
250.496 1.762 153.677
252.915 6.197 148.431
254.511 13.526 147.783
253.629 19.686 150.544
257.368 23.240 153.089
258.476 22.536 159.881
261.594 20.616 165.010
265.880 15.840 167.711
270.505 10.946 166.706
275.068 8.319 162.660
279.783 9.357 157.297
283.807 12.932 154.757
287.792 18.426 155.155
289.992 24.085 158.416
290.697 27.459 163.473
291.419 28.067 170.453
291.257 25.784 176.269
292.563 19.853 179.893
295.422 13.761 180.186
300.842 10.338 178.675
306.915 9.398 178.772
313.170 11.032 177.679
316.992 17.024 178.426
318.162 22.595 181.733
317.841 27.041 186.792
315.321 28.926 192.079
311.038 28.142 197.047
307.963 23.753 201.219
307.989 16.606 202.223
312.119 13.106 206.036
318.073 12.225 209.129
323.549 15.133 212.349
326.340 18.288 216.571
326.250 23.455 220.846
322.212 27.715 224.383
316.366 29.993 226.122
310.130 28.757 227.035
305.762 23.191 227.561
305.346 16.636 230.076
307.947 12.505 234.442
310.205 11.038 240.277
309.737 12.425 246.854
307.504 16.633 251.933
303.411 21.084 254.447
297.654 23.773 254.577
292.425 26.994 251.201
287.918 25.628 246.615
285.394 21.907 241.167
282.371 15.915 241.148
281.137 9.717 243.428
277.866 7.494 248.698
273.595 7.901 254.045
268.932 11.004 256.715
264.274 15.973 256.252
261.830 22.012 254.233
258.970 24.330 248.792
259.810 25.649 242.122
258.936 22.218 236.730
257.325 16.690 233.392
252.987 11.513 233.264
247.229 8.317 234.678
241.402 8.957 235.200
235.785 11.573 235.565
231.203 16.342 234.005
229.892 22.434 230.998
231.217 27.648 227.227
234.300 30.010 222.375
240.278 29.770 219.061
243.455 24.853 215.156
243.518 18.627 212.122
240.231 14.971 208.000
235.749 14.092 203.378
231.571 17.009 198.872
228.481 21.930 195.488
230.096 27.434 192.012
233.761 32.870 190.162
239.044 36.784 191.513
245.752 36.112 191.886
251.118 32.353 191.497
254.306 26.687 188.721
255.705 24.591 182.738
254.160 23.766 176.226
253.588 26.612 170.877
253.835 32.994 167.135
256.302 38.135 166.068
260.393 43.534 167.192
264.789 47.326 170.678
269.529 46.865 175.137
272.235 42.844 179.950
277.292 37.425 178.766
281.145 32.701 175.224
284.828 32.232 169.769
289.360 35.047 166.163
293.020 40.122 163.724
295.391 46.638 164.692
296.594 51.303 169.421
296.881 53.290 175.624
297.121 52.065 182.110
298.578 47.976 187.192
299.697 41.425 189.098
304.998 37.458 189.133
311.463 36.400 188.630
316.994 38.256 190.285
320.627 43.199 192.713
322.388 49.074 195.031
321.120 54.079 199.488
317.447 56.709 204.408
313.067 56.767 209.091
306.598 54.452 210.703
305.229 48.777 213.977
306.061 42.054 214.935
309.991 39.205 219.416
314.125 38.945 224.411
318.158 40.573 228.859
319.192 44.957 234.116
316.608 49.951 237.942
311.558 52.490 241.201
305.430 54.367 241.800
298.920 53.402 239.416
295.102 47.951 238.442
293.331 41.513 239.928
294.342 35.510 243.074
293.933 33.889 249.399
292.890 34.584 254.972
290.311 37.794 260.673
286.655 43.454 262.561
282.092 47.958 260.919
277.390 50.396 257.294
274.093 51.137 251.162
272.720 47.462 245.333
269.548 41.549 243.838
266.045 36.264 245.267
261.438 32.944 249.368
256.271 34.240 252.950
251.242 38.314 253.889
247.790 44.145 252.897
246.525 49.716 249.381
245.382 52.660 243.945
247.076 53.132 237.197
249.188 49.245 231.546
246.771 43.701 228.639
242.288 38.403 228.233
235.791 37.753 227.811
230.056 39.522 226.670
225.141 43.929 224.987
223.907 49.295 221.446
226.139 54.751 217.546
231.118 58.090 214.256
236.028 56.521 209.655
239.851 51.949 206.408
239.750 46.745 201.885
236.697 41.692 198.372
231.761 39.549 194.828
225.472 39.910 192.320
221.329 43.112 189.360
220.059 49.413 186.686
223.149 54.641 183.822
228.759 58.288 181.796
235.087 57.293 179.132
238.888 54.055 176.252
241.550 47.739 173.472
238.648 42.771 170.065
234.547 39.706 165.735
229.790 39.809 160.036
228.043 43.501 155.320
227.242 49.633 152.443
230.426 54.988 148.759
236.305 57.581 146.326
-12.136 -7.866 -4.069
-15.875 -10.523 -9.286
-15.928 -13.764 -14.986
-13.787 -18.744 -19.024
-9.064 -23.173 -21.171
-5.410 -28.057 -18.034
-2.317 -30.082 -12.189
-3.951 -32.143 -5.836
-8.586 -33.617 -1.123
-14.412 -36.228 -0.268
-20.800 -38.889 -0.544
-23.385 -44.409 -3.466
-22.325 -50.147 -7.018
-4.140 -48.893 0.231
-4.412 -48.848 -6.922
-8.040 -48.349 -12.112
-12.800 -45.391 -15.438
-17.076 -40.663 -16.016
-22.049 -36.555 -13.172
-21.345 -31.278 -8.982
-17.893 -28.496 -3.550
-11.871 -25.786 -1.833
-5.385 -24.185 -3.463
-1.673 -21.962 -8.201
1.120 -19.695 -14.240
-1.212 -14.910 -18.632
-6.300 -10.807 -20.482
-25.442 -33.303 63.775
-32.062 -33.288 66.286
-35.259 -33.707 72.080
-36.076 -32.548 78.954
-34.550 -28.805 83.789
-29.699 -25.879 87.903
-25.840 -20.119 86.780
-22.239 -16.587 82.121
-23.174 -12.574 76.504
-27.124 -9.755 71.682
-32.726 -7.013 70.464
-39.201 -4.487 70.805
-42.335 -0.066 75.057
-42.526 3.718 79.894
-24.672 4.052 80.657
-27.268 0.906 85.861
-33.659 -2.309 87.803
-37.842 -7.049 86.640
-42.096 -10.218 81.963
-40.495 -14.084 76.549
-36.486 -15.279 70.885
-30.191 -17.435 69.561
-23.922 -19.384 71.725
-20.941 -23.389 75.882
-18.705 -27.190 81.148
-20.766 -33.198 83.382
-25.049 -38.187 82.106
39.302 -16.759 43.392
45.382 -15.251 42.766
51.124 -13.115 39.657
53.333 -10.246 34.110
52.652 -5.954 29.274
49.078 -3.786 24.153
43.296 0.315 23.573
36.717 0.782 25.631
32.787 2.472 31.064
32.362 4.615 37.691
34.442 9.153 41.744
39.150 13.076 45.208
42.449 18.672 42.672
43.792 22.841 37.219
25.283 20.877 35.130
28.688 20.257 29.194
35.099 19.414 27.013
41.619 18.366 27.889
46.754 15.100 31.752
48.878 11.962 37.230
47.037 6.511 40.707
41.872 2.439 42.969
37.253 -1.825 40.276
34.409 -4.917 34.949
35.640 -8.116 29.279
38.725 -10.279 23.488
43.923 -14.355 22.607
47.888 -18.606 25.463
95.865 181.597 148.225
94.055 183.558 141.821
95.532 183.447 135.051
99.166 181.884 129.390
102.760 176.670 126.998
106.454 170.658 127.732
106.971 164.546 131.291
103.419 159.671 134.214
97.510 157.000 135.869
90.789 156.125 135.138
86.362 154.408 130.655
84.058 153.640 124.230
85.888 151.874 117.930
89.573 149.069 113.538
95.070 145.586 111.465
100.645 142.259 112.678
105.356 139.446 117.101
105.041 135.999 123.175
100.572 133.507 128.154
96.758 127.821 128.450
93.724 122.360 125.179
92.774 117.893 120.282
95.500 113.243 116.196
101.185 110.428 113.312
107.328 109.042 114.061
113.908 110.307 116.289
116.977 111.754 122.338
115.859 112.006 129.415
112.394 109.168 134.345
109.712 103.515 136.739
109.614 96.850 137.329
113.447 91.455 137.980
119.514 88.552 137.866
126.129 88.081 136.051
132.130 90.664 136.911
136.249 95.924 138.641
136.556 102.005 141.813
133.263 107.009 145.352
130.746 107.025 151.815
128.354 103.713 157.424
131.202 100.766 162.634
135.715 97.044 166.114
142.042 97.140 167.733
148.411 99.213 167.453
153.526 103.179 165.733
155.311 109.791 164.890
153.481 116.147 162.058
148.842 121.253 163.202
144.426 123.734 167.782
142.967 124.865 174.289
144.598 125.662 180.636
149.153 127.434 184.794
154.550 129.713 186.926
160.785 132.493 186.652
164.912 136.461 183.295
166.603 140.508 178.119
164.098 144.630 173.528
159.060 145.382 168.330
152.200 147.119 168.112
146.826 149.327 172.018
144.843 153.305 176.862
145.503 159.037 180.478
147.926 165.081 180.625
151.565 170.383 178.841
153.637 173.830 173.512
154.312 175.026 166.417
153.369 173.475 160.124
150.341 169.197 155.386
144.080 167.271 154.634
137.369 167.613 155.788
132.320 171.806 156.467
129.909 178.168 156.426
130.062 184.151 153.729
131.880 188.158 148.951
134.939 189.817 143.111
137.249 188.129 137.509
137.227 183.868 131.909
136.577 177.332 129.883
132.214 172.025 129.895
125.586 169.520 130.522
118.963 171.215 130.872
113.812 174.265 127.778
112.010 176.688 122.209
112.678 178.966 115.819
115.770 177.856 109.847
120.264 174.166 106.193
124.026 168.512 105.541
125.575 162.183 107.239
123.278 156.008 109.943
118.581 152.853 113.986
112.597 150.516 113.209
108.077 148.125 109.497
106.331 145.584 103.518
108.270 142.647 98.151
112.239 140.108 93.734
118.042 137.307 91.820
124.164 135.029 92.187
128.523 132.066 96.486
131.311 132.289 102.825
129.407 129.154 108.658
124.605 126.016 112.752
120.714 120.524 112.465
120.484 114.252 110.612
121.387 108.853 106.646
125.807 104.807 103.685
132.058 102.678 102.980
138.662 102.726 104.222
144.080 105.280 107.543
146.633 108.517 113.023
145.526 110.324 119.608
142.247 108.518 125.426
139.530 103.820 129.538
140.820 97.576 131.330
144.504 92.231 131.936
150.657 89.572 132.235
157.328 89.991 132.005
162.867 93.814 132.921
165.844 100.105 132.594
165.797 106.920 133.556
162.534 112.176 136.653
159.513 113.565 142.736
158.299 112.333 149.146
160.415 109.819 155.108
165.942 108.996 158.523
172.819 108.632 159.205
179.004 110.842 157.440
182.582 116.042 154.866
182.741 122.228 152.162
180.465 128.332 151.791
176.279 133.447 153.287
173.853 136.835 158.409
172.720 138.092 165.137
175.216 138.126 171.382
180.594 137.245 175.684
187.431 136.834 176.740
193.755 138.337 174.198
197.441 142.338 170.242
197.802 147.765 165.817
195.305 153.912 163.861
191.395 159.658 165.047
188.018 163.845 169.378
187.522 166.064 175.999
189.702 166.533 182.466
194.946 167.854 186.230
203.601 167.398 168.123
205.026 162.161 171.638
204.198 157.066 176.167
199.502 153.845 180.255
193.193 153.252 183.145
186.452 153.711 181.657
182.319 154.008 176.274
181.443 154.243 169.342
183.677 152.076 163.336
187.308 147.438 159.699
190.483 141.518 159.361
192.113 135.313 162.041
190.549 130.049 165.967
186.152 126.482 169.655
179.694 124.618 170.563
172.875 125.054 169.508
167.726 125.977 165.270
165.718 126.287 158.752
167.170 126.067 152.175
171.035 123.810 147.051
175.150 118.969 144.476
177.349 112.617 144.467
176.478 106.111 146.249
172.831 100.833 147.835
166.618 97.933 149.116
160.198 97.678 147.816
154.348 100.069 145.278
151.487 105.647 141.808
153.275 108.854 135.811
155.819 108.506 129.442
158.214 104.297 124.604
157.984 98.843 120.957
153.803 94.409 118.239
147.744 92.775 116.942
141.272 92.819 117.193
135.086 95.144 119.072
131.517 100.792 119.257
131.693 107.776 120.239
134.896 113.735 118.829
138.070 116.457 113.286
139.816 116.564 106.789
137.165 116.402 100.812
132.354 115.215 96.238
125.848 116.298 95.048
120.318 119.025 96.492
115.704 122.507 99.768
114.387 126.991 104.916
116.566 131.198 109.847
121.094 136.213 110.672
125.976 139.978 107.913
128.329 143.568 102.883
126.331 147.721 98.264
121.771 151.199 94.890
116.572 154.552 94.056
111.463 158.190 96.101
107.609 160.535 101.253
106.418 161.601 107.716
108.870 162.488 113.696
113.712 160.029 118.565
120.428 160.966 118.542
126.170 164.348 116.452
128.801 169.985 114.278
128.872 176.377 114.684
126.801 182.405 116.803
124.451 185.937 121.762
120.600 187.068 127.163
120.218 184.966 133.375
120.486 179.973 138.130
123.850 174.344 139.938
130.050 171.434 139.898
136.985 171.981 138.595
142.347 175.245 141.025
145.668 180.285 144.219
145.844 184.485 149.370
144.577 185.763 155.525
141.784 184.398 161.591
138.667 180.767 166.195
138.399 174.552 168.927
138.213 167.819 167.556
141.397 162.656 164.183
147.729 160.722 162.214
154.456 161.896 162.121
159.479 162.714 166.683
162.193 161.525 173.018
162.013 159.676 179.368
158.957 155.953 184.337
153.862 151.673 186.124
149.410 146.953 183.933
147.258 142.647 179.495
148.909 138.814 173.796
153.519 137.435 168.763
159.313 134.050 168.302
163.282 129.506 170.516
164.748 124.491 174.767
162.360 119.864 178.536
158.159 115.633 180.679
152.224 112.584 180.729
145.682 111.989 179.118
141.115 112.579 173.932
138.158 115.541 168.402
139.938 115.430 161.846
144.977 114.376 157.130
147.815 109.003 154.424
148.383 102.473 153.508
147.019 95.984 154.478
142.037 91.465 154.778
135.741 89.341 154.519
129.569 90.381 152.456
124.058 94.804 152.141
122.300 101.123 149.248
123.218 105.176 143.974
125.927 106.030 137.485
129.268 103.247 132.096
126.984 99.405 127.476
122.732 95.872 124.203
116.442 93.395 122.908
109.807 94.394 123.926
104.649 98.180 125.876
102.202 104.150 127.591
102.769 110.649 130.422
107.209 116.292 130.526
110.248 119.785 125.827
111.455 121.699 119.601
109.028 123.157 113.560
103.274 124.437 110.063
96.942 126.293 110.132
91.049 128.039 112.956
88.413 132.250 117.347
88.917 135.942 123.290
92.632 139.218 128.112
98.502 142.978 129.647
102.800 147.063 126.478
104.067 151.250 121.076
101.294 156.327 118.013
96.725 160.995 116.854
91.267 164.670 118.638
88.445 167.741 123.710
87.908 168.994 130.396
89.901 167.560 136.983
95.303 166.239 141.137
102.162 167.030 141.988
108.388 169.716 139.936
111.515 174.907 137.097
111.459 181.659 135.577
26.172 17.712 -30.071
19.316 18.309 -30.313
15.272 23.212 -30.634
10.398 18.500 -30.803
4.288 21.039 -31.546
2.238 26.283 -33.854
-0.571 30.749 -30.026
-5.924 31.714 -26.619
-12.511 31.669 -28.659
13.635 4.219 -42.912
12.342 11.292 -42.815
7.518 15.539 -42.040
12.539 20.417 -42.044
9.995 26.415 -41.174
4.417 28.824 -38.845
0.908 32.209 -44.150
-3.311 29.026 -39.823
-10.274 27.597 -39.439
48.052 -4.381 -38.644
48.792 -11.347 -38.936
53.694 -15.279 -38.146
48.492 -20.065 -38.182
51.294 -26.290 -37.301
56.824 -28.729 -35.186
60.390 -32.069 -40.667
64.785 -29.013 -36.226
71.163 -27.617 -35.721
35.079 -18.687 -24.440
41.612 -18.405 -25.990
45.828 -23.283 -26.987
51.112 -18.252 -26.987
57.079 -20.926 -27.733
59.238 -26.319 -30.104
61.827 -30.568 -26.426
67.426 -31.561 -22.688
73.903 -31.595 -24.784
24.590 7.354 -7.859
26.961 12.917 -4.435
26.503 19.562 -3.152
22.330 24.668 -2.375
16.191 26.503 -1.241
9.775 25.803 0.397
5.070 22.150 3.607
2.785 16.487 6.477
3.372 13.374 11.924
6.583 10.312 17.285
9.730 11.842 22.249
12.842 16.358 26.810
12.962 22.838 28.962
9.516 28.145 30.113
3.982 31.447 31.274
-5.643 16.623 26.880
-4.335 20.973 21.980
-2.229 27.301 19.656
4.016 29.842 19.016
10.448 29.693 18.644
16.221 25.691 15.722
19.504 20.147 15.969
19.427 13.669 13.395
16.546 9.798 9.199
12.833 8.400 3.565
8.174 9.757 -1.239
8.677 13.611 -6.447
9.594 19.241 -10.230
14.376 22.447 -13.244
20.205 22.490 -16.020
180.359 200.731 238.363
176.822 197.962 241.756
170.946 194.769 243.267
164.794 192.623 241.196
161.115 190.464 235.887
159.645 187.584 230.903
161.765 185.073 224.940
167.115 181.898 221.960
172.546 177.849 223.590
175.342 173.075 227.851
173.448 167.718 231.690
169.497 162.576 233.460
164.099 158.656 232.388
159.188 155.876 228.089
157.064 155.336 221.925
158.158 155.621 215.764
162.241 157.208 210.445
168.726 157.486 208.570
175.065 154.713 209.642
178.375 149.079 211.088
178.663 142.416 210.615
177.030 137.132 207.538
174.669 134.513 201.261
172.522 134.762 195.265
170.760 137.552 189.528
171.088 142.613 185.305
173.332 148.694 184.074
178.199 153.484 185.762
184.985 153.495 186.461
190.897 150.755 185.220
194.723 147.668 181.024
196.266 144.822 175.216
195.366 144.813 168.677
192.658 147.697 163.354
188.563 152.092 160.068
186.871 158.359 159.205
185.898 164.279 161.743
188.571 169.477 165.362
194.254 171.827 168.104
200.798 172.808 167.334
205.207 174.617 162.785
207.769 175.705 157.258
207.851 178.432 151.677
205.100 182.471 146.903
200.587 185.646 144.427
194.825 189.808 145.526
191.615 193.316 149.358
189.132 194.164 155.726
191.816 195.519 162.006
197.286 197.735 165.622
202.233 201.880 165.697
204.439 207.848 164.230
203.843 214.050 162.610
200.384 219.303 161.308
195.215 223.142 161.043
188.313 223.480 162.126
183.244 221.462 165.028
180.471 217.671 170.103
181.863 215.339 176.269
185.754 215.224 182.078
187.312 219.486 186.385
187.936 225.373 189.506
185.360 231.154 190.691
180.336 235.211 191.012
173.859 236.780 190.729
167.339 234.834 190.444
162.755 230.367 191.649
161.074 224.503 193.422
163.279 218.616 196.169
166.190 216.384 202.008
168.713 217.593 208.125
167.169 220.312 214.004
162.769 222.636 218.259
156.520 224.058 220.187
149.892 222.868 219.905
144.890 219.229 216.489
143.450 213.663 212.801
144.900 207.842 210.437
147.996 202.046 210.929
153.048 198.470 213.880
153.613 195.444 219.338
150.763 193.095 225.162
145.150 191.383 228.166
139.551 188.579 227.041
134.443 186.353 225.011
131.823 182.475 220.512
130.829 179.772 214.299
133.354 177.822 208.343
138.534 178.593 203.873
144.617 175.153 204.224
149.961 172.509 207.716
150.845 166.626 210.929
149.528 160.021 211.602
145.810 154.645 211.466
141.977 150.487 207.981
138.554 148.935 202.403
138.284 148.891 195.984
139.165 151.989 190.417
143.183 155.235 186.405
149.552 157.042 185.403
155.929 154.858 185.208
160.772 150.097 186.590
161.983 144.315 183.897
161.552 139.705 179.533
159.073 137.089 173.703
156.061 137.967 167.991
153.357 143.051 163.668
153.889 148.431 161.011
155.198 154.889 160.441
159.085 159.942 163.642
165.831 161.474 163.864
172.094 160.625 162.293
176.662 158.447 157.488
177.531 156.944 151.438
175.396 159.033 144.798
172.236 162.970 140.663
167.732 168.158 138.870
165.646 174.007 140.227
164.569 179.001 144.329
166.591 183.194 149.702
172.517 186.349 151.145
179.307 187.496 149.814
182.632 190.551 145.103
183.286 193.261 138.794
180.641 197.642 134.381
175.914 202.446 133.028
171.350 206.485 134.779
166.854 210.024 139.098
165.484 210.412 146.095
167.811 210.574 152.741
172.226 213.968 156.570
178.652 216.526 157.452
182.736 221.584 155.506
183.179 227.371 152.113
180.279 232.287 148.551
165.149 229.517 158.409
163.671 226.351 151.929
166.254 225.697 145.558
171.656 225.072 141.402
177.260 221.533 140.226
182.606 217.664 141.969
184.526 212.313 145.702
182.696 207.697 150.364
177.149 204.383 153.038
170.251 202.964 152.540
166.235 200.296 147.319
164.634 198.006 141.822
165.620 193.671 136.410
169.093 189.869 132.659
174.624 185.223 131.879
178.289 181.486 135.209
180.850 178.058 140.068
181.476 175.885 146.275
178.224 174.532 152.189
171.814 174.496 154.801
165.028 173.902 153.370
161.449 168.657 150.892
160.555 162.866 147.623
162.557 156.316 146.619
165.318 151.025 148.575
168.900 147.281 153.446
170.431 147.138 159.742
170.650 149.283 166.052
167.591 152.793 170.565
161.674 155.880 171.990
154.820 155.659 170.930
149.404 151.456 170.013
146.303 145.765 171.722
145.475 141.387 176.753
146.956 138.775 182.428
150.199 138.318 188.321
152.999 141.456 193.850
154.528 147.089 197.004
154.762 153.606 197.250
152.382 159.687 194.727
146.259 162.274 194.026
139.502 162.076 194.131
135.088 161.559 198.791
132.529 160.375 204.871
133.441 161.686 211.239
136.819 163.955 216.495
141.880 167.369 219.588
145.202 172.854 219.576
149.386 176.534 215.369
148.361 181.499 211.495
144.676 185.619 208.038
139.796 190.001 207.805
135.690 194.409 210.334
134.677 198.221 215.490
134.863 200.200 222.090
138.550 202.057 227.212
144.278 205.512 228.284
151.134 206.144 227.909
155.986 207.170 224.014
158.830 206.512 217.737
156.847 207.048 211.159
152.601 210.539 206.986
149.618 216.277 205.657
149.383 222.782 205.760
152.730 228.440 206.793
157.781 232.106 208.979
164.156 233.052 207.909
170.634 231.167 206.595
174.554 226.656 203.983
175.163 220.874 200.145
173.123 218.550 194.286
169.899 219.063 188.355
169.516 223.006 183.120
171.101 228.519 179.441
176.002 232.396 177.849
182.267 233.964 177.072
188.847 232.504 177.135
193.748 227.934 178.218
195.980 222.115 177.364
194.571 215.612 177.399
191.351 210.720 174.063
187.100 209.019 168.982
184.805 210.558 162.639
186.701 211.415 156.553
191.633 211.093 152.020
197.959 209.971 150.029
203.735 206.420 151.514
207.057 201.691 155.361
206.659 196.288 159.307
203.311 191.570 162.526
198.088 187.567 162.769
191.682 186.303 160.415
189.126 182.952 155.005
189.652 179.274 150.103
192.752 174.141 147.407
196.629 168.643 148.614
199.722 164.872 150.622
203.478 162.211 155.951
203.972 160.930 162.247
201.728 160.602 168.053
197.421 162.731 172.720
190.728 162.831 174.005
184.387 161.026 171.870
180.949 155.964 169.230
180.055 149.558 168.431
181.106 143.300 169.992
183.767 138.363 173.404
185.909 136.717 179.994
187.250 138.091 186.275
187.131 141.478 191.914
185.007 147.211 195.055
179.999 151.571 195.369
173.146 152.351 195.697
166.876 149.572 194.922
163.367 145.234 198.125
162.174 141.252 203.103
163.203 138.836 209.094
166.332 140.014 215.622
169.273 143.993 219.909
172.411 149.625 221.984
174.434 155.888 220.539
173.064 161.263 216.302
167.613 165.357 215.410
161.422 167.415 217.124
156.713 168.346 222.042
156.159 169.379 228.531
158.974 169.893 234.465
164.467 172.518 238.779
169.368 176.607 238.997
174.234 180.585 236.580
176.533 184.175 231.422
175.313 187.843 225.589
171.316 192.989 224.411
165.735 196.934 226.167
163.261 200.451 230.591
163.376 204.456 235.846
168.319 208.823 238.563
128.322 200.464 243.153
127.573 198.461 241.397
-44.414 -26.891 16.324
-39.817 -22.794 14.505
-36.724 -21.280 9.623
-30.592 -23.488 9.024
-24.405 -23.250 8.582
-23.405 -27.780 11.902
-25.009 -33.062 14.841
-18.444 -35.158 15.542
-20.607 -38.408 11.681
43.946 -26.955 -16.374
39.073 -23.055 -14.391
35.971 -21.820 -9.419
29.905 -23.951 -8.861
23.779 -23.142 -8.734
22.538 -27.356 -12.330
24.447 -32.653 -15.469
17.918 -34.690 -16.600
7.299 -28.677 39.658
4.000 -25.281 34.698
2.156 -19.687 31.697
3.642 -13.333 30.638
7.468 -9.873 27.472
11.025 -8.708 23.488
7.881 -10.288 18.602
5.681 -5.554 13.634
1.064 -3.047 9.353
-4.559 0.059 9.102
-9.575 3.761 12.271
-11.654 7.278 17.680
-6.176 1.544 23.451
-6.652 7.895 25.794
-7.788 14.489 24.780
-11.477 18.709 21.739
-16.042 21.421 17.699
-22.767 21.186 17.066
-28.140 17.788 15.956
-33.511 20.993 15.867
-38.637 25.663 15.602
-42.749 27.853 10.981
-45.059 28.177 4.468
-44.833 26.293 -2.135
-24.088 5.290 17.497
-22.080 8.094 11.493
-16.663 10.962 8.910
-10.393 12.241 8.638
-4.315 12.170 10.146
1.804 11.078 13.488
3.381 9.493 8.375
9.353 11.809 5.168
12.731 14.985 0.165
13.909 21.119 -1.800
13.407 28.160 -1.254
12.103 33.284 2.924
166.362 127.413 113.448
161.526 127.509 118.393
161.010 128.278 125.494
163.468 127.563 131.991
166.978 129.939 136.624
170.307 136.090 139.408
172.508 142.352 137.290
171.164 147.966 135.823
167.013 153.121 136.049
161.150 156.319 134.376
154.314 156.842 134.983
149.943 155.616 139.777
148.136 151.494 145.613
148.928 151.423 151.754
149.849 153.429 157.947
152.513 157.383 161.765
156.387 163.721 163.287
158.769 169.560 160.502
157.068 174.301 156.051
151.504 177.095 152.293
145.426 178.630 151.847
138.602 179.193 153.598
134.713 178.944 159.206
133.090 178.453 165.569
144.514 189.784 165.261
147.411 186.135 170.760
145.888 178.815 172.530
142.880 173.458 170.158
139.347 170.114 166.171
138.533 170.183 159.235
140.829 167.654 152.882
145.531 169.111 148.165
152.356 168.906 146.632
158.940 168.173 148.547
163.482 164.257 151.614
165.579 158.195 152.281
164.263 151.026 152.921
160.208 146.406 150.641
155.219 143.756 147.195
152.084 142.705 141.282
151.140 143.577 134.812
154.313 144.861 129.238
159.696 145.625 124.746
166.503 143.815 123.646
172.618 142.867 124.952
177.238 138.220 127.660
177.223 131.656 127.630
175.888 125.663 128.287
-11.288 0.105 5.069
-8.738 -5.667 4.618
-5.716 -11.173 1.627
-2.229 -12.670 -3.689
0.313 -11.716 -9.783
4.241 -7.212 -13.054
8.362 -2.215 -14.223
11.666 2.686 -11.596
13.139 6.974 -6.380
17.714 5.995 -1.331
20.790 4.540 4.629
24.708 -1.104 5.676
43.831 -30.619 24.510
36.451 -29.554 24.770
30.559 -32.528 28.081
27.668 -28.521 33.874
27.414 -26.118 39.419
29.265 -20.380 42.917
32.775 -14.094 43.526
34.171 -9.084 41.081
36.338 -5.773 36.099
34.625 -2.021 30.955
30.505 -1.434 24.530
23.966 0.152 23.462
20.642 -11.318 -7.797
18.830 -12.760 -1.487
16.105 -9.687 4.248
12.020 -5.151 6.583
9.016 0.703 6.133
5.313 4.988 2.771
2.678 7.948 -2.956
-1.254 6.450 -7.905
-5.075 2.522 -12.004
-7.052 -3.489 -13.807
-11.525 -7.524 -12.659
-14.596 -11.742 -8.368
16.198 -8.362 37.613
17.037 -11.099 31.825
20.189 -12.130 25.552
26.423 -12.192 22.638
33.103 -11.811 23.443
38.727 -12.893 26.326
42.147 -14.608 31.765
42.633 -17.955 38.683
42.569 -22.965 39.978
40.064 -27.799 43.137
37.493 -34.941 41.809
34.041 -38.505 37.346
5.097 11.734 -15.502
-0.047 16.873 -15.757
-6.100 14.129 -14.827
-10.077 10.840 -13.047
-56.527 18.890 -29.888
-53.148 17.193 -24.198
-47.168 15.141 -25.826
-42.932 13.238 -28.841
3.119 31.234 33.551
-1.287 33.958 29.044
-7.364 32.678 29.074
-10.563 32.050 25.219
-15.791 28.830 22.365
-21.060 27.521 23.671
-26.859 29.084 21.006
-31.782 30.825 23.187
-36.752 29.944 -10.999
-33.685 33.668 -6.536
-27.599 32.719 -5.318
-25.077 32.584 -0.048
-20.109 29.249 3.381
-14.656 27.029 2.313
-9.862 27.860 6.483
-4.285 29.028 5.313
229.344 303.419 291.732
231.858 302.895 290.662
166.926 202.684 299.229
171.978 200.440 295.132
176.858 203.903 292.031
182.868 207.858 291.761
187.329 212.853 291.941
189.997 216.067 296.394
192.635 217.597 302.120
194.065 215.326 308.182
192.817 210.210 313.353
193.618 203.436 314.516
195.129 197.196 312.126
198.872 193.740 307.706
202.607 192.441 302.343
208.326 194.591 299.797
214.952 196.879 300.935
218.607 202.189 303.920
221.041 203.837 309.773
222.364 203.882 316.523
223.316 199.210 321.751
225.811 195.427 323.929
229.770 189.685 323.084
235.181 187.781 319.484
239.454 188.654 314.898
243.948 189.875 310.310
247.287 195.001 309.056
247.999 201.671 307.926
246.387 206.543 311.730
248.351 210.789 317.892
251.885 209.414 323.403
256.240 206.097 327.647
262.471 203.700 327.015
268.100 202.001 323.669
271.893 204.457 318.628
273.320 208.675 313.601
271.571 214.118 310.919
270.965 220.366 310.418
268.032 225.668 313.064
266.376 229.298 318.691
269.447 231.233 324.573
275.293 233.062 327.595
280.656 236.665 326.300
284.010 239.997 321.618
285.273 243.450 316.099
282.582 246.737 311.019
278.158 248.181 305.923
271.916 249.161 305.314
265.150 250.352 305.582
261.624 254.216 310.133
260.735 257.711 316.150
262.226 263.764 317.772
263.621 270.035 315.913
264.582 274.386 311.025
264.993 275.797 304.339
262.337 274.883 298.201
256.652 273.698 295.018
251.393 270.116 293.698
245.141 267.040 295.229
240.613 265.111 300.105
236.430 268.516 303.647
232.560 272.349 304.331
229.146 277.896 301.743
228.998 283.161 297.261
227.909 284.922 291.311
226.363 282.744 285.062
224.731 277.766 280.230
223.038 271.846 278.948
221.819 264.820 279.909
220.438 261.129 285.159
216.286 259.836 290.086
210.420 260.803 293.147
204.190 262.044 291.494
199.264 262.581 286.969
197.104 260.738 281.096
197.575 256.698 275.640
200.777 251.432 272.698
205.103 246.554 273.094
208.468 241.508 275.791
209.518 238.110 280.977
207.961 235.044 286.745
202.728 232.399 289.984
197.243 228.812 288.991
193.371 225.086 285.314
192.368 221.098 280.468
195.676 217.642 275.329
201.067 215.085 272.051
207.439 213.740 272.457
212.471 211.723 275.011
216.175 209.599 279.432
217.536 208.698 286.226
214.453 205.894 291.530
213.700 199.498 293.034
212.960 192.986 291.885
215.156 187.946 287.874
219.222 185.881 282.853
224.815 186.695 279.062
230.858 189.123 279.086
235.560 192.418 281.070
238.416 197.526 285.086
238.492 199.896 291.553
240.899 197.000 297.021
243.300 191.592 300.749
249.505 189.137 299.708
254.215 186.194 297.587
258.922 185.698 293.777
262.047 188.301 288.048
264.194 192.550 283.780
264.538 198.762 283.344
264.596 204.871 284.702
264.712 210.010 288.574
265.785 213.159 294.909
268.941 211.898 300.767
274.882 210.431 302.932
281.545 210.366 302.619
286.715 212.222 298.495
289.173 215.024 293.350
289.141 219.208 288.242
285.693 223.958 284.541
281.114 228.609 283.839
277.204 233.740 285.867
275.761 237.909 291.573
276.837 240.265 297.923
281.517 244.182 299.496
286.135 248.398 297.880
289.696 252.063 293.846
289.276 255.470 288.282
286.655 256.600 282.021
281.845 256.015 277.385
275.470 255.240 275.996
268.677 255.121 277.118
263.206 256.096 281.485
261.744 261.253 285.486
261.761 267.680 287.679
261.393 273.058 283.715
262.649 276.695 277.219
260.795 276.597 271.019
258.635 273.671 265.035
254.744 269.348 262.279
250.099 264.759 262.881
245.092 260.799 265.710
239.755 263.027 270.076
236.280 267.498 272.890
232.148 272.407 270.956
228.366 274.577 267.567
224.851 275.059 261.811
224.108 273.375 255.102
223.538 267.378 251.673
224.004 260.392 250.771
224.013 253.837 253.373
220.402 249.797 258.066
214.945 249.788 262.021
209.663 250.969 265.805
204.518 254.166 266.414
199.170 257.377 263.792
194.132 257.619 258.017
192.493 255.088 251.751
193.964 251.693 246.404
195.337 247.018 241.358
197.462 239.972 240.963
197.360 234.244 244.423
193.445 230.639 249.257
188.224 229.666 252.770
181.819 231.876 253.831
176.523 232.602 253.688
169.600 232.604 250.384
165.951 233.858 244.598
177.421 220.494 243.814
180.085 225.380 240.817
181.314 232.046 238.491
179.091 238.393 237.614
179.379 244.431 241.534
177.674 245.090 248.562
180.306 243.910 254.073
186.259 243.245 256.995
192.287 241.496 258.305
197.932 241.052 257.502
203.949 242.504 255.557
207.418 245.454 250.801
208.520 250.453 247.667
206.035 257.223 246.878
206.313 262.217 250.606
209.023 266.476 256.018
210.252 268.123 261.954
213.876 266.782 267.663
217.388 261.303 269.284
222.608 259.775 268.660
228.043 257.784 264.631
231.879 257.521 258.859
234.489 262.271 254.544
237.528 268.130 253.517
238.008 274.886 255.534
241.328 278.382 259.760
242.913 279.131 266.396
244.166 277.851 271.758
246.315 274.961 276.078
247.335 268.376 278.560
249.746 262.466 275.990
254.723 260.397 271.798
260.507 261.145 268.245
266.345 264.774 268.761
271.218 268.121 271.853
274.868 268.862 277.392
276.878 268.223 283.797
275.264 264.962 288.977
274.752 259.925 292.720
272.073 253.510 291.759
271.519 248.542 286.749
275.098 245.459 282.061
281.451 244.108 280.226
288.057 242.897 280.098
291.298 239.580 284.683
293.283 236.115 290.293
291.904 232.155 295.389
287.170 229.915 299.661
281.044 227.579 301.413
274.776 226.277 298.627
272.314 224.068 292.839
272.530 220.288 287.242
275.341 214.889 284.178
278.874 209.492 284.852
280.454 203.422 286.637
277.146 199.339 290.817
273.111 196.599 295.223
268.542 197.667 299.719
262.697 199.260 301.507
257.312 202.571 299.591
253.447 203.796 294.389
252.147 203.413 287.864
251.041 199.051 283.439
249.758 193.174 281.308
247.953 186.843 282.002
244.334 182.472 285.351
239.569 180.900 289.841
234.672 182.200 294.328
230.000 186.384 296.042
227.326 192.245 296.308
227.458 199.040 294.475
227.680 201.817 288.192
225.892 202.031 281.839
221.903 200.393 276.690
215.983 197.638 274.988
209.425 196.101 275.305
204.632 198.311 278.418
200.958 202.449 282.415
200.370 207.302 286.331
201.976 212.639 289.379
206.495 217.446 290.005
210.415 221.215 285.587
212.260 223.095 279.115
208.721 225.572 274.113
203.956 228.847 270.917
198.310 232.654 271.096
193.762 236.142 274.835
191.607 240.401 279.023
193.415 243.457 284.035
196.926 246.480 288.338
202.763 247.674 290.072
209.422 248.515 288.156
212.777 250.743 282.455
213.456 254.007 276.283
211.757 260.256 274.131
209.872 266.715 274.772
208.395 271.819 279.098
209.036 275.517 284.579
212.261 276.650 290.053
216.964 273.095 294.428
220.981 269.687 295.904
227.243 266.915 293.086
230.604 265.245 287.386
235.165 269.302 284.956
238.552 275.180 284.312
239.402 281.052 287.522
242.547 283.025 293.276
243.671 285.072 299.043
246.556 282.430 304.194
247.609 277.713 308.674
248.790 272.224 310.761
248.766 265.337 309.280
251.649 261.456 304.407
256.717 260.018 299.879
263.252 261.025 299.158
269.628 263.081 299.810
273.996 264.712 304.516
277.280 264.084 310.448
277.007 260.662 316.179
274.061 256.574 320.060
271.377 251.477 322.019
266.806 246.347 320.038
265.609 242.176 314.866
269.249 238.142 310.460
274.491 235.027 306.859
279.195 231.339 308.773
283.263 227.438 312.532
284.115 223.055 317.776
281.274 219.620 322.108
276.240 218.323 326.182
269.761 218.015 327.683
263.305 218.846 325.473
259.607 219.694 319.399
258.932 216.158 313.809
260.479 210.572 309.977
261.746 204.143 308.699
260.027 198.304 311.951
259.005 195.203 318.025
253.308 194.057 322.927
248.069 196.207 325.929
241.866 199.205 325.255
238.310 203.186 321.491
235.291 204.654 316.599
232.334 203.707 311.080
230.606 199.387 306.350
229.152 193.519 305.301
224.316 189.376 307.075
219.105 186.291 310.276
213.976 188.628 314.230
210.374 192.580 318.770
208.933 199.398 319.213
208.851 205.053 316.038
209.342 209.322 311.452
207.895 210.195 304.593
203.827 209.257 299.639
198.664 205.903 296.649
193.082 201.715 296.909
187.504 200.555 300.012
182.198 201.998 304.448
179.363 206.592 308.444
175.952 212.072 309.679
174.876 217.900 306.155
173.336 220.937 301.672
170.800 221.464 295.652
168.426 220.171 289.530
172.789 199.721 228.794
168.728 199.097 223.392
168.338 200.441 216.547
171.685 200.190 210.479
176.752 197.614 206.795
181.261 192.457 206.033
183.747 186.536 208.122
182.149 180.565 210.097
177.724 176.499 213.241
171.627 174.238 212.891
166.198 172.828 209.661
162.738 172.624 203.876
162.198 171.699 197.844
164.989 170.166 192.206
169.425 167.019 188.598
174.473 163.030 187.594
178.617 158.395 189.960
180.990 154.191 194.398
179.200 149.890 199.301
174.279 145.859 201.701
168.257 142.562 199.223
165.464 138.660 194.479
166.810 135.600 188.129
171.881 132.225 185.137
178.439 130.330 184.140
185.015 130.049 186.655
188.953 130.023 192.606
189.299 127.709 198.876
188.419 123.026 203.464
184.621 113.956 187.895
178.501 115.393 190.563
174.697 118.130 195.540
174.862 123.031 200.370
177.918 128.739 202.362
182.917 133.582 200.470
185.185 137.289 194.561
183.333 140.947 189.546
179.340 143.072 184.360
173.394 146.654 183.057
167.519 149.373 185.349
163.563 151.755 190.519
163.272 153.838 197.235
166.100 155.885 202.978
171.840 158.852 204.931
177.136 162.110 204.212
180.558 166.485 200.433
181.045 171.522 196.664
178.323 176.998 195.834
173.161 181.308 195.064
168.217 184.566 198.003
165.451 186.461 203.888
164.322 185.517 210.284
167.538 184.968 215.999
172.915 184.751 220.006
179.036 187.026 221.544
184.084 191.334 220.197
185.993 197.510 217.871
183.969 203.724 215.531
-49.851 -53.278 -4.759
-43.667 -50.079 -4.721
-40.180 -45.052 -2.230
-39.370 -38.999 1.004
-41.279 -35.816 6.485
-43.258 -36.914 12.759
-46.754 -40.689 17.446
-47.636 -46.701 19.992
-45.069 -52.551 21.906
-40.345 -55.196 23.870
-34.145 -57.430 25.535
-28.090 -54.499 26.865
-24.349 -50.513 29.840
-23.488 -46.372 34.504
-25.026 -40.075 37.493
-29.373 -37.544 41.598
-36.066 -37.347 43.184
-39.902 -42.221 46.147
-40.389 -48.591 48.620
-37.590 -53.347 52.114
-32.365 -54.937 56.690
-29.091 -52.674 61.899
-28.930 -49.176 68.217
-30.921 -43.395 71.961
-36.670 -38.816 74.033
-42.639 -37.113 73.855
-49.265 -39.029 71.078
-52.221 -44.472 70.220
-53.592 -51.460 72.014
-53.075 -55.681 76.738
-53.130 -57.687 83.798
-56.107 -55.700 89.416
-59.184 -51.544 93.793
-63.409 -45.971 94.000
-68.130 -42.418 91.069
-72.182 -40.619 86.238
-75.181 -41.290 81.041
-76.130 -44.917 74.784
-80.020 -50.059 72.976
-81.942 -56.331 75.144
-86.333 -59.060 79.032
-92.319 -58.119 81.933
-97.926 -54.270 82.571
-101.384 -49.559 80.763
-103.347 -43.815 77.668
-103.346 -40.265 72.185
-99.643 -39.114 66.517
-98.960 -43.064 60.557
-99.232 -48.546 56.515
-103.131 -54.248 55.128
-108.913 -55.784 53.929
-115.331 -55.838 52.825
-120.332 -52.291 51.062
-122.832 -49.364 46.171
-123.579 -42.285 45.323
-121.501 -37.917 39.935
-115.861 -34.382 37.838
-108.994 -35.175 38.257
-104.571 -39.139 34.576
-103.082 -45.099 31.243
-104.868 -48.692 25.603
-107.455 -49.308 20.256
-108.994 -46.335 14.561
-109.640 -41.225 10.286
-106.946 -35.751 7.767
-103.106 -30.765 8.119
-98.928 -26.745 11.524
-92.944 -27.506 14.000
-88.058 -31.155 16.410
-84.240 -36.758 14.879
-80.698 -39.188 9.796
-78.936 -39.593 3.365
-76.886 -36.046 -1.675
-74.679 -30.419 -4.590
-72.265 -24.712 -4.104
-69.333 -19.513 -1.601
-67.480 -15.990 3.896
-64.745 -16.808 9.558
-63.536 -21.278 14.475
-58.535 -26.423 15.614
-54.294 -31.082 13.496
-48.360 -31.248 10.202
-43.118 -28.049 8.699
-38.458 -23.285 8.470
-36.660 -17.402 10.493
-35.753 -13.155 15.585
-35.978 -11.995 22.070
-40.949 -12.545 26.971
-42.920 -16.978 31.733
-42.514 -23.672 33.768
-37.970 -27.980 35.318
-32.252 -29.632 37.610
-28.196 -27.974 42.497
-24.556 -23.685 46.168
-24.839 -19.789 50.559
-26.880 -14.152 54.054
-31.707 -10.334 56.478
-37.781 -10.063 58.542
-44.202 -12.659 57.943
-47.118 -18.144 59.468
-47.275 -24.585 61.442
-45.328 -28.080 66.711
-42.646 -29.013 72.881
-41.947 -26.783 78.858
-43.278 -22.230 83.703
-47.370 -17.303 86.405
-52.591 -13.996 86.362
-58.208 -11.199 83.902
-63.149 -13.587 79.735
-66.713 -18.583 77.936
-68.790 -25.035 78.480
-69.047 -30.674 81.953
-71.306 -32.918 87.999
-75.856 -32.009 92.826
-80.829 -28.633 95.193
-85.243 -23.533 95.908
-88.581 -18.270 92.869
-89.854 -14.975 86.993
-90.367 -15.529 80.803
-89.423 -18.955 74.695
-92.059 -24.436 71.651
-96.366 -29.443 71.357
-101.986 -32.823 72.770
-108.477 -31.242 73.530
-113.083 -26.412 74.860
-114.964 -19.964 73.048
-114.296 -15.011 68.473
-111.664 -12.658 62.935
-108.649 -12.484 57.172
-105.605 -15.701 51.772
-106.953 -20.084 47.538
-110.729 -25.958 46.765
-116.507 -26.147 43.442
-121.504 -23.237 39.941
-124.688 -18.366 37.087
-124.278 -13.645 32.986
-120.885 -8.412 29.713
-115.195 -5.518 27.941
-109.321 -7.173 25.866
-104.104 -11.374 24.752
-102.357 -16.976 21.643
-103.737 -21.739 17.145
-106.423 -23.165 11.277
-111.180 -22.386 6.284
-111.539 -5.516 10.060
-116.883 -9.173 10.487
-119.153 -14.984 12.336
-118.867 -20.409 16.077
-115.435 -24.797 20.241
-111.800 -24.205 25.436
-106.714 -21.089 28.994
-105.287 -16.037 32.579
-106.602 -10.309 35.735
-111.350 -7.129 39.228
-117.404 -6.095 42.044
-120.908 -9.031 46.168
-123.014 -13.533 50.637
-122.481 -18.917 54.669
-120.089 -25.328 56.185
-114.818 -28.119 57.102
-107.968 -28.541 55.571
-103.236 -24.146 58.188
-101.713 -18.071 61.281
-103.210 -14.281 66.268
-105.308 -14.022 72.615
-107.974 -17.145 78.125
-106.387 -21.044 82.837
-102.321 -25.477 86.141
-97.341 -30.937 84.952
-91.875 -31.891 83.120
-86.531 -30.708 78.551
-82.978 -25.042 77.425
-81.496 -18.411 79.146
-80.273 -14.556 84.760
-77.569 -14.138 90.344
-73.025 -16.042 94.978
-68.445 -20.508 96.875
-64.524 -25.778 95.134
-61.476 -29.746 90.666
-59.214 -30.394 84.397
-58.441 -28.059 78.057
-58.804 -23.602 73.556
-56.314 -17.907 71.028
-52.703 -12.346 72.865
-47.391 -10.305 75.761
-40.959 -11.257 75.626
-35.470 -15.279 74.772
-33.342 -19.676 70.988
-33.176 -25.229 66.909
-34.494 -27.095 60.952
-39.555 -27.590 56.231
-42.758 -23.514 52.262
-43.562 -17.775 49.281
-40.985 -12.149 46.776
-36.100 -9.904 43.184
-30.428 -10.401 40.420
-26.256 -13.098 36.658
-24.388 -16.943 31.995
-25.758 -22.087 27.928
-29.314 -25.628 24.694
-35.063 -29.047 24.349
-41.769 -28.385 26.185
-46.370 -23.682 25.601
-48.608 -17.454 23.696
-48.919 -12.946 19.107
-49.099 -11.853 12.614
-49.415 -13.809 6.369
-49.655 -18.254 1.645
-52.847 -23.364 -0.554
-56.839 -28.582 0.245
-59.677 -33.208 4.521
-64.419 -32.929 9.005
-68.273 -29.309 13.151
-72.866 -24.485 13.756
-77.105 -20.968 10.237
-80.518 -19.727 4.594
-84.516 -22.809 0.349
-86.809 -28.354 -2.516
-90.074 -33.830 -1.875
-92.338 -39.189 1.031
-92.180 -43.533 6.333
-93.038 -43.555 12.709
-92.173 -39.732 18.203
-96.464 -35.009 21.786
-101.106 -30.036 21.666
-107.746 -29.269 20.384
-113.478 -32.222 20.710
-117.314 -38.104 20.465
-118.737 -43.741 22.505
-117.965 -48.592 27.458
-114.822 -50.991 32.204
-109.376 -50.988 36.459
-106.048 -47.152 40.500
-105.676 -40.961 43.584
-109.571 -36.948 47.016
-113.524 -35.878 51.570
-115.367 -37.604 57.845
-117.246 -42.756 62.172
-116.834 -48.962 63.957
-113.461 -54.439 65.960
-108.244 -56.402 67.613
-101.342 -57.254 66.753
-95.778 -54.452 63.614
-92.612 -49.374 65.189
-91.840 -42.568 67.705
-91.185 -40.496 74.111
-91.951 -40.173 80.510
-91.105 -43.364 86.433
-87.635 -47.787 89.666
-83.595 -53.446 89.990
-78.310 -56.527 88.335
-73.742 -58.756 83.754
-70.620 -56.479 77.931
-68.108 -50.663 75.576
-65.700 -44.544 76.537
-63.989 -39.770 80.848
-59.681 -38.624 85.448
-53.460 -39.286 87.909
-48.177 -43.535 89.055
-44.571 -48.817 87.040
-42.654 -53.399 82.560
-42.789 -55.105 76.063
-44.504 -54.233 69.970
-47.628 -49.966 65.473
-45.950 -43.667 62.112
-42.190 -38.500 61.570
-35.952 -35.777 61.000
-29.544 -37.741 59.955
-24.961 -42.202 57.992
-23.954 -48.534 55.116
-26.707 -52.486 50.603
-31.064 -54.599 45.614
-35.597 -53.599 41.496
-40.369 -49.752 38.234
-40.156 -44.225 34.714
-37.653 -38.381 32.352
-33.429 -37.082 27.498
-29.007 -39.644 22.837
-28.096 -43.041 17.784
-29.215 -47.855 14.114
-33.021 -52.733 11.394
-39.549 -55.491 11.014
-45.802 -54.073 11.880
-51.292 -50.091 11.840
-53.559 -44.089 10.884
-53.334 -38.619 7.115
-52.349 -35.897 1.009
-48.914 -35.826 -4.997
27.514 -55.435 -4.597
26.691 -55.334 -11.208
23.484 -56.022 -16.872
18.038 -55.509 -20.557
11.012 -55.537 -21.285
6.535 -51.553 -19.291
2.847 -47.144 -15.177
3.568 -41.198 -12.927
7.008 -35.289 -13.134
12.714 -31.424 -13.181
8.935 -37.755 -30.712
15.559 -39.437 -29.183
20.279 -38.765 -24.405
20.727 -39.393 -17.775
18.587 -39.088 -11.026
16.543 -43.627 -6.848
12.058 -48.774 -4.460
8.087 -53.341 -6.169
8.795 -59.926 -7.007
11.491 -64.815 -11.112
20.047 -4.727 -10.310
21.880 -9.747 -6.154
24.596 -10.573 0.168
26.655 -7.945 6.148
26.824 -2.826 10.540
24.560 3.230 12.621
19.819 8.095 12.376
13.060 9.298 10.895
7.122 7.610 9.334
2.444 3.021 9.921
0.430 -2.658 12.966
0.719 -7.137 18.069
1.895 -8.081 24.621
3.158 -6.059 30.987
1.723 -1.367 35.226
-1.289 4.156 37.175
-6.340 8.251 36.045
-11.944 11.291 33.345
-17.932 9.495 30.933
-23.054 5.115 31.404
-12.775 -7.085 42.032
-15.438 -10.198 36.475
-17.295 -8.579 30.093
-16.132 -4.322 25.126
-14.873 1.443 22.232
-10.639 6.484 21.707
-5.578 10.628 23.477
0.342 11.208 26.029
6.248 8.983 27.724
11.556 4.806 27.887
12.488 -2.002 25.755
12.570 -7.024 21.046
10.591 -9.092 14.818
7.767 -7.398 8.719
7.763 -2.760 3.869
11.022 2.627 0.932
15.690 7.543 0.664
22.513 8.608 0.988
28.636 6.686 3.276
32.908 1.497 3.235
8.741 -17.326 21.511
6.896 -20.231 26.198
2.890 -23.319 28.790
-1.768 -26.755 28.102
-5.647 -29.568 24.474
-7.461 -31.965 19.862
-6.028 -34.431 14.840
-2.134 -36.522 10.913
2.843 -38.563 9.153
8.258 -40.773 10.706
11.872 -43.101 14.870
1.818 -36.246 27.355
6.179 -32.782 26.133
9.678 -29.416 22.788
10.039 -26.150 18.127
7.371 -23.482 13.196
2.868 -21.483 10.405
-2.439 -19.006 11.168
-7.291 -17.064 14.482
-9.627 -14.933 19.192
-8.381 -12.121 24.298
-4.667 -9.775 28.593
8.778 14.970 21.924
7.794 11.509 25.998
4.066 7.521 28.061
-0.666 4.101 27.778
-4.594 1.599 24.058
-6.370 -0.462 19.295
-4.956 -2.574 14.262
-1.123 -4.539 10.141
3.847 -6.465 8.704
9.013 -8.852 10.535
12.684 -11.133 14.483
2.670 -3.927 26.797
7.233 -0.705 25.643
10.553 2.630 22.240
10.882 5.869 17.481
8.131 8.529 12.608
8.127 8.542 12.633
3.810 10.874 10.781
3.673 10.443 9.173
-1.541 13.047 11.686
-6.581 14.617 15.062
-9.030 16.332 19.872
-8.243 18.807 25.377
-5.154 21.306 29.832
-53.079 -14.797 174.700
-50.865 -14.008 181.640
-45.851 -14.611 185.746
-43.415 -11.308 190.690
-38.480 -8.934 193.411
-32.567 -7.635 195.091
-26.495 -8.058 195.921
-20.697 -9.400 194.236
-14.878 -11.666 191.747
66.601 -2.833 171.225
64.777 -3.441 178.311
59.889 -2.887 182.543
57.806 -6.105 187.902
53.207 -8.720 191.138
47.580 -10.017 193.262
41.480 -9.462 194.142
35.667 -7.909 192.802
29.639 -5.804 190.565
-25.605 -2.474 213.495
41.525 -15.207 211.535
-14.355 -13.237 21.493
-16.687 -13.789 28.126
-21.447 -13.454 32.687
-23.354 -16.849 37.707
-27.977 -19.245 40.905
-33.787 -20.172 43.165
-39.674 -19.849 44.390
-45.646 -18.368 43.013
-51.514 -16.179 40.968
-56.846 -19.652 42.265
-135.141 -24.502 26.497
-132.438 -23.963 33.031
-127.161 -24.313 36.993
-124.855 -20.885 41.976
-119.910 -18.453 44.584
-113.743 -17.452 45.871
-107.892 -17.423 47.001
-101.958 -18.723 45.106
-96.214 -20.903 42.614
-91.149 -17.206 43.229
-13.846 -13.380 21.722
-16.200 -13.914 28.335
-21.167 -13.531 32.804
-22.998 -16.966 37.846
-27.590 -19.456 41.048
-33.483 -20.410 43.150
-39.280 -20.041 44.453
-45.307 -18.465 43.055
-51.233 -16.148 41.010
-135.264 -24.343 26.991
-132.776 -23.810 33.536
-127.467 -24.233 37.554
-124.980 -20.776 42.396
-120.100 -18.418 44.875
-113.966 -17.257 46.309
-107.989 -17.193 47.157
-102.060 -18.662 45.242
-96.316 -20.864 42.632
-106.638 -11.803 65.098
