4.206 78.279 -8.299
7.578 78.642 -2.560
9.222 76.341 3.786
9.337 70.554 7.361
7.495 63.930 8.606
9.275 58.470 5.722
11.905 54.494 1.234
13.231 52.975 -5.214
19.129 52.673 -8.314
25.035 55.921 -9.992
30.519 57.239 -6.915
33.957 59.113 -2.614
24.097 50.806 8.651
25.789 57.331 7.787
26.569 63.340 4.003
24.573 66.377 -1.740
22.024 66.369 -8.064
15.874 65.973 -9.948
9.554 64.650 -9.239
4.423 60.998 -6.853
-0.246 62.699 -2.630
-2.068 64.980 3.579
-3.936 70.990 5.617
-1.744 77.472 6.748
183.805 202.281 188.148
180.961 204.401 194.117
176.574 204.225 198.568
169.850 201.810 200.537
165.174 197.738 199.564
163.525 190.766 197.881
166.104 184.624 195.935
172.481 180.855 194.729
177.248 178.390 197.416
181.918 178.124 202.541
182.915 177.036 209.109
180.425 175.412 214.829
175.603 172.949 218.841
169.650 169.696 218.927
165.712 165.506 217.618
162.499 162.518 212.803
162.473 157.921 207.940
166.663 155.501 203.092
173.524 152.929 203.132
177.669 149.037 205.856
178.265 143.741 210.693
176.340 138.855 213.832
172.371 133.755 214.797
166.171 130.615 213.775
162.345 128.403 208.896
159.557 127.615 202.720
160.808 130.208 196.236
166.111 130.352 192.302
172.692 128.519 190.788
177.058 123.608 191.346
178.135 116.960 190.768
176.176 111.517 188.546
171.857 107.307 185.064
166.616 106.999 180.882
163.171 109.007 176.256
160.771 112.739 171.283
161.084 118.839 168.428
165.219 124.533 167.929
171.534 125.598 165.812
177.518 123.497 163.042
179.690 120.043 157.965
179.165 116.718 152.181
175.600 115.744 146.631
170.497 117.238 142.920
165.012 121.780 140.087
162.832 126.635 139.510
161.483 132.974 141.796
165.103 138.545 144.041
170.562 142.452 143.954
175.576 144.980 141.048
178.165 147.111 136.150
178.329 148.899 129.676
175.939 147.855 123.098
170.462 149.787 119.817
165.287 153.361 119.604
159.431 156.392 121.952
157.157 160.663 126.321
157.110 163.165 132.442
161.778 164.627 137.773
168.252 167.367 138.325
172.032 172.089 136.442
172.914 178.182 133.968
170.828 183.980 132.609
166.084 188.827 131.529
160.566 191.617 133.318
155.391 191.097 137.193
151.945 188.934 142.160
151.579 185.773 148.151
155.914 183.969 153.205
161.928 185.441 156.348
164.361 190.144 159.375
165.189 196.713 161.433
162.621 202.233 163.201
157.727 206.456 165.055
151.685 206.817 167.735
146.387 204.074 170.353
143.085 198.903 173.663
143.859 193.152 176.304
146.831 188.257 178.627
152.241 187.179 182.781
157.536 189.719 186.805
158.164 192.535 192.566
155.657 195.622 198.241
150.999 195.959 202.671
144.813 194.362 204.728
139.136 189.875 204.368
137.186 183.837 202.638
137.873 177.611 200.555
142.113 172.345 199.299
148.362 169.726 200.093
152.394 167.491 204.840
152.854 165.904 211.246
149.713 162.662 215.707
144.496 160.001 218.651
137.633 158.021 218.269
135.788 152.559 217.106
132.372 149.733 212.167
132.127 146.495 206.587
134.477 146.054 200.124
140.310 144.204 197.397
146.938 142.624 197.595
149.761 137.087 200.010
150.069 131.440 202.523
148.260 125.763 205.031
143.961 120.481 203.641
139.007 117.826 200.317
135.054 117.167 194.976
133.561 118.222 188.863
134.589 122.337 183.445
139.444 124.576 179.446
145.553 123.608 176.876
151.163 119.620 176.687
152.519 114.395 174.061
151.045 108.018 171.108
147.179 105.005 167.193
142.630 105.111 162.065
137.872 108.488 158.942
135.896 113.090 154.873
135.022 119.985 154.724
138.874 125.845 155.951
144.720 127.929 153.436
149.561 127.814 148.985
152.723 125.419 143.024
150.581 125.821 136.730
145.636 124.641 131.811
140.277 126.921 129.677
135.282 131.934 129.116
133.193 137.442 131.157
133.402 143.008 135.247
136.548 147.464 137.988
143.014 150.817 136.757
147.828 152.546 132.490
147.787 156.132 127.061
145.502 159.495 122.381
141.961 162.757 118.722
135.387 164.287 117.923
131.480 168.220 120.885
128.809 171.245 126.735
129.800 172.667 133.039
133.816 174.912 137.411
140.244 178.341 138.706
144.536 182.731 137.489
147.144 187.805 132.676
146.855 191.935 128.702
142.179 196.355 125.919
136.847 198.344 124.666
131.502 201.056 126.968
127.474 202.168 132.731
142.152 206.679 142.463
139.656 200.860 143.480
135.809 196.208 143.942
130.845 192.293 140.866
128.792 191.617 134.029
130.458 189.861 128.303
133.381 186.812 124.038
138.219 184.485 121.292
144.558 181.530 122.250
147.059 177.235 124.972
148.340 173.219 130.467
145.365 170.364 135.389
139.379 166.424 137.112
133.249 163.982 135.608
129.413 161.214 130.839
128.775 156.886 126.636
131.119 152.502 121.369
135.098 148.974 119.150
140.564 145.202 120.077
145.421 142.597 123.949
149.790 142.073 129.425
149.477 140.452 135.924
144.578 140.353 141.486
138.012 139.180 142.369
134.106 133.316 141.821
133.397 126.828 140.223
135.480 120.522 139.005
139.663 115.914 140.228
145.281 113.182 143.194
149.331 113.972 148.022
151.736 116.059 154.105
150.995 120.929 158.826
145.480 123.206 162.311
138.673 122.291 164.497
134.238 117.418 166.392
133.114 111.495 169.211
134.908 108.496 174.262
138.341 106.681 179.220
143.411 107.549 183.847
148.545 111.354 187.049
150.551 117.636 188.819
150.046 124.044 188.359
145.780 129.390 186.960
139.517 131.073 188.248
133.809 130.189 191.996
131.981 130.091 198.249
132.386 129.286 204.746
136.031 131.125 209.773
141.376 134.237 212.757
146.020 138.231 213.016
148.826 144.405 211.072
149.694 148.212 204.964
146.384 152.481 201.915
140.913 155.645 199.858
136.055 159.524 201.691
133.838 163.073 205.051
133.477 167.615 210.260
135.894 170.762 215.160
141.126 173.697 217.960
146.838 177.293 216.079
151.666 178.070 212.604
154.373 180.129 207.302
154.340 179.570 200.498
149.465 177.888 195.537
143.274 180.447 193.443
139.363 185.642 193.391
138.688 192.143 192.650
141.355 198.119 191.261
145.895 202.390 189.503
150.887 204.551 186.917
156.388 202.658 183.456
159.928 198.178 179.970
159.645 192.373 176.302
155.345 188.852 172.360
149.508 188.343 168.647
146.971 191.283 164.124
145.997 196.027 159.269
148.827 200.682 155.347
154.082 203.046 152.232
160.218 201.934 149.328
165.866 198.271 148.956
168.348 192.657 147.103
168.110 186.171 148.310
164.524 180.693 147.883
159.294 178.091 144.980
154.125 178.350 140.112
153.438 178.660 133.782
155.875 177.840 127.693
160.415 176.701 123.240
167.104 174.403 121.988
172.041 170.831 124.137
174.392 166.042 128.562
173.386 162.048 133.589
169.250 157.585 137.058
162.823 154.687 137.346
159.146 150.788 133.857
159.051 146.015 129.779
162.271 141.924 125.580
167.010 137.781 125.133
172.730 134.639 126.325
175.674 132.016 130.400
179.608 131.130 136.452
179.153 130.698 142.756
176.821 134.502 148.076
171.125 133.453 151.440
164.444 131.619 151.917
161.422 125.857 151.984
161.392 119.855 152.787
163.876 113.142 152.679
167.778 109.647 156.586
173.552 108.915 160.526
175.813 110.124 166.351
178.210 114.048 170.601
176.778 119.947 174.025
172.030 124.079 176.165
165.674 124.181 179.243
160.096 120.451 181.311
158.948 116.516 186.011
160.364 113.611 191.608
164.419 112.043 196.836
169.501 113.803 200.845
173.598 118.717 202.887
176.226 124.914 202.982
176.473 131.023 200.789
172.664 135.496 196.727
166.787 138.708 198.041
161.767 140.831 202.055
158.405 141.320 208.138
160.334 143.289 214.158
164.769 145.244 218.533
169.788 149.123 219.664
175.276 152.988 218.176
178.606 156.869 213.437
178.656 160.361 207.628
174.865 163.005 202.438
169.423 167.573 202.196
164.173 170.597 205.480
164.315 175.494 208.518
166.192 180.815 212.496
170.197 185.826 213.385
175.652 188.779 212.209
181.138 188.955 207.732
182.737 188.139 201.336
180.729 187.670 194.808
176.555 187.655 189.538
171.170 191.428 187.088
166.664 194.769 186.749
164.329 201.292 188.442
166.716 207.543 189.869
173.616 141.334 102.889
173.329 140.345 105.410
175.210 139.050 106.899
137.695 173.608 236.690
137.982 171.579 234.897
136.096 169.759 234.149
