36.457 8.330 -5.428
31.708 12.640 -4.043
25.154 14.560 -4.042
19.385 12.232 -1.651
16.379 8.006 2.588
12.623 13.447 -0.160
9.674 18.442 3.417
6.710 20.785 9.046
4.338 21.909 15.311
7.192 22.552 21.665
12.495 22.595 25.896
18.724 24.757 26.514
24.035 27.902 24.251
28.117 31.068 19.839
27.968 36.586 16.081
9.833 37.082 17.589
12.748 35.479 11.847
17.193 31.666 8.671
21.535 26.944 8.812
24.697 22.125 12.659
23.536 17.465 17.262
19.737 13.825 21.251
14.175 10.473 21.168
8.531 8.846 18.735
8.529 8.847 18.737
5.135 6.619 15.246
29.836 -1.099 7.663
26.179 -4.161 3.222
22.513 -3.717 -2.260
20.082 -0.329 -7.369
20.492 4.231 -12.299
5.112 5.231 14.786
3.992 2.831 13.850
4.206 1.296 16.129
4.076 0.814 16.101
3.822 2.463 13.929
36.467 7.932 -5.382
31.780 12.077 -3.467
25.243 14.219 -3.620
19.337 11.896 -1.700
16.382 7.692 2.663
12.669 13.154 -0.058
9.749 18.100 3.375
6.676 20.502 8.941
4.321 21.595 15.203
7.126 22.242 21.581
12.358 22.222 25.855
18.537 24.502 26.473
23.946 27.523 24.354
27.997 30.477 19.763
27.900 36.377 16.310
9.720 37.321 17.224
12.726 35.600 11.521
17.022 31.803 8.673
21.302 26.802 8.791
24.800 21.886 12.536
23.394 17.045 16.942
19.762 13.494 21.158
14.132 9.984 21.044
8.427 8.712 18.312
29.700 -1.601 7.785
26.187 -4.411 3.328
22.503 -3.948 -2.190
19.817 -0.354 -7.150
20.807 3.848 -12.324
5.024 4.913 14.908
3.828 2.511 13.890
4.019 1.018 16.243
-12.532 7.137 3.987
36.695 8.131 -5.616
31.850 12.214 -4.434
25.097 14.011 -4.260
19.257 11.740 -1.978
16.327 8.046 2.537
12.610 13.372 -0.129
9.747 18.244 3.453
6.790 20.705 8.926
4.223 21.760 15.258
7.014 22.249 21.602
12.245 22.248 25.912
18.301 24.551 26.577
23.792 27.598 24.478
27.941 30.578 20.062
27.851 36.457 16.635
9.581 37.015 17.522
12.526 35.567 11.758
17.231 32.286 8.443
21.055 26.704 8.880
24.302 21.888 12.373
23.342 17.183 16.906
19.708 13.467 21.061
14.100 10.040 20.977
8.341 8.591 18.603
30.049 -1.746 7.768
26.428 -4.362 3.349
22.846 -4.171 -2.106
20.770 -1.246 -7.553
20.493 3.375 -12.408
5.093 5.086 14.781
3.862 2.595 13.769
4.099 1.117 16.235
36.726 8.059 -5.731
31.854 12.207 -4.483
25.344 13.977 -4.188
19.406 11.828 -2.086
16.400 8.130 2.466
12.609 13.412 -0.230
9.761 18.316 3.435
6.854 20.769 8.951
4.341 21.754 15.274
7.088 22.166 21.635
12.309 22.150 25.944
18.411 24.425 26.553
23.982 27.378 24.398
27.949 30.820 19.978
27.442 36.558 16.593
9.136 37.096 17.280
12.335 35.244 11.748
17.023 32.146 8.380
21.238 26.786 8.751
24.310 21.895 12.291
23.396 17.124 16.883
19.785 13.458 21.042
14.211 10.009 20.869
8.444 8.608 18.526
30.185 -1.767 7.704
26.472 -4.402 3.327
22.939 -4.198 -2.157
20.939 -1.486 -7.716
20.697 3.472 -12.450
5.113 5.099 14.720
3.910 2.624 13.678
4.144 1.176 16.155
36.782 7.979 -5.613
31.907 12.292 -4.526
25.269 13.903 -4.008
19.531 11.725 -2.169
16.363 8.046 2.298
12.546 13.396 -0.252
9.795 18.277 3.398
6.847 20.685 8.903
4.398 21.725 15.250
7.075 22.198 21.646
12.254 22.206 26.018
18.438 24.410 26.601
23.971 27.388 24.602
27.907 30.782 19.993
27.460 36.580 16.800
9.297 37.104 17.445
12.436 35.399 11.862
17.202 32.180 8.525
20.865 26.659 9.012
24.170 21.907 12.247
23.435 17.203 16.857
19.789 13.489 21.085
14.210 10.045 20.861
8.483 8.598 18.477
30.172 -1.782 7.682
26.440 -4.429 3.324
22.979 -4.248 -2.210
21.104 -1.409 -7.731
20.772 3.294 -12.604
5.172 5.159 14.628
4.020 2.602 13.653
4.145 1.124 16.320
-28.771 57.899 16.098
-27.685 57.675 10.656
-24.051 59.414 4.948
-22.800 56.446 -0.981
-24.501 51.699 -5.031
-28.996 46.937 -7.737
-33.857 42.549 -8.559
-40.167 40.829 -7.309
-46.225 41.851 -5.155
-51.457 45.667 -3.842
-42.533 60.024 -10.896
-43.221 59.529 -3.949
-44.737 55.666 1.607
-43.533 49.790 4.509
-40.790 43.925 5.527
-35.011 40.850 5.774
-28.858 40.755 5.157
-21.735 42.023 5.909
-19.062 41.644 7.169
-19.306 39.151 8.358
34.527 5.507 9.461
34.507 5.317 9.419
35.342 8.737 3.789
38.625 8.359 -2.203
42.129 4.656 -5.846
43.696 -1.483 -8.859
45.481 -7.861 -9.580
43.190 -13.974 -8.613
39.811 -19.156 -6.105
33.582 -21.398 -5.240
25.530 -6.477 -11.781
25.645 -7.884 -4.962
28.266 -10.381 0.505
33.914 -12.162 3.808
40.550 -13.077 4.484
46.142 -9.618 4.772
50.000 -4.849 2.824
49.432 -4.039 4.241
51.769 2.059 4.823
53.313 4.195 6.171
55.520 2.682 7.216
32.117 6.147 12.612
36.842 9.174 10.669
36.723 9.140 10.470
34.244 8.630 4.198
34.090 8.882 4.246
37.926 7.986 -1.284
42.018 4.592 -6.352
43.442 -1.392 -8.653
45.038 -7.594 -9.361
43.010 -13.638 -8.592
39.863 -18.908 -5.786
33.625 -20.504 -5.649
25.779 -5.794 -12.231
25.773 -7.522 -5.207
28.352 -10.389 0.353
33.861 -12.016 3.692
40.527 -12.804 4.390
45.966 -9.531 4.843
45.971 -9.546 4.845
49.973 -4.444 2.587
49.666 -4.300 3.794
51.706 2.092 4.638
51.655 2.087 4.702
53.436 4.127 6.062
53.480 4.085 6.053
55.515 2.549 7.145
55.604 2.550 7.142
