36.457 8.330 -5.428
31.708 12.640 -4.043
25.154 14.560 -4.042
19.385 12.232 -1.651
16.379 8.006 2.588
12.623 13.447 -0.160
9.674 18.442 3.417
6.710 20.785 9.046
4.338 21.909 15.311
7.192 22.552 21.665
12.495 22.595 25.896
18.724 24.757 26.514
24.035 27.902 24.251
28.117 31.068 19.839
27.968 36.586 16.081
9.833 37.082 17.589
12.748 35.479 11.847
17.193 31.666 8.671
21.535 26.944 8.812
24.697 22.125 12.659
23.536 17.465 17.262
19.737 13.825 21.251
14.175 10.473 21.168
8.531 8.846 18.735
8.529 8.847 18.737
5.135 6.619 15.246
29.836 -1.099 7.663
26.179 -4.161 3.222
22.513 -3.717 -2.260
20.082 -0.329 -7.369
20.492 4.231 -12.299
5.112 5.231 14.786
3.992 2.831 13.850
4.206 1.296 16.129
4.076 0.814 16.101
3.822 2.463 13.929
36.467 7.932 -5.382
31.780 12.077 -3.467
25.243 14.219 -3.620
19.337 11.896 -1.700
16.382 7.692 2.663
12.669 13.154 -0.058
9.749 18.100 3.375
6.676 20.502 8.941
4.321 21.595 15.203
7.126 22.242 21.581
12.358 22.222 25.855
18.537 24.502 26.473
23.946 27.523 24.354
27.997 30.477 19.763
27.900 36.377 16.310
9.720 37.321 17.224
12.726 35.600 11.521
17.022 31.803 8.673
21.302 26.802 8.791
24.800 21.886 12.536
23.394 17.045 16.942
19.762 13.494 21.158
14.132 9.984 21.044
8.427 8.712 18.312
29.700 -1.601 7.785
26.187 -4.411 3.328
22.503 -3.948 -2.190
19.817 -0.354 -7.150
20.807 3.848 -12.324
5.024 4.913 14.908
3.828 2.511 13.890
4.019 1.018 16.243
-12.532 7.137 3.987
36.695 8.131 -5.616
31.850 12.214 -4.434
25.097 14.011 -4.260
19.257 11.740 -1.978
16.327 8.046 2.537
12.610 13.372 -0.129
9.747 18.244 3.453
6.790 20.705 8.926
4.223 21.760 15.258
7.014 22.249 21.602
12.245 22.248 25.912
18.301 24.551 26.577
23.792 27.598 24.478
27.941 30.578 20.062
27.851 36.457 16.635
9.581 37.015 17.522
12.526 35.567 11.758
17.231 32.286 8.443
21.055 26.704 8.880
24.302 21.888 12.373
23.342 17.183 16.906
19.708 13.467 21.061
14.100 10.040 20.977
8.341 8.591 18.603
30.049 -1.746 7.768
26.428 -4.362 3.349
22.846 -4.171 -2.106
20.770 -1.246 -7.553
20.493 3.375 -12.408
5.093 5.086 14.781
3.862 2.595 13.769
4.099 1.117 16.235
36.726 8.059 -5.731
31.854 12.207 -4.483
25.344 13.977 -4.188
19.406 11.828 -2.086
16.400 8.130 2.466
12.609 13.412 -0.230
9.761 18.316 3.435
6.854 20.769 8.951
4.341 21.754 15.274
7.088 22.166 21.635
12.309 22.150 25.944
18.411 24.425 26.553
23.982 27.378 24.398
27.949 30.820 19.978
27.442 36.558 16.593
9.136 37.096 17.280
12.335 35.244 11.748
17.023 32.146 8.380
21.238 26.786 8.751
24.310 21.895 12.291
23.396 17.124 16.883
19.785 13.458 21.042
14.211 10.009 20.869
8.444 8.608 18.526
30.185 -1.767 7.704
26.472 -4.402 3.327
22.939 -4.198 -2.157
20.939 -1.486 -7.716
20.697 3.472 -12.450
5.113 5.099 14.720
3.910 2.624 13.678
4.144 1.176 16.155
36.782 7.979 -5.613
31.907 12.292 -4.526
25.269 13.903 -4.008
19.531 11.725 -2.169
16.363 8.046 2.298
12.546 13.396 -0.252
9.795 18.277 3.398
6.847 20.685 8.903
4.398 21.725 15.250
7.075 22.198 21.646
12.254 22.206 26.018
18.438 24.410 26.601
23.971 27.388 24.602
27.907 30.782 19.993
27.460 36.580 16.800
9.297 37.104 17.445
12.436 35.399 11.862
17.202 32.180 8.525
20.865 26.659 9.012
24.170 21.907 12.247
23.435 17.203 16.857
19.789 13.489 21.085
14.210 10.045 20.861
8.483 8.598 18.477
30.172 -1.782 7.682
26.440 -4.429 3.324
22.979 -4.248 -2.210
21.104 -1.409 -7.731
20.772 3.294 -12.604
5.172 5.159 14.628
4.020 2.602 13.653
4.145 1.124 16.320
-28.771 57.899 16.098
-27.685 57.675 10.656
-24.051 59.414 4.948
-22.800 56.446 -0.981
-24.501 51.699 -5.031
-28.996 46.937 -7.737
-33.857 42.549 -8.559
-40.167 40.829 -7.309
-46.225 41.851 -5.155
-51.457 45.667 -3.842
-42.533 60.024 -10.896
-43.221 59.529 -3.949
-44.737 55.666 1.607
-43.533 49.790 4.509
-40.790 43.925 5.527
-35.011 40.850 5.774
-28.858 40.755 5.157
-21.735 42.023 5.909
-19.062 41.644 7.169
-19.306 39.151 8.358
34.527 5.507 9.461
34.507 5.317 9.419
35.342 8.737 3.789
38.625 8.359 -2.203
42.129 4.656 -5.846
43.696 -1.483 -8.859
45.481 -7.861 -9.580
43.190 -13.974 -8.613
39.811 -19.156 -6.105
33.582 -21.398 -5.240
25.530 -6.477 -11.781
25.645 -7.884 -4.962
28.266 -10.381 0.505
33.914 -12.162 3.808
40.550 -13.077 4.484
46.142 -9.618 4.772
50.000 -4.849 2.824
49.432 -4.039 4.241
51.769 2.059 4.823
53.313 4.195 6.171
55.520 2.682 7.216
32.117 6.147 12.612
36.842 9.174 10.669
36.723 9.140 10.470
34.244 8.630 4.198
34.090 8.882 4.246
37.926 7.986 -1.284
42.018 4.592 -6.352
43.442 -1.392 -8.653
45.038 -7.594 -9.361
43.010 -13.638 -8.592
39.863 -18.908 -5.786
33.625 -20.504 -5.649
25.779 -5.794 -12.231
25.773 -7.522 -5.207
28.352 -10.389 0.353
33.861 -12.016 3.692
40.527 -12.804 4.390
45.966 -9.531 4.843
45.971 -9.546 4.845
49.973 -4.444 2.587
49.666 -4.300 3.794
51.706 2.092 4.638
51.655 2.087 4.702
53.436 4.127 6.062
53.480 4.085 6.053
55.515 2.549 7.145
55.604 2.550 7.142
29.315 25.490 -0.297
23.939 21.650 1.071
21.328 15.294 2.447
22.712 9.178 4.070
26.419 3.352 5.184
31.327 1.388 9.092
36.312 2.532 13.349
38.852 6.303 18.508
37.400 10.687 23.217
33.662 13.676 27.832
29.153 13.875 31.555
24.181 13.911 36.263
20.819 9.782 40.176
19.715 3.492 42.645
21.139 -3.154 43.215
26.201 -7.482 42.791
32.236 -9.339 44.867
38.884 -8.126 46.777
42.674 -3.522 50.094
42.861 0.267 55.577
40.029 3.101 60.825
35.064 3.984 65.489
29.791 0.957 68.506
28.941 -4.146 72.041
28.812 -10.965 73.468
32.552 -16.399 74.777
38.029 -18.058 77.643
46.874 -2.267 77.504
48.434 -6.670 72.797
46.320 -11.083 68.377
42.366 -14.150 64.663
36.343 -14.719 61.339
29.587 -12.931 60.630
25.634 -7.713 59.633
24.929 -1.235 58.171
27.333 5.039 56.672
31.513 7.617 52.367
31.605 7.496 52.206
35.819 8.203 47.512
38.348 7.061 49.463
39.137 5.293 42.078
37.628 1.475 37.059
33.841 -2.995 33.668
28.033 -3.784 30.835
21.229 -4.043 30.681
23.222 -0.929 25.336
18.965 4.392 21.725
19.485 10.726 20.116
23.041 16.139 18.136
28.501 18.535 15.890
35.139 18.761 14.200
38.938 15.891 9.523
40.807 10.657 5.790
37.666 6.839 0.139
32.533 6.951 -3.988
27.316 9.172 -7.497
-31.715 62.684 14.120
-28.628 57.346 16.306
-27.204 57.996 10.649
-23.874 58.832 4.769
-22.755 55.955 -1.192
-24.281 51.111 -4.936
-28.644 46.752 -7.754
-33.260 41.953 -8.587
-39.920 41.026 -7.403
-45.933 41.880 -4.735
-51.091 45.920 -3.855
-42.740 60.517 -10.658
-43.109 59.597 -3.779
-44.258 55.436 1.397
-43.754 49.350 4.261
-40.619 43.672 5.302
-34.810 40.680 5.823
-28.591 40.698 5.259
-28.992 39.933 4.057
-21.554 41.634 5.975
-18.976 41.352 7.237
-19.221 38.710 8.334
-31.486 63.030 14.541
-28.559 57.301 16.302
-27.047 58.129 10.821
-23.959 59.034 4.864
-22.864 56.131 -1.117
-24.410 51.357 -4.842
-24.318 51.411 -4.868
-28.780 47.018 -7.661
-27.976 46.378 -7.476
-33.038 41.992 -8.457
-39.610 40.966 -7.309
-45.776 41.783 -4.867
-50.928 45.796 -3.831
-42.037 60.148 -10.560
-42.952 59.534 -3.628
-43.776 55.599 1.584
-43.043 49.630 4.730
-40.170 43.715 5.566
-34.477 40.529 6.058
-27.889 40.337 5.372
-21.699 41.568 5.812
-19.131 41.354 7.156
-19.385 38.657 8.204
-31.343 63.316 14.478
-28.655 57.369 16.235
-27.240 58.040 10.876
-23.953 59.127 4.927
-22.803 56.161 -1.041
-24.243 51.382 -4.786
-24.268 51.276 -4.757
-28.680 47.019 -7.525
-27.716 45.643 -7.324
-33.078 42.059 -8.505
-39.620 40.874 -7.230
-45.813 41.772 -4.845
-50.874 45.831 -3.781
-41.863 60.003 -10.493
-42.820 59.595 -3.565
-43.719 55.647 1.626
-42.867 49.765 4.823
-40.200 43.713 5.662
-34.501 40.553 6.141
-27.839 40.344 5.390
-21.835 41.572 5.748
-19.253 41.401 7.125
-19.496 38.690 8.176
-31.615 62.759 14.265
-28.674 57.255 16.288
-27.279 57.591 10.665
-23.899 58.749 4.745
-22.655 55.960 -1.206
-24.398 51.277 -4.732
-28.531 46.586 -7.858
-33.171 41.957 -8.649
-39.841 41.151 -7.610
-45.900 41.821 -4.755
-51.046 45.834 -3.953
-41.077 56.452 -15.734
-42.923 60.624 -10.732
-43.076 59.484 -3.817
-44.356 55.302 1.450
-43.925 49.207 4.307
-40.638 43.626 5.238
-34.776 40.554 5.733
-28.868 40.369 5.288
-29.273 39.684 3.097
-21.546 41.615 5.882
-18.967 41.329 7.122
-19.172 38.691 8.220
-31.749 62.587 14.046
-28.581 57.446 16.214
-27.103 58.258 10.625
-23.869 58.881 4.716
-22.777 55.983 -1.243
-24.353 51.145 -4.983
-28.602 46.558 -7.736
-33.320 41.904 -8.660
-39.951 41.087 -7.534
-45.957 41.880 -4.671
-51.140 45.911 -3.953
-41.298 56.598 -15.967
-43.001 60.671 -10.644
-43.135 59.679 -3.768
-44.456 55.406 1.340
-43.737 49.411 4.255
-40.723 43.669 5.226
-34.824 40.664 5.735
-28.653 40.705 5.335
-28.805 39.919 4.304
-21.545 41.706 5.940
-18.961 41.429 7.211
-19.220 38.788 8.317
-31.591 62.927 14.174
-28.673 57.340 16.178
-27.094 58.421 10.774
-23.957 58.824 4.732
-22.641 55.896 -1.173
-24.455 51.366 -4.769
-28.602 46.492 -7.802
-33.424 41.991 -8.470
-39.984 41.160 -7.472
-46.074 42.029 -4.704
-51.256 45.900 -3.999
-41.193 56.459 -15.754
-42.894 60.561 -10.687
-43.215 59.696 -3.792
-44.443 55.493 1.443
-44.107 49.303 4.311
-40.813 43.701 5.217
-34.942 40.657 5.674
-28.711 40.598 5.181
-21.569 41.767 6.004
-18.950 41.553 7.226
-19.241 38.857 8.296
-31.708 62.448 13.923
-28.773 57.036 15.911
-27.559 56.184 10.151
-27.518 56.321 10.294
-23.841 58.633 4.819
-22.541 55.888 -1.262
-23.938 51.215 -4.973
-28.269 46.419 -7.462
-32.865 41.942 -7.994
-39.453 41.194 -7.325
-45.707 41.786 -4.750
-50.986 45.738 -3.902
-41.126 56.579 -15.742
-42.963 60.567 -10.537
-43.279 59.519 -3.667
-44.395 55.351 1.606
-43.726 49.266 4.509
-40.450 43.687 5.352
-34.702 40.577 5.932
-28.493 40.592 6.414
-28.162 40.840 6.038
-22.068 41.667 6.346
-19.440 41.172 7.466
-19.689 38.370 8.053
3.221 4.921 -15.905
0.889 -0.789 -16.678
-4.020 -4.650 -15.756
-6.873 -9.359 -13.824
-7.205 -14.194 -10.300
-5.993 -19.857 -7.440
-7.066 -22.700 -1.073
-4.054 -21.277 3.709
0.758 -17.594 7.639
4.588 -12.018 8.183
2.806 -6.180 10.460
-2.089 -2.070 8.586
-15.390 -15.703 13.403
-16.261 -11.940 7.997
-13.846 -7.735 3.575
-9.489 -4.559 0.099
-3.040 -3.068 -1.579
3.003 -5.835 -2.443
6.344 -10.746 -3.170
9.649 -16.312 -3.910
10.659 -18.360 -10.204
6.552 -20.506 -14.656
2.023 -20.833 -19.325
-2.854 -17.114 -21.437
-50.282 31.879 -27.963
-44.617 32.662 -26.008
-39.581 28.657 -24.608
-36.022 23.497 -22.272
-33.409 18.638 -24.966
-31.353 15.165 -30.242
-31.256 13.658 -36.939
-31.626 17.919 -42.256
-28.940 33.111 -37.608
-36.049 35.205 -35.945
-42.063 31.537 -35.849
-44.745 25.782 -37.091
-46.333 19.580 -38.938
-48.435 15.668 -34.534
-49.754 12.893 -28.494
-48.950 13.304 -21.734
-46.419 17.180 -17.269
20.802 43.816 24.231
19.554 41.284 18.520
20.396 36.991 12.957
20.664 30.369 12.109
19.310 24.387 14.004
18.008 19.227 18.129
13.469 19.620 13.115
7.139 16.773 10.006
1.060 18.222 8.245
-4.467 22.360 7.865
-6.213 28.437 5.347
10.318 30.953 -1.513
7.645 35.062 3.049
4.249 35.981 8.567
1.382 34.151 14.360
1.876 29.475 19.008
6.781 32.762 23.239
10.858 30.912 28.061
16.661 27.461 29.625
21.830 24.742 26.428
26.985 26.063 23.273
31.636 30.447 21.007
21.511 44.197 23.882
20.213 41.815 18.139
20.903 37.535 12.514
20.729 30.746 11.641
20.418 24.616 14.288
18.062 19.591 17.670
10.584 30.484 -1.815
7.866 34.747 2.754
3.992 36.024 8.047
0.939 34.024 13.762
1.697 29.747 18.600
6.437 33.152 23.101
10.781 31.302 27.714
17.027 28.154 28.715
21.985 25.069 25.618
27.212 26.254 22.750
31.736 30.594 20.792
13.282 19.229 9.741
7.194 16.826 9.843
1.094 18.132 8.093
-4.438 22.360 7.598
-5.990 28.381 4.874
15.685 15.501 46.739
18.591 21.898 44.888
20.946 27.901 46.383
23.681 31.943 50.760
25.627 33.674 56.579
27.872 31.267 62.412
29.568 27.711 67.531
33.302 22.610 68.677
37.527 18.440 68.108
45.903 36.328 53.758
41.727 30.654 54.989
42.129 25.843 50.951
39.824 19.727 50.271
35.591 15.094 52.084
30.063 13.954 55.793
25.566 13.884 60.363
21.106 17.662 63.629
18.015 23.171 65.090
14.524 28.376 62.968
12.254 31.715 58.184
9.569 31.532 51.019
0.278 12.383 118.074
2.398 15.414 124.094
4.135 15.400 130.573
9.983 13.837 133.451
15.920 12.522 132.797
22.830 13.222 129.994
26.047 14.785 124.990
27.149 17.980 119.620
26.042 22.170 114.760
24.386 28.077 114.068
22.978 33.861 115.062
38.338 28.236 132.708
32.815 28.348 130.230
28.122 31.077 133.394
21.666 32.962 132.781
16.017 32.481 129.774
12.794 29.086 124.843
11.176 26.587 118.970
12.123 21.104 115.539
14.162 15.146 114.440
14.735 9.329 115.560
14.719 3.442 118.553
11.678 0.464 123.813
6.913 -0.984 127.819
1.658 1.676 132.431
43.687 17.765 67.234
46.557 17.525 67.761
46.682 17.727 70.578
25.376 39.318 116.863
27.378 41.452 116.962
28.099 41.567 114.220
72.528 0.537 -204.611
78.479 1.146 -205.829
84.139 -1.681 -205.010
89.786 -1.823 -203.279
93.748 0.395 -199.269
97.824 4.403 -196.477
100.869 4.923 -190.023
98.060 7.104 -185.345
92.621 9.311 -181.301
85.779 9.399 -180.946
81.131 4.908 -179.393
80.172 -1.478 -180.415
99.018 -5.435 -175.313
96.560 -8.195 -180.759
92.069 -8.579 -185.693
87.616 -6.076 -189.148
82.267 -1.787 -190.678
81.255 4.837 -191.018
83.719 10.112 -193.314
86.917 15.764 -192.614
88.011 17.910 -198.914
92.467 15.773 -202.983
94.767 12.219 -208.204
94.334 6.237 -210.422
2.109 -4.361 15.999
-0.457 1.476 16.348
-5.111 5.003 15.489
-8.677 10.626 14.745
-8.897 15.395 10.751
-7.175 19.703 7.221
-8.021 22.742 0.735
-4.422 21.158 -4.250
-0.473 18.053 -7.926
3.027 11.932 -9.430
1.760 5.823 -10.364
-3.460 1.453 -9.459
-16.440 15.418 -13.871
-17.132 11.980 -8.361
-14.854 7.670 -3.855
-9.860 4.578 -0.854
-4.108 2.779 0.974
1.533 5.483 2.495
4.610 10.784 2.705
7.380 15.059 4.311
8.376 18.966 8.278
5.068 20.623 12.731
1.207 21.413 18.369
-3.451 17.759 20.943
9.409 45.975 33.044
15.915 46.102 35.472
20.153 47.186 40.766
22.519 45.387 47.515
22.231 40.270 51.947
19.541 34.722 54.950
17.449 29.280 53.850
21.596 22.980 55.306
26.163 19.294 53.121
31.982 18.008 49.880
36.059 18.934 44.349
38.997 24.398 41.889
41.778 31.025 42.631
44.009 35.717 46.917
41.266 25.120 61.337
36.530 30.992 59.982
34.320 35.561 55.382
33.381 36.307 48.705
32.732 34.385 42.738
29.011 29.979 39.039
26.731 23.896 37.352
22.186 28.260 38.329
14.569 29.703 37.894
9.770 30.814 42.488
7.793 34.441 47.482
7.988 39.785 51.524
10.522 46.137 52.821
11.767 51.603 49.665
9.266 46.296 32.944
15.717 46.352 35.486
19.909 47.290 40.702
22.474 45.663 47.552
22.060 40.498 51.880
19.510 34.968 54.673
17.395 29.355 53.573
21.658 23.098 54.733
26.155 19.379 52.353
31.967 18.092 49.071
36.230 19.504 43.762
39.220 24.841 41.430
42.536 30.923 42.545
44.232 35.812 46.682
40.552 25.889 61.228
35.788 31.600 59.400
33.878 36.029 54.561
33.256 36.601 47.712
32.271 34.639 42.012
28.575 30.212 38.654
26.578 24.018 36.927
22.024 28.693 37.616
14.339 30.018 37.745
9.604 31.093 42.344
7.521 34.869 47.352
7.832 40.305 51.268
10.505 46.547 52.727
11.784 52.164 49.342
29.675 -2.122 9.706
26.503 -4.396 4.672
23.453 -3.552 -1.156
22.229 0.691 -6.266
22.833 6.767 -9.181
10.998 35.212 16.395
13.965 33.531 11.287
18.896 30.001 8.244
22.711 24.742 10.026
24.654 20.112 14.390
23.285 16.267 19.724
18.910 12.671 22.986
13.337 9.865 22.847
7.860 8.217 19.881
7.844 8.253 19.847
4.334 6.204 16.358
37.697 6.307 -0.330
34.055 12.157 0.716
27.413 13.814 1.038
20.745 11.951 -0.167
16.378 7.369 1.309
12.443 12.963 1.183
9.718 17.832 4.771
6.601 20.185 10.245
4.152 21.533 16.234
6.758 22.318 22.656
11.873 23.342 26.859
18.178 25.095 27.438
24.197 26.904 25.051
28.612 29.205 20.622
28.864 34.880 16.861
4.352 4.922 16.177
3.205 2.461 15.057
3.255 1.012 17.514
3.353 0.792 17.578
3.071 2.121 15.115
29.721 -2.222 9.419
26.482 -4.555 4.475
23.374 -3.644 -1.321
22.490 0.609 -6.707
23.562 6.209 -9.663
10.388 35.250 16.564
13.546 33.561 11.475
18.553 30.032 8.480
22.420 24.837 10.173
24.901 20.237 14.282
23.491 16.619 19.631
19.139 12.667 22.743
13.598 9.800 22.739
8.093 8.034 19.884
7.699 8.357 19.749
4.663 5.932 16.142
38.443 5.814 -0.658
33.929 11.895 0.092
28.115 13.849 0.126
20.624 12.040 -0.303
16.471 7.139 1.126
12.699 12.949 1.115
9.753 17.793 4.714
6.782 20.267 10.122
4.281 21.453 16.151
6.930 22.239 22.515
11.995 22.786 26.796
18.157 24.865 27.388
24.260 26.939 25.173
28.402 29.761 20.936
28.538 35.028 16.685
3.592 2.336 14.964
3.448 0.800 17.312
4.398 4.945 16.222
3.454 2.555 14.984
3.443 1.136 17.323
41.297 10.450 -3.776
35.060 12.452 -2.822
28.137 11.392 -2.587
22.882 7.410 -2.333
20.526 3.180 1.802
16.667 7.433 -0.104
11.952 11.523 2.876
8.080 13.878 7.835
5.143 14.245 13.994
7.318 15.153 20.475
12.210 15.997 25.263
18.234 19.114 25.751
24.074 21.446 23.107
26.923 26.045 19.269
25.511 32.218 17.110
7.838 31.373 19.544
10.120 30.099 13.589
14.876 28.080 9.124
20.217 23.518 9.002
24.335 19.232 11.978
24.645 14.155 16.417
21.961 9.443 20.342
17.559 4.795 20.170
12.172 1.712 18.441
37.125 -2.259 7.745
34.562 -5.801 3.081
31.316 -6.428 -2.642
28.652 -3.598 -8.119
28.597 1.816 -12.158
8.940 -2.595 12.399
8.230 -5.431 12.148
9.074 -6.587 14.555
40.144 5.305 -6.821
34.577 8.617 -6.072
27.739 8.955 -5.948
21.752 7.078 -5.342
18.504 3.071 -1.593
15.695 8.052 -3.022
11.344 12.262 -0.160
6.981 14.558 4.467
3.276 13.956 10.178
5.065 14.673 16.890
9.217 15.136 22.202
15.414 16.622 24.027
21.206 19.743 23.372
25.584 23.797 19.977
25.404 29.927 17.811
9.221 30.826 26.599
7.370 30.872 19.623
10.138 31.081 13.306
14.656 28.416 9.464
19.983 23.755 8.805
23.231 18.761 11.081
22.552 12.741 13.879
19.525 7.913 17.220
14.660 3.679 16.886
9.506 1.266 14.069
33.514 -5.112 4.669
30.999 -8.295 -0.165
28.239 -8.571 -5.932
26.229 -5.824 -11.901
25.410 -0.235 -15.783
7.040 -2.741 9.631
6.464 -5.471 8.713
6.897 -6.886 11.090
185.205 175.206 214.520
183.763 171.670 208.109
179.799 167.833 205.008
180.089 169.013 198.441
176.222 168.377 192.294
170.899 169.616 189.207
172.046 170.020 182.638
169.468 172.928 176.567
167.619 178.036 173.287
152.811 167.893 162.691
154.735 168.228 164.558
155.710 170.657 165.458
171.254 151.810 178.522
172.039 153.602 180.385
170.555 155.760 181.281
194.855 158.325 194.290
193.796 159.976 196.148
191.179 159.930 197.050
24.485 4.803 7.456
22.419 -1.347 9.300
19.125 -3.571 14.527
15.624 -4.195 20.006
11.364 -0.432 23.745
9.266 5.253 26.940
6.540 11.142 26.319
2.991 14.906 22.038
-0.020 16.011 16.221
-2.621 14.923 10.434
-1.149 -2.655 11.234
3.960 0.081 7.867
6.570 6.027 6.957
8.814 12.194 8.030
12.207 15.646 12.517
15.841 15.928 18.077
19.016 13.290 22.943
21.677 9.099 27.673
25.913 3.821 26.393
28.538 -1.673 23.818
19.203 -43.948 9.009
17.237 -40.595 14.202
16.550 -34.253 15.760
10.598 -31.627 13.657
5.155 -33.469 11.508
6.913 -28.981 15.985
1.965 -26.076 20.219
5.935 -24.488 24.457
10.848 -23.982 29.490
8.940 -19.565 33.995
30.204 -1.781 8.021
26.723 -4.558 3.414
23.089 -4.244 -2.139
21.208 -1.435 -7.595
20.824 3.362 -12.504
9.564 36.945 17.836
12.328 35.593 11.841
17.084 32.243 8.544
21.224 26.884 8.977
24.388 22.090 12.552
23.329 17.253 16.884
19.722 13.519 21.162
14.217 10.214 21.017
8.328 8.544 18.643
36.746 8.289 -5.610
31.830 12.168 -3.897
25.399 13.686 -4.148
19.585 11.885 -1.583
16.373 8.204 2.682
12.677 13.476 -0.201
9.686 18.416 3.466
6.650 20.674 9.006
4.229 21.836 15.332
6.980 22.317 21.706
12.218 22.452 25.945
18.254 24.737 26.643
23.902 27.597 24.399
27.798 30.867 20.089
27.689 36.540 16.434
5.108 5.072 14.630
4.047 2.706 13.727
3.966 1.219 16.446
30.283 -1.817 8.146
26.691 -4.595 3.516
23.324 -4.384 -2.105
21.531 -1.584 -7.674
20.983 3.275 -12.509
9.398 36.878 17.773
12.297 35.459 11.947
17.096 32.283 8.530
21.119 26.809 8.858
24.322 22.057 12.406
23.286 17.272 16.910
19.713 13.510 21.133
14.194 10.165 21.042
8.280 8.597 18.629
36.655 7.976 -5.569
31.977 11.880 -3.944
25.315 13.974 -4.181
19.600 11.947 -1.669
16.446 8.251 2.711
12.748 13.460 -0.188
9.795 18.411 3.488
6.820 20.717 9.080
4.194 21.813 15.291
6.944 22.351 21.627
12.165 22.394 25.960
18.240 24.625 26.625
23.720 27.749 24.680
27.852 30.810 20.100
27.532 36.640 16.840
5.008 5.153 14.664
4.973 5.021 14.595
3.981 2.808 13.742
3.991 2.660 13.715
3.899 1.325 16.500
4.013 1.294 16.535
30.241 -1.840 8.087
26.719 -4.705 3.536
23.244 -4.445 -2.054
21.494 -1.587 -7.593
21.247 2.959 -12.597
9.609 36.844 17.780
12.370 35.886 12.044
17.164 32.189 8.612
21.115 26.603 9.203
24.293 21.975 12.408
23.432 17.192 16.826
19.727 13.405 21.031
14.203 10.033 21.087
8.267 8.457 18.549
36.753 8.045 -5.540
31.857 11.969 -4.174
25.210 13.782 -4.248
19.483 11.795 -1.646
16.403 8.170 2.726
12.685 13.402 -0.227
9.704 18.313 3.572
6.723 20.691 9.053
4.142 21.737 15.295
6.961 22.245 21.652
12.156 22.223 26.014
18.204 24.639 26.649
23.866 27.450 24.508
27.898 30.643 20.105
27.695 36.424 16.801
4.972 5.038 14.688
5.030 5.024 14.728
3.934 2.712 13.754
4.039 2.684 13.769
3.835 1.215 16.575
3.914 1.122 16.494
30.119 -1.711 8.059
26.635 -4.565 3.521
23.107 -4.326 -2.104
21.287 -1.576 -7.683
20.840 3.400 -12.414
9.580 37.136 17.707
12.392 35.993 11.944
17.013 32.329 8.591
21.383 27.003 9.005
24.383 21.989 12.551
23.299 17.224 16.975
19.669 13.539 21.165
14.164 10.179 21.109
8.292 8.591 18.634
36.708 8.540 -5.923
31.911 12.019 -3.410
25.212 14.024 -4.237
19.510 11.972 -1.578
16.344 8.217 2.714
12.601 13.460 -0.192
9.653 18.374 3.511
6.575 20.703 9.026
4.171 21.843 15.334
6.909 22.378 21.690
12.122 22.370 25.968
18.295 24.663 26.671
23.732 27.709 24.523
27.974 30.651 19.992
27.861 36.559 16.682
4.994 5.159 14.675
5.059 5.109 14.691
3.969 2.770 13.812
3.913 2.825 13.772
3.996 1.366 16.601
3.699 1.269 16.478
30.020 -1.684 7.977
26.557 -4.565 3.498
23.002 -4.198 -2.201
20.929 -1.051 -7.543
21.058 3.798 -12.283
9.622 36.765 17.494
12.056 34.868 11.736
17.033 31.720 8.313
21.189 26.364 9.013
24.138 21.709 12.258
23.590 17.145 17.152
19.762 13.420 21.197
14.157 9.991 21.012
8.234 8.455 18.454
36.908 8.242 -5.399
32.049 12.189 -3.651
25.397 14.033 -3.743
19.541 12.032 -1.336
16.271 8.318 2.689
12.494 13.415 -0.371
9.596 18.444 3.338
6.500 20.550 8.973
4.179 21.660 15.284
6.987 22.153 21.610
12.239 22.464 25.857
18.301 24.674 26.357
24.048 27.465 24.105
27.975 30.676 19.492
27.642 36.262 15.739
4.985 5.068 14.565
4.038 2.645 13.721
3.950 1.120 16.497
30.275 -1.838 8.155
26.735 -4.603 3.561
23.229 -4.336 -2.010
21.334 -1.534 -7.605
21.142 3.190 -12.589
9.547 36.912 17.705
12.373 35.792 11.949
17.045 32.068 8.482
21.292 26.946 8.946
24.193 21.822 12.325
23.268 17.178 16.857
19.674 13.420 21.095
14.217 10.063 21.026
8.204 8.395 18.693
36.808 7.658 -5.802
32.009 11.912 -3.624
25.249 13.833 -4.401
19.628 11.914 -1.530
16.436 8.143 2.788
12.698 13.442 -0.156
9.697 18.307 3.616
6.721 20.719 9.061
4.130 21.893 15.318
6.952 22.290 21.627
12.203 22.264 25.982
18.225 24.578 26.638
23.762 27.514 24.569
27.935 30.710 20.145
27.826 36.283 16.637
5.069 5.038 14.750
3.921 2.713 13.789
3.764 1.100 16.432
30.315 -1.862 7.965
26.697 -4.645 3.385
23.230 -4.382 -2.241
21.205 -1.601 -7.616
20.986 3.211 -12.510
9.504 36.975 17.696
12.305 35.533 11.921
17.040 32.049 8.573
21.020 26.556 9.186
24.240 21.886 12.287
23.393 17.301 16.987
19.747 13.444 21.099
14.150 10.151 21.031
8.196 8.513 18.674
36.756 8.108 -5.545
31.962 12.022 -4.084
25.244 13.728 -4.039
19.677 12.005 -1.404
16.453 8.114 2.813
12.706 13.423 -0.135
9.711 18.304 3.534
6.703 20.622 9.049
4.259 21.760 15.304
7.026 22.274 21.697
12.163 22.415 26.008
18.261 24.670 26.605
23.794 27.632 24.692
27.819 30.892 20.168
27.528 36.503 16.493
5.057 5.042 14.665
3.954 2.704 13.726
3.795 1.141 16.416
36.271 7.723 -5.364
31.722 12.152 -4.944
25.230 14.194 -4.285
19.323 12.169 -1.876
16.262 8.229 2.412
12.590 13.483 -0.291
9.656 18.505 3.129
6.524 20.933 8.745
4.306 21.761 15.091
7.202 22.332 21.475
12.417 22.485 25.685
18.743 24.556 26.323
24.316 27.351 24.101
28.009 30.863 19.906
27.676 36.578 16.397
9.648 37.330 17.498
12.646 35.781 11.776
16.972 32.500 8.500
21.197 26.937 8.837
24.798 22.212 12.310
23.614 17.394 16.871
19.814 13.763 20.847
14.247 10.346 20.608
8.379 9.026 17.978
29.861 -1.343 7.427
26.191 -4.214 3.048
22.447 -3.906 -2.443
20.875 -1.297 -8.127
20.303 3.665 -12.870
5.260 5.148 14.945
4.073 2.622 13.992
4.226 1.158 16.456
-12.867 7.697 4.759
-10.677 6.921 3.082
-11.704 7.218 0.449
36.729 8.213 -5.259
31.819 12.476 -3.878
25.261 14.206 -3.722
19.414 11.979 -1.656
16.609 7.874 2.647
12.619 13.502 0.169
9.993 18.309 3.783
6.753 20.859 8.948
4.246 21.893 15.301
7.110 22.547 21.697
12.384 22.556 25.915
18.635 24.801 26.682
24.089 27.971 24.393
28.036 31.350 20.084
27.857 36.815 16.182
9.772 37.466 17.579
12.540 35.772 11.872
16.892 32.122 8.608
21.378 26.898 8.951
24.623 22.171 12.585
23.419 17.517 17.138
19.666 13.810 21.243
14.096 10.457 21.175
8.562 8.723 18.866
5.043 6.467 15.285
29.966 -1.307 7.675
26.212 -4.257 3.224
22.598 -3.885 -2.305
20.509 -0.835 -7.693
20.631 3.849 -12.508
4.134 0.379 15.766
4.067 0.879 16.070
3.996 2.559 14.021
3.902 2.566 13.880
36.802 8.659 -5.643
31.451 12.480 -4.286
25.138 14.310 -3.804
19.084 12.116 -1.802
15.960 8.087 2.271
12.385 13.442 -0.354
9.564 18.551 3.336
6.585 20.857 8.994
4.322 21.877 15.401
7.211 22.422 21.737
12.404 22.645 26.045
18.594 24.788 26.798
23.871 27.939 24.641
28.024 31.459 20.711
27.674 36.772 16.451
9.645 37.225 17.496
12.598 35.373 11.750
16.960 31.820 8.685
21.823 26.939 9.130
24.830 22.118 12.737
23.649 17.389 17.186
19.769 13.769 21.280
14.074 10.439 21.156
8.485 8.885 18.662
4.990 6.703 15.238
29.775 -1.339 7.595
26.187 -4.166 3.195
22.628 -3.952 -2.379
21.070 -1.260 -8.066
20.438 3.741 -12.743
4.018 1.171 16.186
3.867 2.813 13.962
36.577 8.533 -5.337
31.730 12.493 -3.692
25.242 14.349 -3.567
19.231 11.789 -1.888
16.577 7.906 2.644
12.642 13.482 0.034
9.687 18.486 3.492
6.655 20.891 9.064
4.190 21.942 15.332
7.033 22.569 21.717
12.333 22.499 25.952
18.505 24.849 26.682
23.928 28.039 24.404
27.940 31.326 20.073
27.757 36.843 16.164
9.684 37.411 17.540
12.508 35.862 11.787
16.809 32.154 8.565
21.430 27.038 8.967
24.554 22.243 12.624
23.301 17.469 17.009
19.618 13.826 21.240
14.057 10.453 21.147
8.522 8.699 18.959
5.020 6.482 15.298
29.837 -1.320 7.747
26.144 -4.251 3.271
22.515 -3.869 -2.271
20.100 -0.515 -7.414
20.628 3.967 -12.414
4.050 0.427 15.779
3.936 2.650 13.954
36.576 8.613 -5.344
31.620 12.447 -3.735
25.113 14.267 -3.554
19.197 11.811 -1.908
16.206 7.952 2.642
12.554 13.432 -0.020
9.658 18.415 3.495
6.633 20.808 9.087
4.189 21.865 15.355
6.998 22.516 21.751
12.257 22.497 25.988
18.375 24.910 26.708
23.719 28.036 24.468
27.753 31.268 20.170
27.624 36.709 16.181
9.661 37.358 17.505
12.403 35.641 11.789
16.831 32.035 8.569
21.366 26.976 9.007
24.379 22.158 12.649
23.213 17.410 17.155
19.565 13.766 21.303
14.011 10.435 21.215
8.484 8.665 18.979
5.000 6.425 15.291
29.706 -1.428 7.716
26.074 -4.319 3.313
22.533 -3.888 -2.243
20.479 -0.853 -7.597
20.583 3.855 -12.370
3.996 0.453 15.798
3.875 2.649 13.940
36.594 8.574 -5.270
31.766 12.486 -3.372
25.113 14.579 -3.604
19.183 12.069 -1.846
16.402 8.028 2.710
12.664 13.445 0.027
9.742 18.411 3.540
6.717 20.805 9.151
4.256 21.917 15.376
7.111 22.547 21.713
12.436 22.724 25.848
18.604 24.832 26.438
23.938 27.876 24.106
27.968 31.114 19.604
27.704 36.582 15.988
9.532 36.956 17.198
12.177 34.895 11.796
16.896 31.853 8.242
21.306 26.745 8.794
24.486 22.064 12.478
23.367 17.506 17.156
19.701 13.826 21.230
14.129 10.532 21.150
8.551 8.665 18.995
5.036 6.465 15.302
29.799 -1.195 7.801
26.225 -4.069 3.326
22.505 -3.651 -2.171
19.890 -0.129 -7.147
20.661 4.259 -12.167
3.969 0.494 15.916
3.969 2.621 13.966
36.535 8.659 -5.423
31.808 12.460 -3.420
25.111 14.543 -3.613
19.183 12.007 -1.936
16.402 8.004 2.699
12.607 13.450 -0.019
9.690 18.498 3.530
6.751 20.821 9.082
4.306 21.886 15.360
7.161 22.492 21.686
12.429 22.607 25.963
18.572 24.867 26.507
24.010 27.823 24.234
28.074 30.958 19.698
27.825 36.605 16.215
9.667 36.996 17.345
12.301 35.040 11.890
16.950 32.045 8.329
21.319 26.799 8.742
24.540 22.031 12.530
23.407 17.434 17.201
19.702 13.791 21.277
14.122 10.435 21.203
8.495 8.741 18.923
5.073 6.420 15.282
30.027 -1.175 7.729
26.300 -4.121 3.322
22.681 -3.687 -2.182
20.084 -0.221 -7.270
20.471 4.128 -12.252
3.992 0.587 15.996
3.947 2.792 13.995
-9.003 0.270 32.547
-12.516 3.588 28.177
-16.887 3.776 23.485
-21.579 0.770 19.873
-25.453 -4.948 18.140
16.580 -34.810 15.465
10.175 -34.191 15.262
4.536 -32.111 17.478
1.150 -29.117 22.979
1.740 -23.274 26.174
4.187 -17.315 25.820
8.423 -12.336 24.172
9.449 -8.106 19.609
8.745 -5.112 13.778
4.176 -4.992 8.453
-21.183 -10.309 34.896
-18.586 -13.270 30.062
-16.587 -14.078 23.282
-14.690 -11.138 17.553
-9.383 -8.100 16.231
-8.943 -13.897 13.708
-4.423 -17.598 10.195
1.404 -18.661 7.594
8.116 -18.332 6.431
13.490 -18.678 10.779
16.899 -19.011 16.549
16.734 -20.353 23.045
14.869 -23.854 28.102
10.168 -27.231 32.136
7.886 -33.342 31.345
6.543 3.088 9.651
4.393 1.946 8.279
36.451 -0.243 -5.616
32.264 4.148 -3.872
25.634 6.171 -4.042
20.142 4.849 -1.285
16.555 0.919 2.380
12.615 6.190 -0.334
9.738 10.958 3.140
6.484 13.341 8.779
4.513 14.382 15.177
7.197 14.919 21.626
12.457 15.066 26.030
18.511 17.148 26.477
24.183 20.086 24.308
28.026 23.438 20.023
28.181 28.914 16.575
9.843 29.890 17.590
12.704 28.560 11.693
17.329 25.029 8.456
21.372 19.456 9.033
24.409 14.704 12.674
23.619 10.281 17.469
19.966 6.233 21.218
14.221 2.820 21.012
8.454 1.350 18.450
30.304 -9.107 7.809
26.868 -11.818 3.373
23.216 -11.503 -2.170
21.262 -8.546 -7.697
20.536 -3.707 -12.541
5.039 -2.361 14.966
4.513 -4.811 13.745
4.293 -6.176 16.279
40.929 9.702 -4.925
34.967 11.502 -2.875
27.980 10.901 -2.592
22.692 6.873 -2.175
20.860 2.728 2.234
17.925 8.821 0.405
12.563 12.343 2.934
8.611 13.860 7.953
5.432 14.054 13.972
7.669 14.755 20.483
12.501 15.510 25.298
18.498 18.561 26.013
24.381 20.950 23.612
27.397 25.495 19.624
26.422 31.648 16.922
8.771 32.034 19.959
11.078 30.874 13.770
15.425 28.060 9.633
20.693 23.375 9.325
24.978 19.208 12.406
25.199 14.062 16.659
22.451 9.036 20.118
18.171 4.437 19.804
12.599 1.283 17.397
37.254 -2.655 7.369
34.627 -6.378 2.768
31.186 -7.033 -2.791
28.020 -4.262 -8.028
27.665 0.700 -12.431
9.784 -3.515 11.710
9.361 -6.183 11.008
9.403 -7.171 13.737
36.421 7.953 -5.073
31.688 12.144 -3.359
25.200 14.302 -3.522
19.267 12.026 -1.580
16.309 7.587 2.670
12.661 13.125 0.052
9.693 18.094 3.458
6.625 20.501 9.024
4.167 21.563 15.286
6.998 22.292 21.643
12.328 22.237 25.842
18.568 24.509 26.331
23.987 27.496 24.004
27.877 30.436 19.583
27.804 36.236 15.923
9.630 37.383 17.203
12.670 35.869 11.417
16.798 31.864 8.409
21.145 26.802 8.732
24.522 21.731 12.345
23.209 17.016 16.912
19.549 13.516 21.232
13.929 9.977 21.090
8.294 8.656 18.356
29.557 -1.515 7.816
26.107 -4.338 3.360
22.397 -3.888 -2.189
19.569 -0.292 -7.034
20.818 3.903 -12.211
4.948 4.962 14.898
3.771 2.446 13.858
3.787 0.806 16.450
4.948 4.962 14.898
3.771 2.446 13.858
3.787 0.806 16.450
-12.480 7.260 3.789
36.417 8.198 -5.421
31.723 12.125 -3.161
25.297 14.291 -3.500
19.270 12.000 -1.545
16.294 7.623 2.687
12.622 13.140 -0.009
9.669 18.127 3.444
6.541 20.521 9.039
4.166 21.604 15.267
7.015 22.314 21.640
12.307 22.343 25.868
18.593 24.367 26.408
24.075 27.253 24.101
27.960 30.422 19.587
27.830 36.207 15.736
9.688 37.345 17.093
12.689 35.680 11.363
16.785 31.738 8.405
21.010 26.609 8.668
24.559 21.684 12.296
23.265 16.985 17.025
19.554 13.502 21.307
13.963 9.977 21.132
8.301 8.634 18.365
29.707 -1.507 7.847
26.209 -4.308 3.364
22.463 -3.856 -2.132
19.782 -0.326 -7.092
20.690 3.920 -12.189
5.013 5.006 14.895
3.909 2.439 13.959
3.968 0.908 16.640
5.013 5.006 14.895
3.909 2.439 13.959
3.968 0.908 16.640
-13.095 6.776 4.161
36.384 8.003 -5.200
31.671 12.219 -3.452
25.179 14.274 -3.578
19.224 12.033 -1.575
16.221 7.660 2.612
12.460 13.130 -0.030
9.578 18.027 3.469
6.517 20.463 9.024
4.109 21.577 15.320
6.967 22.275 21.650
12.257 22.303 25.891
18.489 24.332 26.424
23.952 27.412 24.272
27.873 30.579 19.823
27.858 36.281 16.001
9.665 37.416 17.074
12.706 35.805 11.358
16.823 31.826 8.496
21.154 26.820 8.691
24.554 21.758 12.446
23.233 17.003 17.049
19.533 13.485 21.231
13.944 10.015 21.112
8.263 8.605 18.356
29.684 -1.459 7.853
26.194 -4.311 3.420
22.582 -3.904 -2.125
20.116 -0.540 -7.241
20.598 3.924 -12.302
4.997 4.899 14.869
3.762 2.427 13.857
3.556 0.898 16.507
-12.811 7.219 3.952
36.328 7.874 -5.366
31.695 12.131 -3.552
25.152 14.142 -3.664
19.173 11.821 -1.839
16.361 7.630 2.637
12.723 13.157 0.121
9.694 18.094 3.510
6.682 20.516 9.011
4.173 21.596 15.255
6.964 22.273 21.647
12.310 22.273 25.852
18.561 24.308 26.410
24.000 27.197 24.172
27.946 30.318 19.723
27.843 36.197 16.312
9.660 36.992 17.275
12.616 35.260 11.631
16.784 31.778 8.453
20.990 26.448 8.715
24.686 21.636 12.465
23.337 17.069 17.131
19.607 13.516 21.176
14.055 10.009 21.034
8.300 8.615 18.434
29.706 -1.421 7.775
26.232 -4.323 3.309
22.508 -3.892 -2.212
19.787 -0.378 -7.147
20.622 3.788 -12.319
4.977 4.973 14.901
3.794 2.507 13.833
3.687 0.978 16.463
-12.677 7.003 3.903
36.429 8.092 -5.293
31.692 12.159 -3.519
25.189 14.210 -3.702
19.282 12.041 -1.533
16.254 7.642 2.578
12.613 13.139 0.006
9.595 18.103 3.446
6.515 20.491 9.014
4.132 21.580 15.253
6.960 22.263 21.617
12.257 22.312 25.853
18.526 24.291 26.421
23.961 27.237 24.208
27.891 30.350 19.757
27.896 36.244 16.192
9.732 37.377 17.147
12.801 35.764 11.408
17.032 31.718 8.590
21.065 26.558 8.733
24.686 21.636 12.490
23.289 17.139 17.195
19.582 13.508 21.199
13.932 10.054 21.074
8.297 8.627 18.311
29.694 -1.535 7.801
26.201 -4.306 3.355
22.529 -3.914 -2.167
19.991 -0.437 -7.190
20.603 3.869 -12.311
4.899 4.921 14.888
3.828 2.388 13.872
3.713 0.965 16.600
-12.726 7.029 4.057
36.368 7.850 -5.080
31.707 12.193 -3.406
25.178 14.286 -3.645
19.283 12.090 -1.490
16.270 7.680 2.673
12.617 13.111 0.019
9.576 18.081 3.408
6.564 20.518 9.037
4.209 21.576 15.234
7.041 22.244 21.631
12.273 22.335 25.875
18.569 24.270 26.432
24.059 27.179 24.225
27.852 30.503 19.717
27.891 36.312 16.237
9.669 37.403 17.104
12.733 35.885 11.284
17.072 31.839 8.563
21.228 26.596 8.849
24.795 21.843 12.643
23.290 17.031 17.159
19.581 13.557 21.251
13.986 10.056 21.119
8.302 8.684 18.343
29.744 -1.546 7.783
26.189 -4.340 3.356
22.557 -3.895 -2.160
20.076 -0.423 -7.148
20.690 3.891 -12.295
5.010 4.986 14.840
3.896 2.403 13.966
3.826 0.993 16.680
-13.385 6.467 4.314
124.497 125.115 136.519
126.113 127.244 135.265
128.648 126.281 133.997
117.900 148.684 119.847
120.565 148.510 118.590
121.160 145.863 117.326
133.885 167.138 103.149
135.202 164.812 101.894
133.317 162.862 100.631
149.073 138.291 49.462
150.920 141.613 55.841
150.621 146.367 60.108
150.149 145.490 66.244
148.518 149.053 72.504
144.210 151.474 76.848
144.725 150.385 83.092
140.939 151.007 89.131
136.499 148.748 93.412
137.661 148.802 99.809
135.430 145.769 105.814
134.812 140.859 110.223
135.410 141.810 116.233
136.456 138.144 122.486
140.397 135.215 126.816
139.905 136.059 132.887
143.540 135.017 139.202
148.335 136.323 143.519
147.204 136.664 149.711
150.218 138.891 155.802
151.564 144.018 159.720
150.819 142.909 166.486
150.461 146.777 172.501
147.138 150.480 176.902
147.302 149.381 182.824
143.857 151.049 189.205
139.113 150.399 193.427
139.997 150.017 199.568
136.936 148.184 205.966
134.572 143.639 210.178
158.138 163.823 86.399
156.921 161.441 85.149
154.256 161.940 83.883
121.358 156.918 219.795
123.807 155.846 218.540
123.466 153.156 217.275
142.661 168.776 203.173
143.104 166.139 201.921
140.664 164.950 200.660
164.297 157.406 186.474
162.340 155.583 185.222
160.004 156.964 183.961
166.820 133.119 169.807
164.222 133.754 168.555
164.094 136.463 167.290
147.754 117.732 153.088
146.853 120.251 151.837
149.043 121.847 150.569
-3.791 77.938 1.051
-9.031 75.006 -2.966
-12.867 77.281 -7.751
-14.375 81.407 -13.154
-11.749 86.728 -16.339
-5.851 88.772 -19.917
0.440 86.762 -21.572
5.077 81.975 -22.859
6.151 76.180 -26.078
3.972 70.770 -29.313
-0.601 68.102 -33.594
-6.076 69.234 -37.683
-10.550 73.409 -40.578
-12.958 78.935 -43.417
-11.206 83.865 -47.202
-7.120 87.483 -50.916
-1.676 86.963 -54.678
0.596 69.253 -52.302
5.153 73.914 -50.856
6.254 79.839 -47.582
4.115 85.108 -44.267
-0.533 87.942 -40.133
-5.982 86.883 -36.249
-10.578 82.570 -33.703
-13.025 76.273 -31.931
-10.815 71.379 -27.691
-7.283 68.592 -23.414
-1.129 69.253 -20.090
3.423 73.504 -16.674
4.442 79.442 -14.019
2.604 85.939 -13.092
-1.808 90.554 -11.399
-7.484 92.694 -8.597
0.621 85.427 -61.395
5.169 80.693 -62.736
6.301 74.808 -66.119
4.126 69.485 -69.395
-0.541 66.690 -73.558
-6.034 67.744 -77.409
-10.660 72.114 -79.984
-12.951 78.210 -81.934
-11.110 83.134 -85.930
-6.736 86.002 -90.130
-1.317 85.185 -93.922
3.108 81.274 -97.105
4.442 75.138 -99.570
2.610 68.671 -100.616
-1.776 64.124 -102.218
-7.621 61.799 -104.933
-2.506 77.623 -113.234
-8.967 79.400 -110.722
-12.727 77.313 -105.803
-14.288 73.348 -100.620
-11.641 68.060 -96.867
-5.944 65.885 -93.821
0.399 67.888 -92.061
5.067 72.599 -90.808
6.179 78.401 -87.654
4.052 83.817 -84.338
-0.652 86.513 -80.097
-5.972 85.391 -75.922
-10.515 81.318 -72.982
-13.013 75.712 -70.369
-11.186 70.715 -66.548
-7.098 67.205 -62.772
-1.744 67.794 -58.949
1.094 20.311 -17.856
1.072 20.319 -17.853
0.437 24.903 -12.929
0.443 24.836 -12.822
-2.639 28.809 -8.561
-7.514 28.807 -3.527
-11.411 24.705 0.073
-12.194 18.560 2.867
-10.248 12.097 4.341
-3.800 9.344 6.654
2.852 9.330 7.723
8.543 11.841 10.004
12.111 15.456 14.212
-4.500 23.426 17.741
-1.285 26.193 13.071
4.233 27.224 8.609
7.295 23.122 4.251
7.388 23.074 4.317
6.179 18.207 0.056
6.674 17.806 0.352
3.180 12.278 -1.944
3.084 12.467 -2.259
-2.919 9.248 -3.612
-2.947 9.225 -3.508
-8.807 10.859 -6.154
-13.600 14.965 -7.956
-16.542 21.275 -8.128
-15.100 26.727 -11.973
8.796 46.443 33.578
15.406 46.096 36.231
20.228 46.435 42.005
21.012 45.033 48.669
20.186 39.983 53.339
17.242 34.326 55.938
15.735 28.151 54.529
21.538 23.391 55.260
26.464 20.027 53.528
31.334 17.840 49.403
35.999 20.130 44.080
39.415 25.548 42.818
34.626 35.146 55.902
33.930 36.717 48.995
32.008 34.485 43.132
28.854 30.124 38.983
26.641 23.995 37.251
21.590 28.395 37.998
14.035 30.010 38.076
8.990 31.105 42.431
6.383 34.650 47.390
6.476 40.313 50.983
9.363 46.287 52.886
-16.353 -9.963 38.271
-13.148 -11.850 32.730
-11.201 -11.089 26.006
-9.031 -7.136 21.288
-3.884 -3.583 20.631
-4.901 -8.338 15.822
-0.498 -10.967 11.413
5.349 -12.495 9.364
12.154 -13.505 8.997
17.427 -14.512 13.359
20.221 -15.207 19.522
18.916 -18.323 25.467
14.921 -21.208 29.860
9.967 -25.555 31.550
8.096 -31.499 29.728
16.222 -30.783 13.765
9.984 -29.309 14.062
3.905 -27.528 17.061
2.186 -22.937 21.908
3.917 -18.624 26.895
8.103 -13.376 28.158
12.759 -8.822 27.025
13.962 -4.116 22.920
13.768 -0.777 17.006
-3.654 2.350 37.943
-7.411 6.075 34.140
-11.854 6.725 29.357
-16.131 4.099 25.125
-20.128 -1.057 23.619
10.121 3.069 12.460
9.513 5.818 11.311
11.679 7.046 12.626
11.169 197.677 9.718
14.362 203.064 11.263
15.521 204.547 4.678
10.642 206.202 0.470
12.236 208.765 -5.723
17.085 208.760 -9.358
23.081 207.937 -12.120
29.554 206.361 -12.811
33.428 201.073 -11.908
36.004 195.548 -9.142
35.181 189.006 -8.301
18.315 188.623 -14.969
19.424 188.926 -8.134
23.714 190.114 -2.908
28.784 193.472 -0.062
31.773 199.208 0.906
31.407 205.763 1.377
28.302 210.989 0.909
29.155 210.900 -1.032
23.971 216.516 1.280
22.878 218.899 2.687
25.277 219.957 3.708
