36.457 8.330 -5.428
31.708 12.640 -4.043
25.154 14.560 -4.042
19.385 12.232 -1.651
16.379 8.006 2.588
12.623 13.447 -0.160
9.674 18.442 3.417
6.710 20.785 9.046
4.338 21.909 15.311
7.192 22.552 21.665
12.495 22.595 25.896
18.724 24.757 26.514
24.035 27.902 24.251
28.117 31.068 19.839
27.968 36.586 16.081
9.833 37.082 17.589
12.748 35.479 11.847
17.193 31.666 8.671
21.535 26.944 8.812
24.697 22.125 12.659
23.536 17.465 17.262
19.737 13.825 21.251
14.175 10.473 21.168
8.531 8.846 18.735
8.529 8.847 18.737
5.135 6.619 15.246
29.836 -1.099 7.663
26.179 -4.161 3.222
22.513 -3.717 -2.260
20.082 -0.329 -7.369
20.492 4.231 -12.299
5.112 5.231 14.786
3.992 2.831 13.850
4.206 1.296 16.129
4.076 0.814 16.101
3.822 2.463 13.929
36.467 7.932 -5.382
31.780 12.077 -3.467
25.243 14.219 -3.620
19.337 11.896 -1.700
16.382 7.692 2.663
12.669 13.154 -0.058
9.749 18.100 3.375
6.676 20.502 8.941
4.321 21.595 15.203
7.126 22.242 21.581
12.358 22.222 25.855
18.537 24.502 26.473
23.946 27.523 24.354
27.997 30.477 19.763
27.900 36.377 16.310
9.720 37.321 17.224
12.726 35.600 11.521
17.022 31.803 8.673
21.302 26.802 8.791
24.800 21.886 12.536
23.394 17.045 16.942
19.762 13.494 21.158
14.132 9.984 21.044
8.427 8.712 18.312
29.700 -1.601 7.785
26.187 -4.411 3.328
22.503 -3.948 -2.190
19.817 -0.354 -7.150
20.807 3.848 -12.324
5.024 4.913 14.908
3.828 2.511 13.890
4.019 1.018 16.243
-12.532 7.137 3.987
36.695 8.131 -5.616
31.850 12.214 -4.434
25.097 14.011 -4.260
19.257 11.740 -1.978
16.327 8.046 2.537
12.610 13.372 -0.129
9.747 18.244 3.453
6.790 20.705 8.926
4.223 21.760 15.258
7.014 22.249 21.602
12.245 22.248 25.912
18.301 24.551 26.577
23.792 27.598 24.478
27.941 30.578 20.062
27.851 36.457 16.635
9.581 37.015 17.522
12.526 35.567 11.758
17.231 32.286 8.443
21.055 26.704 8.880
24.302 21.888 12.373
23.342 17.183 16.906
19.708 13.467 21.061
14.100 10.040 20.977
8.341 8.591 18.603
30.049 -1.746 7.768
26.428 -4.362 3.349
22.846 -4.171 -2.106
20.770 -1.246 -7.553
20.493 3.375 -12.408
5.093 5.086 14.781
3.862 2.595 13.769
4.099 1.117 16.235
