-6.324 1.537 26.956
-3.585 7.331 25.315
0.785 12.582 26.008
6.407 14.068 23.809
1.443 19.033 25.348
-0.775 24.006 21.524
-0.130 27.340 15.430
2.006 29.498 9.733
2.590 27.210 3.165
1.647 23.307 -1.841
-5.660 11.308 9.324
0.211 9.247 6.431
6.244 11.799 5.352
10.600 16.677 6.687
12.581 22.069 9.681
12.934 -3.596 21.594
13.073 -0.414 27.737
12.443 3.821 32.714
7.961 6.752 36.489
16.220 23.259 14.704
18.496 23.505 16.441
20.377 22.706 14.462
7.962 3.089 41.285
11.373 -0.558 37.454
11.925 -7.341 34.271
8.347 -12.213 31.795
2.790 -13.867 28.463
-3.055 -12.468 25.484
-6.782 -8.461 21.626
-6.270 -2.019 19.235
-2.800 2.594 14.699
5.540 2.432 4.212
11.069 1.199 0.103
15.438 -3.554 -2.483
15.459 -10.069 -4.392
11.381 -14.708 -7.538
5.648 -15.787 -11.016
-0.122 -13.653 -14.017
-1.483 -8.385 -18.159
-0.029 -2.742 -21.514
4.252 1.282 -24.927
10.871 1.788 -27.126
12.944 -15.192 -28.943
16.594 -11.298 -24.769
17.226 -4.958 -21.777
13.823 0.098 -19.058
8.096 2.850 -16.305
2.009 0.917 -13.972
-1.998 -3.283 -10.072
-2.407 -9.185 -6.920
1.282 -14.374 -2.806
7.319 -16.208 -0.505
11.742 -14.280 3.999
12.910 -10.515 10.125
12.782 -5.627 14.563
11.400 0.055 17.474
6.413 3.733 21.109
0.298 5.240 23.358
-4.368 2.184 27.293
-7.290 -3.291 30.197
-6.519 -9.192 33.142
-1.825 -13.305 36.209
4.927 -14.455 39.328
3.235 5.008 13.376
-0.456 -15.311 -37.385
-5.030 -12.995 -32.794
-4.314 -11.101 -26.806
-0.729 -9.806 -21.373
-7.476 -7.544 -21.505
-9.888 -1.693 -20.591
-10.308 4.576 -18.124
-6.988 9.815 -14.692
7.859 6.289 -22.286
7.256 5.896 -16.273
4.557 3.830 -11.594
13.667 -17.540 -27.408
11.134 -21.676 -23.638
5.065 -24.722 -22.520
4.756 -24.481 -22.745
-1.716 -23.952 -22.071
-1.554 -25.221 -22.343
3.313 -0.912 -8.118
3.830 -3.159 -6.195
6.382 -2.188 -5.396
-0.294 -15.428 -37.418
-4.788 -13.083 -32.856
-4.231 -11.247 -26.872
-0.667 -9.855 -21.433
-7.370 -7.275 -21.388
-9.673 -1.617 -20.497
-10.646 4.750 -18.053
-7.250 9.952 -14.662
7.707 6.220 -22.150
7.120 5.657 -16.316
5.478 3.845 -11.620
9.232 1.073 -15.949
13.811 -17.551 -27.365
11.272 -21.705 -23.553
5.101 -24.726 -22.571
4.920 -24.597 -22.662
-1.602 -24.027 -22.097
-1.444 -25.304 -22.446
3.441 -0.934 -8.146
3.912 -3.156 -6.247
6.475 -2.211 -5.416
-0.261 -15.320 -37.431
-4.807 -13.022 -32.820
-4.137 -11.169 -26.864
-0.581 -9.809 -21.420
-7.265 -7.215 -21.452
-9.655 -1.575 -20.533
-10.721 4.819 -18.005
-7.227 9.955 -14.618
7.657 6.264 -22.176
7.072 5.703 -16.337
5.468 3.853 -11.629
9.186 1.083 -16.068
13.834 -17.510 -27.365
11.322 -21.636 -23.539
5.246 -24.696 -22.490
4.918 -24.475 -22.705
-1.557 -24.048 -22.099
-1.320 -25.313 -22.511
3.436 -0.979 -8.120
3.941 -3.167 -6.224
6.531 -2.182 -5.430
8.624 -51.417 -25.463
3.202 -49.562 -22.779
0.160 -48.072 -17.057
0.298 -44.159 -12.094
1.247 -38.020 -9.406
3.229 -32.643 -9.060
4.031 -27.716 -10.656
-6.567 -32.449 -26.073
-1.431 -29.488 -28.025
5.236 -30.705 -28.741
9.980 -32.287 -25.451
14.262 -34.833 -20.358
16.383 -37.420 -15.484
15.726 -41.769 -10.435
12.310 -46.717 -7.504
1.615 -17.527 -14.274
1.798 50.383 22.981
-0.492 47.625 17.143
-0.694 44.823 11.403
0.322 39.001 8.555
2.599 33.398 8.713
3.639 28.402 10.906
-7.136 33.913 26.098
-2.210 30.417 28.753
4.576 30.781 28.891
9.633 32.192 25.452
13.233 34.760 20.297
15.560 37.340 15.238
14.917 42.221 10.392
11.199 46.942 7.460
2.705 22.229 15.187
2.093 19.633 16.271
1.747 17.946 13.935
-0.198 -15.123 -37.594
-4.712 -12.891 -32.931
-4.278 -11.259 -26.848
-0.713 -9.988 -21.403
-7.471 -7.791 -21.597
-9.998 -1.973 -20.690
-10.028 4.230 -17.997
-6.898 9.646 -14.682
7.860 6.497 -22.418
7.191 6.147 -16.409
4.511 3.956 -11.916
4.752 4.010 -11.884
2.688 -0.144 -8.829
13.828 -17.332 -27.433
11.346 -21.473 -23.583
5.353 -24.649 -22.699
5.111 -24.488 -22.724
-1.489 -23.930 -22.172
-1.243 -25.233 -22.842
3.418 -1.080 -8.092
3.839 -3.163 -6.224
6.414 -2.218 -5.361
3.942 -3.191 -6.075
6.483 -2.231 -5.405
-0.197 -15.223 -37.554
-4.705 -12.855 -32.969
-4.356 -11.218 -26.849
-0.797 -9.981 -21.378
-7.564 -7.852 -21.624
-10.020 -1.929 -20.766
-10.213 4.227 -18.138
-7.093 9.592 -14.751
7.788 6.461 -22.407
7.079 6.058 -16.406
4.455 3.812 -11.920
4.533 3.822 -11.915
2.458 -0.117 -8.691
13.765 -17.334 -27.347
11.250 -21.481 -23.594
5.042 -24.510 -22.773
4.991 -24.476 -22.741
-1.521 -24.051 -22.269
-1.449 -25.181 -22.639
3.213 -1.088 -8.146
3.684 -3.208 -6.200
6.191 -2.240 -5.357
3.731 -3.314 -6.031
6.190 -2.253 -5.337
-0.185 -15.275 -37.507
-4.656 -12.825 -32.995
-4.409 -11.282 -26.774
-0.804 -10.078 -21.366
-7.616 -7.893 -21.687
-10.148 -2.119 -20.655
-10.125 4.215 -18.085
-7.051 9.586 -14.683
7.833 6.458 -22.396
7.132 6.112 -16.386
4.607 3.922 -11.789
4.665 3.927 -11.810
2.426 -0.011 -8.615
13.766 -17.357 -27.290
11.270 -21.476 -23.594
5.018 -24.565 -22.738
5.047 -24.536 -22.731
-1.337 -25.271 -22.631
-1.539 -24.476 -22.356
3.629 -3.267 -6.210
6.102 -2.296 -5.388
2.994 -0.880 -8.182
3.569 -3.106 -6.328
6.084 -2.256 -5.440
-0.280 -15.324 -37.516
-4.712 -12.965 -32.983
-4.461 -11.333 -26.859
-0.879 -10.097 -21.439
-7.675 -7.969 -21.715
-10.209 -2.104 -20.771
-10.065 4.129 -18.147
-7.028 9.512 -14.778
7.840 6.400 -22.459
7.133 6.008 -16.414
4.445 3.848 -11.846
4.596 3.870 -11.879
2.410 -0.145 -8.685
13.710 -17.411 -27.365
11.172 -21.586 -23.596
5.120 -24.719 -22.783
4.940 -24.580 -22.765
-1.573 -23.787 -22.044
-1.454 -25.404 -22.731
2.973 -1.012 -8.217
3.279 -3.165 -6.373
5.842 -2.366 -5.670
3.624 -3.424 -6.171
6.041 -2.510 -5.502
-0.003 -13.529 -40.898
-2.240 -11.321 -34.832
-3.270 -11.698 -28.322
0.631 -10.498 -23.129
-6.357 -9.112 -22.659
-9.451 -3.817 -21.116
-10.046 2.425 -18.141
-7.198 7.859 -14.554
7.350 6.173 -23.733
7.223 5.615 -17.737
5.260 3.143 -12.982
5.326 3.158 -13.008
3.856 -1.038 -9.970
15.216 -15.473 -31.120
13.538 -20.110 -27.486
7.636 -23.768 -26.398
1.137 -24.388 -26.812
4.799 -2.040 -9.536
5.695 -4.241 -8.010
8.128 -3.095 -7.160
5.939 -4.334 -7.780
8.337 -3.026 -7.149
0.039 -15.358 -37.500
-4.221 -12.691 -32.998
-4.359 -11.274 -26.814
-0.798 -9.985 -21.355
-7.652 -8.014 -21.715
-10.296 -2.180 -20.795
-10.216 4.127 -18.237
-7.206 9.475 -14.729
7.670 6.454 -22.407
6.923 6.078 -16.366
4.323 3.869 -11.823
4.355 3.872 -11.847
2.239 0.043 -8.764
13.718 -17.337 -27.322
11.275 -21.468 -23.504
5.077 -24.552 -22.755
5.015 -24.509 -22.710
-1.534 -23.330 -22.185
-1.377 -25.176 -22.577
2.938 -0.847 -8.202
3.342 -3.076 -6.533
5.884 -2.294 -5.632
6.078 -2.427 -5.406
3.676 -3.437 -6.135
-0.214 -15.366 -37.682
-4.682 -13.023 -33.016
-4.253 -11.433 -26.896
-0.707 -10.086 -21.546
-7.385 -7.847 -21.653
-10.194 -2.062 -20.649
-10.164 4.208 -17.989
-7.049 9.613 -14.642
7.757 6.496 -22.481
7.050 6.112 -16.370
4.517 3.910 -11.825
2.421 0.075 -8.749
13.905 -17.411 -27.377
11.366 -21.595 -23.525
5.106 -24.566 -22.666
-1.384 -24.983 -22.633
3.689 -3.569 -6.081
5.702 -1.966 -7.204
7.759 -3.609 -8.134
5.780 -1.774 -7.334
3.842 -3.442 -6.141
-0.220 -15.464 -37.498
-4.698 -13.030 -32.942
-4.398 -11.346 -26.880
-0.863 -10.037 -21.442
-7.657 -7.952 -21.638
-10.263 -2.111 -20.737
-10.214 4.150 -18.180
-7.130 9.519 -14.764
7.782 6.307 -22.429
7.066 5.907 -16.428
4.527 3.817 -11.834
2.299 -0.027 -8.703
13.662 -17.507 -27.341
11.156 -21.656 -23.482
4.916 -24.603 -22.689
-1.695 -24.918 -22.310
5.803 -4.649 -5.377
3.489 -3.372 -6.308
-0.276 -15.594 -37.501
-4.681 -13.073 -32.977
-4.443 -11.413 -26.891
-0.853 -10.114 -21.461
-7.681 -8.061 -21.702
-10.270 -2.158 -20.795
-10.178 4.104 -18.191
-7.024 9.416 -14.823
7.866 6.311 -22.549
7.095 5.926 -16.479
4.530 3.845 -11.867
2.294 -0.078 -8.741
13.710 -17.560 -27.353
11.143 -21.700 -23.518
5.001 -24.750 -22.662
4.863 -24.635 -22.661
-1.656 -23.997 -22.051
-1.468 -25.428 -22.652
2.238 50.260 23.062
-0.022 47.556 17.283
-0.215 44.786 11.557
0.893 38.987 8.902
3.021 33.315 8.954
4.052 28.045 11.122
-6.282 32.821 25.592
-1.788 30.176 29.030
4.915 30.639 29.071
9.878 32.015 25.619
13.390 34.657 20.537
15.661 37.277 15.224
15.072 42.038 10.489
11.714 46.866 7.575
3.139 22.142 15.489
2.447 19.566 16.419
2.210 17.851 14.063
-0.236 -15.376 -37.718
-4.726 -13.088 -33.113
-4.451 -11.575 -26.945
-0.919 -10.255 -21.531
-7.686 -8.017 -21.751
-10.024 -2.056 -20.782
-10.082 4.061 -18.112
-6.978 9.478 -14.805
7.915 6.437 -22.509
7.184 6.107 -16.432
4.795 3.925 -11.906
2.553 -0.266 -8.797
13.803 -17.408 -27.439
11.280 -21.541 -23.620
5.104 -24.607 -22.748
-1.410 -25.234 -22.799
8.300 -3.318 -7.573
5.730 -1.955 -7.213
3.653 -3.571 -6.260
157.290 161.552 145.623
159.093 161.382 147.852
159.083 158.687 148.822
156.794 165.986 142.120
157.117 169.089 136.601
159.275 169.833 130.726
160.804 165.945 125.428
161.497 161.190 122.103
159.530 155.682 120.485
155.006 151.391 120.543
148.334 150.668 121.031
141.940 151.826 122.106
136.761 155.873 123.724
133.669 161.083 123.156
145.927 160.065 106.229
147.937 164.839 110.880
148.272 169.120 115.059
146.263 171.370 121.422
144.494 169.585 127.562
145.291 165.258 132.205
145.860 158.938 135.021
149.740 153.743 136.151
155.261 149.983 135.399
162.206 149.985 134.288
168.099 153.326 133.782
172.190 158.822 132.764
173.416 164.687 134.847
173.020 170.340 138.122
171.522 174.839 143.164
175.268 176.357 147.206
180.579 179.477 149.393
184.386 180.202 154.497
132.161 165.024 117.607
130.391 166.351 115.649
128.080 164.465 115.563
184.659 193.698 191.273
190.047 190.087 190.382
195.325 185.337 190.253
197.304 181.188 185.370
198.393 181.739 178.897
198.239 185.422 173.200
199.291 191.406 170.387
199.756 198.028 170.211
201.823 203.617 173.313
203.531 207.359 178.690
207.596 207.850 183.366
220.393 168.455 194.681
220.623 170.971 193.536
223.080 226.849 198.443
223.618 225.253 196.245
209.680 201.116 145.561
211.493 199.987 147.425
212.615 201.000 149.800
215.568 169.968 159.435
216.951 171.200 161.570
217.174 174.021 161.885
211.193 228.980 166.233
212.863 226.987 165.036
214.383 225.120 166.554
40.555 15.607 -4.639
34.605 17.915 -2.810
27.466 17.518 -1.982
22.139 13.808 -1.710
19.769 9.322 2.321
17.185 15.253 0.335
12.885 19.660 3.423
8.556 20.938 7.798
5.263 20.874 13.799
7.426 21.604 20.147
12.371 22.496 25.066
18.628 25.046 25.959
24.052 27.959 23.704
27.328 32.408 20.128
26.103 38.400 17.376
8.696 37.663 19.192
10.866 36.817 13.378
15.710 34.261 9.334
21.021 29.727 9.538
24.635 25.427 12.537
24.723 20.346 16.714
21.965 15.550 20.316
17.509 11.091 19.859
12.056 8.134 17.553
36.165 3.476 7.483
33.448 -0.231 2.857
29.873 -0.726 -2.668
26.770 2.560 -8.152
27.146 7.773 -12.198
40.894 16.440 -3.606
34.855 18.205 -2.156
27.599 17.359 -2.037
22.361 13.940 -1.551
20.088 8.973 2.271
16.942 14.811 0.291
11.451 18.040 2.665
8.096 19.816 7.393
4.846 20.563 13.502
7.143 21.513 20.132
11.918 22.362 24.814
18.482 24.829 25.483
23.736 27.880 23.456
26.846 32.379 19.724
25.386 38.551 16.755
7.834 37.407 18.743
10.111 36.748 12.423
15.173 33.641 8.849
20.407 29.466 9.139
24.424 25.019 11.981
24.617 20.143 16.480
22.009 15.550 20.442
17.309 10.942 20.078
11.806 8.072 17.683
8.438 5.107 13.711
36.531 3.621 7.658
33.839 0.119 3.002
30.372 -0.379 -2.388
27.713 2.761 -7.712
28.146 7.875 -12.225
13.229 -35.691 36.710
14.023 -29.626 33.560
17.325 -28.053 28.179
22.817 -28.102 23.353
25.336 -32.551 19.228
24.699 -37.703 15.093
21.777 -42.130 11.995
15.357 -46.025 10.751
9.842 -44.760 9.727
3.610 -41.396 10.717
1.114 -35.745 8.336
0.875 -29.939 3.820
3.072 -26.759 -1.646
6.346 -25.657 -6.777
4.931 -19.963 -8.080
2.521 -15.859 -12.067
18.567 -34.184 0.616
17.292 -28.393 4.071
13.566 -26.453 10.382
8.912 -28.430 14.372
6.097 -33.163 17.771
7.107 -38.333 21.573
10.107 -42.750 24.230
16.437 -46.635 25.855
21.944 -46.141 27.313
28.127 -42.839 28.179
30.694 -37.467 30.960
30.104 -31.194 33.003
24.825 -28.351 43.726
26.367 -22.139 45.717
28.665 -18.275 49.712
36.986 -6.966 100.963
33.884 -12.288 104.012
36.047 -17.770 108.563
41.255 -1.983 132.064
36.114 -6.424 134.609
36.174 -13.166 137.355
38.394 -17.113 140.713
42.377 -20.496 144.814
46.175 -2.145 148.399
51.511 -4.099 144.050
54.448 -9.424 140.758
52.916 -15.278 137.182
47.423 -18.024 134.548
40.970 -18.574 132.771
36.164 -16.464 127.516
34.265 -11.175 124.198
36.508 -6.251 120.716
40.485 -3.178 117.127
45.047 -2.694 113.174
-3.111 -16.435 -38.715
-5.605 -13.657 -33.206
-5.163 -12.256 -27.037
-1.589 -10.947 -21.536
-8.339 -8.707 -21.771
-10.841 -3.524 -21.472
-11.664 2.584 -22.977
-12.629 8.881 -20.137
-8.742 13.547 -17.693
6.518 5.555 -23.159
5.164 5.522 -16.808
2.261 3.934 -12.424
13.220 -17.639 -27.308
10.719 -21.762 -23.390
4.619 -24.932 -22.692
-1.495 -26.299 -23.994
1.804 -0.753 -8.635
2.488 -2.922 -6.680
5.032 -1.806 -6.075
4.971 -9.535 34.263
-0.082 -8.175 37.612
-6.681 -7.025 38.346
-12.564 -7.917 35.553
-16.847 -8.382 30.299
-17.838 -10.731 24.342
-17.001 -15.036 19.437
-15.775 -20.943 17.634
-14.413 -27.176 18.305
-31.632 -23.966 42.481
-27.810 -23.578 38.029
-22.390 -22.870 34.756
-17.338 -26.292 37.154
-10.894 -27.341 35.961
-5.610 -25.825 32.375
-2.621 -22.128 28.093
-1.696 -18.728 22.161
-3.908 -13.859 18.519
-6.414 -7.875 18.545
-8.815 -2.251 20.925
-8.508 2.064 25.593
6.501 -59.625 51.601
2.131 -61.373 47.082
-3.643 -63.239 44.696
-10.404 -62.853 45.695
-15.970 -63.189 49.577
-19.060 -61.032 54.757
-20.452 -56.960 59.587
-20.627 -50.929 61.625
-19.827 -44.604 61.293
-28.475 -49.653 33.200
-25.902 -49.483 38.368
-21.929 -49.410 43.366
-16.798 -45.615 42.563
-11.012 -43.778 45.900
-6.958 -44.728 50.810
-4.901 -48.049 55.915
-5.493 -51.411 61.794
-8.052 -56.821 64.655
-10.129 -62.938 63.723
-10.143 -68.652 60.586
-8.433 -72.594 56.039
-17.557 -32.026 19.801
-19.504 -34.189 19.610
-20.253 -33.918 16.856
-22.861 -40.119 59.013
-25.141 -38.367 58.445
-26.833 -38.621 60.794
33.521 27.564 -36.153
28.517 31.212 -34.667
24.930 35.751 -32.017
27.676 40.011 -28.751
29.770 44.251 -25.717
29.792 48.158 -21.973
26.022 51.858 -17.981
21.863 53.927 -15.027
15.900 52.436 -11.827
10.204 50.434 -10.870
5.749 45.190 -10.544
5.187 38.636 -9.272
8.583 33.523 -6.591
12.943 30.601 -3.182
18.414 30.084 1.186
21.299 33.375 6.083
21.915 38.199 10.977
18.385 41.405 15.342
12.678 44.025 18.314
6.414 42.752 19.733
1.482 38.123 20.983
-0.402 31.748 20.942
1.128 25.785 22.923
5.801 20.978 25.051
11.203 20.559 29.136
4.005 33.895 38.861
10.320 35.872 35.971
15.958 33.752 32.311
18.061 29.378 27.401
16.648 25.910 21.652
12.281 23.886 16.491
7.177 26.090 12.829
3.162 30.976 9.877
2.558 37.521 7.968
5.407 43.557 6.435
10.786 47.989 6.283
17.007 48.413 3.595
21.374 46.398 -0.107
24.663 41.610 -4.245
23.472 36.889 -8.879
19.666 34.367 -13.627
14.481 34.299 -17.999
10.887 38.782 -21.723
8.916 44.807 -23.457
10.769 49.840 -26.083
14.012 54.008 -28.856
18.464 56.556 -31.742
22.951 54.745 -36.497
23.421 54.500 -39.263
21.884 56.493 -40.487
33.566 27.589 -36.150
28.557 31.227 -34.658
24.981 35.788 -31.994
27.706 40.025 -28.741
29.795 44.269 -25.710
29.814 48.175 -21.966
26.042 51.869 -17.970
21.882 53.930 -15.011
15.926 52.428 -11.804
10.234 50.416 -10.841
5.789 45.163 -10.510
5.241 38.608 -9.236
8.650 33.502 -6.559
13.019 30.588 -3.156
18.496 30.081 1.207
21.380 33.378 6.100
21.993 38.203 10.993
18.461 41.402 15.362
12.753 44.012 18.340
6.493 42.727 19.767
1.571 38.089 21.022
-0.301 31.710 20.983
1.242 25.750 22.963
5.927 20.952 25.086
11.334 20.543 29.165
3.829 33.780 38.773
10.135 35.841 35.922
15.824 33.796 32.299
18.018 29.448 27.406
16.689 25.957 21.651
12.384 23.869 16.465
7.273 25.999 12.769
3.210 30.827 9.787
2.528 37.362 7.868
5.303 43.436 6.349
10.621 47.941 6.226
16.853 48.448 3.578
21.270 46.491 -0.095
24.651 41.745 -4.208
23.555 37.005 -8.845
19.814 34.427 -13.615
14.658 34.284 -18.020
11.026 38.714 -21.771
8.983 44.711 -23.521
10.784 49.767 -26.141
13.987 53.977 -28.896
18.421 56.583 -31.756
22.951 54.745 -36.497
23.421 54.500 -39.263
21.884 56.493 -40.487
1.190 -13.348 -40.528
-2.448 -11.484 -34.803
-3.053 -11.380 -28.423
0.778 -10.234 -23.151
-6.114 -8.558 -22.363
-8.994 -3.382 -20.879
-10.157 2.680 -18.261
-7.343 7.952 -14.519
7.282 5.934 -23.409
7.311 5.271 -17.572
6.388 2.941 -13.008
15.275 -15.658 -31.179
13.581 -20.259 -27.479
7.625 -23.814 -26.365
1.166 -24.608 -26.842
4.948 -2.303 -9.539
5.952 -4.372 -7.748
8.494 -3.164 -7.014
1.082 -13.288 -40.384
-2.513 -11.382 -34.689
-3.114 -11.421 -28.315
0.665 -10.220 -23.102
-6.243 -8.644 -22.420
-8.960 -3.331 -20.910
-10.362 2.670 -18.104
-7.260 7.964 -14.641
7.406 5.779 -23.443
7.238 5.022 -17.488
6.220 2.922 -12.769
15.171 -15.878 -31.059
13.385 -20.433 -27.362
7.436 -23.896 -26.268
0.918 -24.492 -26.616
4.540 -2.105 -9.381
5.455 -4.311 -7.661
7.961 -3.166 -6.890
-1.079 -13.631 -40.634
0.917 -13.345 -40.676
-2.233 -11.321 -34.665
-3.131 -11.456 -28.274
0.677 -10.198 -23.111
-6.345 -9.088 -22.771
-9.637 -3.594 -21.435
-9.948 2.517 -18.345
-7.035 7.780 -14.641
7.354 6.064 -23.801
7.080 5.458 -17.760
5.052 3.182 -13.078
3.719 -1.088 -9.940
15.167 -15.730 -31.148
13.435 -20.275 -27.411
7.500 -23.788 -26.296
0.989 -24.345 -26.752
5.495 -4.382 -7.925
7.940 -3.028 -7.356
-0.963 -13.734 -40.784
1.206 -13.337 -40.592
-2.370 -11.372 -34.780
-3.128 -11.455 -28.356
0.681 -10.236 -23.134
-6.318 -8.970 -22.711
-9.575 -3.586 -21.341
-10.006 2.522 -18.329
-7.142 7.852 -14.632
7.319 6.042 -23.705
7.146 5.309 -17.828
7.075 5.414 -17.700
6.236 3.122 -13.013
5.056 3.162 -13.105
3.745 -1.104 -9.945
15.190 -15.723 -31.191
13.454 -20.306 -27.454
7.504 -23.821 -26.324
1.051 -24.414 -26.797
4.635 -2.264 -9.545
5.378 -4.413 -7.872
8.025 -3.138 -7.341
5.714 -4.349 -7.918
7.992 -3.011 -7.283
72.185 14.117 12.542
75.195 20.141 12.356
76.718 25.076 8.721
76.216 30.017 3.692
74.795 33.090 -1.321
70.140 34.492 -6.487
63.854 33.810 -8.796
57.519 33.295 -6.813
52.492 35.964 -4.187
49.164 37.665 1.942
49.394 40.727 7.249
50.587 47.175 8.804
52.438 52.902 8.640
59.928 53.841 -8.626
64.003 51.121 -3.608
66.019 48.323 1.700
65.321 43.797 6.993
62.047 38.724 10.693
58.383 33.709 10.396
57.989 27.989 7.826
57.955 23.932 1.638
60.428 22.790 -5.115
65.246 20.976 -8.057
71.501 19.562 -7.954
76.102 18.318 -5.884
81.079 14.256 -1.465
82.997 12.163 -0.674
84.391 11.225 -3.142
-6.558 1.475 26.973
-3.918 7.131 25.123
0.522 12.379 25.679
6.276 13.823 23.705
1.512 18.819 25.089
-0.915 23.972 21.361
-0.224 27.307 15.360
1.908 29.302 9.430
2.642 27.015 2.413
2.085 22.622 -2.217
-5.705 11.624 9.360
0.077 9.191 6.542
6.169 11.610 5.291
10.582 16.134 6.685
12.886 21.107 9.580
14.903 23.918 13.399
13.002 -3.689 21.652
12.997 -0.356 27.727
12.200 3.943 32.669
7.525 6.837 36.280
18.376 23.420 16.100
20.131 22.582 14.053
-0.514 13.061 4.992
-5.752 10.686 8.998
-11.431 12.686 11.939
-16.633 16.580 11.022
-17.569 11.275 15.504
-22.263 6.202 15.370
-27.977 3.917 12.624
-32.832 3.237 8.430
-35.219 3.031 1.423
-34.062 2.809 -4.947
-16.315 3.036 -2.381
-19.296 8.119 -5.784
-24.293 12.338 -5.223
-28.734 15.254 -1.580
-31.904 16.352 3.516
-8.606 29.054 -0.632
-7.362 29.515 6.073
-7.368 28.403 12.683
-6.458 24.213 17.546
7.420 11.469 -49.000
1.281 11.540 -45.665
-3.161 15.597 -42.795
-5.876 21.560 -43.866
-9.563 16.584 -40.318
-15.770 14.170 -40.960
-21.701 14.944 -44.264
-26.232 17.336 -48.567
-27.974 18.470 -55.513
-26.699 18.368 -61.754
-10.852 10.019 -58.559
-10.519 16.478 -61.401
-13.254 22.496 -60.745
-16.544 26.639 -57.044
-19.396 28.686 -51.878
-37.593 -10.951 -38.395
-40.539 -10.730 -38.763
-42.450 -12.290 -37.102
7.375 30.528 -52.921
7.831 29.462 -46.212
6.756 27.618 -39.893
5.450 23.222 -35.343
-8.256 -10.383 -34.487
-13.510 -7.159 -37.207
-19.222 -7.088 -40.996
-24.648 -8.393 -40.346
-21.240 -2.087 -41.250
-24.156 4.134 -41.023
-28.994 7.674 -38.463
-34.038 9.695 -34.777
-37.043 9.288 -28.686
-37.325 7.377 -22.045
-21.380 5.140 -23.307
-24.409 -1.273 -21.820
-30.423 -4.242 -22.984
-35.265 -5.289 -27.115
-38.354 -4.564 -33.005
-20.289 -24.053 -28.836
-19.625 -24.615 -35.790
-19.888 -23.067 -42.250
-17.536 -18.702 -46.940
-1.303 -13.021 18.864
-7.553 -11.872 16.104
-13.041 -14.281 12.671
-17.292 -17.975 13.444
-17.114 -10.808 13.081
-22.290 -6.518 14.492
-27.809 -5.490 17.905
-32.791 -6.216 22.047
-34.477 -8.470 28.334
-32.550 -10.147 34.638
-15.601 -7.212 29.850
-17.483 -13.135 32.500
-22.072 -17.843 31.852
-26.395 -20.732 28.095
-30.299 -21.184 22.625
-5.877 -31.283 23.274
-5.873 -30.520 16.492
-6.687 -29.015 10.262
-6.323 -24.041 5.800
-27.481 -26.186 16.227
-30.148 -27.290 15.996
-30.854 -29.433 17.855
-32.447 20.362 8.687
-32.947 22.988 9.801
-34.313 24.439 7.651
-18.386 32.258 -46.175
-17.614 34.647 -44.732
-18.165 36.654 -46.737
-0.675 13.204 4.678
-5.755 10.781 8.920
-11.556 12.717 11.847
-16.649 16.593 11.028
-17.717 11.230 15.493
-22.415 6.200 15.303
-28.187 3.951 12.417
-33.657 3.570 8.561
-35.400 2.949 1.411
-34.267 2.846 -4.976
-16.437 3.221 -2.640
-19.495 8.160 -5.944
-24.439 12.389 -5.306
-28.922 15.288 -1.654
-32.171 16.277 3.590
-8.872 29.037 -0.661
-7.482 29.460 5.998
-7.360 28.407 12.585
-6.524 24.171 17.580
7.362 11.375 -48.939
1.324 11.377 -45.663
-3.163 15.544 -42.800
-5.830 21.452 -43.753
-9.537 16.542 -40.251
-15.750 14.193 -41.025
-21.711 14.818 -44.151
-25.951 15.387 -48.887
-28.177 18.278 -55.351
-26.678 18.109 -61.800
-10.763 9.808 -58.829
-10.735 16.193 -61.272
-13.389 22.235 -60.750
-16.624 26.468 -57.063
-19.594 28.451 -51.723
-39.977 -8.767 -37.875
-40.956 -11.091 -39.068
-42.847 -11.820 -37.091
7.266 30.314 -53.056
7.703 29.324 -46.234
6.739 27.533 -39.989
5.263 23.015 -35.418
-8.480 -10.369 -34.419
-13.541 -7.107 -37.289
-19.246 -6.985 -41.075
-24.693 -8.319 -40.448
-21.230 -2.114 -41.389
-24.138 4.123 -40.991
-29.113 7.612 -38.603
-34.071 9.601 -34.946
-37.029 9.313 -28.718
-37.454 7.320 -22.119
-21.597 5.244 -23.229
-24.441 -1.302 -21.852
-30.424 -4.275 -23.075
-35.287 -5.258 -27.181
-38.373 -4.502 -33.094
-20.088 -24.238 -29.090
-19.628 -24.584 -35.840
-19.752 -23.145 -42.412
-17.484 -18.753 -46.988
-1.278 -13.132 18.691
-7.484 -11.677 15.822
-12.968 -14.162 12.526
-17.242 -17.780 13.298
-17.024 -10.704 12.972
-22.260 -6.430 14.219
-27.775 -5.394 17.609
-32.640 -6.106 21.859
-34.286 -8.085 28.205
-32.526 -9.944 34.509
-27.551 -25.909 15.918
-30.144 -27.218 15.897
-31.031 -29.072 17.951
-15.615 -7.178 29.794
-17.376 -12.924 32.461
-21.947 -17.692 31.745
-26.379 -20.463 28.105
-30.269 -20.999 22.568
-5.918 -31.081 23.276
-5.814 -30.344 16.393
-6.740 -28.882 10.202
-6.275 -23.884 5.738
-32.569 20.398 8.731
-33.039 23.053 9.888
-34.423 24.401 7.725
-18.422 32.085 -45.993
-17.700 34.525 -44.647
-18.285 36.480 -46.684
-18.244 36.608 -46.620
-18.291 32.180 -45.927
-17.698 34.623 -44.551
-0.642 13.093 4.764
-5.892 10.646 8.759
-11.554 12.664 11.750
-16.629 16.629 10.987
-17.648 11.326 15.442
-22.334 6.322 15.278
-28.072 4.015 12.450
-33.430 3.499 8.542
-35.291 3.037 1.452
-34.061 2.958 -5.060
-16.255 3.441 -2.677
-19.325 8.389 -5.893
-24.451 12.486 -5.310
-28.870 15.340 -1.654
-32.206 16.284 3.587
-8.878 29.191 -0.681
-7.535 29.550 5.980
-7.425 28.382 12.592
-6.474 24.193 17.515
7.227 11.361 -48.897
1.127 11.463 -45.528
-3.378 15.541 -42.800
-5.893 21.626 -43.765
-9.545 16.613 -40.285
-15.593 14.108 -41.231
-21.300 14.323 -44.680
-25.918 15.356 -48.943
-28.162 18.362 -55.366
-26.662 18.229 -61.768
-11.131 9.907 -58.421
-10.653 16.332 -61.456
-13.367 22.283 -60.699
-16.591 26.499 -57.058
-19.619 28.569 -51.801
7.343 30.318 -52.929
7.728 29.387 -46.191
6.716 27.584 -39.888
5.550 23.266 -35.482
-8.190 -10.204 -34.766
-13.535 -7.145 -37.288
-19.184 -7.035 -41.110
-24.595 -8.367 -40.519
-21.150 -2.195 -41.370
-23.947 4.002 -41.075
-28.951 7.601 -38.563
-33.817 9.676 -34.803
-36.736 9.279 -28.695
-37.247 7.273 -22.123
-21.695 5.550 -23.370
-24.263 -1.562 -21.943
-30.316 -4.353 -23.043
-35.193 -5.280 -27.205
-38.225 -4.442 -33.112
-42.488 -11.869 -37.077
-37.689 -10.736 -38.662
-40.527 -11.217 -39.027
-19.892 -24.167 -29.206
-19.533 -24.513 -35.981
-19.592 -23.093 -42.387
-17.316 -18.685 -47.039
-1.147 -12.984 18.618
-7.350 -11.691 15.823
-12.817 -14.208 12.498
-17.159 -17.797 13.237
-16.914 -10.735 12.823
-22.094 -6.458 14.277
-27.713 -5.538 17.655
-32.530 -6.140 21.912
-34.233 -8.194 28.205
-32.563 -10.058 34.445
-15.544 -7.274 29.825
-17.328 -13.070 32.430
-21.953 -17.741 31.784
-26.381 -20.665 28.052
-30.183 -20.989 22.549
-5.898 -31.145 23.262
-5.830 -30.429 16.466
-6.724 -28.962 10.280
-6.179 -24.049 5.706
-34.402 24.426 7.814
-32.546 20.431 8.856
-33.029 23.111 9.907
-30.921 -29.121 17.767
-27.434 -25.882 15.990
-29.711 -27.651 15.788
57.703 -16.489 5.157
56.229 -16.549 11.200
52.618 -15.876 16.073
47.473 -12.457 19.899
42.101 -7.939 19.519
36.899 -5.942 15.890
32.673 -6.385 12.257
28.918 -9.525 9.559
41.001 -23.831 19.911
41.543 -23.124 13.788
40.978 -23.488 7.349
41.000 -19.006 2.223
43.311 -13.144 1.014
45.293 -6.987 2.657
46.803 -2.562 6.205
26.412 -14.723 9.765
25.679 -14.415 12.587
26.212 -16.759 14.315
17.606 3.698 -4.011
14.344 0.379 -0.172
13.616 -6.031 3.708
17.216 -10.927 6.533
23.080 -12.716 9.466
28.808 -11.187 12.420
32.494 -7.048 16.252
31.810 -0.350 18.103
28.373 4.045 22.724
24.121 1.473 31.994
20.481 4.182 33.697
13.849 2.882 35.924
9.930 -2.284 38.118
9.875 -8.378 41.070
13.521 -12.759 44.679
19.461 -13.752 48.292
24.483 -11.420 52.162
25.567 -5.934 55.992
23.842 -0.405 59.624
18.864 3.758 61.706
12.449 4.298 63.948
9.537 -13.063 65.817
6.754 -8.786 61.614
6.677 -2.748 58.415
10.376 2.368 55.631
15.722 5.100 53.552
21.947 3.543 51.156
26.181 -1.221 48.722
27.092 -6.755 45.659
24.228 -12.057 41.173
18.770 -14.319 37.810
13.906 -12.525 33.730
12.771 -8.781 27.725
12.931 -4.104 23.084
14.438 1.558 20.155
19.426 5.212 16.577
25.381 6.608 14.137
29.895 3.545 10.003
32.689 -2.123 7.301
31.476 -7.770 3.896
27.008 -12.367 1.672
20.202 -13.536 -1.219
22.433 6.546 24.220
1.989 50.231 22.954
-0.320 47.533 17.390
-0.550 45.080 11.502
0.639 39.285 8.500
2.820 33.511 8.649
3.693 28.052 10.750
-6.779 32.674 25.863
-6.966 32.711 25.837
-2.137 30.146 28.602
4.615 30.852 28.843
9.697 32.139 25.514
13.337 34.577 20.176
15.560 37.268 15.087
14.798 42.217 10.474
11.267 46.806 7.153
-0.461 22.409 12.569
-0.755 19.515 12.348
0.902 18.879 14.606
-34.184 26.964 -28.908
-31.079 21.550 -27.204
-26.722 16.263 -28.574
-20.943 15.058 -29.519
-22.035 14.409 -23.921
-26.760 9.319 -24.261
-29.283 5.005 -19.596
-28.682 2.924 -13.063
-26.452 1.989 -6.917
-25.671 5.479 -0.437
-26.308 10.514 3.430
-33.973 19.571 -9.821
-28.170 22.248 -7.560
-22.160 19.970 -5.857
-17.657 15.262 -6.569
-15.689 9.821 -8.835
-15.111 33.278 -24.351
-14.992 29.603 -30.387
-15.372 25.181 -35.192
-20.003 22.844 -39.181
-12.167 6.741 -12.956
-9.808 6.296 -14.481
-7.987 7.408 -12.637
-10.584 33.833 26.831
-3.599 32.107 26.871
2.155 32.186 28.102
8.506 33.927 25.361
11.992 37.027 20.459
13.578 39.719 14.980
12.617 43.860 9.278
8.860 48.505 6.582
5.461 53.693 25.406
-0.195 51.913 22.112
-3.027 49.687 16.609
-2.984 46.077 11.271
-1.543 40.067 8.894
0.897 34.471 8.769
2.126 29.136 10.796
0.933 22.975 14.658
1.247 20.375 15.809
1.099 18.544 13.614
1.956 35.834 33.557
7.245 37.986 37.526
12.673 36.159 41.116
17.528 33.465 40.200
16.426 40.558 40.943
20.930 45.228 39.442
26.148 47.312 36.758
31.561 48.062 32.823
33.697 46.620 26.585
32.936 44.551 20.145
15.387 44.581 24.161
18.188 39.091 21.194
23.402 35.111 22.102
28.006 32.876 25.912
8.254 19.478 28.893
8.089 19.328 36.110
8.454 20.719 42.331
6.523 24.995 46.881
5.852 36.627 -3.874
0.147 35.350 -7.700
-3.118 30.767 -11.422
-5.803 25.900 -10.293
-8.639 32.460 -11.012
-14.944 34.145 -9.658
-20.519 33.302 -6.886
-25.574 31.085 -2.813
-26.405 28.619 3.406
-24.612 27.393 9.881
-9.912 37.002 5.297
-9.100 31.037 8.413
-11.449 24.818 7.551
-14.251 20.195 3.937
9.933 19.297 0.602
10.180 19.522 -6.173
9.349 20.478 -12.523
8.257 25.070 -17.123
8.361 38.293 -17.489
12.341 42.724 -13.858
17.785 43.556 -9.943
23.464 43.510 -10.646
19.032 49.080 -9.750
20.496 55.576 -10.830
24.157 60.205 -12.929
28.868 63.620 -16.538
31.745 63.279 -22.505
32.223 61.619 -29.110
16.543 52.851 -25.836
21.629 49.451 -28.377
28.240 48.574 -27.594
33.231 48.746 -23.716
22.751 26.787 -22.062
21.972 26.583 -15.240
21.023 27.736 -8.819
17.367 30.843 -4.360
0.849 63.006 47.386
6.708 61.840 43.956
11.769 63.957 39.996
16.343 67.250 40.685
15.792 60.095 39.863
20.782 55.717 40.670
26.116 53.929 43.166
31.911 53.582 46.679
34.293 55.477 52.681
33.712 57.407 59.344
15.895 55.968 56.295
18.488 61.657 58.735
23.397 66.022 57.884
27.649 68.638 53.881
6.946 80.794 52.124
5.921 80.441 45.237
5.736 79.047 39.026
4.408 74.595 34.359
13.104 -3.646 21.393
13.196 -0.273 27.616
12.531 4.023 32.539
7.998 7.150 36.206
-5.725 11.582 9.353
0.020 9.177 6.373
6.013 11.596 5.117
10.511 16.088 6.469
12.893 21.002 9.431
14.994 23.991 13.523
-6.478 2.037 26.857
-3.587 7.530 25.186
1.057 12.609 25.902
6.615 13.997 23.694
1.611 18.831 25.263
-1.041 23.753 22.954
-2.618 22.935 17.634
-0.233 27.251 15.298
1.953 29.187 9.415
2.687 26.918 2.381
1.997 22.528 -2.267
20.419 22.608 14.194
18.766 23.645 16.271
163.319 183.321 111.311
166.591 182.187 116.772
166.935 182.752 123.868
164.171 185.988 129.488
157.143 187.794 132.076
150.726 187.500 131.430
144.395 185.510 130.220
140.495 179.740 129.800
141.896 172.846 128.432
145.591 166.325 129.622
149.793 162.004 134.369
150.702 161.401 140.470
150.862 162.162 147.374
147.234 164.745 152.287
141.254 167.088 154.923
134.697 166.629 154.979
129.276 163.309 153.318
126.123 156.798 152.104
126.493 150.326 150.886
128.997 143.848 151.083
133.071 140.045 154.138
133.557 138.124 159.503
127.716 157.162 170.149
131.233 156.334 171.907
135.641 157.408 168.702
139.852 155.498 165.050
143.462 151.325 159.898
143.739 149.193 154.026
141.857 148.698 147.459
138.189 150.882 142.738
134.824 156.111 140.322
132.056 162.470 139.922
132.693 168.670 141.909
136.377 173.567 143.577
142.160 177.081 146.096
148.763 176.748 145.620
154.391 175.255 142.641
157.519 173.005 136.815
157.241 171.174 130.626
155.256 172.043 124.690
151.968 174.783 119.769
147.985 180.931 118.797
149.178 186.986 119.405
152.431 192.416 121.014
158.214 195.133 125.255
129.049 132.241 165.084
128.855 130.243 167.298
127.006 128.816 165.499
104.244 87.743 123.933
110.468 87.469 124.060
116.963 89.048 124.190
121.015 94.685 124.392
121.211 101.311 124.286
119.010 107.893 125.219
115.280 111.156 129.734
111.358 111.404 134.493
110.026 110.611 142.042
112.848 107.344 146.997
118.316 105.110 150.282
124.779 105.353 151.781
130.555 108.367 151.872
134.191 114.101 151.234
134.787 120.657 150.619
132.343 126.621 152.529
128.286 130.555 155.753
125.185 131.153 161.580
120.070 129.467 166.255
115.482 133.461 164.209
112.138 136.962 161.312
142.800 118.506 173.859
138.826 116.086 169.757
132.213 112.234 169.906
128.322 113.305 165.706
122.170 113.294 163.893
117.398 116.234 160.982
115.279 120.729 156.367
116.630 123.876 150.544
120.542 124.967 145.059
124.394 122.354 140.780
128.097 117.461 137.902
130.141 110.881 137.612
128.836 104.254 138.627
124.491 99.147 139.578
119.363 96.676 140.336
112.483 95.732 138.864
107.136 98.169 135.773
105.072 102.292 131.269
105.483 104.509 123.932
108.907 104.548 118.361
112.867 101.281 113.933
148.107 138.479 163.432
150.367 138.637 165.380
152.673 138.790 163.562
21.837 28.082 -0.843
16.328 24.481 -0.763
16.345 24.462 -0.717
14.741 17.834 1.282
15.336 18.986 3.463
17.400 12.631 5.355
22.592 7.960 6.487
28.152 7.260 9.905
31.759 8.355 15.353
33.917 11.959 20.922
31.492 14.878 25.958
27.462 18.469 30.110
22.703 18.307 33.393
16.805 17.994 37.088
12.844 13.612 39.849
11.787 7.155 42.319
13.157 0.427 42.751
18.137 -4.032 44.056
24.484 -6.084 45.311
29.607 -4.301 49.931
32.207 0.672 54.026
31.031 5.436 58.427
27.625 8.366 63.462
22.103 8.889 67.545
16.595 5.573 69.706
15.005 -0.094 72.476
15.813 -6.238 75.097
19.394 -11.962 76.295
22.080 -13.538 80.785
29.318 3.734 80.754
33.789 -0.160 76.946
33.544 -5.630 72.830
30.592 -9.045 68.363
25.324 -9.554 63.914
18.775 -7.988 62.132
14.138 -3.184 61.096
13.747 2.096 57.034
13.420 2.688 58.853
15.746 8.621 56.416
16.677 9.269 58.104
21.336 11.130 53.625
21.183 10.954 52.724
26.831 11.173 50.194
28.384 10.364 51.804
30.419 9.270 45.005
31.621 8.050 46.059
31.249 3.765 40.489
29.944 5.967 39.510
27.365 1.099 35.106
21.747 0.073 32.006
15.526 0.257 30.257
17.925 3.517 25.732
14.318 8.647 21.248
14.684 14.977 19.690
17.794 20.978 18.963
23.275 23.938 17.434
29.678 24.626 15.274
31.616 23.429 8.963
34.046 18.077 5.127
32.499 12.256 1.804
28.039 10.089 -2.400
23.470 11.744 -7.391
-11.454 21.250 17.546
-7.817 17.993 12.994
-4.039 12.716 12.157
0.256 7.807 14.961
2.705 5.290 20.779
1.331 2.455 26.197
-1.944 0.069 31.753
-6.791 -4.064 32.520
-11.889 -7.787 31.055
-14.190 -11.828 27.755
-12.750 -16.993 25.906
-8.270 -20.374 22.683
-3.582 -23.669 19.719
2.127 -25.936 21.131
8.001 -26.513 24.981
11.320 -26.066 30.896
11.254 -27.775 37.185
-7.025 -29.959 36.799
-4.302 -25.018 40.170
-0.286 -19.668 39.685
3.278 -15.576 36.252
7.168 -13.531 31.098
6.747 -11.431 24.801
2.601 -10.113 20.045
-1.729 -9.037 16.059
-7.450 -6.927 13.397
-11.987 -2.941 15.642
-15.574 1.327 19.440
-15.174 5.468 24.265
-12.321 8.284 29.959
-6.473 11.128 30.793
-0.857 13.486 29.639
4.565 15.156 25.741
6.617 18.501 20.399
-12.368 -19.810 26.402
195.501 205.209 243.125
193.704 206.077 244.967
194.545 208.148 246.784
217.254 242.742 281.428
216.237 240.222 281.737
213.517 239.541 281.376
221.547 216.230 261.396
219.097 215.313 262.036
217.270 217.137 263.140
222.614 324.150 195.953
216.718 321.709 198.563
211.291 317.576 197.227
208.786 312.417 193.267
209.347 307.733 187.978
213.386 303.288 184.346
219.173 299.254 184.749
224.013 296.575 188.891
226.199 294.770 195.079
224.786 293.114 201.562
219.839 291.147 206.152
213.450 289.797 208.421
208.397 286.322 206.306
204.666 282.193 202.263
205.723 276.603 198.624
209.207 270.853 196.955
214.092 266.712 198.995
217.592 263.791 203.829
218.073 261.902 210.299
215.147 261.421 216.354
210.073 260.135 220.414
186.611 247.814 237.845
189.462 243.129 233.391
190.844 237.158 235.570
194.086 232.348 238.614
199.944 230.170 241.613
204.268 231.248 246.520
206.859 234.848 251.493
205.663 238.020 257.122
202.131 241.946 261.437
195.443 243.425 263.215
189.498 243.843 263.270
207.130 252.313 205.782
201.920 256.548 205.230
198.251 262.533 206.935
198.790 267.491 211.980
203.776 270.767 216.451
210.747 272.950 218.195
216.746 274.091 215.619
220.941 275.072 210.532
223.046 274.497 204.195
221.464 275.945 197.910
218.680 279.536 193.198
213.359 283.726 191.067
208.416 288.213 192.795
207.595 293.066 197.272
209.218 297.773 201.742
214.107 302.518 202.721
220.851 304.331 201.535
225.886 305.730 197.145
226.690 308.287 190.835
224.303 310.475 184.634
219.238 314.191 181.854
212.637 316.914 181.899
36.764 7.144 -5.656
32.593 11.631 -3.675
26.216 14.160 -3.916
20.224 12.709 -1.120
16.662 7.971 2.188
12.910 13.253 -0.543
10.101 18.517 2.739
7.131 20.732 8.560
4.707 21.772 14.859
7.507 22.284 21.156
12.551 22.477 25.537
18.738 24.624 26.089
24.302 28.078 24.262
27.746 31.678 19.586
28.015 36.719 15.475
9.908 37.856 16.610
13.014 36.282 11.259
17.465 32.152 8.207
21.512 26.776 8.793
24.657 22.115 12.485
23.941 17.484 16.939
20.279 13.671 20.954
14.422 10.316 20.703
8.869 9.063 18.017
29.946 -1.671 7.716
26.284 -4.303 3.317
22.086 -3.769 -2.306
19.532 -0.326 -7.069
20.874 4.591 -11.971
5.334 5.276 14.392
4.272 2.742 13.418
4.477 1.488 15.955
-6.398 1.623 27.041
-3.769 7.237 25.274
0.615 12.537 25.855
6.251 14.002 23.694
1.353 19.061 25.239
-0.995 24.288 21.583
-0.312 27.517 15.534
1.789 29.321 9.556
2.384 27.002 2.550
1.898 22.607 -2.080
-5.850 11.517 9.361
-0.002 9.196 6.591
6.003 11.672 5.340
10.482 16.171 6.686
12.733 21.302 9.735
12.904 -3.679 21.567
12.951 -0.460 27.676
12.413 4.003 32.637
7.848 6.840 36.296
16.158 23.515 14.492
18.349 23.664 16.145
20.226 22.858 14.367
41.884 55.356 -26.479
47.830 55.611 -29.440
55.255 55.492 -29.315
60.572 54.219 -25.644
64.019 51.012 -20.685
66.019 48.536 -15.062
65.099 43.477 -10.558
61.326 38.496 -8.566
57.510 33.310 -9.996
55.249 27.863 -13.711
56.238 24.283 -19.135
59.899 22.107 -23.700
65.879 21.112 -26.322
71.660 19.371 -25.314
76.359 25.050 -8.400
76.174 29.412 -13.031
75.757 31.539 -19.632
71.150 34.182 -24.840
65.178 34.202 -27.744
58.447 32.527 -27.651
52.117 34.595 -24.654
50.476 36.510 -18.475
50.924 39.414 -12.150
51.630 45.108 -9.611
53.693 50.888 -8.669
54.178 56.899 -10.934
52.711 63.042 -15.600
51.825 65.747 -16.433
51.585 67.408 -13.924
-5.841 -36.018 -21.045
-6.771 -32.560 -25.775
-2.032 -29.931 -28.795
4.631 -30.591 -28.747
9.658 -31.811 -25.416
13.264 -34.715 -20.383
15.390 -37.504 -15.604
14.881 -41.927 -10.315
11.140 -46.766 -7.341
1.553 -49.855 -22.593
-0.991 -47.477 -16.794
-1.077 -44.063 -11.849
0.202 -38.417 -9.004
2.505 -32.820 -8.890
3.547 -27.789 -10.901
2.753 -21.875 -15.308
2.175 -19.268 -16.345
1.948 -17.699 -13.953
11.161 35.042 -25.556
4.541 32.973 -27.530
-1.790 32.370 -27.852
-8.066 33.395 -25.612
-11.539 36.778 -20.584
-13.358 39.806 -14.924
-11.925 43.470 -9.688
-8.333 48.211 -6.493
-4.941 53.601 -25.466
0.508 51.914 -22.225
3.249 49.837 -16.709
3.602 45.676 -11.655
1.964 39.689 -9.042
-0.508 34.123 -8.946
-1.789 29.285 -11.062
-1.485 23.389 -15.355
-1.822 20.519 -15.874
-0.963 18.544 -13.856
-0.071 -15.417 -37.512
-4.468 -12.900 -32.966
-4.254 -11.373 -26.884
-0.697 -10.018 -21.463
-7.446 -7.809 -21.695
-10.104 -1.948 -20.729
-10.170 4.178 -18.223
-7.121 9.540 -14.705
7.647 6.421 -22.432
7.024 5.979 -16.473
4.484 3.829 -11.901
4.498 3.856 -11.943
2.433 -0.137 -8.795
13.804 -17.501 -27.378
11.276 -21.682 -23.543
5.016 -24.591 -22.629
4.950 -24.543 -22.641
-1.461 -23.892 -22.223
-1.448 -25.262 -22.515
3.065 -1.265 -7.951
8.261 -2.406 -6.141
3.937 -3.328 -6.288
5.673 -2.061 -7.446
6.569 -2.635 -5.783
3.702 -3.720 -6.150
230.283 233.562 147.343
227.981 232.172 146.436
222.227 176.804 154.757
222.487 179.197 153.312
220.609 180.974 152.030
227.943 238.835 293.131
227.986 236.380 294.428
225.985 234.502 294.893
234.260 182.058 289.129
232.253 182.691 291.052
231.361 185.118 292.229
216.189 196.442 142.572
216.189 196.442 142.572
220.704 201.022 145.501
220.704 201.022 145.501
221.765 207.736 147.241
221.765 207.736 147.241
220.551 213.314 147.675
220.551 213.314 147.675
215.496 217.087 150.949
215.496 217.087 150.949
209.618 216.563 154.646
209.633 216.554 154.612
206.917 215.008 159.414
206.942 214.995 159.421
204.590 209.227 163.545
204.590 209.227 163.545
207.635 203.592 167.651
207.635 203.592 167.651
210.832 203.199 171.539
210.832 203.199 171.539
216.624 202.302 174.276
216.624 202.302 174.276
220.684 206.047 178.057
220.684 206.047 178.057
223.531 211.611 180.298
223.531 211.611 180.298
221.291 217.021 183.685
221.291 217.021 183.685
217.390 221.177 185.623
217.390 221.177 185.623
210.978 223.686 186.181
210.978 223.686 186.181
207.209 223.273 189.346
207.209 223.273 189.346
202.584 219.206 192.181
202.584 219.206 192.181
200.467 214.577 196.329
200.467 214.577 196.329
202.073 210.033 200.803
202.073 210.033 200.803
206.808 206.494 203.520
206.808 206.494 203.520
213.024 206.790 205.928
213.024 206.790 205.928
217.986 210.102 208.565
217.986 210.102 208.565
220.132 214.150 212.919
220.132 214.150 212.919
220.453 217.400 217.932
220.453 217.400 217.932
219.488 217.944 223.198
219.488 217.944 223.198
220.056 221.540 229.594
220.056 221.540 229.594
215.974 224.720 233.753
215.974 224.720 233.753
210.612 224.558 237.751
210.612 224.558 237.751
206.651 220.716 241.651
206.651 220.716 241.651
205.177 215.033 244.417
205.177 215.033 244.417
206.705 209.628 247.708
206.705 209.628 247.708
210.499 205.763 250.236
210.499 205.763 250.236
215.962 204.898 253.594
215.962 204.898 253.594
219.890 207.282 258.563
219.890 207.282 258.563
221.489 212.173 262.657
221.489 212.173 262.657
219.508 216.941 267.034
219.508 216.941 267.034
214.791 220.884 270.063
214.791 220.884 270.063
208.974 221.237 272.737
208.974 221.237 272.737
202.864 219.227 275.741
202.864 219.227 275.741
200.634 213.725 278.704
200.634 213.725 278.704
200.922 206.972 279.879
200.922 206.972 279.879
204.876 202.294 282.047
204.876 202.294 282.047
211.111 200.094 283.984
211.111 200.094 283.984
216.774 201.792 288.312
216.774 201.792 288.312
220.236 205.053 292.913
220.236 205.053 292.913
219.714 207.933 299.287
219.714 207.933 299.287
215.477 209.223 304.576
215.477 209.223 304.576
213.637 208.168 310.186
213.637 208.168 310.186
180.488 202.980 295.026
182.527 204.349 296.478
185.295 203.635 296.742
209.772 195.868 300.457
209.772 195.868 300.457
204.759 199.214 299.095
204.759 199.214 299.095
201.544 205.256 297.849
201.544 205.256 297.849
204.305 211.748 296.093
204.305 211.748 296.093
209.115 214.451 293.761
209.115 214.451 293.761
214.352 217.265 289.681
214.352 217.265 289.681
219.403 213.911 285.052
219.403 213.911 285.052
218.986 210.196 280.149
218.986 210.196 280.149
215.917 204.570 277.842
215.917 204.570 277.842
213.253 203.080 272.890
213.253 203.080 272.890
207.128 202.382 270.300
207.128 202.382 270.300
203.018 206.326 267.033
203.018 206.326 267.033
200.679 211.615 264.113
200.679 211.615 264.113
202.124 217.022 263.083
202.124 217.022 263.083
206.783 221.556 259.209
206.783 221.556 259.209
213.060 223.723 257.815
213.060 223.723 257.815
216.797 222.820 254.308
216.797 222.820 254.308
221.681 219.827 251.071
221.681 219.827 251.071
223.583 215.304 247.473
223.583 215.304 247.473
222.002 209.945 244.219
222.002 209.945 244.219
216.836 206.451 241.151
216.836 206.451 241.151
210.587 206.962 238.824
210.587 206.962 238.824
205.966 210.334 236.473
205.966 210.334 236.473
203.722 213.955 231.754
203.722 213.955 231.754
203.980 216.517 226.302
203.977 216.461 226.301
204.586 217.513 221.001
204.586 217.513 221.001
204.026 221.868 215.180
204.026 221.868 215.180
208.389 224.619 210.952
208.389 224.619 210.952
213.319 224.641 207.781
213.319 224.641 207.781
217.456 220.411 203.318
217.456 220.411 203.318
218.640 214.487 200.315
218.640 214.487 200.315
217.227 209.735 196.637
217.227 209.735 196.637
213.006 205.651 193.875
213.006 205.651 193.875
208.129 205.093 190.247
208.129 205.093 190.247
203.584 207.187 186.227
203.584 207.187 186.227
202.103 211.947 182.058
202.103 211.947 182.058
204.541 216.707 177.843
204.541 216.707 177.843
210.080 221.227 175.471
210.080 221.227 175.471
215.073 221.082 171.738
215.073 221.082 171.738
221.137 218.867 168.897
221.137 218.867 168.897
223.249 213.060 166.319
223.249 213.060 166.319
223.054 206.325 165.146
223.054 206.325 165.146
218.808 202.171 162.481
218.808 202.171 162.481
213.077 200.165 160.078
213.077 200.165 160.078
206.922 201.046 157.415
206.922 201.046 157.415
203.573 205.721 152.814
203.573 205.721 152.814
204.173 208.179 146.664
204.173 208.179 146.664
207.941 212.239 142.626
207.941 212.239 142.626
211.876 213.194 136.957
211.876 213.194 136.957
248.177 212.158 293.133
246.221 210.731 294.680
196.337 238.871 151.732
196.100 236.439 150.325
198.040 234.515 149.549
189.120 182.144 155.431
191.268 182.723 153.637
192.071 185.195 152.501
193.879 234.134 297.334
196.219 232.762 298.135
243.146 202.289 149.668
241.251 203.745 148.204
238.440 203.133 147.768
201.228 177.309 289.645
200.946 179.409 291.500
202.679 181.467 292.510
175.673 212.532 151.580
177.475 210.941 150.065
58.845 35.094 36.912
61.522 29.089 37.223
62.712 23.370 40.515
60.382 19.411 45.685
56.730 17.521 51.269
50.720 16.997 53.061
45.626 18.163 54.218
46.128 22.163 35.372
44.781 26.934 39.557
44.502 29.483 45.945
48.092 30.549 51.119
53.379 29.574 55.383
60.121 30.103 55.398
65.850 30.559 52.985
73.759 37.693 50.702
74.624 36.398 53.176
57.778 36.084 37.176
60.201 30.125 37.365
61.979 24.478 40.550
59.597 20.316 45.737
55.792 18.832 51.193
49.835 18.375 53.544
45.420 18.550 54.678
44.007 28.099 39.828
43.748 30.887 46.263
47.511 31.892 51.469
52.455 30.829 55.666
59.228 31.172 55.609
64.918 31.528 53.173
69.122 33.783 48.594
72.234 39.303 51.244
73.142 36.738 52.710
58.807 34.944 37.263
60.778 28.902 37.560
62.416 23.183 40.594
60.159 18.924 45.563
56.468 17.180 51.043
50.950 16.929 53.669
45.610 17.659 54.386
45.863 21.890 36.135
44.220 26.550 40.324
43.891 29.320 46.548
47.924 30.409 51.658
53.169 29.215 55.521
59.779 29.878 55.468
65.878 29.720 53.240
71.541 38.148 50.850
73.982 38.263 52.454
73.907 35.450 52.821
58.484 34.877 37.448
60.615 28.894 37.685
62.505 23.111 40.577
60.339 18.981 45.492
56.454 17.191 51.184
51.034 16.800 53.589
45.680 17.950 54.568
45.927 21.899 36.013
44.350 26.581 40.224
44.015 29.336 46.486
47.825 30.048 51.583
53.215 29.187 55.556
59.711 29.747 55.810
65.578 29.712 53.520
71.262 35.727 49.960
73.504 37.539 50.578
74.101 36.458 53.232
58.381 34.861 37.076
61.625 29.042 37.270
62.665 23.175 40.470
60.486 19.113 45.624
56.576 17.190 51.060
50.782 16.949 53.104
45.849 18.005 53.782
46.051 21.811 35.379
44.650 26.722 39.380
44.544 29.179 45.707
47.985 30.347 51.033
53.175 29.338 55.451
59.747 29.866 55.379
65.668 30.254 52.783
70.859 35.529 48.994
72.075 35.709 51.252
74.666 35.192 52.094
-10.377 21.773 22.288
-5.736 18.873 18.224
-0.937 14.461 17.434
3.639 9.994 20.293
4.790 6.030 25.754
2.105 2.233 30.142
-2.559 -0.311 34.658
-7.805 -3.759 34.249
-13.331 -6.726 31.438
-13.737 -11.725 27.234
-11.697 -16.389 25.264
-7.361 -19.775 22.122
-2.205 -22.918 19.434
3.642 -25.297 21.307
9.056 -26.460 25.521
11.467 -27.460 31.707
10.844 -29.977 37.676
-7.510 -31.289 34.525
-5.503 -26.956 38.766
-1.207 -21.856 40.201
3.139 -17.521 37.906
7.385 -14.787 33.549
7.749 -11.727 27.508
4.202 -9.545 22.391
0.545 -7.781 18.080
-4.804 -4.970 15.078
-9.792 -1.246 16.692
-12.993 3.291 20.717
-15.065 5.065 27.058
-11.744 7.499 32.610
-6.377 10.115 35.236
-0.322 13.387 34.999
5.398 15.533 32.181
7.244 20.109 27.773
-11.908 -19.674 25.061
-11.277 20.804 26.763
-6.405 18.558 22.612
-1.328 14.639 21.439
3.543 10.218 23.610
4.773 5.465 28.507
1.724 1.132 32.076
-3.128 -1.723 35.887
-8.408 -5.157 34.722
-13.747 -7.433 31.348
-14.260 -11.834 26.378
-11.955 -15.724 23.850
-7.505 -18.502 19.731
-2.061 -21.098 16.995
3.217 -23.946 18.751
8.818 -25.876 22.816
11.151 -27.860 28.264
11.115 -30.601 34.026
-6.949 -32.021 30.275
-5.439 -28.620 35.789
-1.500 -23.568 37.935
2.831 -18.794 36.275
6.921 -15.420 32.199
7.249 -11.630 26.852
4.081 -8.759 22.129
0.547 -6.357 18.082
-4.986 -3.118 15.408
-10.063 0.298 17.461
-13.162 3.794 22.251
-15.157 4.778 28.839
-12.330 6.582 34.852
-7.160 8.499 38.050
-1.198 12.207 38.536
4.973 14.441 36.394
6.749 19.312 32.317
-12.182 -19.257 22.734
115.464 186.259 164.389
113.466 184.703 157.431
115.041 186.336 150.699
120.089 187.958 145.963
126.791 189.023 143.808
132.373 186.202 144.382
137.064 181.540 145.797
138.037 175.076 147.591
136.093 168.858 149.062
132.018 163.846 146.828
127.773 160.576 142.567
125.512 160.162 136.120
125.996 161.756 129.825
130.341 163.029 124.824
136.561 163.241 122.464
143.141 161.551 122.232
148.068 157.507 123.902
150.111 151.563 126.112
148.701 145.385 127.891
144.884 140.015 127.585
142.339 136.056 122.848
140.149 133.284 118.155
153.816 152.637 103.386
151.058 150.130 108.927
145.269 149.398 108.657
139.530 148.833 108.512
134.303 147.620 110.829
132.097 147.454 117.243
130.720 146.994 122.979
132.378 147.623 129.387
135.965 148.870 134.881
141.191 152.168 137.951
144.894 157.786 137.965
144.989 164.144 135.924
142.660 169.696 133.300
137.512 173.460 131.565
131.086 175.357 131.787
124.942 174.919 134.271
121.339 173.379 139.868
120.131 171.132 146.221
122.478 172.274 152.202
126.647 174.439 156.969
130.690 179.775 158.955
132.909 186.134 158.028
131.015 192.256 155.947
126.457 196.236 151.918
142.419 131.745 111.633
143.298 130.233 109.209
144.181 127.775 110.544
167.419 182.333 115.326
168.716 180.803 122.086
168.075 181.313 128.562
163.947 183.443 133.180
156.990 185.581 135.471
150.951 184.440 135.267
146.473 180.682 132.646
142.922 174.787 130.748
143.694 168.479 129.648
146.861 162.112 130.817
150.534 158.266 135.010
151.969 156.887 141.035
151.275 157.095 147.698
148.535 159.463 153.382
142.533 160.804 156.148
135.839 160.405 156.251
130.074 157.842 154.330
126.767 152.316 151.978
126.733 146.004 149.836
129.098 139.994 149.358
130.678 135.314 153.908
132.509 131.910 158.249
123.905 158.681 185.518
122.190 154.558 180.177
122.984 152.716 173.612
125.868 150.381 169.050
131.286 148.338 168.459
136.969 146.498 168.467
141.909 144.531 165.966
143.718 144.186 159.584
144.856 143.803 153.866
142.921 145.420 147.738
139.933 147.727 142.824
135.095 151.911 139.977
133.126 158.313 140.335
134.295 164.276 143.021
137.604 168.943 146.206
143.200 172.210 147.794
149.858 172.215 147.565
155.779 170.595 144.632
158.873 169.213 138.760
159.273 167.030 132.084
156.240 168.279 125.345
153.024 172.633 121.787
149.488 178.207 120.941
148.831 185.366 123.296
152.226 190.673 125.777
157.694 193.237 129.251
129.992 130.461 164.820
128.760 129.264 167.262
127.493 126.952 165.972
-6.317 1.672 26.712
-3.600 7.301 25.107
0.928 12.557 25.775
6.495 14.061 23.620
1.567 18.931 25.163
-0.835 23.983 21.342
-0.128 27.266 15.356
2.096 29.219 9.548
2.670 26.980 2.503
2.132 22.614 -2.105
-5.469 11.418 9.405
0.328 9.183 6.418
6.299 11.716 5.304
10.728 16.458 6.702
12.755 21.659 9.929
12.375 -4.411 22.848
13.198 -0.066 27.729
12.377 4.222 32.675
7.872 7.186 36.235
16.272 23.404 14.632
18.538 23.594 16.231
20.420 22.821 14.386
-6.400 1.495 26.821
-3.746 7.100 25.054
0.682 12.304 25.722
6.389 13.714 23.553
1.410 18.638 25.057
-0.808 23.822 21.203
-0.148 27.068 15.380
1.938 29.042 9.343
2.614 26.748 2.390
1.934 22.411 -2.276
-5.640 11.312 9.372
0.144 8.895 6.528
6.128 11.380 5.284
10.568 15.671 6.589
13.148 20.868 9.686
13.508 -3.602 22.018
13.126 -0.128 28.000
12.211 4.124 32.784
7.532 6.859 36.473
16.038 23.164 14.248
18.442 23.281 16.060
20.311 22.558 14.211
1.922 50.420 22.958
-0.461 47.836 17.095
-0.489 44.939 11.307
0.407 39.096 8.496
2.544 33.477 8.765
3.569 28.366 10.800
-6.864 33.636 25.687
-2.211 30.265 28.711
4.618 30.809 28.927
9.638 32.189 25.507
13.249 34.807 20.314
15.626 37.190 15.241
15.014 42.188 10.473
11.281 46.974 7.483
2.764 22.369 15.329
2.160 19.757 16.369
1.765 18.117 13.955
-6.586 -32.924 -26.114
-1.758 -30.115 -29.014
5.011 -30.654 -28.971
9.958 -32.033 -25.636
13.578 -34.768 -20.426
15.850 -37.534 -15.674
15.258 -42.103 -10.414
11.744 -46.906 -7.508
2.052 -50.027 -22.850
-0.325 -47.526 -16.962
-0.595 -44.399 -11.586
0.588 -38.777 -9.036
2.807 -33.094 -9.009
3.865 -28.050 -11.050
3.190 -22.097 -15.293
2.422 -19.536 -16.416
2.160 -17.954 -14.022
2.131 50.292 22.971
-0.202 47.889 17.299
-0.320 44.943 11.650
0.859 39.431 8.491
2.874 33.579 8.680
3.730 28.157 10.862
-6.762 32.965 25.775
-6.726 32.957 25.778
-2.051 30.325 28.619
4.637 30.853 28.895
9.719 32.154 25.527
13.358 34.704 20.328
15.741 37.436 15.297
14.880 42.258 10.556
11.404 46.898 7.317
1.951 50.129 22.924
-0.413 47.627 17.316
-0.561 44.968 11.479
0.605 39.354 8.479
2.679 33.459 8.589
3.656 28.108 10.828
-7.017 33.364 25.697
-6.764 33.253 25.678
-2.161 30.316 28.704
4.464 30.818 28.784
9.534 32.249 25.456
13.216 34.652 20.170
15.530 37.413 15.168
14.663 42.346 10.627
11.030 46.834 7.242
2.741 22.122 15.199
1.863 19.498 16.027
1.540 18.051 13.621
5.960 56.067 -9.694
11.958 53.494 -10.377
15.569 47.939 -11.075
16.493 41.980 -11.148
16.265 37.112 -13.468
-2.120 39.204 -20.713
-2.300 36.080 -14.904
-0.089 34.961 -8.786
3.109 37.197 -3.698
7.511 39.557 0.401
12.477 44.660 1.751
23.100 38.223 -49.051
23.043 40.775 -49.904
21.301 42.049 -48.441
58.975 34.742 37.423
61.173 28.708 37.375
62.994 23.100 40.372
60.802 18.643 45.498
56.965 17.115 50.986
51.414 16.593 53.606
45.945 18.084 54.395
46.309 21.745 35.863
44.749 26.245 40.226
44.431 29.047 46.389
48.248 29.986 51.670
53.732 28.845 55.505
60.102 29.531 55.587
65.910 29.616 53.197
71.188 35.665 50.051
73.512 37.331 50.805
74.356 36.022 53.199
-0.979 -13.758 -40.854
1.276 -13.361 -40.716
-2.268 -11.379 -34.865
-3.136 -11.527 -28.453
0.698 -10.344 -23.208
-6.327 -9.066 -22.769
-9.620 -3.632 -21.284
-9.976 2.469 -18.285
-7.120 7.797 -14.602
7.314 6.130 -23.784
7.114 5.529 -17.773
5.140 3.189 -13.103
3.764 -1.059 -10.009
15.311 -15.650 -31.180
13.544 -20.279 -27.520
7.605 -23.815 -26.376
1.100 -24.392 -26.850
5.631 -4.289 -7.970
8.081 -2.978 -7.390
-0.980 -13.735 -40.860
1.045 -13.430 -40.799
-2.149 -11.369 -34.871
-3.154 -11.545 -28.486
0.637 -10.352 -23.241
-6.380 -9.112 -22.825
-9.664 -3.656 -21.356
-10.002 2.482 -18.310
-7.170 7.764 -14.643
7.272 6.160 -23.837
7.030 5.539 -17.804
5.029 3.219 -13.102
3.683 -0.965 -9.998
15.261 -15.659 -31.173
13.541 -20.238 -27.482
7.599 -23.811 -26.356
1.103 -24.542 -26.939
5.566 -4.252 -7.991
7.995 -2.897 -7.470
-0.063 -15.283 -37.691
-4.519 -12.919 -33.077
-4.247 -11.312 -26.955
-0.784 -10.043 -21.481
-7.565 -7.925 -21.732
-10.253 -1.999 -21.021
-10.151 4.271 -18.377
-7.162 9.518 -14.764
7.710 6.449 -22.539
6.941 6.091 -16.452
4.412 3.872 -11.922
2.247 0.251 -8.569
13.848 -17.395 -27.329
11.351 -21.542 -23.548
5.092 -24.501 -22.669
5.104 -24.518 -22.640
-1.395 -24.175 -22.429
-1.315 -25.042 -22.760
0.004 -15.393 -37.511
-4.572 -12.955 -33.045
-4.313 -11.200 -26.917
-0.848 -9.930 -21.425
-7.597 -7.841 -21.694
-10.345 -1.962 -20.957
-10.251 4.279 -18.412
-7.326 9.545 -14.713
7.597 6.479 -22.438
6.893 6.113 -16.380
4.362 3.852 -11.881
2.235 0.064 -8.673
13.707 -17.363 -27.314
11.196 -21.569 -23.538
4.965 -24.539 -22.649
4.948 -24.533 -22.630
-1.586 -24.089 -22.200
-1.701 -24.623 -22.246
3.543 -3.296 -6.299
6.057 -2.192 -5.649
159.358 170.802 138.025
160.808 171.037 140.493
160.642 168.538 141.883
159.408 174.588 133.802
160.563 176.748 127.954
163.574 176.559 122.420
165.856 171.884 118.124
167.014 166.662 115.771
165.284 160.924 114.815
160.781 156.611 114.915
154.108 155.844 114.527
147.630 157.035 114.441
142.287 161.187 114.585
139.338 166.170 112.713
153.972 162.629 98.183
155.290 168.143 102.224
155.020 173.058 105.639
152.097 176.283 111.175
149.427 175.497 117.197
149.505 172.009 122.559
149.619 166.251 126.435
153.264 161.391 128.969
158.818 157.671 129.672
165.851 157.629 129.612
171.769 160.960 129.434
175.991 166.295 128.135
176.921 172.446 129.376
176.069 178.551 131.575
173.858 183.787 135.525
176.969 186.024 139.768
181.910 189.567 142.167
184.919 191.198 147.585
138.690 169.114 106.427
137.237 170.065 104.037
134.956 168.144 103.925
-0.151 -15.238 -37.469
-4.558 -12.848 -32.967
-4.317 -11.166 -26.837
-0.813 -9.838 -21.378
-7.616 -7.720 -21.645
-10.273 -1.928 -20.767
-10.340 4.381 -18.266
-7.262 9.658 -14.676
7.684 6.460 -22.226
7.035 6.000 -16.214
4.579 3.668 -11.831
13.757 -17.295 -27.313
11.231 -21.496 -23.575
5.036 -24.497 -22.686
4.964 -24.447 -22.687
-1.542 -24.098 -22.237
-1.488 -25.105 -22.574
3.360 -1.116 -7.940
3.951 -3.202 -5.976
6.557 -2.237 -5.059
-0.177 -15.168 -37.767
-4.704 -12.995 -32.998
-4.240 -11.409 -26.951
-0.702 -10.097 -21.526
-7.470 -7.869 -21.701
-10.080 -1.985 -20.833
-10.091 4.325 -18.214
-7.050 9.683 -14.739
7.813 6.385 -22.470
7.121 6.030 -16.417
4.727 3.819 -11.854
2.383 0.127 -8.542
13.907 -17.454 -27.515
11.414 -21.581 -23.696
5.270 -24.640 -22.787
5.159 -24.557 -22.747
-1.267 -24.460 -22.592
-1.307 -25.185 -22.916
0.849 -13.560 -40.683
-2.514 -11.567 -34.901
-3.236 -11.505 -28.469
0.625 -10.400 -23.165
-6.337 -9.133 -22.666
-9.599 -3.744 -21.116
-10.068 2.348 -18.159
-7.245 7.740 -14.565
7.402 6.014 -23.618
7.214 5.367 -17.528
5.415 2.714 -12.921
3.873 -1.227 -9.768
15.186 -15.686 -31.206
13.409 -20.298 -27.485
7.485 -23.849 -26.348
1.003 -24.622 -26.854
1.277 -13.472 -40.653
-0.999 -13.814 -40.769
-2.369 -11.528 -34.789
-3.165 -11.557 -28.418
0.678 -10.388 -23.164
-6.276 -8.901 -22.618
-9.068 -3.356 -21.043
-9.502 -3.875 -21.131
-10.078 2.515 -18.225
-7.209 7.871 -14.559
7.318 6.056 -23.582
7.184 5.375 -17.635
5.077 2.841 -12.979
5.880 3.132 -12.904
15.217 -15.655 -31.214
13.509 -20.252 -27.460
7.582 -23.821 -26.350
1.139 -24.656 -26.912
4.817 -2.149 -9.445
5.874 -4.309 -7.738
8.427 -3.018 -7.222
0.001 -15.368 -37.573
-4.341 -12.960 -32.994
-4.331 -11.548 -26.864
-0.817 -10.262 -21.469
-7.596 -8.075 -21.841
-10.095 -2.133 -21.003
-10.017 4.200 -18.347
-7.061 9.511 -14.737
7.797 6.306 -22.452
7.012 5.967 -16.355
4.410 3.819 -11.840
2.140 0.114 -8.684
13.822 -17.683 -27.556
11.342 -21.721 -23.570
5.172 -24.753 -22.698
5.070 -24.677 -22.645
-1.349 -24.325 -22.355
-1.320 -25.408 -22.784
-0.633 -13.663 -40.817
-2.318 -11.492 -34.671
-3.354 -11.870 -28.291
0.571 -10.617 -23.197
-6.452 -9.253 -22.852
-9.484 -3.716 -21.367
-9.849 2.470 -18.339
-7.033 7.821 -14.633
7.453 6.069 -23.740
7.162 5.451 -17.724
5.134 3.083 -13.008
3.544 -1.015 -9.979
15.165 -15.809 -31.269
13.407 -20.383 -27.419
7.426 -23.912 -26.322
1.007 -24.616 -26.902
0.188 -15.502 -37.655
-4.082 -12.817 -33.103
-4.356 -11.553 -26.892
-0.835 -10.208 -21.456
-7.655 -8.199 -21.863
-10.235 -2.291 -21.011
-10.154 4.090 -18.346
-7.170 9.372 -14.775
7.718 6.350 -22.527
6.856 6.023 -16.424
4.197 3.842 -11.964
13.775 -17.648 -27.551
11.353 -21.675 -23.591
5.193 -24.697 -22.718
5.149 -24.661 -22.701
-1.245 -24.264 -22.477
-1.302 -25.277 -22.713
3.064 -1.024 -7.923
3.635 -3.145 -5.966
6.251 -2.032 -5.414
1.300 -13.355 -40.572
-0.591 -13.675 -41.022
-2.433 -11.433 -34.825
-3.118 -11.351 -28.421
0.725 -10.247 -23.119
-6.161 -8.551 -22.414
-9.122 -3.342 -20.916
-10.281 2.797 -18.223
-7.383 7.960 -14.522
7.236 6.030 -23.535
7.226 5.335 -17.663
6.208 3.117 -13.028
15.226 -15.491 -31.222
13.555 -20.166 -27.541
7.665 -23.766 -26.386
1.252 -24.728 -27.049
8.627 -3.135 -7.125
6.112 -4.459 -7.807
4.902 -2.448 -9.600
1.024 -13.482 -40.673
-2.610 -11.516 -34.995
-3.215 -11.388 -28.581
0.590 -10.304 -23.217
-6.344 -9.011 -22.665
-9.711 -3.602 -21.210
-10.118 2.460 -18.177
-7.265 7.771 -14.561
7.408 5.962 -23.542
7.197 5.203 -17.492
5.421 2.480 -12.909
15.155 -15.725 -31.207
13.397 -20.276 -27.451
7.447 -23.819 -26.316
0.985 -24.679 -26.846
0.909 -13.357 -40.714
-2.502 -11.526 -34.861
-3.189 -11.471 -28.455
0.651 -10.336 -23.161
-6.259 -8.466 -22.425
-9.004 -3.295 -20.910
-10.464 2.823 -18.205
-7.364 7.989 -14.593
7.305 5.920 -23.614
7.178 5.212 -17.649
6.157 3.122 -12.971
15.187 -15.683 -31.305
13.447 -20.303 -27.464
7.555 -23.845 -26.313
1.185 -24.936 -27.022
8.487 -3.111 -7.226
5.944 -4.300 -7.854
4.709 -2.259 -9.491
1.273 -13.445 -40.663
-0.965 -13.815 -40.939
-2.415 -11.500 -34.882
-3.095 -11.463 -28.506
0.727 -10.300 -23.196
-6.208 -8.707 -22.537
-9.379 -3.537 -21.021
-10.285 2.584 -18.192
-7.313 7.882 -14.609
7.288 6.021 -23.625
7.158 5.330 -17.691
6.118 3.225 -13.020
5.240 2.874 -12.944
3.811 -1.054 -9.959
15.305 -15.653 -31.180
13.547 -20.282 -27.489
7.607 -23.836 -26.345
1.151 -24.713 -26.920
8.284 -2.813 -7.451
5.793 -4.310 -7.938
4.690 -2.271 -9.457
5.919 -4.268 -7.719
8.441 -3.169 -7.077
-1.119 -13.846 -40.960
1.181 -13.437 -40.734
-2.422 -11.474 -34.918
-3.179 -11.477 -28.555
0.586 -10.346 -23.255
-6.341 -8.984 -22.744
-9.560 -3.566 -21.327
-9.984 2.569 -18.284
-7.110 7.854 -14.604
7.346 6.047 -23.734
7.090 5.400 -17.755
5.106 3.110 -12.993
3.685 -0.992 -9.890
15.105 -15.822 -31.335
13.332 -20.376 -27.508
7.398 -23.911 -26.386
1.022 -24.817 -27.091
5.667 -4.283 -7.827
-5.385 54.964 44.534
-3.696 57.598 39.040
-2.543 54.366 33.320
-7.855 53.610 31.880
-7.469 50.547 26.256
-7.220 46.225 23.118
-6.890 50.518 17.792
-7.937 49.257 11.619
14.399 19.022 -86.159
15.646 18.960 -83.711
13.753 17.686 -82.134
77.027 -3.782 -48.512
72.674 -6.074 -45.319
68.514 -6.963 -39.857
63.920 -2.523 -36.398
59.481 2.657 -38.094
54.808 5.614 -42.787
52.681 5.817 -49.628
50.638 3.374 -56.377
49.595 -2.121 -59.328
45.381 -7.494 -59.188
42.265 -11.961 -57.114
38.923 -15.080 -52.485
48.493 13.650 -48.551
44.065 8.702 -47.551
39.460 5.407 -46.776
41.373 0.969 -42.569
44.288 -3.641 -39.564
47.401 -8.439 -39.437
51.393 -11.781 -43.147
54.723 -15.148 -47.785
59.191 -13.200 -52.590
61.692 -8.178 -56.582
63.555 -1.822 -56.960
63.440 4.664 -55.969
64.642 9.349 -50.640
66.013 11.184 -44.765
68.060 9.675 -37.980
72.691 7.429 -34.806
78.399 2.573 -34.273
23.582 41.914 -15.483
28.045 46.421 -17.478
34.977 45.637 -20.037
39.693 40.679 -22.156
40.688 34.518 -25.194
38.939 30.196 -30.728
35.039 28.939 -35.500
31.377 31.178 -41.029
28.675 36.113 -44.503
30.351 41.460 -47.910
32.989 45.844 -50.444
38.528 48.749 -52.593
39.779 20.943 -41.366
42.448 25.728 -45.685
44.254 28.804 -49.995
47.359 33.394 -47.024
49.722 37.975 -43.498
48.862 42.741 -40.607
43.976 45.920 -37.864
38.619 49.514 -35.599
31.501 49.401 -34.508
25.652 45.104 -34.550
23.447 39.670 -32.586
23.775 32.808 -31.462
27.849 28.730 -26.839
31.389 28.267 -21.804
34.911 29.727 -16.404
37.984 33.750 -12.224
39.224 39.671 -8.927
45.881 -64.317 -78.723
44.261 -60.594 -83.815
41.965 -61.133 -90.581
38.518 -65.446 -94.845
35.247 -71.351 -95.129
29.205 -74.321 -93.127
23.137 -75.564 -89.315
20.238 -72.469 -84.034
16.241 -67.785 -82.447
13.252 -62.233 -84.272
11.061 -57.898 -86.605
8.263 -54.718 -91.674
17.473 -83.123 -92.410
13.753 -78.711 -94.954
9.571 -74.919 -96.641
12.682 -70.595 -100.141
16.014 -66.237 -103.029
19.017 -61.707 -102.849
22.337 -58.321 -98.412
24.712 -54.750 -93.486
26.886 -55.933 -86.819
27.576 -59.270 -80.293
29.518 -65.493 -78.102
29.836 -72.113 -78.664
34.737 -77.055 -79.983
37.180 -78.896 -85.356
43.075 -78.464 -88.872
48.078 -75.375 -91.762
52.255 -70.525 -91.688
-2.316 24.150 -129.311
3.213 22.263 -125.436
9.698 23.647 -123.108
14.328 28.637 -120.476
14.619 33.733 -116.472
13.145 38.027 -111.236
7.995 39.112 -106.505
2.343 36.526 -102.573
0.270 31.041 -99.127
2.047 25.584 -95.906
4.516 20.970 -93.246
9.560 18.098 -90.675
11.887 46.187 -101.738
13.376 41.880 -96.304
14.847 38.521 -92.181
18.745 34.128 -94.750
21.251 29.320 -97.979
20.964 24.392 -101.064
16.575 21.225 -104.535
11.329 17.962 -107.215
4.669 19.127 -109.451
-0.871 22.862 -110.603
-3.053 28.515 -112.111
-4.039 34.871 -113.831
0.197 39.477 -116.625
4.445 40.115 -121.527
9.469 38.684 -126.435
11.755 34.166 -130.690
11.724 28.537 -134.078
33.546 -14.047 -48.127
30.870 -14.036 -47.395
29.801 -15.706 -49.347
43.951 48.447 -56.442
45.250 48.078 -58.877
43.601 50.007 -60.087
3.980 -56.334 -96.553
1.456 -55.883 -97.549
0.870 -53.994 -95.527
