-6.324 1.537 26.956
-3.585 7.331 25.315
0.785 12.582 26.008
6.407 14.068 23.809
1.443 19.033 25.348
-0.775 24.006 21.524
-0.130 27.340 15.430
2.006 29.498 9.733
2.590 27.210 3.165
1.647 23.307 -1.841
-5.660 11.308 9.324
0.211 9.247 6.431
6.244 11.799 5.352
10.600 16.677 6.687
12.581 22.069 9.681
12.934 -3.596 21.594
13.073 -0.414 27.737
12.443 3.821 32.714
7.961 6.752 36.489
16.220 23.259 14.704
18.496 23.505 16.441
20.377 22.706 14.462
7.962 3.089 41.285
11.373 -0.558 37.454
11.925 -7.341 34.271
8.347 -12.213 31.795
2.790 -13.867 28.463
-3.055 -12.468 25.484
-6.782 -8.461 21.626
-6.270 -2.019 19.235
-2.800 2.594 14.699
5.540 2.432 4.212
11.069 1.199 0.103
15.438 -3.554 -2.483
15.459 -10.069 -4.392
11.381 -14.708 -7.538
5.648 -15.787 -11.016
-0.122 -13.653 -14.017
-1.483 -8.385 -18.159
-0.029 -2.742 -21.514
4.252 1.282 -24.927
10.871 1.788 -27.126
12.944 -15.192 -28.943
16.594 -11.298 -24.769
17.226 -4.958 -21.777
13.823 0.098 -19.058
8.096 2.850 -16.305
2.009 0.917 -13.972
-1.998 -3.283 -10.072
-2.407 -9.185 -6.920
1.282 -14.374 -2.806
7.319 -16.208 -0.505
11.742 -14.280 3.999
12.910 -10.515 10.125
12.782 -5.627 14.563
11.400 0.055 17.474
6.413 3.733 21.109
0.298 5.240 23.358
-4.368 2.184 27.293
-7.290 -3.291 30.197
-6.519 -9.192 33.142
-1.825 -13.305 36.209
4.927 -14.455 39.328
3.235 5.008 13.376
-0.456 -15.311 -37.385
-5.030 -12.995 -32.794
-4.314 -11.101 -26.806
-0.729 -9.806 -21.373
-7.476 -7.544 -21.505
-9.888 -1.693 -20.591
-10.308 4.576 -18.124
-6.988 9.815 -14.692
7.859 6.289 -22.286
7.256 5.896 -16.273
4.557 3.830 -11.594
13.667 -17.540 -27.408
11.134 -21.676 -23.638
5.065 -24.722 -22.520
4.756 -24.481 -22.745
-1.716 -23.952 -22.071
-1.554 -25.221 -22.343
3.313 -0.912 -8.118
3.830 -3.159 -6.195
6.382 -2.188 -5.396
-0.294 -15.428 -37.418
-4.788 -13.083 -32.856
-4.231 -11.247 -26.872
-0.667 -9.855 -21.433
-7.370 -7.275 -21.388
-9.673 -1.617 -20.497
-10.646 4.750 -18.053
-7.250 9.952 -14.662
7.707 6.220 -22.150
7.120 5.657 -16.316
5.478 3.845 -11.620
9.232 1.073 -15.949
13.811 -17.551 -27.365
11.272 -21.705 -23.553
5.101 -24.726 -22.571
4.920 -24.597 -22.662
-1.602 -24.027 -22.097
-1.444 -25.304 -22.446
3.441 -0.934 -8.146
3.912 -3.156 -6.247
6.475 -2.211 -5.416
-0.261 -15.320 -37.431
-4.807 -13.022 -32.820
-4.137 -11.169 -26.864
-0.581 -9.809 -21.420
-7.265 -7.215 -21.452
-9.655 -1.575 -20.533
-10.721 4.819 -18.005
-7.227 9.955 -14.618
7.657 6.264 -22.176
7.072 5.703 -16.337
5.468 3.853 -11.629
9.186 1.083 -16.068
13.834 -17.510 -27.365
11.322 -21.636 -23.539
5.246 -24.696 -22.490
4.918 -24.475 -22.705
-1.557 -24.048 -22.099
-1.320 -25.313 -22.511
3.436 -0.979 -8.120
3.941 -3.167 -6.224
6.531 -2.182 -5.430
8.624 -51.417 -25.463
3.202 -49.562 -22.779
0.160 -48.072 -17.057
0.298 -44.159 -12.094
1.247 -38.020 -9.406
3.229 -32.643 -9.060
4.031 -27.716 -10.656
-6.567 -32.449 -26.073
-1.431 -29.488 -28.025
5.236 -30.705 -28.741
9.980 -32.287 -25.451
14.262 -34.833 -20.358
16.383 -37.420 -15.484
15.726 -41.769 -10.435
12.310 -46.717 -7.504
1.615 -17.527 -14.274
1.798 50.383 22.981
-0.492 47.625 17.143
-0.694 44.823 11.403
0.322 39.001 8.555
2.599 33.398 8.713
3.639 28.402 10.906
-7.136 33.913 26.098
-2.210 30.417 28.753
4.576 30.781 28.891
9.633 32.192 25.452
13.233 34.760 20.297
15.560 37.340 15.238
14.917 42.221 10.392
11.199 46.942 7.460
2.705 22.229 15.187
2.093 19.633 16.271
1.747 17.946 13.935
-0.198 -15.123 -37.594
-4.712 -12.891 -32.931
-4.278 -11.259 -26.848
-0.713 -9.988 -21.403
-7.471 -7.791 -21.597
-9.998 -1.973 -20.690
-10.028 4.230 -17.997
-6.898 9.646 -14.682
7.860 6.497 -22.418
7.191 6.147 -16.409
4.511 3.956 -11.916
4.752 4.010 -11.884
2.688 -0.144 -8.829
13.828 -17.332 -27.433
11.346 -21.473 -23.583
5.353 -24.649 -22.699
5.111 -24.488 -22.724
-1.489 -23.930 -22.172
-1.243 -25.233 -22.842
3.418 -1.080 -8.092
3.839 -3.163 -6.224
6.414 -2.218 -5.361
3.942 -3.191 -6.075
6.483 -2.231 -5.405
-0.197 -15.223 -37.554
-4.705 -12.855 -32.969
-4.356 -11.218 -26.849
-0.797 -9.981 -21.378
-7.564 -7.852 -21.624
-10.020 -1.929 -20.766
-10.213 4.227 -18.138
-7.093 9.592 -14.751
7.788 6.461 -22.407
7.079 6.058 -16.406
4.455 3.812 -11.920
4.533 3.822 -11.915
2.458 -0.117 -8.691
13.765 -17.334 -27.347
11.250 -21.481 -23.594
5.042 -24.510 -22.773
4.991 -24.476 -22.741
-1.521 -24.051 -22.269
-1.449 -25.181 -22.639
3.213 -1.088 -8.146
3.684 -3.208 -6.200
6.191 -2.240 -5.357
3.731 -3.314 -6.031
6.190 -2.253 -5.337
