-31.458 62.761 14.253
-29.201 57.072 15.974
-27.518 55.933 10.135
-23.850 58.687 4.880
-22.377 55.942 -1.167
-23.856 51.329 -4.967
-28.079 46.416 -7.452
-32.405 42.073 -8.079
-39.184 40.948 -7.356
-45.640 41.495 -4.787
-50.828 45.292 -3.628
-42.247 59.959 -10.515
-43.187 59.408 -3.616
-44.116 55.308 1.574
-43.392 49.325 4.637
-40.251 43.649 5.609
-34.609 40.504 6.227
-28.172 40.277 6.646
-31.670 62.332 14.388
-28.596 56.985 16.165
-26.883 57.813 11.144
-23.792 58.443 4.907
-23.758 58.634 4.981
-22.422 55.642 -0.987
-24.059 51.001 -4.946
-24.077 50.974 -4.940
-28.674 46.743 -7.397
-27.689 45.776 -7.374
-32.713 41.678 -8.150
-39.303 40.742 -7.127
-45.529 41.467 -4.573
-50.502 45.478 -3.755
-41.815 59.668 -10.578
-42.803 59.270 -3.719
-44.059 55.201 1.517
-43.351 49.381 4.711
-40.209 43.505 5.709
-34.580 40.526 6.305
-34.536 40.554 6.278
-28.292 40.387 6.144
-27.968 40.780 6.268
-21.794 41.922 5.824
-19.165 41.530 6.991
-19.439 38.837 8.166
-31.321 62.163 14.105
-28.797 56.955 16.100
-26.882 57.707 11.216
-23.744 58.445 4.936
-23.732 58.585 4.997
-22.379 55.674 -0.946
-24.084 50.971 -5.084
-24.118 50.944 -5.076
-28.777 46.760 -7.432
-27.528 45.565 -7.358
-32.734 41.453 -8.024
-39.260 40.631 -7.114
-45.475 41.408 -4.422
-50.471 45.470 -3.685
-41.751 59.657 -10.608
-42.759 59.175 -3.725
-43.931 55.257 1.586
-43.108 49.452 4.678
-40.178 43.601 5.738
-34.563 40.452 6.220
-34.529 40.556 6.222
-28.216 40.192 5.925
-27.956 40.619 5.755
-21.833 41.596 5.902
-19.156 41.363 6.983
-19.413 38.731 8.140
-31.835 62.480 14.353
-28.693 57.239 16.265
-27.170 57.909 10.941
-23.909 58.683 4.934
-23.895 58.851 5.011
-22.518 55.966 -1.011
-24.240 51.266 -5.081
-24.295 51.220 -5.065
-28.865 46.996 -7.522
-27.716 45.771 -7.346
-32.965 41.822 -8.197
-39.589 41.012 -7.252
-45.778 41.722 -4.526
-50.824 45.722 -3.707
-42.271 60.131 -10.558
-43.087 59.566 -3.682
-44.288 55.521 1.586
-43.511 49.610 4.677
-40.400 43.724 5.539
-34.667 40.676 6.143
-34.648 40.692 6.131
-28.402 40.455 5.829
-28.357 40.780 6.071
-21.896 41.819 5.826
-19.192 41.580 6.910
-19.354 38.936 7.925
-31.828 62.574 14.453
-28.738 57.262 16.287
-27.110 58.060 11.050
-23.899 58.710 4.955
-23.890 58.892 5.038
-22.499 55.980 -0.981
-24.242 51.287 -5.066
-24.298 51.240 -5.051
-28.877 47.021 -7.504
-27.686 45.757 -7.334
-32.978 41.814 -8.140
-39.585 40.993 -7.204
-45.781 41.722 -4.478
-50.815 45.744 -3.677
-42.222 60.111 -10.555
-43.066 59.562 -3.666
-44.299 55.544 1.592
-43.482 49.659 4.739
-40.394 43.761 5.576
-34.654 40.700 6.164
-34.638 40.713 6.154
-28.425 40.566 5.769
-28.262 40.697 5.962
-28.405 40.595 5.590
-22.414 41.974 5.006
-21.747 41.883 5.765
-19.088 41.554 6.871
-19.365 38.944 7.982
-19.248 38.834 8.108
-19.060 41.743 7.103
-31.764 62.431 14.336
-28.620 57.126 16.214
-26.934 57.904 11.026
-23.795 58.704 4.876
-23.772 58.919 4.955
-22.411 55.905 -0.998
-24.172 51.180 -5.086
-24.211 51.145 -5.076
-28.834 46.983 -7.538
-27.595 45.690 -7.335
-32.901 41.695 -8.000
-39.435 40.854 -7.135
-45.718 41.499 -4.381
-50.647 45.658 -3.588
-41.936 59.923 -10.680
-42.899 59.444 -3.693
-44.090 55.505 1.669
-43.431 49.632 4.800
-40.259 43.745 5.726
-34.594 40.708 6.306
-34.592 40.706 6.304
-28.328 40.349 5.961
-28.256 40.647 5.837
-28.450 40.352 5.572
-22.294 42.085 4.827
-21.563 41.922 5.658
-18.917 41.550 6.818
-19.332 38.909 7.875
-19.211 38.770 8.072
-18.964 41.669 7.043
-31.210 62.089 14.543
-28.587 57.199 16.096
-26.825 58.184 11.152
-26.846 58.216 11.122
-23.647 58.749 4.748
-22.204 55.987 -0.971
-24.146 51.142 -5.123
-24.211 51.093 -5.105
-28.905 46.984 -7.468
-27.546 45.688 -7.311
-32.788 41.568 -7.998
-39.387 40.768 -7.148
-45.591 41.450 -4.325
-50.555 45.553 -3.602
-41.830 59.815 -10.590
-42.827 59.348 -3.655
-44.099 55.441 1.646
-43.241 49.601 4.827
-40.226 43.674 5.652
-34.465 40.617 6.229
-34.458 40.612 6.246
-28.127 40.375 5.792
-28.320 40.441 6.002
-28.209 40.267 5.743
-22.485 41.831 5.057
-21.821 41.666 5.909
-19.114 41.345 6.959
-19.303 38.659 7.960
-19.220 38.617 8.023
-18.997 41.477 7.049
-31.251 61.740 14.344
-28.785 57.231 16.346
-26.923 58.293 11.011
-26.910 58.315 11.020
-23.735 58.712 4.916
-23.911 58.894 4.762
-22.348 55.843 -0.905
-24.181 51.150 -5.145
-24.242 51.109 -5.130
-28.896 46.969 -7.500
-27.577 45.715 -7.347
-32.772 41.561 -8.035
-39.402 40.742 -7.107
-45.455 41.578 -4.500
-50.601 45.772 -3.730
-41.841 59.834 -10.610
-42.835 59.329 -3.642
-44.064 55.411 1.710
-43.243 49.576 4.839
-40.208 43.693 5.644
-34.460 40.598 6.244
-34.500 40.635 6.289
-28.176 40.347 5.792
-28.137 40.653 6.027
-28.223 40.419 5.549
-22.432 42.028 5.040
-21.819 41.667 5.899
-19.138 41.220 6.968
-19.198 38.517 8.015
-19.159 38.528 8.099
-18.998 41.403 7.022
-31.638 62.533 14.649
-28.370 57.011 16.321
-26.766 58.123 10.934
-23.694 58.796 4.946
-22.653 55.683 -0.873
-24.242 51.117 -4.894
-24.246 51.150 -4.901
-28.659 46.634 -7.512
-27.759 45.892 -7.309
-32.798 41.453 -8.221
-39.260 40.870 -7.390
-45.527 41.535 -4.676
-50.593 45.537 -3.893
-42.048 59.860 -10.760
-42.923 59.331 -3.884
-44.009 55.163 1.369
-43.186 49.371 4.611
-40.139 43.507 5.482
-34.480 40.567 6.005
-27.876 39.870 5.870
-21.255 41.535 5.608
-18.753 41.308 7.060
-19.245 38.692 8.056
-31.278 63.277 14.692
-28.709 57.531 16.217
-26.886 58.449 11.127
-23.891 58.760 4.981
-22.566 55.785 -0.794
-24.174 51.050 -4.992
-28.955 46.941 -7.540
-32.915 41.895 -8.137
-39.446 40.812 -6.992
-45.688 41.593 -4.523
-50.733 45.643 -3.770
-41.635 59.641 -10.729
-42.507 59.434 -3.898
-43.600 55.536 1.457
-43.368 49.656 4.671
-40.264 43.883 5.846
-34.721 40.786 6.217
-28.520 40.137 6.593
-21.369 41.772 5.613
-18.810 41.366 6.978
-19.189 38.743 8.028
58.170 35.118 37.465
60.368 28.561 37.480
62.184 23.200 40.784
59.911 19.220 45.905
56.143 17.423 51.329
50.317 17.014 53.405
45.239 18.298 54.534
45.484 22.012 36.097
44.166 26.685 39.924
43.961 29.551 46.168
47.860 30.748 51.432
53.015 29.541 55.573
59.568 30.038 55.584
65.477 30.317 53.253
58.076 35.236 37.002
59.864 28.451 37.269
61.786 23.317 40.523
59.590 19.351 45.781
55.862 17.509 51.098
50.089 17.204 53.055
44.908 18.226 54.237
45.273 22.319 35.730
44.182 26.797 39.549
43.538 29.364 45.894
47.462 30.705 51.052
52.529 29.605 55.324
59.331 29.924 55.465
65.274 30.553 52.926
58.225 34.806 37.341
60.319 28.246 37.193
62.049 22.942 40.492
59.916 18.949 45.650
56.128 17.130 51.305
50.433 16.773 53.262
45.183 18.286 54.313
45.399 21.746 35.768
44.177 26.423 39.630
43.716 29.031 45.881
47.562 30.329 51.334
52.784 29.133 55.436
59.320 29.717 55.544
65.285 30.330 53.031
58.437 34.772 37.308
60.678 28.327 37.188
62.397 23.029 40.391
59.881 19.129 45.491
56.292 17.308 51.022
50.610 17.135 52.910
45.539 18.381 53.878
45.630 21.875 35.666
44.341 26.587 39.524
43.774 29.149 45.835
47.831 30.371 51.121
52.855 29.400 55.268
59.577 29.829 55.208
65.534 30.264 52.863
58.704 34.796 37.014
60.962 28.120 37.169
62.573 23.007 40.411
60.317 18.720 45.495
56.331 17.072 50.984
50.673 16.501 52.753
45.299 18.162 53.626
45.915 21.617 35.290
44.521 26.367 39.269
44.273 28.872 45.469
48.071 30.079 50.765
53.151 29.162 54.856
59.579 29.482 54.922
65.785 30.244 52.521
58.387 35.017 37.569
60.536 28.505 37.317
62.484 23.195 40.691
60.129 19.184 45.869
56.367 17.364 51.415
50.708 17.065 53.495
45.500 18.193 54.533
45.570 22.046 36.081
44.370 26.764 39.950
44.202 29.274 46.267
48.149 30.426 51.491
53.187 29.404 55.540
59.866 29.843 55.598
65.674 30.273 53.082
58.689 34.824 37.568
60.717 28.438 37.521
62.476 23.016 40.665
60.319 18.985 45.835
56.567 17.093 51.370
50.852 16.748 53.478
45.526 18.162 54.389
45.759 21.866 35.955
44.537 26.567 39.760
44.321 29.112 46.119
48.098 30.440 51.467
53.256 29.203 55.457
59.732 29.786 55.589
65.811 30.236 53.142
58.236 35.266 38.025
60.334 28.650 37.681
62.056 23.155 40.984
59.927 19.206 46.271
56.130 17.313 51.789
50.393 16.774 53.958
45.116 18.556 55.024
45.329 21.964 36.479
44.144 26.858 40.213
43.668 29.277 46.648
47.625 30.470 52.012
52.769 29.612 56.240
59.353 30.157 56.203
65.523 30.436 53.620
58.301 35.081 37.458
60.280 28.480 37.453
62.115 23.130 40.738
60.013 19.108 45.898
56.233 17.310 51.343
50.379 17.000 53.449
45.242 18.354 54.454
45.475 21.963 36.074
44.312 26.652 39.816
44.092 29.381 45.994
47.905 30.674 51.389
52.998 29.416 55.447
59.657 29.948 55.558
65.493 30.383 53.087
58.373 34.927 37.481
60.614 28.308 37.219
62.213 23.114 40.581
59.991 18.898 45.774
56.375 16.989 51.233
50.702 16.528 53.165
45.387 18.247 54.442
45.282 21.888 36.053
44.158 26.310 39.733
43.909 29.156 45.726
47.775 29.905 51.356
52.624 29.322 55.647
59.491 29.633 56.033
65.574 30.368 52.571
58.496 34.927 37.499
60.409 28.219 37.254
62.393 23.072 40.576
60.094 19.071 45.745
56.272 17.307 51.325
50.472 17.213 53.476
45.389 18.331 54.330
45.391 21.758 36.039
44.389 26.614 39.727
44.107 29.272 45.769
47.992 30.620 51.196
53.067 29.293 55.410
59.753 29.785 55.343
65.645 30.252 52.872
58.429 34.838 37.229
60.572 28.219 37.083
62.385 22.998 40.567
60.156 18.884 45.605
56.206 17.139 51.089
50.521 16.819 53.052
45.124 18.368 54.061
45.648 21.585 35.760
44.372 26.561 39.559
43.903 29.002 45.989
47.913 30.446 51.038
52.987 29.256 55.203
59.567 29.834 55.324
65.647 30.369 52.975
58.638 34.920 37.229
60.723 28.346 37.042
62.500 23.015 40.375
60.184 18.870 45.461
56.446 17.158 51.254
50.747 16.793 53.089
45.396 18.260 54.029
45.782 21.798 35.755
44.440 26.553 39.635
44.152 28.977 45.921
47.967 30.253 51.093
53.135 29.157 55.190
59.716 29.630 55.395
65.807 30.206 52.963
58.217 35.130 37.197
60.649 28.547 37.205
62.012 23.129 40.687
59.827 19.300 45.783
56.025 17.385 51.181
49.867 17.053 52.985
44.865 18.409 54.094
45.712 22.138 35.383
44.301 26.719 39.234
44.029 29.423 45.283
47.496 30.702 50.804
52.630 29.552 55.250
59.042 29.749 55.412
65.152 30.437 52.962
58.374 34.922 37.340
60.672 28.409 37.278
62.372 23.107 40.577
60.217 18.928 45.771
56.408 17.197 51.206
50.623 16.814 53.197
45.394 18.214 54.280
45.542 21.802 35.736
44.340 26.519 39.693
43.904 29.240 45.949
47.832 30.446 51.126
52.985 29.345 55.386
59.559 29.851 55.479
65.626 30.346 53.065
58.146 34.971 37.395
60.350 28.396 37.369
62.089 23.066 40.679
59.835 19.083 45.766
56.095 17.238 51.265
50.217 16.940 53.227
45.097 18.253 54.336
45.225 21.896 35.872
44.166 26.506 39.610
43.903 29.298 45.866
47.653 30.548 51.276
52.829 29.410 55.445
59.433 29.879 55.494
65.424 30.295 53.029
58.844 35.293 37.190
61.689 28.844 37.303
63.010 23.246 40.501
60.829 19.028 45.502
56.819 16.978 50.880
50.739 16.693 52.639
45.556 17.837 54.298
46.139 22.185 35.279
44.771 26.423 39.162
44.629 29.119 45.539
48.497 30.216 50.867
53.429 29.303 55.006
60.049 29.535 55.049
66.194 30.356 52.808
58.984 34.654 37.042
61.283 28.069 37.081
62.673 22.731 40.091
60.750 18.650 45.242
56.706 16.861 50.886
51.030 16.450 52.676
45.532 17.783 53.920
46.206 21.430 35.327
44.958 26.197 39.253
44.578 28.951 45.444
48.362 30.162 50.614
53.360 28.994 54.999
59.828 29.344 55.330
65.965 29.774 52.892
58.389 34.868 37.506
60.492 28.334 37.461
62.206 23.098 40.664
60.009 18.921 45.642
56.285 17.172 51.532
50.453 16.732 53.354
45.303 18.382 54.346
45.478 21.716 35.909
44.305 26.503 39.850
43.871 28.984 46.236
47.742 30.234 51.529
52.892 29.142 55.642
59.522 29.724 55.660
65.468 30.227 53.236
58.525 34.900 37.134
60.744 28.733 37.319
62.271 23.218 40.456
60.088 19.223 45.560
56.343 17.284 51.184
50.435 17.003 53.142
45.446 18.236 54.051
45.780 22.066 35.635
44.437 26.730 39.396
44.310 29.354 45.731
47.851 30.480 51.132
52.961 29.452 55.361
59.501 29.937 55.452
65.530 30.464 52.873
58.376 34.932 37.298
61.129 28.874 37.334
62.415 23.246 40.638
60.136 19.223 45.637
56.497 17.473 51.290
50.349 16.939 53.243
45.538 18.133 54.210
45.830 22.187 35.915
44.689 26.813 39.760
44.243 29.347 46.128
47.755 30.414 51.398
53.081 29.480 55.390
59.620 29.976 55.554
65.634 30.188 53.237
58.684 34.910 37.208
60.958 28.839 37.309
62.477 23.374 40.631
60.112 19.177 45.638
56.485 17.440 51.326
50.810 16.952 53.367
45.747 18.255 54.228
45.892 21.977 35.697
44.493 26.836 39.951
44.360 29.482 46.070
47.841 30.401 51.478
53.230 29.498 55.502
59.795 30.153 55.596
65.575 30.349 53.351
58.547 34.998 36.894
61.126 28.813 37.267
62.526 23.425 40.538
60.196 19.316 45.721
56.559 17.457 51.256
50.593 17.039 53.094
45.589 18.170 54.248
46.075 22.214 35.640
44.603 26.857 39.603
44.503 29.463 45.850
47.945 30.528 51.374
53.241 29.576 55.342
59.790 30.016 55.516
65.690 30.641 52.922
58.462 34.964 36.972
61.302 29.008 37.203
62.563 23.482 40.481
60.290 19.377 45.713
56.701 17.473 51.107
50.620 16.978 53.105
45.498 18.324 54.126
46.174 22.081 35.576
44.690 26.821 39.451
44.629 29.540 45.785
48.002 30.550 51.314
53.220 29.620 55.319
59.851 30.037 55.537
65.659 30.685 52.835
69.701 34.058 48.876
73.491 38.157 51.310
74.639 36.018 52.886
58.436 35.066 37.346
60.549 29.091 37.512
62.523 23.244 40.492
60.348 19.014 45.415
56.534 17.275 51.031
50.889 16.886 53.430
45.710 18.086 54.254
45.900 21.905 36.133
44.229 26.464 40.234
43.833 29.247 46.442
47.820 30.127 51.514
53.117 29.203 55.459
59.590 29.709 55.788
65.619 29.721 53.468
71.142 35.962 49.864
73.451 37.559 50.794
73.936 36.273 53.392
58.752 35.212 36.977
61.227 28.951 37.312
62.636 23.515 40.571
60.531 19.328 45.665
56.882 17.654 51.275
50.862 17.095 53.128
45.536 18.273 54.165
46.166 22.279 35.517
44.834 26.914 39.774
44.526 29.502 46.147
48.049 30.488 51.324
53.424 29.634 55.430
60.049 30.225 55.450
65.843 30.589 53.003
69.601 33.624 47.619
73.674 37.781 50.497
74.793 35.833 52.538
58.555 35.078 37.298
61.133 28.862 37.484
62.551 23.355 40.643
60.465 19.203 45.706
56.668 17.566 51.161
50.649 16.828 53.280
45.638 18.107 54.450
46.103 22.169 35.735
44.729 26.836 39.677
44.574 29.457 46.011
47.912 30.484 51.281
53.307 29.472 55.504
59.878 30.025 55.542
65.784 30.393 53.171
69.661 33.533 48.892
73.634 37.783 50.482
74.514 35.908 52.660
58.448 35.065 37.458
60.771 29.005 37.508
62.274 23.145 40.729
60.051 19.181 45.579
56.402 17.373 51.173
51.007 16.843 53.760
45.581 17.699 54.585
45.745 21.943 36.178
44.014 26.574 40.413
43.531 29.351 46.898
47.782 30.216 51.622
53.048 29.325 55.656
59.540 29.795 55.817
65.577 29.682 53.627
58.600 34.885 37.324
60.608 28.853 37.687
62.201 23.042 40.685
60.094 18.905 45.610
56.445 17.212 51.179
50.883 16.909 53.771
45.572 17.898 54.453
45.705 21.887 36.107
44.193 26.539 40.369
43.718 29.219 46.703
47.774 30.125 51.837
53.080 29.146 55.552
59.476 29.742 55.800
65.419 29.800 53.726
70.635 35.330 50.295
72.897 37.222 51.225
74.011 35.887 53.500
58.315 34.952 37.491
61.054 29.344 37.459
62.210 23.510 41.052
59.979 19.499 45.994
56.309 17.776 51.652
50.386 17.567 53.805
45.447 18.531 54.444
45.768 22.211 35.317
44.459 27.284 40.360
44.274 29.997 46.234
47.812 30.866 51.737
53.199 29.929 55.834
59.904 30.169 55.744
65.545 30.337 53.572
58.955 34.856 37.149
61.098 28.824 37.473
63.026 23.173 40.474
60.750 18.864 45.287
56.975 17.242 50.940
51.409 16.757 53.574
45.924 17.851 54.433
46.258 21.784 35.949
44.659 26.371 40.174
44.346 29.248 46.435
48.345 30.209 51.522
53.700 28.996 55.394
60.189 29.667 55.565
65.879 29.934 53.411
69.760 34.206 50.313
72.739 36.843 48.767
73.537 37.904 51.512
74.390 35.553 52.829
58.604 34.846 37.372
60.891 28.820 37.753
62.641 22.955 40.665
60.362 18.788 45.593
56.725 17.103 50.995
51.187 16.752 53.779
45.779 17.908 54.493
46.101 21.746 36.025
44.331 26.366 40.456
44.087 29.107 46.667
48.056 29.999 51.635
53.436 28.984 55.596
59.836 29.591 55.635
65.598 29.598 53.364
70.758 34.946 50.350
72.788 37.061 50.645
74.139 35.939 52.929
59.272 34.601 36.952
62.074 28.728 37.297
63.178 23.082 40.551
61.112 18.981 45.312
57.369 17.147 51.061
51.466 16.431 52.821
46.117 18.378 54.138
46.526 21.841 35.284
45.166 26.392 39.605
45.156 28.981 45.806
48.551 30.089 51.155
54.090 28.846 55.454
60.486 29.695 55.447
66.461 30.126 53.053
69.945 33.170 48.382
60.736 28.824 37.824
62.465 23.026 40.690
60.176 18.918 45.620
56.469 17.289 50.861
50.863 16.860 53.963
45.286 17.692 54.483
45.879 22.035 36.251
44.260 26.593 40.403
43.690 29.400 46.642
47.829 30.214 51.991
53.173 29.246 55.533
59.643 29.680 55.575
60.605 28.796 37.920
62.525 23.011 40.644
60.110 18.858 45.713
56.480 17.306 50.921
50.856 16.878 53.901
45.329 17.486 54.469
45.872 22.069 36.306
44.264 26.531 40.314
43.613 29.327 46.768
47.825 30.216 51.880
53.223 29.132 55.523
59.643 29.570 55.620
71.094 35.676 50.097
73.381 37.464 50.858
74.627 36.560 53.357
58.791 34.935 37.342
61.320 28.785 37.422
62.865 23.189 40.657
60.680 19.050 45.620
56.861 17.293 51.178
51.185 16.813 53.253
45.933 18.056 54.416
46.061 21.893 35.931
44.810 26.664 39.697
44.741 29.312 46.103
48.272 30.316 51.519
53.590 29.215 55.454
60.222 29.777 55.538
66.072 30.183 53.147
69.747 34.462 50.061
73.452 37.870 50.725
74.599 35.960 52.594
2.360 36.475 33.699
7.438 38.342 38.013
12.829 36.000 41.219
17.568 33.304 40.048
16.602 40.374 40.957
21.072 45.045 38.886
26.308 47.374 36.723
31.797 47.958 32.834
34.059 46.311 26.670
33.097 44.358 20.144
15.581 44.783 24.360
18.377 39.288 21.766
23.485 34.993 22.171
28.054 32.674 26.005
31.987 32.595 31.762
8.168 19.521 28.760
7.567 19.540 35.666
7.779 20.691 42.015
6.458 24.858 46.777
4.874 37.227 -4.169
-0.409 35.613 -8.332
-3.476 30.803 -11.614
-5.786 25.804 -10.329
-8.919 32.231 -10.928
-15.128 33.895 -9.582
-20.748 33.108 -7.061
-25.765 30.570 -3.082
-26.489 27.949 3.056
-24.801 26.706 9.619
-10.180 36.957 5.007
-9.416 30.906 7.390
-11.421 24.427 7.241
-14.226 20.004 3.688
-17.390 17.456 -1.949
9.978 19.654 0.559
10.259 20.144 -6.097
9.676 21.303 -12.490
8.111 25.440 -17.258
8.572 39.382 -17.024
12.306 43.567 -12.785
17.938 44.042 -9.406
23.531 43.854 -10.390
19.201 49.391 -9.461
20.706 55.863 -10.712
24.202 60.509 -12.759
28.955 63.745 -16.541
31.944 63.293 -22.498
32.351 61.543 -29.127
16.372 53.221 -25.669
21.546 49.811 -27.974
28.193 48.584 -27.356
33.261 48.885 -23.587
36.611 50.299 -17.685
22.458 26.966 -21.484
21.646 27.043 -14.889
20.709 28.101 -8.423
17.577 31.472 -3.754
1.528 62.599 46.975
6.874 60.998 42.814
11.921 63.687 39.516
16.445 66.968 40.314
16.020 59.893 39.241
20.792 55.569 40.783
26.356 53.593 42.772
32.026 53.546 46.498
34.315 55.483 52.504
33.530 57.487 59.103
15.837 55.439 55.740
18.305 61.261 57.883
23.220 65.887 57.410
27.433 68.474 53.428
31.009 68.996 47.572
6.528 80.496 51.443
5.640 80.099 44.435
5.661 78.400 38.101
4.940 73.596 33.620
-6.356 1.771 27.225
-3.671 7.270 25.524
0.742 12.633 26.092
6.242 14.195 23.894
1.210 19.140 25.354
-1.093 24.417 21.743
-0.441 27.491 15.515
1.635 29.265 9.450
2.319 27.039 2.461
1.659 22.657 -2.145
-6.072 11.548 9.348
-0.254 9.193 6.505
5.671 11.622 5.301
10.180 16.107 6.664
12.565 21.079 9.624
14.594 24.104 13.607
12.623 -4.490 23.044
13.213 -0.054 27.942
12.522 4.378 32.815
7.987 7.303 36.546
20.612 22.214 15.224
18.419 23.582 16.460
2.310 36.329 34.015
7.359 38.339 38.297
12.748 36.006 41.413
17.595 33.190 40.310
16.536 40.348 41.162
21.329 44.957 39.281
26.424 46.817 36.976
31.876 47.664 32.966
34.134 46.012 26.820
33.201 44.113 20.175
15.748 44.603 24.581
18.474 39.045 22.041
23.635 34.730 22.258
28.180 32.412 26.005
32.156 32.259 31.712
8.149 19.428 28.941
7.662 19.492 35.872
7.935 20.608 42.194
6.389 24.732 46.905
4.765 37.073 -4.059
-0.472 35.756 -8.337
-3.495 30.928 -11.773
-5.924 25.841 -10.270
-8.931 32.412 -10.991
-15.271 33.778 -9.380
-20.860 32.673 -7.005
-25.811 30.255 -3.031
-26.660 27.787 3.064
-24.857 26.647 9.670
-10.399 36.663 4.929
-9.548 30.644 7.483
-11.538 24.159 7.624
-14.377 19.617 3.890
-17.613 17.129 -1.625
9.681 19.446 0.644
10.032 20.029 -6.059
9.548 21.100 -12.429
7.901 25.257 -17.194
8.559 39.239 -17.055
12.205 43.413 -12.778
17.824 43.859 -9.275
23.399 43.726 -10.359
18.994 49.172 -9.430
20.741 55.713 -10.758
24.556 60.063 -12.860
29.171 63.404 -16.637
32.061 62.992 -22.615
32.554 61.280 -29.263
16.595 52.900 -25.584
21.771 49.452 -28.040
28.433 48.283 -27.648
33.483 48.516 -23.722
36.857 50.064 -17.879
22.360 26.781 -21.462
21.625 26.888 -14.803
20.565 27.985 -8.373
17.380 31.364 -3.744
1.499 62.066 47.283
6.963 60.571 43.108
11.865 63.257 39.448
16.385 66.472 40.475
15.861 59.343 39.540
20.992 55.121 41.047
26.490 53.700 42.982
32.106 53.220 46.743
34.442 55.217 52.733
33.757 57.062 59.358
16.015 55.228 56.027
18.551 60.939 58.209
23.417 65.594 57.912
27.642 68.196 53.863
31.286 68.685 48.065
6.739 80.141 51.883
5.732 79.681 44.919
5.659 78.008 38.556
5.013 73.177 34.056
-6.455 1.812 27.095
-3.657 7.342 25.261
0.788 12.474 26.054
6.320 13.950 23.772
1.287 18.686 25.496
-1.163 23.710 21.673
-0.717 26.912 15.712
1.292 28.712 9.739
1.954 26.510 2.731
1.460 22.150 -1.893
-5.986 11.040 9.494
-0.207 8.805 6.702
5.665 11.375 5.347
10.071 15.843 6.649
12.342 20.957 9.686
12.831 -3.577 21.366
12.897 -0.461 27.577
12.373 3.700 32.551
7.803 6.449 36.399
15.546 23.132 14.232
17.981 23.414 15.960
19.855 22.638 14.141
8.690 -25.214 40.639
13.955 -29.283 41.826
19.635 -30.075 42.928
18.576 -35.306 43.571
22.058 -26.006 52.077
21.033 -21.840 57.798
17.555 -22.570 63.571
13.048 -25.535 68.288
9.770 -31.075 70.528
9.714 -37.569 71.635
12.842 -43.646 71.640
18.519 -47.762 70.655
25.467 -47.311 70.896
31.284 -44.120 71.444
34.632 -39.639 75.913
34.759 -35.292 81.257
24.639 -55.036 87.960
21.738 -48.502 87.157
19.125 -42.929 88.975
20.194 -36.427 86.897
23.578 -31.589 82.748
27.013 -30.704 76.743
29.563 -33.281 70.745
28.705 -36.167 65.013
24.478 -38.593 60.420
18.391 -41.789 57.861
11.565 -41.166 57.774
6.985 -36.480 57.896
4.130 -30.167 58.537
4.626 -23.411 57.854
7.286 -18.212 54.981
9.096 -15.137 49.868
8.345 -8.614 50.340
5.838 -3.503 49.012
3.555 1.151 45.276
5.323 5.363 41.448
-13.510 19.140 18.886
-12.809 25.178 18.297
-11.602 30.081 17.903
-4.922 30.628 8.578
-1.674 27.759 3.005
-3.658 25.772 -3.230
-8.292 23.687 -8.023
-14.716 24.254 -10.607
-20.006 28.334 -12.284
-22.683 34.493 -12.961
-24.239 40.598 -9.813
-19.847 46.100 -10.515
-14.052 50.250 -11.561
-7.833 49.376 -15.531
-16.334 41.033 -29.224
-11.945 36.590 -26.337
-6.785 35.673 -21.879
-3.775 38.923 -15.811
-5.958 41.518 -9.551
-9.370 42.560 -3.733
-14.141 40.359 0.205
-19.864 36.251 2.529
-22.986 30.842 0.682
-21.899 24.176 0.825
-18.279 18.726 0.829
-12.424 15.464 1.703
-6.644 14.229 4.789
-3.862 13.634 10.137
1.078 9.018 9.691
3.620 4.131 10.978
5.637 -0.848 15.092
10.492 -1.780 19.270
11.838 14.693 52.258
14.884 17.328 46.584
18.463 22.749 45.240
20.686 28.943 46.973
23.996 32.851 51.134
26.076 34.464 57.048
28.128 31.758 62.921
29.906 28.185 67.887
33.817 23.310 68.844
37.909 18.800 67.932
51.889 33.829 49.652
46.468 35.358 53.367
41.975 31.713 54.517
42.126 26.709 50.915
39.690 20.612 50.345
35.177 16.210 52.157
29.826 14.669 55.550
25.191 14.694 60.267
21.142 18.302 63.871
18.112 23.963 65.361
14.927 29.091 63.460
12.112 32.540 58.570
10.139 33.032 52.626
6.797 29.278 47.168
0.544 12.022 118.571
2.641 14.773 124.605
4.603 14.932 130.927
10.582 13.619 133.594
17.009 12.664 132.828
23.199 13.203 130.081
26.625 14.311 124.930
27.609 18.310 119.827
26.545 22.220 114.858
24.834 28.291 114.113
23.612 34.201 115.366
33.198 28.491 130.736
28.626 30.987 133.680
22.229 32.757 133.041
16.737 32.006 129.734
13.009 28.880 125.153
11.478 25.946 119.467
12.725 20.761 115.645
15.435 14.968 114.419
15.210 9.260 115.673
14.973 3.341 118.880
12.054 0.103 123.683
7.463 -1.117 127.827
2.075 1.058 131.398
44.265 18.103 67.329
47.094 17.999 67.718
47.311 18.184 70.519
26.509 39.701 116.963
28.046 42.024 117.142
28.674 42.230 114.362
-10.680 1.035 -15.201
-8.327 6.422 -18.550
-10.702 12.206 -21.317
-15.022 17.087 -19.958
-10.269 19.357 -24.271
-5.936 24.530 -23.769
-4.125 29.758 -20.137
-2.463 33.059 -14.672
-3.068 35.584 -8.190
-3.045 34.216 -2.018
-1.150 16.525 -5.776
-6.854 18.437 -2.337
-11.512 23.045 -2.521
-14.748 27.795 -5.461
-16.296 31.605 -10.280
10.939 0.787 -28.868
9.618 6.786 -25.807
12.006 12.359 -22.695
17.071 16.551 -23.283
12.347 19.123 -18.945
8.138 24.366 -19.549
6.278 29.593 -23.101
4.504 32.474 -28.800
5.485 35.348 -35.094
5.404 33.970 -41.309
3.879 16.263 -37.422
9.300 18.158 -41.107
14.099 22.661 -40.687
17.172 27.452 -37.704
18.605 31.225 -32.940
-27.079 7.349 -9.482
-27.002 6.898 -16.398
-25.963 7.874 -22.870
-21.931 7.044 -27.755
29.003 6.692 -33.518
28.481 5.848 -26.730
26.817 6.524 -20.231
22.024 5.702 -15.807
-20.279 32.363 -14.861
-22.832 32.394 -16.024
-24.340 33.096 -13.811
22.565 31.946 -28.332
25.136 31.969 -27.187
26.576 32.755 -29.470
-15.113 -35.018 21.350
-15.493 -32.078 27.619
-16.457 -28.108 32.520
-20.790 -25.073 36.207
-33.558 -19.856 9.376
-27.679 -22.156 6.660
-21.742 -19.696 5.210
-17.235 -15.143 6.700
-15.116 -10.193 9.722
-34.764 -30.329 26.175
-31.840 -24.649 24.146
-27.760 -19.176 25.676
-21.962 -17.612 26.618
-26.164 -12.601 25.525
-28.711 -7.397 21.799
-28.099 -4.139 15.773
-26.001 -2.199 9.718
-25.305 -4.386 2.662
-25.921 -8.672 -2.006
-11.680 -8.091 14.430
-9.332 -7.857 16.148
-7.466 -8.709 14.214
28.448 -55.830 5.843
33.381 -58.450 7.409
37.623 -62.084 4.396
41.046 -67.369 5.514
42.403 -72.792 9.076
44.771 -73.709 14.954
43.909 -76.194 21.820
40.599 -74.954 27.549
34.584 -76.798 29.383
28.541 -79.790 27.775
25.426 -84.476 25.400
22.908 -88.942 21.993
33.187 -85.938 12.820
27.648 -82.643 14.947
27.825 -76.517 14.092
27.768 -70.884 18.096
30.806 -67.420 23.020
37.168 -65.189 24.717
42.820 -64.490 23.057
58.954 -92.896 -28.086
56.994 -90.098 -23.207
59.387 -84.943 -19.902
63.388 -79.701 -19.536
69.103 -77.059 -20.882
75.167 -76.739 -23.228
78.792 -76.933 -29.010
78.266 -75.768 -35.587
60.196 -67.958 -32.506
60.252 -74.119 -34.961
63.657 -79.537 -38.201
68.061 -84.163 -37.626
73.457 -87.249 -34.911
75.630 -88.807 -28.876
77.024 -87.199 -22.317
47.190 -60.185 19.632
49.140 -58.177 19.254
49.040 -57.085 21.882
74.204 -93.272 -18.260
74.239 -95.416 -16.334
76.729 -96.480 -17.273
1.595 50.396 22.972
-0.583 47.585 17.196
-0.629 45.076 11.481
0.394 39.332 8.575
2.576 33.648 8.774
3.721 28.370 10.851
-7.901 31.205 25.890
-2.209 30.428 28.838
4.511 30.963 28.877
9.558 32.328 25.416
13.109 34.832 20.231
15.471 37.375 15.136
14.708 42.374 10.355
11.098 47.030 7.406
2.854 22.269 15.309
2.126 19.689 16.302
1.807 18.053 13.938
1.627 50.451 22.932
-0.730 47.720 17.209
-0.777 45.123 11.519
0.269 39.397 8.612
2.422 33.628 8.844
3.638 28.388 10.872
-7.792 31.546 25.790
-2.226 30.341 29.036
4.510 30.927 28.853
9.522 32.392 25.419
13.018 34.817 20.242
15.390 37.434 15.115
14.681 42.391 10.356
11.065 47.016 7.402
2.769 22.251 15.392
2.004 19.668 16.324
1.677 18.064 13.990
-31.799 -21.803 -56.420
-30.849 -15.298 -55.758
-33.739 -9.419 -54.992
-38.352 -5.500 -54.879
-42.648 -3.315 -52.400
-50.490 -19.905 -45.532
-53.100 -18.498 -51.499
-52.915 -15.904 -57.655
-49.407 -14.208 -62.703
-44.938 -12.125 -66.856
-38.020 -10.389 -68.016
-6.898 55.948 9.665
-12.855 53.452 10.367
-16.455 48.021 11.061
-17.424 41.894 11.166
-17.246 36.931 13.486
0.860 38.974 20.679
1.296 36.049 14.783
-0.991 34.979 8.678
-4.133 37.197 3.604
-8.454 39.590 -0.455
-13.478 44.652 -1.753
-0.056 -15.195 -37.463
-4.568 -12.791 -32.966
-4.212 -11.017 -26.843
-0.711 -9.763 -21.351
-7.494 -7.658 -21.600
-10.160 -1.809 -20.782
-10.174 4.428 -18.194
-7.160 9.724 -14.607
7.642 6.654 -22.371
7.026 6.302 -16.384
4.354 3.947 -11.954
13.736 -17.249 -27.431
11.317 -21.434 -23.713
5.071 -24.414 -22.749
5.039 -24.407 -22.739
-1.418 -24.025 -22.195
-1.574 -24.631 -22.181
3.466 -1.127 -8.017
3.893 -3.254 -6.029
6.509 -2.386 -5.122
-0.184 -15.173 -37.546
-4.611 -12.841 -32.955
-4.276 -11.097 -26.851
-0.705 -9.831 -21.427
-7.510 -7.650 -21.666
-10.248 -1.811 -20.734
-10.162 4.469 -18.182
-7.103 9.744 -14.634
7.709 6.502 -22.436
7.136 6.122 -16.383
4.613 3.875 -11.930
13.871 -17.272 -27.521
11.317 -21.518 -23.822
4.971 -24.412 -22.830
5.097 -24.511 -22.794
-1.569 -24.207 -22.206
-1.494 -24.813 -22.425
3.540 -1.238 -7.862
4.019 -3.337 -5.911
6.536 -2.485 -4.924
-0.073 -15.180 -37.630
-4.644 -12.892 -33.032
-4.217 -11.214 -26.976
-0.726 -9.909 -21.483
-7.511 -7.799 -21.696
-10.214 -1.893 -20.954
-10.188 4.342 -18.264
-7.127 9.630 -14.676
7.723 6.460 -22.455
6.992 6.079 -16.374
4.543 3.845 -11.881
2.379 0.142 -8.599
13.840 -17.336 -27.385
11.356 -21.502 -23.607
5.094 -24.484 -22.687
-1.359 -24.973 -22.624
3.766 -3.139 -6.191
6.258 -2.146 -5.331
