-7.437 -0.354 93.224
-13.865 3.116 93.987
-16.584 7.522 91.010
-17.581 14.059 87.446
-15.478 17.255 82.222
-12.964 16.330 75.860
-8.936 12.967 71.520
-7.261 7.211 68.725
-9.415 1.563 66.760
-13.803 -1.800 63.651
-20.207 -4.152 62.322
-25.759 -2.112 60.148
-28.933 2.365 56.301
-29.825 5.758 50.851
-27.881 12.256 48.088
-23.304 15.341 45.246
-16.444 15.447 44.482
-12.195 10.880 42.233
-11.073 3.812 39.970
-13.661 -0.633 35.861
-17.676 -1.859 30.263
-21.499 -0.077 25.076
-20.936 3.779 19.523
-18.276 7.977 15.315
-12.887 12.477 14.346
-6.838 14.284 14.395
-0.556 13.139 17.368
2.837 7.900 19.241
4.438 0.578 17.930
4.683 -3.878 12.942
5.196 -6.046 7.288
9.217 -4.572 1.957
12.746 -0.712 -2.248
17.135 5.158 -2.494
21.134 9.751 0.281
24.100 12.121 6.148
25.842 10.934 11.833
27.249 7.707 17.336
28.031 1.360 20.014
32.605 -3.171 19.740
37.741 -6.335 16.817
44.808 -5.776 14.188
49.918 -2.266 13.661
53.545 2.989 15.304
54.153 8.864 17.246
54.064 13.617 22.912
50.046 14.315 28.267
48.318 11.180 34.463
48.198 6.089 38.406
51.541 0.290 41.068
57.065 -2.119 42.934
63.332 -1.133 44.677
68.367 2.779 46.544
70.338 6.335 50.592
70.614 13.064 51.825
67.340 18.076 56.390
62.174 21.547 56.676
55.838 20.567 58.043
50.988 16.545 60.502
49.510 10.874 64.032
50.469 6.771 69.140
52.302 7.313 75.749
53.284 10.397 81.572
53.944 15.634 85.160
50.674 21.289 87.041
46.648 26.144 86.024
42.517 29.785 81.943
36.776 28.635 79.069
32.135 24.433 76.777
28.664 18.628 77.804
24.860 16.282 83.069
22.660 15.998 89.345
20.026 19.248 94.250
16.829 24.606 96.314
13.872 30.594 95.184
10.313 35.182 92.139
9.290 39.048 86.296
6.823 37.482 80.897
6.786 32.997 75.799
2.429 27.790 74.359
-1.955 22.804 76.213
-7.944 21.893 79.017
-13.765 24.827 79.815
-18.185 29.581 79.323
-20.697 35.422 77.143
-20.958 39.208 71.727
-19.706 40.528 65.517
-14.312 40.248 61.043
-12.362 36.167 56.240
-11.855 29.364 54.558
-16.414 24.575 53.115
-21.477 22.951 49.698
-26.291 24.029 45.505
-28.114 27.854 40.273
-28.254 32.238 35.821
-25.531 37.442 32.518
-20.750 41.402 30.088
-14.383 41.820 28.846
-8.110 40.058 30.727
-4.805 34.753 29.340
-4.616 27.417 28.199
-6.011 23.988 22.673
-8.229 22.224 16.943
-8.275 24.404 10.554
-5.962 28.664 5.604
-2.862 33.663 3.072
2.251 36.411 2.351
8.497 39.725 4.846
12.900 38.853 10.178
16.109 33.810 12.741
18.831 27.627 12.439
19.447 21.885 9.011
22.405 19.822 3.466
26.787 20.739 -1.734
31.732 23.550 -4.594
35.880 28.736 -3.453
38.906 33.926 -1.014
40.756 36.871 5.068
40.791 37.078 11.631
39.600 34.129 17.529
41.054 28.583 21.188
45.125 23.123 22.299
50.983 20.676 21.370
57.561 21.961 21.678
62.900 27.388 20.792
63.967 33.841 21.796
63.874 38.857 25.869
59.148 41.681 30.618
56.556 41.499 36.442
51.995 39.120 41.300
53.604 34.982 46.824
57.044 29.336 49.011
62.000 28.794 52.899
67.380 32.125 55.717
69.927 36.629 58.730
69.999 42.621 61.756
66.362 47.218 64.860
60.973 50.249 66.337
53.733 49.459 68.462
49.131 44.707 69.205
46.707 39.222 71.815
47.683 34.675 76.717
50.158 33.423 82.698
54.227 33.953 88.151
55.487 51.303 84.688
60.745 47.325 84.797
63.218 41.765 81.589
63.317 35.907 78.669
60.154 31.050 74.929
56.061 31.198 69.123
51.427 34.743 65.739
50.474 40.525 61.354
52.454 44.891 57.882
57.323 49.121 54.275
62.442 49.405 50.766
67.439 45.682 47.828
69.999 40.611 45.388
70.871 35.007 41.943
67.470 29.284 39.799
61.983 25.494 38.725
54.919 25.597 38.744
50.983 30.038 35.416
50.021 35.614 31.799
52.205 39.375 26.597
55.804 39.845 21.213
57.679 36.305 15.611
56.939 32.132 10.701
53.459 26.730 8.647
47.826 21.845 7.691
41.241 19.990 10.409
35.860 22.113 14.015
32.875 28.898 15.212
31.079 34.399 12.437
30.578 38.319 6.869
28.733 37.759 0.643
24.832 36.073 -4.571
20.526 30.782 -6.012
15.650 26.838 -5.365
13.234 22.861 -0.560
10.617 21.622 6.289
8.632 23.832 11.301
8.704 28.323 16.530
6.033 33.858 18.280
2.989 39.672 16.496
-2.796 41.229 13.706
-8.681 40.150 11.907
-14.121 36.015 13.333
-17.412 31.889 16.641
-17.694 26.249 20.522
-16.688 24.773 26.079
-11.895 24.543 31.912
-9.940 29.175 36.437
-9.427 35.318 39.198
-12.630 40.972 41.108
-18.526 42.547 43.283
-24.048 41.906 46.161
-28.605 39.499 49.528
-30.008 35.801 54.327
-29.401 30.476 58.327
-25.796 26.465 61.693
-20.064 23.658 63.287
-13.352 24.325 61.890
-9.097 29.241 63.252
-7.281 35.928 64.599
-8.082 40.526 69.067
-8.216 41.485 75.834
-8.946 39.970 82.020
-8.814 35.589 87.059
-5.138 30.892 89.554
-0.883 25.687 89.592
2.728 20.995 85.815
7.811 21.540 81.895
11.931 25.151 78.138
15.815 30.863 77.534
19.333 35.160 81.113
22.804 36.205 86.680
26.069 33.663 91.884
29.575 28.678 94.716
33.000 23.145 94.866
35.659 17.531 92.681
35.871 12.979 87.609
37.270 12.694 81.402
36.838 16.056 75.365
41.087 20.736 72.362
45.765 25.746 72.505
52.090 26.842 74.132
57.810 23.940 74.274
62.889 19.608 75.227
64.095 13.119 73.696
63.832 8.362 69.346
60.967 5.337 64.469
55.814 4.643 59.920
52.796 8.243 54.928
52.547 14.424 51.743
57.167 18.261 48.552
61.582 18.755 44.742
64.564 16.813 39.603
67.293 12.103 35.175
67.386 6.073 32.865
63.588 1.377 30.200
58.469 -2.511 29.878
51.869 -3.146 29.904
45.490 -0.435 31.466
42.458 4.173 29.374
41.879 11.152 26.761
42.160 13.196 20.535
43.492 12.675 14.110
43.560 8.338 8.540
40.861 4.118 4.922
36.992 -1.502 4.949
30.977 -3.730 4.972
26.017 -6.476 9.164
22.485 -4.074 14.571
19.540 1.390 16.283
16.722 7.445 14.654
15.628 12.695 10.369
11.504 12.851 5.005
6.718 12.158 0.923
1.727 7.502 -0.311
-2.632 2.972 1.437
-5.334 -2.076 6.038
-5.410 -3.643 12.682
-4.422 -2.195 19.414
-2.015 2.305 24.144
-4.103 8.475 26.475
-8.288 13.779 26.493
-14.169 16.694 25.762
-20.723 15.010 26.774
-25.892 9.445 27.915
-26.752 3.602 30.588
-24.476 -0.302 35.747
-20.654 -1.685 41.146
-17.123 -0.508 45.989
-12.389 3.519 50.162
-13.220 9.087 53.353
-16.232 15.039 54.679
-20.838 16.092 59.489
-25.214 13.988 64.046
-27.072 9.708 68.730
-25.837 5.032 73.213
-21.225 -0.577 75.554
-15.422 -2.995 75.891
-9.319 -1.135 76.861
-4.515 3.714 76.753
-2.468 9.669 78.206
-2.899 15.020 82.414
-4.481 17.310 88.462
-7.860 17.888 94.323
18.468 -7.827 44.932
23.818 -3.567 46.217
24.711 1.921 49.622
22.064 5.988 54.650
17.699 8.382 59.090
13.869 6.495 63.973
11.268 2.360 68.550
11.499 -3.908 70.064
13.851 -10.171 70.681
19.371 -13.308 72.696
25.026 -13.334 75.831
29.578 -10.292 79.546
33.746 -5.715 82.056
33.519 -0.996 86.565
14.892 1.457 87.827
18.741 4.662 83.613
23.545 6.819 79.750
27.429 4.410 74.717
31.304 0.246 71.098
30.960 -4.813 66.983
26.677 -8.131 62.989
20.801 -11.444 61.565
14.779 -11.160 60.199
8.976 -7.635 58.273
5.783 -2.137 56.530
7.142 3.335 52.895
10.909 8.247 49.938
16.101 9.448 45.755
6.534 1.074 -3.613
10.004 -4.375 -1.324
15.456 -5.606 1.985
20.128 -2.965 6.359
23.570 1.422 9.946
22.768 6.554 14.083
19.627 10.612 18.142
13.321 11.673 19.940
7.003 10.583 21.187
3.247 6.209 24.666
2.768 1.334 28.989
5.608 -3.588 32.675
10.253 -7.925 34.983
16.222 -8.693 37.912
18.356 9.706 38.357
21.848 5.639 34.200
23.400 -0.056 30.727
19.764 -4.053 26.703
14.653 -7.893 24.548
9.262 -7.389 20.767
6.431 -3.484 16.067
3.883 2.695 13.890
5.219 8.286 11.225
9.464 12.879 8.232
15.151 14.587 5.625
20.119 11.692 2.133
24.112 6.672 0.000
24.334 0.850 -3.257
18.396 -7.860 44.832
23.816 -3.634 46.037
24.767 1.924 49.462
22.093 5.790 54.550
17.652 8.313 58.995
13.908 6.413 63.888
11.285 2.183 68.468
11.544 -4.036 69.990
13.922 -10.340 70.592
19.391 -13.491 72.616
25.138 -13.497 75.729
29.607 -10.425 79.355
33.759 -5.874 81.932
33.569 -1.201 86.445
15.012 1.374 87.720
18.812 4.487 83.450
23.607 6.671 79.674
27.502 4.311 74.594
31.363 0.070 70.991
31.022 -4.974 66.825
26.705 -8.249 62.831
20.829 -11.503 61.406
14.825 -11.245 60.010
8.961 -7.803 58.161
5.807 -2.196 56.507
7.124 3.232 52.913
10.942 8.129 49.953
16.003 9.519 45.826
6.360 1.135 -3.765
9.756 -4.201 -1.436
15.184 -5.467 1.988
19.859 -2.841 6.321
23.322 1.635 9.913
22.653 6.697 14.018
19.302 10.768 18.108
12.947 11.723 19.965
6.656 10.678 21.251
3.055 6.137 24.868
2.626 1.125 29.004
5.633 -3.376 32.708
10.134 -8.107 34.807
16.140 -8.698 37.709
18.010 9.645 38.432
21.570 5.744 34.083
23.173 0.066 30.681
19.599 -3.989 26.625
14.493 -7.850 24.495
9.044 -7.379 20.768
6.182 -3.389 16.068
3.781 2.977 13.978
4.984 8.318 11.313
9.252 12.938 8.248
14.930 14.650 5.635
19.885 11.863 2.102
23.838 6.744 0.028
24.204 0.938 -3.160
18.381 -7.833 44.849
23.848 -3.594 46.050
24.820 1.861 49.439
22.299 5.732 54.607
18.229 8.209 59.091
14.406 6.456 64.080
11.502 2.360 68.569
11.657 -3.853 70.063
13.924 -10.151 70.622
19.351 -13.238 72.717
25.033 -13.239 75.993
29.583 -10.282 79.406
33.849 -5.798 81.982
33.622 -1.204 86.598
15.101 1.430 87.686
18.892 4.745 83.519
23.864 6.846 79.718
27.508 4.321 74.625
31.515 0.180 70.997
31.059 -4.894 66.928
26.805 -8.206 62.991
20.867 -11.456 61.624
14.966 -11.052 60.313
9.119 -7.468 58.355
5.829 -2.031 56.641
7.372 3.422 52.933
11.028 8.157 49.965
16.110 9.501 45.858
6.434 1.207 -3.582
9.777 -4.295 -1.421
15.140 -5.566 2.039
19.820 -3.093 6.231
23.032 0.891 10.142
22.599 6.060 14.365
19.567 10.657 18.112
13.167 11.803 19.919
6.787 10.708 21.399
3.324 6.208 25.023
2.723 1.389 29.055
5.557 -3.334 32.763
9.999 -7.963 34.604
16.342 -8.586 37.883
18.614 9.873 38.367
21.522 5.763 33.946
23.210 -0.041 30.648
19.547 -3.972 26.640
14.422 -7.744 24.456
8.989 -7.331 20.723
6.192 -3.259 16.116
3.848 2.723 13.589
5.211 8.432 11.202
9.514 12.873 8.304
15.099 14.552 5.677
20.018 11.751 2.245
23.872 6.578 -0.132
24.023 0.710 -3.207
-18.643 7.886 44.745
-23.802 3.298 45.852
-24.760 -2.124 49.247
-21.935 -5.938 54.479
-18.018 -8.169 58.850
-14.126 -6.522 63.940
-11.264 -2.388 68.351
-11.593 3.906 69.812
-13.935 10.176 70.435
-19.420 13.165 72.585
-25.088 13.073 75.765
-29.649 10.027 79.122
-33.888 5.535 81.660
-33.624 0.745 86.076
-14.994 -1.487 87.488
-18.822 -4.767 83.332
-23.645 -6.972 79.347
-27.567 -4.548 74.443
-31.355 -0.371 70.709
-30.929 4.772 66.674
-26.765 8.016 62.700
-20.770 11.270 61.354
-14.685 11.051 60.160
-8.999 7.621 58.005
-5.766 2.059 56.252
-7.005 -3.441 52.638
-10.716 -8.184 49.515
-16.028 -9.513 45.444
-6.309 -0.693 -4.267
-10.352 5.023 -1.957
-15.689 5.739 1.957
-19.891 2.851 6.348
-23.105 -1.246 9.861
-22.519 -6.203 14.376
-19.257 -10.700 17.962
-13.127 -11.659 19.489
-6.046 -9.923 20.891
-2.969 -5.720 24.418
-2.498 -0.407 28.853
-5.366 3.969 32.464
-10.285 8.177 34.586
-16.149 8.443 37.740
-17.670 -9.681 38.461
-21.131 -5.956 34.023
-23.057 -0.111 30.679
-19.908 3.893 26.753
-14.609 8.136 24.366
-9.273 7.692 20.592
-6.369 3.839 15.834
-3.771 -2.306 13.733
-4.940 -8.288 11.432
-8.838 -12.340 7.913
-14.697 -14.442 5.165
-19.965 -11.663 2.023
-23.919 -6.706 -0.155
-24.311 -0.752 -3.252
-18.274 -7.501 -44.551
-23.574 -3.126 -45.841
-24.390 2.461 -49.159
-21.852 6.010 -54.345
-17.698 8.480 -58.874
-13.684 6.458 -63.736
-10.970 2.280 -68.155
-11.350 -4.143 -69.465
-13.656 -10.344 -70.154
-19.101 -13.269 -72.299
-24.801 -13.290 -75.374
-29.397 -10.347 -78.855
-33.661 -5.935 -81.436
-33.341 -1.164 -86.078
-14.831 0.945 -87.071
-18.595 4.388 -83.010
-23.401 6.642 -79.236
-27.246 4.298 -74.200
-31.117 0.142 -70.506
-30.596 -4.833 -66.330
-26.465 -8.274 -62.356
-20.624 -11.290 -60.729
-14.584 -10.883 -59.424
-8.763 -7.464 -57.620
-5.480 -1.899 -56.078
-6.797 3.659 -52.386
-10.594 8.314 -49.426
-15.680 9.846 -45.478
-6.416 0.793 4.067
-10.070 -4.153 1.712
-15.516 -5.363 -1.849
-19.889 -2.524 -6.075
-23.305 1.862 -9.901
-22.540 7.102 -13.796
-19.153 11.047 -17.721
-12.753 11.936 -19.715
-6.477 10.712 -20.930
-3.026 6.262 -24.467
-2.540 1.399 -28.604
-5.625 -3.117 -32.410
-10.037 -8.172 -34.171
-15.955 -8.196 -37.654
-18.106 10.037 -38.150
-21.163 6.324 -33.576
-22.994 0.489 -30.485
-19.549 -3.553 -26.378
-14.513 -7.468 -24.224
-9.151 -7.134 -20.356
-6.325 -3.309 -15.701
-3.749 2.751 -13.391
-5.065 8.221 -10.509
-9.132 12.997 -7.828
-14.727 14.857 -5.232
-19.839 12.066 -1.717
-23.816 7.080 0.448
-24.149 1.282 3.433
-18.408 -7.831 -44.740
-23.711 -3.597 -46.068
-24.665 1.981 -49.364
-22.084 5.686 -54.460
-17.667 8.210 -58.843
-13.859 6.356 -63.878
-11.153 2.274 -68.410
-11.455 -4.018 -69.839
-13.731 -10.185 -70.533
-19.191 -13.247 -72.753
-24.900 -13.210 -75.885
-29.431 -10.246 -79.270
-33.717 -5.738 -81.720
-33.396 -0.915 -86.316
-14.891 1.464 -87.646
-18.599 4.601 -83.427
-23.417 6.781 -79.542
-27.337 4.350 -74.627
-31.150 0.241 -70.898
-30.816 -4.881 -66.842
-26.582 -8.088 -62.858
-20.748 -11.542 -61.465
-14.763 -11.215 -60.102
-8.976 -7.656 -58.068
-5.747 -2.084 -56.604
-7.161 3.320 -52.721
-10.783 8.041 -49.778
-15.991 9.463 -45.687
-6.560 0.875 3.775
-10.029 -4.476 1.514
-15.477 -5.620 -1.995
-19.940 -3.054 -6.292
-23.368 1.381 -9.809
-22.571 6.631 -13.889
-19.443 10.594 -18.012
-13.053 11.508 -19.819
-6.767 10.549 -21.097
-3.131 6.132 -24.545
-2.585 1.113 -28.923
-5.585 -3.819 -32.544
-10.205 -7.982 -34.875
-16.238 -8.698 -37.776
-18.046 9.656 -38.298
-21.505 5.683 -34.050
-23.258 0.052 -30.613
-19.638 -3.943 -26.637
-14.564 -7.885 -24.396
-9.295 -7.556 -20.599
-6.354 -3.648 -15.977
-3.802 2.405 -13.586
-5.100 8.056 -11.163
-9.312 12.666 -8.106
-14.996 14.521 -5.702
-20.131 11.535 -2.198
-24.009 6.636 0.057
-24.344 0.800 3.304
-18.461 -8.094 -45.025
-23.851 -3.754 -46.235
-24.857 1.677 -49.593
-22.219 5.443 -54.779
-17.831 8.017 -59.146
-14.023 6.058 -64.088
-11.315 2.017 -68.686
-11.633 -4.289 -70.243
-13.921 -10.489 -70.961
-19.391 -13.517 -73.112
-25.215 -13.497 -76.132
-29.690 -10.363 -79.514
-33.886 -5.873 -82.136
-33.662 -1.178 -86.602
-15.170 1.575 -87.909
-18.913 4.722 -83.504
-23.755 6.637 -79.752
-27.613 4.156 -74.715
-31.485 -0.080 -71.102
-31.085 -5.111 -67.008
-26.782 -8.462 -63.042
-20.964 -11.474 -61.295
-15.085 -11.303 -59.672
-9.127 -7.962 -58.378
-5.761 -2.280 -56.872
-7.178 2.839 -52.981
-10.850 7.750 -50.038
-16.035 9.171 -45.937
-6.321 1.043 3.539
-9.731 -4.613 1.435
-15.054 -5.803 -2.135
-19.710 -3.213 -6.567
-23.076 1.226 -10.114
-22.351 6.379 -14.203
-19.120 10.409 -18.306
-12.879 11.438 -20.187
-6.475 10.352 -21.667
-2.969 6.169 -24.923
-2.736 0.638 -29.242
-5.437 -4.001 -32.909
-10.169 -8.276 -35.010
-16.275 -9.024 -37.897
-18.029 9.359 -38.523
-21.377 5.511 -34.132
-23.166 -0.240 -30.710
-19.460 -4.323 -26.846
-14.346 -8.223 -24.592
-9.044 -7.753 -20.926
-6.030 -3.795 -16.220
-3.689 2.132 -13.775
-4.887 7.868 -11.154
-9.120 12.482 -8.321
-14.782 14.340 -5.944
-19.776 11.486 -2.332
-23.751 6.411 -0.259
-24.069 0.616 2.953
1.963 99.503 87.479
5.313 104.550 85.963
7.177 111.302 86.425
9.954 115.179 90.884
14.018 115.088 96.377
17.613 112.976 101.337
21.536 108.205 103.814
25.538 102.959 102.800
28.130 99.152 98.131
30.500 97.222 92.206
34.147 99.745 87.342
38.170 104.421 84.946
41.396 109.905 85.503
44.213 115.581 87.438
47.711 117.366 93.363
46.170 99.415 99.756
44.120 103.744 104.411
41.051 109.490 104.310
38.094 115.033 102.580
34.131 116.840 96.807
32.384 117.423 90.392
28.997 114.162 85.810
24.374 109.510 84.613
21.539 103.419 85.352
19.614 98.445 89.291
17.259 96.018 95.000
13.885 97.343 100.358
9.874 102.026 102.933
7.173 108.151 103.887
4.374 113.360 101.007
