-17.195 9.145 9.951
-13.478 3.322 7.812
-10.699 -1.441 4.722
-6.484 -5.743 6.433
-3.310 -10.313 2.118
-0.818 -13.591 -2.505
-6.210 -11.005 -3.580
-10.759 -8.169 -6.583
-6.051 -5.042 -7.952
-0.243 -4.635 -10.456
6.890 -5.321 -10.716
12.652 -7.395 -8.285
14.816 -4.530 -2.467
15.450 0.168 2.221
13.522 4.221 7.610
10.418 7.275 3.433
8.144 10.438 -2.736
4.761 11.035 -8.424
-1.472 13.005 -9.213
-1.835 15.081 -2.440
0.298 10.896 2.873
2.711 8.269 8.577
2.417 1.508 11.846
0.777 -5.285 12.063
4.823 -11.155 10.207
