6.474 0.010 -92.252
12.988 2.847 -93.537
15.923 8.199 -90.495
16.917 14.210 -86.890
14.985 17.664 -82.196
12.467 16.587 -75.613
8.375 13.180 -71.405
7.153 7.717 -68.469
8.613 2.036 -66.650
12.999 -1.935 -63.790
19.132 -4.110 -62.006
25.192 -2.384 -60.114
28.500 1.687 -56.245
29.980 5.616 -51.075
28.350 12.078 -47.962
23.468 15.649 -45.120
16.614 15.887 -44.746
12.473 11.083 -42.107
11.202 4.518 -39.836
13.593 -0.596 -36.119
17.734 -1.853 -30.469
21.132 -0.186 -25.003
21.363 4.146 -19.573
19.208 9.256 -15.709
13.064 12.953 -13.816
7.186 14.802 -14.349
1.160 13.709 -17.715
-2.329 8.316 -18.977
-3.795 1.562 -17.806
-4.276 -3.040 -12.881
-4.945 -5.160 -6.882
-7.953 -3.561 -1.058
-12.352 0.008 2.614
-16.732 5.197 2.897
-20.717 9.699 -0.224
-23.689 12.074 -5.347
-25.936 10.689 -11.810
-26.862 7.684 -16.886
-28.882 2.401 -19.056
-31.501 -3.706 -18.201
-37.668 -7.160 -15.462
-44.783 -6.475 -13.224
-49.669 -3.115 -12.124
-52.547 2.663 -14.189
-53.745 8.936 -16.822
-53.272 13.816 -21.960
-49.204 14.341 -26.931
-47.149 11.449 -33.002
-47.608 6.528 -37.541
-50.823 1.066 -40.313
-56.693 -1.571 -41.243
-62.313 -0.705 -43.893
-67.418 3.088 -45.189
-69.480 6.955 -48.740
-69.850 14.020 -49.995
-66.804 17.685 -55.554
-61.379 21.183 -54.042
-55.536 20.973 -56.871
-50.628 16.700 -59.352
-49.130 11.046 -62.996
-50.686 6.853 -68.237
-51.804 7.067 -74.235
-53.225 9.878 -80.309
-53.296 14.998 -84.357
-50.802 20.721 -86.069
-46.609 25.832 -85.312
-42.676 29.794 -81.025
-36.868 28.626 -78.335
-32.120 24.475 -75.970
-28.345 18.856 -76.979
-24.547 16.234 -82.132
-22.547 16.037 -88.372
-19.939 19.615 -93.243
-17.259 25.074 -95.430
-14.473 31.104 -94.795
-10.960 35.577 -91.735
-9.675 39.418 -85.991
-7.237 37.929 -80.306
-7.059 33.296 -75.139
-2.693 28.136 -73.748
1.724 23.243 -75.707
7.805 22.424 -78.589
13.706 25.366 -79.891
17.916 30.117 -78.815
20.491 36.065 -76.818
20.668 39.811 -71.558
19.284 41.142 -65.346
14.190 40.631 -60.714
11.988 36.441 -56.066
11.921 29.851 -54.210
16.270 24.937 -52.703
21.689 23.279 -49.688
26.341 24.485 -45.693
28.266 28.234 -40.194
28.352 33.486 -36.229
25.802 37.695 -32.288
20.734 42.294 -30.221
14.706 41.951 -28.634
8.352 40.256 -30.393
5.169 34.997 -29.094
5.062 27.916 -27.736
6.619 24.379 -22.538
9.260 21.852 -17.429
9.431 23.695 -10.454
7.235 28.402 -5.281
3.629 32.947 -2.496
-1.592 36.847 -1.704
-7.445 39.515 -4.916
-11.626 38.992 -10.511
-14.540 33.449 -13.236
-17.809 27.637 -12.111
-18.252 21.550 -8.421
-21.573 19.651 -3.373
-26.099 20.739 1.714
-30.417 24.150 5.354
-34.914 28.678 4.251
-38.201 34.073 1.606
-39.841 37.071 -4.712
-40.103 36.917 -11.304
-39.781 34.334 -17.116
-40.297 28.501 -20.960
-44.377 23.096 -22.009
-50.033 20.333 -21.025
-56.992 21.096 -20.139
-62.474 26.599 -20.419
-62.772 34.265 -21.121
-63.828 38.531 -25.788
-59.550 41.750 -30.630
-56.100 42.144 -35.768
-51.947 39.418 -40.735
-52.713 35.328 -45.819
-55.608 29.829 -48.427
-60.764 29.569 -52.403
-66.143 32.842 -55.427
-69.295 37.688 -57.948
-69.397 43.512 -61.286
-65.724 48.066 -64.688
-60.192 50.937 -66.482
-53.188 49.359 -68.121
-48.875 44.928 -69.379
-46.881 39.012 -71.739
-47.909 34.437 -76.104
-50.215 32.794 -82.255
-54.808 33.747 -87.511
-55.729 39.474 -92.336
-48.562 51.858 -82.065
-56.008 50.686 -84.146
-61.099 46.916 -84.602
-63.520 41.621 -81.070
-63.192 35.294 -78.077
-59.994 31.393 -74.081
-56.034 31.537 -68.213
-51.023 35.155 -65.055
-50.091 40.680 -61.159
-51.655 45.637 -57.708
-55.904 49.612 -54.508
-61.160 50.078 -50.539
-66.352 46.372 -47.984
-69.218 41.129 -45.344
-69.417 35.242 -42.098
-66.780 29.131 -40.868
-61.376 25.892 -38.864
-54.452 26.240 -39.279
-50.708 30.736 -35.177
-50.101 36.061 -31.282
-51.841 39.557 -26.058
-55.452 39.758 -20.373
-57.390 36.554 -14.860
-57.152 31.880 -10.202
-53.233 26.081 -8.142
-46.676 21.864 -7.750
-40.329 19.538 -10.350
-35.310 22.616 -14.578
-32.892 29.139 -15.063
-30.556 34.702 -11.894
-29.427 38.157 -6.225
-27.494 38.748 -0.016
-23.843 36.041 4.870
-19.146 31.412 6.846
-14.895 26.506 5.466
-11.563 22.918 1.014
-9.777 21.712 -5.213
-8.028 23.012 -10.990
-8.398 27.261 -16.555
-5.398 33.438 -17.797
-2.281 39.029 -15.686
3.420 41.356 -12.228
9.661 40.091 -11.366
15.284 36.425 -13.121
17.919 32.163 -17.044
18.054 26.311 -20.553
16.871 25.057 -26.414
11.895 24.896 -32.075
9.851 29.460 -36.059
9.484 35.477 -38.919
12.741 41.243 -40.721
18.280 42.939 -43.321
23.996 42.673 -45.737
28.477 39.812 -49.356
30.045 36.122 -53.921
29.533 31.098 -58.227
25.724 26.895 -61.536
19.930 24.218 -62.991
13.286 24.690 -61.352
8.826 29.854 -62.727
7.022 36.276 -64.294
7.680 40.924 -68.681
7.940 41.993 -75.425
8.505 40.261 -81.649
8.160 36.051 -86.885
4.596 31.274 -89.445
0.523 26.018 -89.112
-2.823 21.435 -85.116
-8.033 21.971 -81.099
-12.184 25.484 -77.408
-15.768 31.359 -76.822
-19.843 35.036 -80.663
-23.372 35.961 -85.997
-26.584 33.504 -90.934
-30.010 28.509 -93.949
-33.075 22.743 -93.926
-35.050 16.884 -92.057
-35.128 12.566 -86.486
-36.266 12.937 -80.347
-36.882 15.934 -74.401
-40.956 20.805 -71.476
-45.631 25.763 -71.695
-51.982 26.556 -73.157
-57.787 23.976 -73.515
-62.201 18.894 -74.192
-63.750 12.861 -72.913
-63.729 8.508 -67.794
-60.221 5.123 -63.094
-55.840 4.766 -58.357
-51.952 8.441 -54.117
-52.136 14.698 -50.689
-56.393 18.631 -47.183
-61.029 18.990 -42.788
-64.124 16.730 -37.759
-66.065 11.581 -33.405
-66.340 6.428 -31.312
-62.628 0.852 -29.394
-57.341 -2.672 -28.807
-51.059 -3.140 -29.335
-44.972 -0.040 -30.337
-41.843 4.651 -28.581
-40.724 10.742 -25.305
-41.717 13.083 -19.292
-42.541 12.039 -12.631
-41.836 7.352 -6.698
-39.353 3.064 -3.109
-35.586 -2.986 -2.919
-29.529 -4.973 -4.235
-24.952 -6.872 -9.165
-21.911 -3.805 -14.284
-19.028 2.106 -15.938
-16.553 7.938 -14.289
-15.024 12.933 -9.947
-11.229 13.730 -4.587
-6.430 12.450 -0.685
-1.105 8.366 0.591
3.018 3.945 -1.204
5.415 -1.239 -6.073
5.682 -2.779 -12.602
5.337 -1.572 -19.136
2.940 2.815 -24.009
4.562 9.032 -26.474
8.761 14.231 -26.623
14.741 17.390 -25.586
21.248 14.798 -26.782
26.311 10.007 -27.935
26.869 4.002 -30.644
24.828 -0.265 -35.994
20.302 -1.668 -41.083
17.029 -0.288 -45.981
12.542 3.791 -50.004
13.281 9.310 -53.156
16.416 15.205 -54.901
21.102 16.100 -59.390
24.931 14.328 -64.103
26.510 10.262 -68.906
25.692 4.991 -72.904
21.015 -0.143 -75.631
14.548 -2.606 -75.587
8.367 -0.612 -75.995
3.908 4.310 -75.753
1.968 9.986 -78.046
2.640 15.456 -81.907
4.298 17.903 -87.952
7.379 17.994 -93.948
0.069 -0.430 -90.186
6.302 3.183 -90.655
10.098 8.714 -88.220
11.104 14.610 -85.259
9.365 18.049 -79.677
7.705 17.381 -73.323
4.850 14.524 -68.052
3.628 8.757 -64.722
5.383 2.658 -62.996
10.463 -0.618 -61.038
16.832 -1.461 -59.269
22.415 0.167 -58.240
26.516 3.526 -55.284
29.000 8.858 -51.782
27.852 14.611 -48.199
23.490 18.116 -45.084
16.603 18.766 -43.294
12.463 13.770 -40.530
11.932 7.603 -37.558
14.986 2.833 -33.688
19.569 1.538 -29.052
24.027 3.626 -24.378
25.630 7.324 -19.630
23.017 11.248 -14.128
18.632 16.497 -12.395
12.221 18.025 -11.904
5.787 17.317 -14.630
1.812 12.135 -14.930
0.548 4.937 -13.196
1.322 0.583 -8.340
1.225 -1.068 -1.809
-1.290 0.666 3.801
-4.804 4.469 7.958
-9.228 10.147 9.017
-13.521 14.611 5.922
-17.647 15.894 1.050
-20.701 13.788 -5.019
-22.672 9.306 -9.031
-24.595 3.252 -10.849
-27.950 -2.396 -8.111
-32.458 -4.880 -4.868
-38.328 -4.622 -1.740
-43.309 -0.049 0.103
-47.310 5.442 -2.068
-49.692 9.719 -5.530
-50.263 13.878 -11.866
-47.332 14.965 -17.094
-45.803 11.910 -23.853
-45.779 6.238 -26.996
-48.954 0.272 -28.889
-54.440 -2.482 -30.137
-60.646 -2.053 -30.624
-65.295 0.231 -32.943
-67.769 2.462 -36.759
-69.998 8.955 -37.497
-67.213 14.781 -41.420
-63.074 19.765 -42.487
-56.692 19.023 -45.458
-52.308 15.612 -49.193
-50.656 9.705 -52.577
-52.459 5.500 -57.599
-54.632 5.298 -63.254
-57.256 7.706 -69.210
-58.015 12.583 -73.430
-56.375 19.067 -75.414
-52.420 24.297 -75.119
-47.742 28.142 -71.700
-41.640 27.316 -69.807
-36.492 23.484 -67.753
-32.443 18.196 -69.329
-29.110 15.684 -74.767
-28.174 15.282 -81.482
-26.677 19.055 -86.526
-24.663 24.752 -89.174
-22.099 30.839 -89.115
-18.270 35.560 -86.672
-16.119 39.249 -81.300
-12.927 38.129 -75.935
-11.571 33.680 -70.918
-7.179 28.461 -69.893
-3.144 23.392 -72.457
2.524 22.818 -76.010
8.233 25.444 -77.818
12.802 29.959 -76.859
15.487 36.357 -75.948
15.882 40.754 -71.273
15.400 42.393 -64.942
10.745 41.785 -59.687
9.271 37.352 -54.870
9.736 30.802 -52.618
14.438 26.265 -51.070
20.313 25.399 -48.315
24.888 27.650 -44.207
27.234 32.399 -40.295
28.759 38.085 -38.416
25.946 43.249 -34.964
21.083 45.911 -31.065
15.323 45.549 -28.620
8.837 43.199 -29.061
6.178 37.724 -27.033
6.453 30.343 -25.402
8.686 27.638 -19.549
12.467 27.203 -13.919
12.936 29.837 -8.108
11.551 34.033 -3.053
7.789 39.003 -0.181
2.390 41.367 0.859
-3.766 44.063 -1.757
-8.415 42.810 -7.062
-11.264 37.009 -8.894
-14.010 30.991 -6.668
-13.939 25.666 -2.123
-15.896 23.764 3.443
-19.979 24.406 8.261
-25.020 26.834 12.074
-30.650 30.698 10.793
-33.699 36.479 8.129
-35.112 39.887 2.380
-35.946 39.316 -4.308
-35.887 35.594 -9.699
-37.600 29.808 -13.037
-40.991 23.804 -13.376
-46.604 21.457 -12.593
-53.460 21.467 -11.516
-59.130 25.833 -10.937
-61.253 32.487 -10.535
-60.396 38.395 -13.468
-57.677 41.895 -18.662
-55.763 41.561 -25.412
-52.421 38.439 -30.133
-53.244 32.952 -34.612
-56.472 27.835 -36.824
-62.596 26.017 -39.020
-67.093 29.509 -42.953
-69.392 33.505 -46.245
-70.860 39.491 -48.104
-68.968 45.720 -51.500
-64.133 47.860 -54.842
-56.965 47.468 -57.077
-51.861 42.523 -57.627
-50.606 37.650 -61.872
-52.488 32.676 -66.094
-55.699 30.789 -71.215
-59.552 32.280 -77.022
-61.526 36.860 -80.991
-55.427 51.258 -71.709
-62.558 50.202 -72.932
-66.129 46.553 -70.732
-68.726 40.457 -69.090
-67.512 34.480 -66.776
-64.340 29.903 -62.547
-59.654 28.496 -58.095
-54.947 31.906 -53.832
-52.525 37.670 -50.433
-53.386 41.668 -46.944
-57.685 46.580 -43.024
-62.353 48.073 -38.548
-66.532 44.012 -34.947
-70.231 39.361 -32.103
-70.738 34.147 -28.253
-66.857 28.452 -26.513
-61.311 24.691 -26.840
-54.650 25.855 -27.289
-49.687 31.057 -26.266
-48.101 36.587 -22.032
-49.579 40.003 -16.256
-52.470 39.422 -10.049
-52.898 36.105 -4.599
-51.151 31.515 -0.153
-47.416 25.492 0.986
-41.801 23.135 1.313
-35.512 21.515 -2.139
-31.381 24.611 -6.674
-28.207 30.306 -7.299
-27.301 36.849 -5.592
-26.169 40.582 -0.248
-23.885 41.415 5.617
-20.018 40.189 10.812
-14.114 36.575 11.926
-9.439 32.111 10.636
-5.382 29.139 6.267
-4.527 26.663 -0.110
-3.830 27.627 -6.307
-5.036 31.170 -12.400
-2.686 36.896 -14.416
0.257 43.127 -13.386
5.914 45.731 -11.667
12.605 45.216 -11.244
17.832 41.514 -12.997
20.600 36.873 -16.667
20.962 30.936 -20.243
19.093 28.174 -25.657
13.162 27.906 -29.997
10.489 31.580 -34.360
9.198 37.344 -37.477
10.830 43.001 -40.671
15.367 45.097 -44.730
20.983 45.341 -47.804
24.624 42.652 -51.799
27.644 37.766 -55.274
26.207 33.111 -59.493
22.856 27.370 -61.169
16.816 25.228 -62.237
10.169 25.813 -60.262
5.592 30.533 -61.082
3.249 37.083 -62.337
3.271 41.399 -66.938
2.745 42.648 -73.547
2.440 40.589 -79.716
1.191 36.231 -84.633
-2.888 31.512 -86.563
-6.205 25.646 -85.650
-9.159 21.445 -81.103
-13.549 22.086 -76.260
-17.166 25.681 -72.128
-20.964 31.455 -71.016
-25.217 35.233 -74.043
-29.956 35.601 -79.340
-33.849 32.532 -83.135
-37.239 27.523 -86.025
-40.096 21.607 -85.400
-41.429 15.470 -82.993
-40.673 11.269 -77.754
-41.160 11.478 -71.242
-40.900 14.766 -65.488
-44.538 19.554 -62.148
-49.448 24.284 -61.939
-56.219 24.712 -62.705
-61.714 21.746 -62.219
-66.170 16.570 -61.092
-67.613 11.177 -59.089
-65.630 5.115 -55.224
-61.088 2.699 -50.633
-56.262 3.436 -47.251
-51.769 7.023 -43.240
-52.459 13.407 -40.024
-56.463 17.122 -36.295
-60.572 17.145 -31.080
-62.863 14.937 -26.210
-65.034 9.274 -21.772
-63.848 4.640 -18.625
-59.814 -0.083 -16.336
-53.306 -3.365 -17.198
-47.596 -2.837 -17.746
-41.896 -0.107 -19.747
-38.442 5.392 -18.975
-37.281 11.545 -15.887
-37.196 13.845 -9.283
-36.783 14.118 -3.688
-35.385 11.791 2.297
-32.805 6.913 6.216
-28.012 1.463 6.986
-22.070 -1.614 4.908
-18.689 -3.964 -0.660
-16.388 -0.911 -6.471
-14.212 4.862 -9.274
-11.564 10.942 -8.532
-9.733 16.476 -4.981
-4.167 17.949 -1.870
1.360 16.807 1.863
6.204 12.847 4.006
10.555 8.142 1.924
12.383 3.734 -3.161
11.150 1.284 -9.556
9.558 1.720 -15.819
6.346 6.151 -20.408
7.469 12.141 -23.307
11.558 17.351 -24.615
17.421 20.688 -24.914
23.666 18.894 -27.255
28.295 14.040 -28.581
29.074 7.887 -31.251
25.898 3.291 -35.679
21.346 1.438 -39.849
17.647 2.110 -44.411
11.936 5.961 -47.723
11.930 11.307 -51.330
14.776 17.262 -53.362
18.939 17.762 -58.819
21.283 15.200 -64.323
22.441 11.420 -68.674
20.857 5.837 -72.443
16.068 0.098 -74.111
9.904 -1.857 -73.474
3.590 -0.147 -72.705
-1.257 4.498 -72.744
-3.385 10.349 -74.934
-3.136 15.697 -78.570
-2.637 18.260 -84.988
0.737 18.119 -91.160
-7.803 0.160 92.694
-13.786 3.331 93.946
-16.615 8.443 90.887
-17.260 14.143 87.474
-15.430 17.498 82.264
-12.780 16.493 75.795
-8.893 12.978 71.513
-7.090 7.143 68.997
-8.763 1.376 67.173
-12.804 -2.467 64.122
-19.095 -4.373 62.418
-25.366 -2.373 60.603
-28.754 1.653 56.967
-30.501 4.944 51.324
-28.765 11.391 48.153
-23.301 15.455 46.141
-16.528 15.242 44.884
-12.554 10.195 42.433
-11.563 3.807 40.113
-13.942 -1.391 36.314
-18.585 -2.227 30.956
-21.638 0.117 25.229
-21.771 3.921 19.769
-19.059 8.827 15.515
-12.753 12.911 13.651
-6.512 15.028 14.523
-0.789 12.858 17.803
1.734 6.946 19.484
3.675 0.500 17.737
4.406 -3.788 12.856
4.554 -6.399 6.594
7.485 -4.545 0.726
12.204 -1.006 -2.677
16.330 4.715 -3.206
20.652 9.128 -0.161
23.493 11.833 5.249
25.933 10.694 11.248
26.468 7.911 17.019
29.715 2.699 19.812
31.857 -4.117 18.506
36.909 -6.652 16.252
43.659 -6.548 13.770
49.014 -2.901 12.983
52.575 2.871 14.943
53.717 9.040 16.885
52.967 13.574 22.353
48.791 14.306 28.033
47.189 11.226 33.290
47.532 5.874 37.946
50.883 0.453 40.548
56.506 -1.865 42.235
62.584 -0.486 44.385
68.264 3.225 45.364
69.285 6.190 50.303
70.246 13.327 50.661
67.162 17.887 55.372
61.790 21.331 55.520
55.415 20.292 56.806
50.625 16.342 59.741
49.205 10.442 63.047
50.622 6.479 68.390
52.029 6.586 74.534
53.051 9.703 80.556
53.353 15.031 84.335
50.562 20.607 86.372
46.408 25.433 85.532
42.467 29.349 81.248
36.824 28.254 78.481
32.039 24.121 76.186
28.138 18.622 77.358
24.600 15.739 82.428
22.273 15.736 88.428
19.899 19.514 93.512
16.847 24.846 95.522
14.144 30.781 94.792
10.847 35.524 91.622
9.403 39.148 85.817
7.064 37.584 80.225
6.623 33.014 75.304
2.339 27.784 73.971
-2.034 22.958 75.951
-8.156 22.115 78.818
-13.915 25.213 79.984
-18.251 29.852 79.201
-20.626 35.706 76.989
-20.976 39.470 71.569
-19.788 40.726 65.400
-14.863 40.001 60.579
-12.229 35.878 56.274
-12.228 29.233 54.254
-16.559 24.315 52.616
-21.777 22.795 49.503
-26.616 24.208 45.252
-27.999 27.393 39.742
-28.766 33.348 36.147
-26.415 37.502 32.265
-21.433 41.447 29.979
-15.225 41.624 28.706
-8.853 39.946 30.349
-5.395 34.649 29.075
-5.150 27.399 28.059
-6.290 23.732 22.361
-9.216 21.643 16.706
-9.737 23.832 10.143
-7.185 27.885 4.960
-3.674 33.935 2.356
1.406 36.554 1.924
7.346 40.199 4.611
11.857 39.158 9.853
14.905 33.803 12.723
18.074 27.597 12.149
18.594 21.642 8.577
21.591 19.432 3.291
25.761 20.231 -1.721
30.842 23.179 -4.486
35.221 28.447 -4.417
38.112 34.079 -1.446
39.942 36.721 4.438
40.312 37.085 11.172
38.971 34.187 17.037
40.180 28.394 20.787
44.280 23.101 21.936
50.002 20.044 21.128
56.560 20.864 20.423
61.757 26.162 19.936
62.805 33.767 21.073
63.525 38.613 25.421
59.289 41.625 30.324
56.157 41.700 35.608
51.810 39.032 40.672
52.723 34.710 45.429
55.844 29.144 48.263
61.473 29.134 51.783
65.883 32.287 55.463
68.868 37.115 58.593
69.227 43.255 61.155
65.665 47.690 64.085
59.790 50.521 65.933
53.320 48.955 67.846
48.631 44.588 68.958
46.634 38.799 71.575
47.711 34.216 76.273
50.103 32.821 82.361
54.466 33.389 87.520
55.490 38.893 91.914
48.787 52.372 80.636
56.002 51.443 83.456
60.800 46.546 84.607
63.810 41.225 81.064
63.256 35.365 78.181
59.813 31.284 74.436
55.930 31.471 68.277
51.167 34.564 64.819
49.999 40.155 61.056
51.375 44.843 57.433
55.862 48.978 54.002
61.192 49.452 50.339
66.240 45.825 47.778
69.259 40.816 44.988
70.206 35.116 42.037
67.134 29.136 39.537
61.650 25.462 38.506
54.700 25.735 38.568
50.434 30.346 35.288
49.334 35.657 31.460
51.448 39.641 26.348
54.631 39.369 20.145
56.816 36.282 14.802
55.871 32.253 9.830
52.700 25.903 7.900
46.655 21.273 7.966
40.028 19.261 10.410
35.240 22.308 14.382
32.389 28.418 14.812
30.686 34.299 12.032
29.418 37.885 6.284
27.713 38.041 -0.064
23.590 35.422 -4.751
19.276 30.432 -6.643
14.624 25.830 -5.619
11.535 22.337 -0.978
9.162 21.386 5.546
7.806 23.399 11.342
7.568 27.963 16.441
4.936 33.783 17.645
1.813 39.821 15.577
-3.486 41.754 12.508
-10.034 40.538 11.748
-15.763 35.895 12.793
-18.209 31.334 16.625
-18.360 25.660 20.619
-17.138 24.342 26.182
-12.151 24.505 31.926
-10.215 28.956 36.058
-9.875 34.983 38.939
-12.804 41.001 40.778
-18.613 42.813 43.373
-24.324 41.924 46.152
-28.799 39.151 49.373
-30.214 35.503 53.868
-29.772 30.380 58.204
-26.218 26.394 61.658
-20.349 23.562 63.237
-13.749 24.084 61.524
-9.263 29.129 62.929
-7.399 35.739 64.559
-8.027 40.477 68.834
-7.993 41.683 75.435
-8.499 40.096 81.814
-8.528 35.765 86.819
-5.001 31.058 89.636
-0.846 25.872 89.225
2.691 21.277 85.374
7.852 21.664 81.455
11.887 25.203 77.608
15.754 30.968 76.971
19.711 34.828 80.637
23.074 35.827 86.122
26.774 33.268 90.847
29.912 28.141 94.071
32.985 22.553 93.947
35.056 16.823 92.123
35.275 12.307 86.820
36.474 12.475 80.691
36.741 15.679 74.669
40.923 20.358 71.638
45.516 25.387 71.795
52.000 26.329 73.437
57.658 24.291 73.552
62.389 19.405 73.482
63.640 12.783 72.619
63.596 7.721 68.123
60.272 4.333 63.605
55.480 4.180 58.700
51.883 7.942 54.365
52.122 14.147 50.811
56.236 18.107 47.237
60.954 18.363 43.058
64.566 16.468 38.477
66.686 11.770 34.421
66.377 5.990 31.468
62.832 1.072 28.926
57.620 -2.982 28.994
51.314 -3.076 29.384
44.978 -0.716 30.979
41.855 4.062 28.787
40.847 10.915 26.093
41.364 13.069 19.790
43.022 12.197 13.218
41.908 8.419 7.924
39.946 4.124 4.101
36.266 -1.593 3.910
30.141 -4.583 4.628
25.106 -6.756 9.153
21.895 -3.879 14.454
18.785 1.732 15.900
15.810 7.467 14.310
14.835 12.577 9.988
10.981 13.255 4.336
5.642 12.007 1.533
0.322 8.082 -1.001
-4.010 3.093 1.481
-6.268 -1.556 5.999
-6.159 -3.798 12.633
-5.522 -2.267 19.342
-3.298 2.106 24.093
-4.901 8.287 26.567
-8.893 13.964 26.797
-14.918 16.938 25.973
-21.197 15.105 27.195
-26.575 9.781 28.118
-27.174 3.692 31.241
-25.102 -1.038 35.996
-20.709 -2.354 41.555
-17.633 -1.037 46.238
-12.795 3.144 50.070
-13.227 8.808 53.234
-16.070 14.758 54.690
-20.369 15.371 60.032
-25.486 13.476 63.995
-26.441 9.623 69.057
-26.208 4.914 73.321
-21.878 -0.369 75.706
-15.045 -2.920 76.366
-8.527 -1.230 76.936
-4.129 4.022 76.341
-2.357 9.820 78.442
-2.961 15.239 82.340
-4.518 17.894 88.383
-7.771 18.111 94.381
-21.052 7.079 -10.934
-14.888 7.348 -8.946
-8.838 4.908 -8.346
-3.896 0.605 -9.743
-1.858 -4.875 -12.868
-2.581 -8.421 -18.634
-4.780 -8.880 -25.002
-6.597 -4.965 -30.557
-7.647 0.483 -34.400
-4.118 5.681 -36.337
0.167 11.184 -35.233
6.694 11.766 -33.177
12.528 8.713 -32.767
16.528 3.197 -33.454
17.888 -2.599 -36.435
17.720 -6.731 -41.429
15.309 -7.922 -47.863
15.047 -5.684 -53.750
13.913 -0.274 -58.021
31.127 0.074 -50.089
27.164 4.791 -48.322
22.288 9.534 -49.367
15.981 9.437 -49.599
10.508 6.217 -51.749
6.909 0.568 -50.739
6.318 -4.432 -45.918
8.483 -7.198 -40.217
9.589 -6.020 -33.809
11.128 -1.644 -28.879
9.417 4.322 -25.754
4.520 7.608 -23.280
-1.888 9.659 -23.293
-8.576 8.819 -25.186
-12.865 3.701 -26.567
-14.220 -2.864 -25.422
-13.927 -7.898 -21.021
-13.807 -10.320 -15.448
-13.100 -10.308 -8.895
-14.647 22.458 134.502
-11.799 27.787 130.591
-5.763 29.627 127.709
0.097 26.829 125.381
2.672 20.736 123.542
1.943 14.577 121.268
0.254 11.933 115.334
-4.977 9.853 111.089
-9.944 12.564 107.589
-13.525 17.766 104.937
-20.009 -10.485 41.732
14.521 16.212 -41.060
14.104 3.449 17.656
48.278 2.471 -16.791
35.935 -26.326 27.436
31.775 -24.249 27.843
27.814 -18.608 25.713
24.803 -16.156 20.152
21.700 -18.150 14.614
19.214 -23.103 10.770
15.147 -28.299 11.220
11.500 -32.602 14.718
8.536 -34.878 20.298
5.423 -33.337 26.105
0.638 -29.102 28.507
-2.835 -23.295 30.007
-7.197 -19.285 26.126
-10.258 -16.932 20.932
-12.919 -18.665 14.983
-15.602 -23.759 11.592
-17.721 -30.025 9.755
-21.169 -34.843 11.860
-25.314 -37.276 16.347
-28.508 -37.079 21.725
-32.418 -34.239 26.131
-36.385 -20.694 17.116
-30.039 -17.064 18.077
-27.059 -18.533 24.227
-24.122 -22.880 28.131
-21.761 -28.583 29.453
-19.086 -33.914 27.168
-13.950 -36.429 23.691
-9.476 -36.033 18.613
-6.412 -33.049 13.316
-4.296 -27.449 10.245
-0.827 -22.104 12.054
1.868 -16.759 15.221
5.694 -15.971 21.106
8.075 -17.991 27.143
11.964 -22.564 29.698
15.004 -28.354 28.976
17.466 -33.562 25.136
20.618 -35.116 19.271
24.295 -33.177 14.656
28.296 -28.993 10.891
31.880 -23.835 10.606
4.563 28.780 -13.813
3.934 24.350 -17.249
6.940 25.972 -22.001
10.264 28.984 -26.703
12.920 34.500 -28.837
15.906 40.136 -26.954
20.699 42.566 -23.085
25.114 42.192 -17.941
27.949 39.053 -12.515
30.299 33.534 -9.467
33.786 28.165 -11.072
36.082 22.802 -14.393
40.100 21.864 -20.056
42.556 23.647 -26.157
46.451 28.232 -28.771
49.491 34.106 -28.169
52.056 39.288 -24.267
55.048 40.838 -18.182
58.739 38.840 -13.740
62.869 35.028 -9.935
65.807 29.454 -9.167
69.742 35.499 -27.714
66.645 31.346 -26.282
63.189 25.955 -24.483
59.784 22.198 -19.581
56.201 23.793 -13.909
53.783 28.773 -9.944
49.758 34.214 -10.287
45.959 38.548 -13.758
43.214 40.800 -19.568
40.108 39.123 -25.287
35.232 34.989 -27.866
31.706 29.195 -29.211
27.710 25.121 -26.000
25.090 22.440 -19.454
21.370 24.654 -14.290
18.912 29.860 -10.954
16.702 36.055 -9.228
13.169 41.048 -11.317
9.267 43.562 -16.056
5.586 42.691 -21.511
3.266 37.534 -25.550
-21.785 27.428 14.376
-21.756 25.782 8.212
-25.438 26.787 2.786
-26.707 29.458 -3.419
-25.145 34.334 -7.328
-20.815 38.982 -10.018
-16.199 43.697 -10.796
-9.602 44.627 -9.706
-3.453 43.849 -7.254
1.762 39.842 -6.195
-6.691 25.219 -12.781
-6.101 25.983 -5.953
-5.484 30.246 -0.770
-6.212 36.181 2.395
-8.946 42.043 3.110
-14.740 45.181 3.471
-21.292 45.075 3.037
-27.683 43.536 3.853
-30.308 43.749 5.071
-29.909 46.407 6.112
42.673 -60.427 -1.632
43.344 -59.729 5.383
44.290 -55.495 10.570
43.802 -49.489 13.609
40.598 -43.720 14.644
34.807 -40.844 15.192
28.596 -40.749 14.924
28.762 -61.937 32.049
27.977 -57.943 25.702
27.769 -59.537 19.709
24.147 -58.825 14.265
22.443 -55.953 8.220
24.726 -51.389 3.913
28.586 -46.573 1.568
33.216 -41.917 0.982
39.783 -41.191 1.991
45.954 -41.991 4.454
51.150 -45.923 5.246
21.632 -41.852 14.975
19.009 -41.596 16.339
19.381 -38.939 17.282
-127.633 3.938 -14.066
-133.729 3.958 -16.174
-132.742 6.179 -10.530
-134.650 8.517 -4.673
-137.883 8.434 1.344
-140.887 4.347 5.456
-142.764 -1.538 8.023
-144.453 -7.842 8.736
-141.966 -14.118 7.797
-138.294 -19.066 4.954
-132.369 -21.558 4.253
-123.746 -6.900 10.857
-124.369 -7.734 3.926
-127.575 -10.965 -1.122
-132.957 -13.512 -4.204
-139.506 -13.438 -5.123
-144.951 -9.886 -5.556
-148.098 -4.476 -5.014
-150.649 2.142 -5.720
-152.228 4.229 -7.001
-154.393 2.697 -7.966
-77.561 81.303 12.643
-83.911 81.617 14.034
-83.170 79.005 8.641
-85.032 76.712 3.094
-88.021 76.902 -2.978
-91.233 80.817 -6.906
-92.957 86.710 -9.510
-94.819 93.083 -10.176
-92.458 99.246 -9.168
-88.662 104.180 -6.594
-82.601 106.615 -5.712
-74.288 92.006 -12.479
-74.714 92.962 -5.546
-77.760 95.873 -0.307
-83.203 98.423 2.772
-89.688 98.506 3.617
-95.170 94.949 4.112
-98.339 89.534 3.788
-98.834 90.374 1.986
-100.775 83.132 3.953
-102.336 80.971 5.282
-104.515 82.531 6.303
-67.623 62.069 -14.281
-70.308 57.023 -16.740
-71.811 58.863 -11.202
-74.584 59.255 -5.138
-75.124 55.925 0.633
-74.018 51.369 4.946
-69.477 47.092 7.763
-65.023 42.408 8.507
-58.593 40.940 6.980
-52.487 41.776 4.642
-47.460 45.850 3.801
-56.444 60.038 10.187
-55.497 59.523 3.342
-54.620 55.499 -2.032
-55.366 49.562 -4.957
-58.284 43.707 -5.887
-63.772 40.681 -6.222
-70.098 39.649 -5.383
-74.112 42.657 -2.866
-76.853 41.810 -6.092
-79.435 41.504 -7.373
-79.129 38.909 -8.525
20.047 -4.727 -10.310
21.880 -9.747 -6.154
24.596 -10.573 0.168
26.655 -7.945 6.148
26.824 -2.826 10.540
24.560 3.230 12.621
19.819 8.095 12.376
13.060 9.298 10.895
7.122 7.610 9.334
2.444 3.021 9.921
0.430 -2.658 12.966
0.719 -7.137 18.069
1.895 -8.081 24.621
3.158 -6.059 30.987
1.723 -1.367 35.226
-1.289 4.156 37.175
-6.340 8.251 36.045
-11.944 11.291 33.345
-17.932 9.495 30.933
-23.054 5.115 31.404
-12.775 -7.085 42.032
-15.438 -10.198 36.475
-17.295 -8.579 30.093
-16.132 -4.322 25.126
-14.873 1.443 22.232
-10.639 6.484 21.707
-5.578 10.628 23.477
0.342 11.208 26.029
6.248 8.983 27.724
11.556 4.806 27.887
12.488 -2.002 25.755
12.570 -7.024 21.046
10.591 -9.092 14.818
7.767 -7.398 8.719
7.763 -2.760 3.869
11.022 2.627 0.932
15.690 7.543 0.664
22.513 8.608 0.988
28.636 6.686 3.276
32.908 1.497 3.235
-8.598 11.183 -35.286
-14.465 10.156 -31.873
-19.758 6.644 -29.184
-19.941 1.418 -24.885
-17.078 -4.295 -22.283
-11.806 -6.971 -19.496
-6.045 -5.344 -16.087
-1.722 -1.085 -12.848
-1.407 4.775 -9.800
-3.935 9.451 -5.632
-8.899 12.484 -2.152
-14.549 11.617 1.204
-18.302 7.751 5.398
-19.893 1.395 7.896
-16.994 -4.375 10.266
-11.054 -7.561 12.306
-5.117 -7.109 15.460
-17.311 5.667 23.368
-12.705 10.221 20.398
-7.032 10.095 16.730
-1.508 7.291 13.705
-0.678 2.432 9.212
-2.634 -3.660 6.613
-7.934 -6.707 3.753
-13.759 -6.326 0.587
-18.707 -2.663 -2.405
-20.274 2.577 -5.756
-18.876 7.837 -9.367
-14.453 12.343 -12.350
-8.397 12.265 -15.606
-3.970 8.999 -19.532
-1.132 3.376 -22.306
-2.803 -2.720 -25.132
-7.877 -6.836 -27.411
-13.678 -7.103 -30.834
-8.317 11.024 -35.059
-14.219 10.089 -31.785
-19.550 6.679 -29.058
-19.712 1.588 -24.743
-16.920 -4.231 -22.014
-11.798 -7.056 -19.315
-6.068 -5.496 -15.940
-1.506 -1.188 -12.490
-1.635 4.534 -8.936
-4.504 10.078 -6.428
-8.801 12.634 -2.239
-14.380 11.538 1.218
-18.036 7.718 5.432
-19.732 1.501 8.142
-17.023 -4.358 10.503
-11.243 -7.579 12.475
-5.264 -7.031 15.533
-12.594 10.372 20.595
-6.929 10.147 16.823
-1.596 7.270 13.743
-0.827 2.321 9.231
-2.722 -3.727 6.666
-7.922 -6.836 3.820
-13.905 -6.440 0.690
-18.446 -2.749 -2.496
-20.091 2.730 -5.847
-18.597 8.018 -9.476
-14.226 12.381 -12.293
-8.250 12.274 -15.514
-3.778 9.049 -19.469
-1.072 3.282 -22.174
-2.722 -2.803 -24.984
-7.858 -6.987 -27.146
-13.724 -7.191 -30.417
