8.131 20.467 37.588
7.086 18.818 43.918
6.868 21.689 49.193
8.168 25.471 54.191
3.539 21.726 56.635
3.286 15.005 54.734
1.829 8.618 56.403
1.854 4.986 61.863
1.039 6.029 67.816
-2.252 3.779 73.419
8.131 20.083 37.106
7.386 18.527 43.581
7.074 21.215 48.862
8.474 24.910 54.038
3.781 21.179 56.412
3.325 14.474 54.316
1.783 8.046 56.047
1.887 4.477 61.573
1.014 5.714 67.457
-2.971 3.158 72.995
101.276 53.175 -4.696
95.893 50.205 -4.616
92.378 44.725 -2.480
91.833 39.133 1.362
93.650 35.758 6.785
95.758 36.973 13.060
99.099 40.704 17.614
100.284 46.754 20.115
97.499 52.151 22.424
92.837 55.930 23.607
86.611 57.279 25.738
80.980 55.292 27.598
77.045 51.032 30.597
75.729 47.073 35.348
77.212 41.042 38.477
81.904 38.118 41.859
88.741 37.889 42.985
92.663 42.725 46.124
93.614 49.046 48.435
90.800 53.953 51.648
85.815 55.864 56.575
81.994 53.214 61.513
81.321 49.932 67.854
83.824 44.607 72.241
89.309 39.594 74.060
95.172 37.923 73.785
102.027 39.879 71.280
105.029 45.078 70.286
106.594 52.043 71.906
105.876 56.647 76.748
106.513 57.955 84.060
109.164 55.930 89.512
112.678 52.375 93.604
116.706 46.539 93.531
120.788 42.175 91.069
124.484 40.508 85.686
127.261 41.650 80.342
128.976 46.023 74.966
133.408 50.946 73.514
135.923 56.708 75.299
139.949 59.359 79.342
145.673 57.405 82.883
150.507 53.632 83.296
154.232 48.972 81.131
155.925 43.051 78.000
156.435 40.225 71.972
152.438 38.712 66.477
151.834 42.516 60.835
152.152 47.952 56.962
155.887 53.503 55.531
161.008 56.511 53.717
167.053 56.131 52.097
172.541 53.163 50.544
175.363 48.829 46.720
176.130 42.279 45.032
173.475 37.861 39.433
168.351 34.105 38.150
161.455 34.963 37.758
157.230 39.258 34.696
155.991 44.846 31.223
157.293 48.851 25.921
159.704 48.939 20.150
161.336 46.565 14.522
162.404 41.486 10.332
159.584 36.072 7.926
155.563 31.046 8.172
151.363 26.863 11.716
145.301 27.643 14.064
140.496 31.362 16.340
136.464 36.828 14.921
132.953 39.138 9.833
131.608 40.030 3.428
129.529 36.446 -1.595
127.048 30.884 -4.304
124.388 25.104 -4.053
121.689 19.802 -1.436
119.831 16.287 4.065
117.112 16.850 9.834
115.586 21.171 14.659
110.945 26.535 15.939
106.753 31.166 13.655
100.838 31.323 10.555
95.419 28.708 9.266
91.036 23.522 8.821
88.913 17.750 10.987
87.586 13.962 16.273
88.281 12.774 22.520
93.137 12.869 27.590
95.179 17.343 32.261
94.869 23.883 34.327
90.434 28.596 35.523
85.092 30.176 38.393
80.536 28.744 42.851
77.410 24.343 47.152
77.224 20.089 51.057
79.456 15.317 55.054
83.942 11.783 57.928
90.268 10.893 59.105
96.683 13.125 58.375
99.850 18.442 60.056
100.210 25.147 61.644
98.568 28.829 66.930
96.122 29.344 73.106
94.835 27.186 79.098
96.496 23.141 84.338
100.111 18.405 86.780
105.820 14.278 87.036
110.783 11.481 84.281
116.184 13.289 80.606
120.203 18.164 78.253
122.155 24.750 78.809
122.410 30.414 81.988
124.856 32.709 88.107
129.020 32.075 92.930
133.847 28.319 94.877
138.446 23.481 95.821
141.232 17.831 92.781
142.602 14.572 86.975
144.086 14.627 80.333
142.976 18.110 74.511
145.061 23.731 71.429
149.146 29.020 71.374
154.897 32.052 72.333
161.556 30.307 73.040
166.054 25.238 74.318
167.936 18.889 72.482
167.001 14.075 67.731
164.328 12.015 62.328
161.431 11.822 56.523
157.907 15.003 51.323
159.668 19.802 46.868
163.711 25.395 46.004
168.951 25.404 42.343
173.753 22.599 38.733
177.048 17.788 35.965
176.762 12.282 33.150
173.580 7.751 29.114
167.817 5.567 26.866
161.424 6.843 25.144
156.504 11.180 24.101
154.883 16.987 21.315
156.260 22.045 16.948
158.888 23.323 11.082
162.851 22.596 5.658
163.326 5.571 9.602
168.978 9.172 9.903
171.464 15.139 11.792
171.280 20.449 15.733
168.015 24.764 19.961
164.264 24.315 25.392
159.303 21.252 28.858
157.962 15.734 32.364
159.603 9.949 35.038
163.961 6.691 38.860
169.218 5.403 42.116
173.023 8.267 46.297
175.498 12.487 50.238
175.450 17.974 53.703
172.823 24.142 55.858
167.522 27.468 56.249
160.632 27.902 55.299
156.067 23.392 57.704
154.371 17.440 60.814
156.050 13.468 65.697
158.838 13.040 72.102
160.254 15.863 77.716
160.428 19.982 82.850
155.832 24.850 85.448
150.698 30.380 84.981
144.915 31.563 83.117
139.698 30.245 78.426
136.157 24.478 77.579
134.454 17.862 79.178
133.555 14.032 84.693
130.843 14.181 90.862
126.252 15.976 94.731
121.302 20.160 97.177
117.785 25.818 95.492
115.325 30.176 90.719
112.993 30.556 84.481
112.375 28.066 78.399
112.072 23.546 73.841
109.250 17.840 71.688
105.498 12.433 73.277
100.268 10.306 75.763
93.941 11.486 75.855
88.721 15.902 74.855
86.306 20.827 71.670
85.955 25.788 67.569
87.912 28.620 61.853
92.650 28.393 56.956
95.505 24.146 52.623
96.166 18.163 49.826
93.207 12.595 47.280
87.990 10.461 44.215
82.544 11.221 41.336
78.608 13.338 37.609
77.019 17.105 32.362
78.281 22.630 28.699
81.971 26.324 25.545
87.870 29.519 24.950
94.380 28.879 26.603
98.825 24.051 25.931
100.945 17.895 24.113
100.848 13.204 19.560
100.988 12.203 13.082
101.353 13.813 6.674
102.006 18.083 1.926
105.302 23.324 -0.350
109.187 28.586 0.531
111.988 33.182 4.596
116.863 33.055 9.085
120.617 29.504 13.379
124.908 24.321 13.861
129.757 21.370 10.131
132.995 20.056 4.737
136.774 22.917 0.523
139.640 28.253 -2.355
142.236 33.989 -1.818
144.433 39.503 1.097
144.527 43.564 6.364
145.830 43.682 12.633
144.939 40.171 18.432
148.905 34.974 21.677
153.596 30.339 21.495
160.048 29.676 20.462
165.877 32.239 20.523
170.013 37.902 20.897
171.340 43.495 22.775
170.454 48.696 27.261
167.481 50.557 32.447
162.072 50.868 36.844
158.672 47.067 40.779
158.318 40.790 43.584
162.089 36.609 46.802
166.442 35.493 51.495
168.175 37.700 57.450
170.268 43.580 60.745
168.869 47.528 64.411
166.239 53.237 66.377
161.249 56.031 67.654
154.309 56.784 66.983
148.744 54.116 63.762
145.364 49.008 65.545
144.286 42.425 68.246
143.995 40.331 74.839
143.775 39.934 80.452
143.968 43.207 86.244
140.475 47.675 89.902
136.406 53.167 90.404
131.020 56.319 88.992
127.003 58.836 83.896
123.910 56.833 78.390
120.696 51.755 75.677
117.877 44.721 76.273
116.004 40.437 80.712
112.076 38.501 85.201
106.588 39.734 88.747
101.273 44.099 89.066
97.329 49.259 87.053
95.679 54.304 82.613
95.616 55.999 76.100
97.154 55.078 69.801
100.339 50.951 65.178
98.985 44.481 62.347
94.892 39.586 61.478
88.704 36.641 60.972
82.353 38.438 59.825
77.850 43.009 58.653
76.903 49.196 55.387
79.350 53.020 50.468
83.830 55.038 45.856
88.357 54.107 41.187
93.223 49.966 38.254
92.557 44.220 35.249
89.433 38.397 33.151
85.744 37.577 27.852
81.631 40.458 22.991
80.401 43.340 18.454
81.580 47.860 13.986
85.657 52.575 11.515
92.030 55.318 11.378
98.421 54.063 11.761
103.795 50.201 12.054
106.055 43.877 11.355
105.843 38.656 7.392
105.104 36.120 1.321
101.606 35.523 -4.721
38.686 89.731 -100.238
36.109 95.191 -100.390
33.503 99.693 -97.491
33.599 102.658 -92.616
36.233 104.812 -87.991
41.209 106.827 -86.732
46.639 108.859 -86.828
51.134 110.455 -90.284
54.984 111.667 -95.111
56.541 112.304 -100.444
53.270 114.233 -106.530
47.825 113.466 -110.669
41.668 112.760 -111.038
35.438 114.755 -108.320
32.099 117.488 -104.313
44.726 126.023 -98.938
41.308 122.034 -93.670
39.742 116.081 -93.509
38.415 109.900 -96.290
39.181 105.633 -100.364
42.999 102.019 -104.664
47.180 97.688 -102.506
49.383 94.439 -98.109
49.927 91.786 -92.671
46.566 89.572 -88.308
42.764 88.442 -83.801
36.991 88.567 -82.462
30.820 88.434 -84.563
24.769 90.421 -87.266
23.113 92.173 -93.790
32.850 10.771 21.805
34.116 17.531 19.728
40.122 19.952 22.008
45.733 18.390 24.295
43.748 22.691 19.828
49.001 25.501 15.823
44.609 27.158 10.996
40.314 27.369 6.382
42.391 32.255 1.751
41.884 55.356 -26.479
47.830 55.611 -29.440
55.255 55.492 -29.315
60.572 54.219 -25.644
64.019 51.012 -20.685
66.019 48.536 -15.062
65.099 43.477 -10.558
61.326 38.496 -8.566
57.510 33.310 -9.996
55.249 27.863 -13.711
56.238 24.283 -19.135
59.899 22.107 -23.700
65.879 21.112 -26.322
71.660 19.371 -25.314
76.359 25.050 -8.400
76.174 29.412 -13.031
75.757 31.539 -19.632
71.150 34.182 -24.840
65.178 34.202 -27.744
58.447 32.527 -27.651
52.117 34.595 -24.654
50.476 36.510 -18.475
50.924 39.414 -12.150
51.630 45.108 -9.611
53.693 50.888 -8.669
54.178 56.899 -10.934
52.711 63.042 -15.600
51.825 65.747 -16.433
51.585 67.408 -13.924
6.717 -54.640 -92.949
12.694 -51.304 -93.721
15.804 -46.627 -91.261
16.746 -40.815 -87.396
14.927 -37.237 -82.471
12.537 -38.351 -76.026
8.442 -42.025 -71.829
7.528 -47.762 -69.051
9.603 -53.503 -67.155
13.890 -56.668 -64.439
20.075 -58.310 -62.552
26.038 -55.394 -60.824
29.261 -51.133 -57.696
30.063 -46.447 -53.379
27.826 -40.835 -49.907
23.141 -38.621 -46.441
16.265 -38.486 -44.934
12.606 -43.643 -42.173
12.455 -50.036 -39.777
16.274 -54.395 -35.888
20.539 -55.580 -31.100
22.332 -53.622 -24.880
23.750 -50.051 -19.984
20.773 -46.384 -15.612
16.212 -41.718 -13.392
11.337 -40.142 -12.638
4.924 -38.088 -14.546
0.524 -41.032 -18.834
-1.958 -47.058 -19.976
-3.654 -53.103 -17.904
-3.703 -57.710 -12.880
-4.974 -59.500 -6.638
-8.163 -58.329 -1.545
-12.890 -54.264 2.850
-16.815 -49.312 2.832
-21.477 -45.668 -0.126
-24.247 -43.068 -5.429
-26.469 -43.794 -11.171
-26.472 -46.540 -17.583
-29.907 -51.848 -19.827
-32.248 -58.234 -18.779
-37.167 -61.162 -16.388
-43.539 -60.288 -14.127
-48.881 -56.649 -13.878
-52.681 -52.029 -15.472
-54.389 -45.786 -18.019
-52.857 -41.254 -22.654
-49.368 -40.844 -28.514
-47.649 -43.911 -34.003
-47.636 -49.195 -38.216
-51.025 -54.481 -40.992
-56.922 -56.356 -42.683
-63.349 -54.947 -44.581
-67.861 -50.862 -46.950
-69.578 -44.400 -49.510
-66.848 -38.123 -51.082
-61.711 -35.198 -53.700
-56.391 -34.901 -57.368
-50.943 -38.644 -59.661
-49.348 -44.348 -63.325
-50.550 -48.329 -68.602
-52.312 -48.385 -74.771
-52.832 -45.256 -80.770
-53.725 -39.898 -84.654
-50.874 -34.562 -86.051
-46.860 -29.466 -85.514
-42.955 -25.575 -81.259
-37.180 -26.603 -78.291
-32.301 -30.680 -76.344
-28.139 -35.919 -77.532
-24.592 -38.285 -82.665
-22.702 -38.718 -89.040
-20.150 -34.873 -93.733
-17.774 -29.612 -95.764
-14.900 -23.915 -95.054
-11.515 -19.098 -91.794
-10.069 -15.868 -86.249
-7.701 -17.096 -80.220
-7.034 -21.681 -75.426
-2.796 -26.921 -74.045
1.591 -31.773 -76.012
7.636 -32.402 -79.057
13.339 -29.447 -80.318
17.508 -24.695 -79.523
20.027 -18.837 -77.203
20.705 -15.231 -71.807
19.090 -13.710 -65.727
13.947 -14.163 -60.989
11.814 -18.360 -56.360
11.631 -24.980 -54.523
15.956 -29.706 -52.732
21.532 -31.381 -49.461
25.958 -29.808 -45.010
27.557 -26.111 -40.204
27.795 -20.978 -36.292
25.577 -16.134 -33.106
20.629 -12.286 -30.736
14.183 -12.386 -28.861
7.939 -14.086 -30.952
4.593 -19.447 -29.299
4.636 -26.209 -27.576
6.212 -29.657 -22.237
8.636 -31.166 -16.114
8.533 -29.422 -9.987
6.581 -25.231 -4.941
3.105 -20.193 -2.965
-2.365 -17.159 -2.835
-8.010 -14.367 -5.232
-12.894 -15.362 -10.226
-16.220 -20.649 -12.619
-18.125 -27.137 -12.390
-18.724 -32.691 -8.324
-21.291 -34.800 -3.180
-25.931 -33.673 1.400
-30.727 -30.713 4.251
-35.335 -25.931 3.981
-38.778 -21.093 0.952
-40.262 -17.916 -4.813
-39.930 -18.114 -11.116
-40.315 -20.609 -16.790
-40.694 -26.194 -20.915
-44.704 -31.734 -21.735
-50.197 -35.562 -19.900
-55.978 -35.226 -20.030
-62.186 -32.746 -19.811
-65.568 -28.106 -21.337
-66.713 -21.814 -23.191
-64.421 -16.839 -26.671
-60.373 -14.102 -30.988
-56.290 -13.469 -36.213
-52.476 -16.131 -41.502
-53.733 -20.268 -46.114
-56.490 -25.976 -48.760
-62.686 -26.246 -52.636
-66.936 -22.997 -55.761
-70.177 -18.346 -58.753
-70.219 -12.716 -61.397
-66.625 -8.141 -64.493
-60.643 -5.095 -65.747
-54.678 -6.458 -67.793
-49.509 -10.694 -68.754
-47.412 -16.024 -71.534
-48.381 -20.930 -76.171
-50.833 -22.374 -82.123
-54.695 -21.761 -87.418
-56.226 -5.253 -84.133
-61.183 -8.477 -83.973
-63.448 -14.444 -81.995
-63.649 -19.772 -78.114
-60.344 -24.273 -74.252
-56.854 -23.633 -68.515
-51.955 -20.553 -64.797
-51.277 -15.283 -60.817
-53.202 -10.170 -57.457
-57.382 -6.736 -54.072
-62.971 -6.067 -50.642
-67.646 -9.767 -47.862
-70.291 -14.822 -44.978
-70.030 -20.286 -41.465
-67.262 -26.312 -40.210
-62.317 -29.325 -38.170
-55.345 -29.505 -38.118
-51.343 -25.122 -34.806
-50.573 -19.123 -31.338
-53.011 -15.841 -26.379
-56.191 -15.937 -20.290
-57.802 -18.206 -15.220
-57.838 -22.909 -10.300
-54.767 -27.280 -7.540
-50.370 -32.414 -6.948
-44.712 -34.590 -7.384
-38.800 -35.767 -11.079
-35.284 -31.983 -15.108
-33.183 -25.806 -15.252
-30.901 -20.088 -12.218
-30.336 -16.482 -6.383
-28.256 -16.351 -0.305
-24.075 -19.031 4.407
-19.356 -23.267 6.267
-14.913 -27.940 4.912
-11.548 -31.307 0.507
-9.300 -32.202 -5.507
-7.993 -30.413 -11.599
-8.416 -26.202 -16.809
-5.037 -20.476 -18.217
-2.190 -14.487 -16.091
3.064 -12.393 -13.008
9.657 -13.635 -12.182
14.751 -17.589 -13.376
17.543 -21.745 -17.511
18.004 -27.680 -20.725
16.606 -29.267 -26.851
11.874 -29.152 -32.025
9.627 -25.112 -36.318
9.224 -19.130 -39.284
12.238 -13.425 -41.449
17.446 -11.940 -44.186
23.585 -12.263 -46.501
28.181 -15.053 -49.435
29.760 -18.687 -54.266
28.889 -23.588 -58.613
25.400 -28.055 -61.991
19.812 -30.720 -63.220
13.045 -29.978 -61.973
8.612 -25.161 -63.131
6.836 -18.671 -64.765
7.482 -14.086 -69.224
7.342 -13.071 -75.778
8.129 -14.764 -82.002
7.912 -19.067 -87.034
4.455 -23.809 -89.669
0.258 -28.868 -89.505
-3.297 -33.376 -85.757
-8.256 -33.096 -81.725
-12.692 -29.649 -77.726
-16.366 -23.990 -77.237
-20.362 -20.313 -80.849
-24.084 -19.159 -86.377
-27.226 -21.471 -91.052
-30.146 -26.723 -94.364
-33.014 -32.019 -94.230
-35.121 -37.841 -92.178
-35.796 -42.295 -87.124
-36.729 -42.205 -80.720
-36.719 -39.188 -74.987
-41.262 -34.494 -71.732
-45.972 -29.753 -71.837
-52.433 -28.759 -73.490
-58.130 -31.701 -73.914
-62.517 -36.870 -74.304
-63.862 -43.427 -72.905
-63.470 -47.791 -67.895
-60.238 -50.657 -63.827
-55.599 -51.017 -58.707
-51.830 -47.292 -54.530
-52.333 -41.339 -50.940
-56.592 -37.484 -47.344
-61.101 -37.275 -42.639
-64.502 -40.995 -37.833
-65.645 -46.604 -34.057
-63.527 -52.175 -31.320
-58.218 -57.364 -29.750
-51.962 -58.095 -29.517
-45.691 -55.944 -31.230
-41.524 -50.741 -29.048
-41.371 -44.509 -26.445
-42.673 -41.871 -19.880
-43.511 -42.411 -13.362
-42.733 -46.265 -8.074
-39.961 -51.197 -4.836
-36.148 -56.293 -4.472
-30.541 -59.223 -5.338
-24.948 -60.520 -8.813
-21.192 -58.433 -14.310
-18.477 -52.382 -15.678
-16.632 -46.218 -14.409
-15.521 -41.607 -9.537
-11.256 -40.982 -4.569
-5.843 -43.051 -1.200
-1.122 -46.775 1.171
3.257 -50.914 -1.610
5.990 -54.875 -6.012
6.703 -56.953 -12.176
5.759 -55.756 -18.861
4.669 -51.811 -23.822
4.495 -45.367 -26.690
8.649 -39.934 -26.805
14.165 -37.150 -26.054
20.618 -36.627 -25.598
26.008 -39.037 -28.029
29.349 -44.401 -30.478
29.780 -48.694 -34.252
27.231 -53.303 -38.869
21.845 -55.434 -41.970
17.531 -54.686 -46.772
12.820 -51.021 -50.508
13.179 -45.576 -53.930
15.515 -39.560 -55.895
20.271 -38.656 -60.649
24.694 -41.116 -65.059
26.420 -44.769 -69.195
25.824 -49.393 -73.753
21.895 -54.397 -76.060
15.557 -57.087 -76.783
8.969 -55.633 -76.965
4.172 -51.043 -76.968
2.103 -45.052 -78.641
2.454 -39.612 -82.261
4.189 -36.772 -88.434
7.268 -37.043 -94.529
58.994 38.513 34.688
63.579 42.730 33.029
62.300 48.245 30.330
64.875 50.170 25.560
63.252 53.404 21.359
42.088 43.005 -13.949
35.920 44.268 -12.179
35.115 49.005 -7.771
32.063 48.359 -2.919
32.600 47.591 3.761
2.869 26.398 23.532
5.110 29.668 28.710
11.048 28.851 30.857
12.627 27.587 36.466
16.474 23.493 39.559
13.266 20.539 44.562
7.791 23.091 46.538
6.296 24.346 51.979
65.089 -4.478 64.327
68.168 -6.444 58.612
69.217 0.098 58.922
72.560 2.224 53.904
69.028 5.741 51.538
69.592 7.537 45.646
64.528 5.796 42.776
64.358 5.541 36.169
64.728 0.340 34.317
62.143 0.273 29.000
61.189 6.431 28.912
63.900 9.224 23.904
68.730 13.662 22.472
75.347 13.352 22.154
80.709 9.872 20.997
83.989 4.454 19.322
65.686 4.936 1.827
69.564 4.245 5.465
69.028 -0.212 10.651
72.000 -5.026 15.590
75.753 -4.410 20.975
78.886 -0.514 25.745
79.692 5.621 28.639
77.169 9.441 33.245
79.426 3.277 34.962
76.626 -2.210 33.308
74.131 -5.534 38.416
68.372 -5.913 38.459
64.946 -6.722 43.553
61.397 -1.740 44.045
58.283 -0.326 49.679
60.207 4.149 53.195
10.693 16.971 -160.698
5.062 20.343 -158.298
1.829 23.705 -153.773
2.716 28.024 -148.736
5.616 30.536 -142.997
11.391 33.327 -141.218
18.637 31.911 -157.839
21.064 28.875 -152.186
20.312 25.939 -146.322
16.708 21.142 -143.656
10.462 18.807 -141.499
4.970 15.666 -143.435
-49.851 -53.278 -4.759
-43.667 -50.079 -4.721
-40.180 -45.052 -2.230
-39.370 -38.999 1.004
-41.279 -35.816 6.485
-43.258 -36.914 12.759
-46.754 -40.689 17.446
-47.636 -46.701 19.992
-45.069 -52.551 21.906
-40.345 -55.196 23.870
-34.145 -57.430 25.535
-28.090 -54.499 26.865
-24.349 -50.513 29.840
-23.488 -46.372 34.504
-25.026 -40.075 37.493
-29.373 -37.544 41.598
-36.066 -37.347 43.184
-39.902 -42.221 46.147
-40.389 -48.591 48.620
-37.590 -53.347 52.114
-32.365 -54.937 56.690
-29.091 -52.674 61.899
-28.930 -49.176 68.217
-30.921 -43.395 71.961
-36.670 -38.816 74.033
-42.639 -37.113 73.855
-49.265 -39.029 71.078
-52.221 -44.472 70.220
-53.592 -51.460 72.014
-53.075 -55.681 76.738
-53.130 -57.687 83.798
-56.107 -55.700 89.416
-59.184 -51.544 93.793
-63.409 -45.971 94.000
-68.130 -42.418 91.069
-72.182 -40.619 86.238
-75.181 -41.290 81.041
-76.130 -44.917 74.784
-80.020 -50.059 72.976
-81.942 -56.331 75.144
-86.333 -59.060 79.032
-92.319 -58.119 81.933
-97.926 -54.270 82.571
-101.384 -49.559 80.763
-103.347 -43.815 77.668
-103.346 -40.265 72.185
-99.643 -39.114 66.517
-98.960 -43.064 60.557
-99.232 -48.546 56.515
-103.131 -54.248 55.128
-108.913 -55.784 53.929
-115.331 -55.838 52.825
-120.332 -52.291 51.062
-122.832 -49.364 46.171
-123.579 -42.285 45.323
-121.501 -37.917 39.935
-115.861 -34.382 37.838
-108.994 -35.175 38.257
-104.571 -39.139 34.576
-103.082 -45.099 31.243
-104.868 -48.692 25.603
-107.455 -49.308 20.256
-108.994 -46.335 14.561
-109.640 -41.225 10.286
-106.946 -35.751 7.767
-103.106 -30.765 8.119
-98.928 -26.745 11.524
-92.944 -27.506 14.000
-88.058 -31.155 16.410
-84.240 -36.758 14.879
-80.698 -39.188 9.796
-78.936 -39.593 3.365
-76.886 -36.046 -1.675
-74.679 -30.419 -4.590
-72.265 -24.712 -4.104
-69.333 -19.513 -1.601
-67.480 -15.990 3.896
-64.745 -16.808 9.558
-63.536 -21.278 14.475
-58.535 -26.423 15.614
-54.294 -31.082 13.496
-48.360 -31.248 10.202
-43.118 -28.049 8.699
-38.458 -23.285 8.470
-36.660 -17.402 10.493
-35.753 -13.155 15.585
-35.978 -11.995 22.070
-40.949 -12.545 26.971
-42.920 -16.978 31.733
-42.514 -23.672 33.768
-37.970 -27.980 35.318
-32.252 -29.632 37.610
-28.196 -27.974 42.497
-24.556 -23.685 46.168
-24.839 -19.789 50.559
-26.880 -14.152 54.054
-31.707 -10.334 56.478
-37.781 -10.063 58.542
-44.202 -12.659 57.943
-47.118 -18.144 59.468
-47.275 -24.585 61.442
-45.328 -28.080 66.711
-42.646 -29.013 72.881
-41.947 -26.783 78.858
-43.278 -22.230 83.703
-47.370 -17.303 86.405
-52.591 -13.996 86.362
-58.208 -11.199 83.902
-63.149 -13.587 79.735
-66.713 -18.583 77.936
-68.790 -25.035 78.480
-69.047 -30.674 81.953
-71.306 -32.918 87.999
-75.856 -32.009 92.826
-80.829 -28.633 95.193
-85.243 -23.533 95.908
-88.581 -18.270 92.869
-89.854 -14.975 86.993
-90.367 -15.529 80.803
-89.423 -18.955 74.695
-92.059 -24.436 71.651
-96.366 -29.443 71.357
-101.986 -32.823 72.770
-108.477 -31.242 73.530
-113.083 -26.412 74.860
-114.964 -19.964 73.048
-114.296 -15.011 68.473
-111.664 -12.658 62.935
-108.649 -12.484 57.172
-105.605 -15.701 51.772
-106.953 -20.084 47.538
-110.729 -25.958 46.765
-116.507 -26.147 43.442
-121.504 -23.237 39.941
-124.688 -18.366 37.087
-124.278 -13.645 32.986
-120.885 -8.412 29.713
-115.195 -5.518 27.941
-109.321 -7.173 25.866
-104.104 -11.374 24.752
-102.357 -16.976 21.643
-103.737 -21.739 17.145
-106.423 -23.165 11.277
-111.180 -22.386 6.284
-111.539 -5.516 10.060
-116.883 -9.173 10.487
-119.153 -14.984 12.336
-118.867 -20.409 16.077
-115.435 -24.797 20.241
-111.800 -24.205 25.436
-106.714 -21.089 28.994
-105.287 -16.037 32.579
-106.602 -10.309 35.735
-111.350 -7.129 39.228
-117.404 -6.095 42.044
-120.908 -9.031 46.168
-123.014 -13.533 50.637
-122.481 -18.917 54.669
-120.089 -25.328 56.185
-114.818 -28.119 57.102
-107.968 -28.541 55.571
-103.236 -24.146 58.188
-101.713 -18.071 61.281
-103.210 -14.281 66.268
-105.308 -14.022 72.615
-107.974 -17.145 78.125
-106.387 -21.044 82.837
-102.321 -25.477 86.141
-97.341 -30.937 84.952
-91.875 -31.891 83.120
-86.531 -30.708 78.551
-82.978 -25.042 77.425
-81.496 -18.411 79.146
-80.273 -14.556 84.760
-77.569 -14.138 90.344
-73.025 -16.042 94.978
-68.445 -20.508 96.875
-64.524 -25.778 95.134
-61.476 -29.746 90.666
-59.214 -30.394 84.397
-58.441 -28.059 78.057
-58.804 -23.602 73.556
-56.314 -17.907 71.028
-52.703 -12.346 72.865
-47.391 -10.305 75.761
-40.959 -11.257 75.626
-35.470 -15.279 74.772
-33.342 -19.676 70.988
-33.176 -25.229 66.909
-34.494 -27.095 60.952
-39.555 -27.590 56.231
-42.758 -23.514 52.262
-43.562 -17.775 49.281
-40.985 -12.149 46.776
-36.100 -9.904 43.184
-30.428 -10.401 40.420
-26.256 -13.098 36.658
-24.388 -16.943 31.995
-25.758 -22.087 27.928
-29.314 -25.628 24.694
-35.063 -29.047 24.349
-41.769 -28.385 26.185
-46.370 -23.682 25.601
-48.608 -17.454 23.696
-48.919 -12.946 19.107
-49.099 -11.853 12.614
-49.415 -13.809 6.369
-49.655 -18.254 1.645
-52.847 -23.364 -0.554
-56.839 -28.582 0.245
-59.677 -33.208 4.521
-64.419 -32.929 9.005
-68.273 -29.309 13.151
-72.866 -24.485 13.756
-77.105 -20.968 10.237
-80.518 -19.727 4.594
-84.516 -22.809 0.349
-86.809 -28.354 -2.516
-90.074 -33.830 -1.875
-92.338 -39.189 1.031
-92.180 -43.533 6.333
-93.038 -43.555 12.709
-92.173 -39.732 18.203
-96.464 -35.009 21.786
-101.106 -30.036 21.666
-107.746 -29.269 20.384
-113.478 -32.222 20.710
-117.314 -38.104 20.465
-118.737 -43.741 22.505
-117.965 -48.592 27.458
-114.822 -50.991 32.204
-109.376 -50.988 36.459
-106.048 -47.152 40.500
-105.676 -40.961 43.584
-109.571 -36.948 47.016
-113.524 -35.878 51.570
-115.367 -37.604 57.845
-117.246 -42.756 62.172
-116.834 -48.962 63.957
-113.461 -54.439 65.960
-108.244 -56.402 67.613
-101.342 -57.254 66.753
-95.778 -54.452 63.614
-92.612 -49.374 65.189
-91.840 -42.568 67.705
-91.185 -40.496 74.111
-91.951 -40.173 80.510
-91.105 -43.364 86.433
-87.635 -47.787 89.666
-83.595 -53.446 89.990
-78.310 -56.527 88.335
-73.742 -58.756 83.754
-70.620 -56.479 77.931
-68.108 -50.663 75.576
-65.700 -44.544 76.537
-63.989 -39.770 80.848
-59.681 -38.624 85.448
-53.460 -39.286 87.909
-48.177 -43.535 89.055
-44.571 -48.817 87.040
-42.654 -53.399 82.560
-42.789 -55.105 76.063
-44.504 -54.233 69.970
-47.628 -49.966 65.473
-45.950 -43.667 62.112
-42.190 -38.500 61.570
-35.952 -35.777 61.000
-29.544 -37.741 59.955
-24.961 -42.202 57.992
-23.954 -48.534 55.116
-26.707 -52.486 50.603
-31.064 -54.599 45.614
-35.597 -53.599 41.496
-40.369 -49.752 38.234
-40.156 -44.225 34.714
-37.653 -38.381 32.352
-33.429 -37.082 27.498
-29.007 -39.644 22.837
-28.096 -43.041 17.784
-29.215 -47.855 14.114
-33.021 -52.733 11.394
-39.549 -55.491 11.014
-45.802 -54.073 11.880
-51.292 -50.091 11.840
-53.559 -44.089 10.884
-53.334 -38.619 7.115
-52.349 -35.897 1.009
-48.914 -35.826 -4.997
103.113 35.461 -3.191
101.117 36.444 2.706
99.016 41.035 7.008
98.153 47.150 9.457
97.946 53.496 7.604
97.967 58.852 4.209
96.150 63.060 -1.892
91.879 62.638 -6.861
86.392 60.566 -10.204
80.764 57.250 -10.370
75.772 54.809 -6.521
72.954 52.887 -0.469
71.526 55.690 5.468
71.108 60.491 9.767
70.208 67.355 9.562
69.163 73.296 6.680
67.350 76.891 1.054
59.264 63.448 -7.283
64.715 68.066 -9.434
70.014 71.018 -8.461
75.056 72.117 -3.714
78.193 71.437 2.077
79.514 67.435 7.522
80.432 60.898 9.378
80.564 54.351 7.584
82.675 49.653 3.494
86.117 47.005 -1.015
89.250 47.084 -7.129
94.347 50.346 -11.308
99.905 52.756 -10.213
105.692 54.071 -5.811
108.377 54.808 -0.044
110.587 51.689 5.154
111.946 46.120 8.589
-6.443 32.744 25.340
-1.956 30.103 28.680
4.763 30.719 28.743
9.857 32.023 25.438
13.386 34.627 20.288
15.610 37.221 15.211
15.001 42.051 10.429
11.492 46.959 7.384
2.221 50.431 23.161
-0.373 47.736 17.434
-0.422 44.960 11.606
0.779 39.078 8.517
2.763 33.509 8.836
3.685 28.172 10.734
-6.468 32.672 25.694
-1.613 30.022 28.840
5.027 30.497 28.875
10.120 31.878 25.560
13.768 34.605 20.639
16.006 37.362 15.454
15.372 41.931 10.468
12.070 46.897 7.483
2.675 50.359 22.854
-0.071 47.862 17.038
-0.254 44.491 11.290
1.187 38.735 8.953
3.135 33.106 8.916
3.966 27.862 10.900
34.192 8.080 -1.428
28.676 10.017 2.463
21.869 11.075 3.231
15.608 11.568 0.243
11.058 8.252 -3.167
9.017 3.696 -7.889
8.395 -3.056 -9.710
11.377 -9.525 -8.579
10.541 -13.838 -4.562
9.642 -17.099 1.570
6.916 -16.179 7.916
0.629 -12.638 10.614
-4.704 -10.581 10.157
-10.911 -10.433 6.953
-2.509 -4.947 2.723
-0.110 -4.598 7.983
5.683 -3.679 8.971
11.915 -7.788 8.292
16.415 -8.411 4.512
20.684 -7.796 -0.859
22.022 -4.938 -6.933
21.250 -0.096 -11.800
19.331 6.549 -13.050
16.889 12.540 -9.797
12.305 16.229 -0.791
7.383 13.298 2.782
1.461 9.881 2.756
-3.010 6.289 -0.883
-3.904 2.044 -5.842
-2.180 -2.243 -10.570
2.789 -5.948 -13.235
8.658 -9.116 -12.473
12.874 -11.963 -8.152
13.901 -14.708 -2.127
11.404 -17.550 3.359
-4.247 -17.813 -5.220
-3.833 -13.872 0.239
0.077 -9.999 4.270
5.904 -6.701 5.191
11.141 -3.425 2.478
14.091 -0.546 -2.856
13.539 2.297 -8.935
9.545 5.270 -13.378
3.858 8.525 -14.978
-1.389 12.200 -12.788
-3.992 16.117 -8.064
28.601 -5.371 -7.443
25.954 -9.809 -2.955
22.081 -10.176 2.652
18.000 -6.741 6.928
13.329 -1.928 7.557
8.647 1.627 4.140
5.859 2.570 -2.032
3.559 -0.981 -6.950
-1.090 -4.755 -8.285
-5.121 -10.225 -7.218
-7.425 -15.672 -4.628
-10.756 -18.994 0.296
-14.789 -18.748 5.918
-19.629 -15.296 9.269
-24.632 -10.639 8.737
-23.000 -16.889 -4.283
-19.419 -11.249 -7.033
-16.896 -5.373 -4.470
-14.370 -2.590 1.222
-10.983 -3.670 7.153
-5.770 -6.535 9.906
-0.241 -10.389 8.797
4.477 -13.715 5.732
9.310 -14.811 1.255
12.835 -12.900 -4.310
14.741 -7.924 -8.509
16.676 -1.467 -9.429
18.493 4.271 -6.156
21.046 6.697 -0.269
24.250 5.080 5.513
28.199 0.556 8.702
5.793 33.115 173.311
5.567 37.043 168.811
6.482 42.894 164.892
12.436 44.443 161.772
18.802 44.526 160.035
23.194 39.270 158.326
25.215 34.223 155.756
23.977 27.997 151.737
20.659 23.297 149.024
14.857 22.995 145.254
8.510 25.908 143.911
5.385 30.621 140.297
6.086 34.039 135.161
7.783 38.032 129.866
12.403 37.655 124.862
17.274 34.359 121.661
21.435 28.782 121.873
21.267 22.236 121.759
18.651 16.781 120.049
14.905 11.265 118.353
9.762 10.052 114.214
6.467 12.739 108.877
4.508 18.470 105.341
6.916 23.588 102.049
11.592 25.806 97.968
16.837 26.403 94.171
20.773 22.910 90.222
23.312 16.896 88.283
21.335 10.404 87.779
16.992 6.110 86.123
12.241 3.923 82.976
6.347 3.107 79.246
3.396 6.725 74.179
4.011 11.260 69.743
8.515 15.315 66.443
15.134 17.285 65.368
20.756 15.680 63.331
26.190 12.045 61.196
28.069 7.008 57.812
26.221 1.481 54.481
21.187 -1.209 50.692
16.056 0.166 46.285
12.912 5.064 43.117
13.375 10.747 39.503
17.502 16.479 37.093
23.853 18.110 35.547
29.668 16.863 32.637
34.496 12.454 29.303
34.851 7.897 25.079
32.917 2.235 22.049
30.407 1.775 16.536
24.226 2.177 12.863
20.393 7.821 10.847
21.198 14.206 8.620
25.017 20.617 7.322
31.927 23.517 5.556
34.980 5.591 -2.266
39.572 8.036 2.176
40.541 11.011 7.095
38.155 16.724 11.507
33.582 20.157 14.466
26.956 19.550 16.208
21.618 16.676 17.267
17.490 11.196 20.610
17.809 3.894 22.874
21.602 1.241 28.096
27.708 -0.811 30.435
30.360 0.700 36.293
32.615 6.312 39.715
30.564 13.375 41.728
26.187 17.108 43.779
19.813 17.498 45.692
14.250 14.690 47.755
10.508 9.339 50.349
10.817 3.536 53.740
13.453 -0.167 58.672
18.577 -1.679 62.754
21.561 0.309 68.402
23.306 6.420 71.105
22.015 13.051 71.979
17.260 17.854 73.753
10.593 19.712 74.278
5.022 18.804 77.175
2.687 18.199 83.427
3.839 13.736 88.208
7.309 9.218 91.624
12.735 7.865 95.201
18.563 8.384 97.544
23.787 11.895 100.023
24.799 17.118 103.852
21.824 22.812 105.333
16.350 27.375 106.657
10.512 28.054 109.857
4.746 25.740 111.980
1.856 22.476 116.768
2.276 20.689 123.201
7.150 18.923 127.310
14.219 18.349 129.615
19.527 21.858 130.983
23.611 26.899 131.093
24.266 33.396 132.950
22.152 38.627 136.329
17.426 40.879 140.545
10.841 38.900 144.095
7.150 36.977 147.619
6.506 31.695 151.668
8.382 26.874 156.272
14.234 23.848 160.209
20.328 26.772 163.772
23.437 32.132 166.263
24.324 39.437 167.682
20.790 45.379 168.033
12.462 24.726 34.653
8.284 20.024 37.368
7.243 18.357 43.654
6.992 21.096 48.996
8.502 24.749 54.116
3.661 21.041 56.599
3.260 14.334 54.596
1.656 7.902 56.200
1.604 4.287 61.654
0.657 5.296 67.605
-2.903 3.012 73.057
27.514 -55.435 -4.597
26.691 -55.334 -11.208
23.484 -56.022 -16.872
18.038 -55.509 -20.557
11.012 -55.537 -21.285
6.535 -51.553 -19.291
2.847 -47.144 -15.177
3.568 -41.198 -12.927
7.008 -35.289 -13.134
12.714 -31.424 -13.181
8.935 -37.755 -30.712
15.559 -39.437 -29.183
20.279 -38.765 -24.405
20.727 -39.393 -17.775
18.587 -39.088 -11.026
16.543 -43.627 -6.848
12.058 -48.774 -4.460
8.087 -53.341 -6.169
8.795 -59.926 -7.007
11.491 -64.815 -11.112
-7.850 2.445 25.542
-4.938 6.930 21.526
0.024 8.589 17.704
3.891 5.682 13.116
6.291 0.245 9.599
4.228 -5.263 6.181
-0.782 -8.748 3.238
-5.272 8.552 1.340
-10.773 5.716 4.849
-13.298 -0.399 6.932
-10.218 -5.933 9.465
-4.765 -9.167 11.736
0.727 -8.717 15.518
6.033 -5.439 17.271
28.141 68.344 61.234
22.848 64.258 63.571
21.229 58.961 66.801
23.667 54.534 71.228
29.168 51.149 74.073
34.142 52.486 78.369
36.179 56.853 83.147
35.876 62.528 86.645
32.555 68.110 88.566
21.862 53.304 93.801
16.318 56.130 91.115
16.088 60.136 85.923
18.323 65.482 82.572
23.582 69.174 80.592
30.425 70.229 79.955
35.824 67.172 78.479
39.288 62.092 75.256
38.741 56.478 71.723
35.938 52.360 67.320
40.631 56.153 63.746
36.752 51.216 60.688
32.952 48.768 56.121
30.430 51.350 50.057
29.133 56.426 46.004
30.816 62.544 43.765
35.414 67.080 42.978
41.817 68.492 41.959
48.057 67.165 42.072
52.638 64.571 38.567
36.398 -39.904 54.575
40.664 -36.027 56.708
46.535 -32.304 55.394
52.070 -30.940 51.809
54.093 -28.807 45.938
52.729 -26.286 39.751
48.120 -22.546 35.968
43.996 -17.262 36.167
39.997 -12.353 39.884
40.094 -8.479 44.885
43.314 -4.784 49.478
47.116 -2.201 53.173
53.433 0.492 53.702
59.168 2.438 50.829
61.366 6.865 46.577
59.531 10.984 41.797
56.198 13.745 37.148
50.814 15.196 33.102
44.238 16.660 34.215
38.930 18.921 38.177
36.905 21.708 44.023
38.439 26.972 48.495
42.984 31.529 50.605
47.402 36.024 49.191
50.682 40.502 45.316
35.586 39.242 33.260
40.779 36.810 30.498
46.796 33.875 31.016
52.041 31.572 34.707
54.040 29.272 40.604
53.250 28.344 47.506
48.823 24.922 51.595
43.988 19.844 51.721
40.375 15.250 48.818
40.049 10.259 44.540
42.663 5.730 40.762
46.843 3.542 35.550
52.735 1.239 34.047
57.412 -2.573 36.610
60.966 -5.978 41.012
59.803 -9.514 46.627
56.609 -12.940 51.078
51.033 -14.616 54.365
44.611 -16.454 53.293
38.506 -17.221 49.554
36.806 -19.075 43.365
38.092 -24.239 39.149
41.876 -28.978 36.568
46.517 -34.098 37.536
49.233 -38.729 41.331
47.346 43.820 32.316
43.027 47.774 30.233
37.131 51.306 31.340
31.712 52.833 35.189
29.685 54.949 41.009
31.164 57.456 47.245
35.657 61.069 51.082
39.915 66.291 50.748
43.771 71.483 47.090
43.665 75.375 42.034
40.636 78.959 37.391
36.630 81.612 33.823
30.278 84.158 33.198
24.483 86.167 36.019
22.281 90.518 40.404
24.390 94.766 45.014
27.556 97.442 49.846
33.241 98.834 53.551
39.595 100.286 52.780
44.871 102.675 48.747
46.818 105.451 42.829
45.375 110.744 38.531
40.614 115.193 36.373
36.263 119.799 37.592
33.026 124.202 41.643
48.123 122.921 53.641
42.955 120.499 56.326
36.927 117.635 55.850
31.763 115.290 52.154
29.652 113.022 46.253
30.516 112.087 39.329
34.895 108.708 35.338
39.809 103.538 35.255
43.215 99.024 38.063
43.764 94.064 42.496
41.176 89.446 46.131
36.983 87.310 51.286
31.228 84.782 52.821
26.410 81.200 50.157
22.780 77.691 45.879
23.936 74.046 40.231
27.115 70.763 35.777
32.660 69.223 32.396
39.032 66.973 33.730
45.185 66.565 37.341
46.926 64.546 43.511
45.761 59.543 47.794
41.956 54.696 50.303
37.255 49.669 49.464
34.627 44.921 45.461
2.131 50.292 22.971
-0.202 47.889 17.299
-0.320 44.943 11.650
0.859 39.431 8.491
2.874 33.579 8.680
3.730 28.157 10.862
-6.762 32.965 25.775
-6.726 32.957 25.778
-2.051 30.325 28.619
4.637 30.853 28.895
9.719 32.154 25.527
13.358 34.704 20.328
15.741 37.436 15.297
14.880 42.258 10.556
11.404 46.898 7.317
1.989 50.231 22.954
-0.320 47.533 17.390
-0.550 45.080 11.502
0.639 39.285 8.500
2.820 33.511 8.649
3.693 28.052 10.750
-6.779 32.674 25.863
-6.966 32.711 25.837
-2.137 30.146 28.602
4.615 30.852 28.843
9.697 32.139 25.514
13.337 34.577 20.176
15.560 37.268 15.087
14.798 42.217 10.474
11.267 46.806 7.153
-0.461 22.409 12.569
-0.755 19.515 12.348
0.902 18.879 14.606
1.951 50.129 22.924
-0.413 47.627 17.316
-0.561 44.968 11.479
0.605 39.354 8.479
2.679 33.459 8.589
3.656 28.108 10.828
-7.017 33.364 25.697
-6.764 33.253 25.678
-2.161 30.316 28.704
4.464 30.818 28.784
9.534 32.249 25.456
13.216 34.652 20.170
15.530 37.413 15.168
14.663 42.346 10.627
11.030 46.834 7.242
2.741 22.122 15.199
1.863 19.498 16.027
1.540 18.051 13.621
-34.184 26.964 -28.908
-31.079 21.550 -27.204
-26.722 16.263 -28.574
-20.943 15.058 -29.519
-22.035 14.409 -23.921
-26.760 9.319 -24.261
-29.283 5.005 -19.596
-28.682 2.924 -13.063
-26.452 1.989 -6.917
-25.671 5.479 -0.437
-26.308 10.514 3.430
-33.973 19.571 -9.821
-28.170 22.248 -7.560
-22.160 19.970 -5.857
-17.657 15.262 -6.569
-15.689 9.821 -8.835
-15.111 33.278 -24.351
-14.992 29.603 -30.387
-15.372 25.181 -35.192
-20.003 22.844 -39.181
-12.167 6.741 -12.956
-9.808 6.296 -14.481
-7.987 7.408 -12.637
-5.874 6.630 29.023
-3.032 12.148 27.427
1.546 17.191 28.275
7.426 18.598 29.685
5.937 19.471 24.039
1.096 24.464 24.527
-1.372 28.780 19.948
-0.615 30.993 13.421
1.557 32.010 7.296
2.093 28.669 0.771
1.592 23.561 -3.171
-6.015 14.279 9.907
-0.218 11.677 7.485
5.764 14.026 5.905
10.176 18.945 6.580
12.093 24.744 8.834
11.247 0.895 25.756
13.680 4.176 30.012
12.997 8.430 34.923
8.323 10.498 39.064
15.759 27.133 13.159
18.030 27.582 14.687
19.907 26.591 12.960
13.198 1.745 73.015
12.111 5.421 67.296
15.182 9.365 62.607
20.003 9.952 59.164
16.110 6.920 55.652
12.209 11.360 52.540
8.809 11.311 46.511
7.617 7.954 40.819
8.181 3.300 36.096
6.786 -3.853 34.903
5.803 -9.837 36.543
1.779 -5.482 53.133
7.383 -9.251 52.187
12.743 -9.597 48.575
16.916 -7.080 44.194
19.140 -2.169 40.714
28.682 -6.318 66.868
30.075 0.407 67.660
30.002 7.012 67.543
26.485 12.324 68.447
64.501 -13.135 -2.129
60.230 -11.992 3.319
56.862 -14.698 7.999
55.667 -19.170 12.167
58.750 -15.708 15.502
54.181 -11.329 18.503
54.451 -8.135 24.350
57.651 -6.947 29.953
62.121 -7.686 35.224
68.551 -6.395 36.194
75.206 -5.813 34.792
71.686 -2.172 17.664
75.251 -8.002 19.089
75.150 -12.991 23.140
72.377 -16.994 27.372
67.058 -19.146 30.722
72.036 -28.476 4.480
65.335 -29.858 3.654
58.786 -29.808 3.590
53.366 -26.541 2.082
50.954 16.099 5.887
54.222 14.097 11.371
58.320 15.669 16.465
58.324 19.111 20.885
57.459 12.121 20.978
55.250 8.505 25.952
52.691 7.396 32.057
48.172 8.986 36.383
42.817 12.297 39.105
37.293 15.371 37.471
32.263 15.209 33.026
40.999 5.492 21.125
40.164 11.980 20.186
39.326 18.461 22.341
41.037 22.510 27.047
45.612 24.506 31.437
50.316 34.214 9.873
57.072 32.702 9.295
62.803 29.780 9.754
66.634 24.416 8.765
46.140 -51.051 64.512
48.117 -54.178 58.572
46.703 -58.117 53.805
43.239 -57.825 49.107
50.452 -57.250 49.233
54.345 -55.112 44.569
55.947 -52.291 38.857
54.656 -47.860 34.417
51.613 -42.347 31.433
48.753 -36.689 33.192
48.989 -31.494 37.623
58.080 -40.607 49.707
51.514 -39.795 50.669
45.279 -38.709 48.319
41.108 -40.195 43.651
39.115 -44.714 38.707
28.331 -49.750 60.035
29.795 -56.555 60.167
32.406 -62.557 59.600
37.604 -66.193 60.867
23.827 2.026 41.094
26.430 3.077 41.219
27.581 0.634 40.604
62.779 -23.454 30.007
61.610 -25.971 29.733
63.932 -27.353 30.424
57.045 26.242 35.117
58.733 28.472 35.294
56.794 30.234 36.191
36.833 -55.743 34.788
34.440 -57.160 34.467
32.767 -55.124 33.650
9.721 -47.746 12.254
14.686 -43.144 14.942
19.682 -39.861 12.756
24.138 -38.371 8.068
25.781 -38.283 1.743
24.381 -39.925 -4.328
24.956 -35.049 -8.942
24.945 -29.767 -13.080
28.920 -24.817 -13.527
34.028 -28.574 -14.271
36.586 -24.557 -10.300
41.036 -24.078 -6.198
40.958 -23.853 -6.492
45.000 -25.663 -0.889
45.276 -26.272 -4.244
47.687 -31.163 -4.554
46.523 -32.345 -2.129
43.831 -34.889 -8.166
48.148 -36.596 -4.406
42.607 -41.703 -7.396
44.781 -42.374 -4.917
39.075 -40.570 -1.178
37.843 -35.067 3.984
35.235 -29.511 4.103
28.835 -26.230 2.475
23.557 -26.393 -1.434
19.206 -31.484 -1.014
19.644 -33.931 -6.663
14.390 -34.216 -10.456
7.930 -33.515 -12.088
3.356 -28.667 -10.030
0.940 -23.531 -5.970
3.660 -17.865 -3.629
9.573 -17.093 0.332
15.345 -16.952 0.502
15.351 -23.307 1.784
9.860 -25.284 4.094
4.211 -29.099 3.841
3.768 -35.762 2.022
6.349 -41.301 0.068
9.876 -45.273 -4.430
15.792 -49.008 -5.149
21.224 -50.729 -2.006
25.545 -51.943 3.363
6.421 2.964 27.093
5.711 -4.350 29.476
5.835 -10.257 27.385
7.095 -15.075 22.627
9.589 -16.537 16.508
12.868 -14.677 11.272
17.986 -18.449 9.214
23.328 -22.381 7.789
23.638 -28.664 7.591
19.625 -29.884 4.407
17.525 -33.911 7.913
12.554 -37.315 9.474
5.921 -38.762 9.885
3.785 -35.817 3.675
1.260 -31.312 0.379
2.312 -23.874 -0.573
2.483 -23.489 6.351
3.383 -24.721 12.606
7.380 -26.219 17.543
13.266 -27.423 20.223
19.081 -23.722 19.348
18.605 -17.042 19.201
20.640 -15.636 13.704
25.615 -12.010 12.632
30.850 -7.997 15.125
34.791 -8.631 20.655
36.575 -10.711 27.003
36.685 -16.698 29.855
31.466 -21.183 30.950
28.278 -25.192 28.277
23.839 -20.798 26.795
24.631 -15.589 30.250
25.557 -8.769 30.551
23.856 -3.575 26.843
21.072 -1.030 21.488
17.581 -0.502 15.724
13.012 -2.425 10.635
7.138 -4.819 10.150
1.040 -7.346 12.570
-2.562 -9.463 17.684
7.549 35.244 17.505
4.179 40.141 21.498
-1.613 42.095 24.525
-6.157 38.968 28.411
-10.433 33.212 29.223
-10.102 27.339 31.935
-8.622 24.543 37.647
-3.442 22.048 41.707
1.768 25.087 44.719
6.124 29.612 45.103
9.204 26.567 49.444
7.789 35.143 17.399
4.510 40.070 21.557
-1.182 42.077 24.730
-5.741 38.789 28.574
-9.967 32.959 29.406
-9.728 27.250 32.313
-8.272 24.455 37.995
-3.033 21.941 42.106
2.320 25.029 44.798
6.564 29.821 45.295
10.027 26.413 49.443
69.814 73.529 52.879
69.303 76.170 53.819
68.681 76.812 51.132
73.602 75.140 58.236
77.522 78.442 61.133
80.409 83.787 63.415
80.119 89.163 64.077
76.121 94.680 63.410
72.157 97.896 62.648
66.252 99.183 62.994
60.853 97.136 64.776
57.295 93.218 67.684
56.743 89.781 72.008
58.541 88.086 78.182
61.608 88.484 82.889
64.742 91.817 86.496
64.983 97.190 87.913
62.830 103.364 87.285
58.762 108.102 85.507
52.934 108.732 84.912
47.658 106.765 84.643
42.950 104.065 83.258
39.588 99.952 84.261
38.934 96.339 88.395
44.431 96.232 91.188
49.574 92.287 90.965
52.583 88.651 87.308
52.078 89.600 80.538
51.043 93.164 75.427
52.601 97.412 73.176
56.273 101.894 71.972
60.428 103.286 71.067
66.696 102.182 71.561
71.639 98.669 73.391
74.317 93.540 73.315
73.981 86.350 72.894
70.027 80.704 72.901
67.388 77.561 74.289
62.328 75.700 74.935
55.623 75.982 73.121
54.024 71.007 72.455
50.662 66.237 70.864
46.392 63.644 68.552
41.072 64.374 64.752
37.722 67.650 61.189
36.553 70.641 57.021
39.197 73.794 51.195
35.987 78.368 48.714
36.737 84.428 46.714
42.821 86.468 45.519
41.901 90.932 42.231
42.259 96.343 40.571
45.580 101.488 43.442
48.796 104.909 47.129
52.103 107.079 50.846
57.244 106.481 54.158
62.949 104.185 54.823
68.617 103.156 56.600
73.363 100.103 55.192
75.268 98.729 49.528
76.183 100.250 44.327
76.381 104.881 40.589
74.626 110.520 37.304
71.912 116.639 35.891
72.025 121.319 38.637
74.499 124.529 42.790
79.429 125.682 46.093
84.925 124.809 46.838
90.214 123.655 43.429
93.728 122.593 39.113
88.047 124.844 37.943
84.240 124.822 34.147
82.328 122.065 29.998
83.009 117.266 28.290
83.546 112.091 31.935
84.722 110.025 38.159
84.585 109.186 43.555
82.039 109.560 48.580
76.707 110.273 51.757
71.687 109.990 51.790
64.910 112.425 50.109
61.742 109.471 44.991
61.103 105.583 41.352
61.276 99.357 42.225
61.010 93.890 44.734
59.219 92.280 50.920
59.226 88.961 55.877
54.328 92.501 59.446
50.292 95.567 62.017
44.352 97.841 59.892
39.522 100.226 57.897
34.675 99.781 55.141
31.170 95.905 52.419
29.532 90.436 50.519
30.370 84.476 51.801
31.593 79.615 55.288
30.773 75.197 58.204
30.541 73.803 64.855
28.670 75.792 69.336
25.875 81.228 71.310
22.183 83.763 71.600
16.702 85.439 68.878
12.240 83.476 63.812
9.362 80.108 60.722
7.668 74.664 58.958
7.954 68.528 60.713
20.855 72.131 73.542
23.471 69.513 68.532
23.909 69.029 62.040
23.648 71.215 57.610
23.793 76.475 53.420
23.093 81.833 53.165
23.296 87.729 55.667
26.104 90.927 59.987
30.307 93.216 63.930
34.892 93.121 66.363
40.647 90.420 65.875
44.064 87.848 61.984
45.639 86.194 56.224
46.052 86.560 50.608
47.370 91.917 47.489
51.340 86.724 51.344
57.439 88.723 48.360
58.366 88.608 42.311
52.385 86.915 43.029
47.614 82.312 42.489
44.923 77.271 42.274
44.209 72.052 46.436
44.543 69.272 50.743
45.550 67.546 56.801
49.022 70.347 62.410
53.965 74.152 65.100
50.226 79.357 66.413
44.908 82.234 66.436
39.609 81.437 68.131
36.401 78.152 71.592
36.218 74.529 76.044
39.102 71.083 80.482
43.431 69.224 83.802
48.346 70.113 86.653
52.064 73.523 89.385
52.361 78.872 91.516
50.912 84.012 93.455
45.829 87.160 95.363
40.137 89.102 96.452
34.174 90.592 95.598
29.349 87.715 95.707
27.646 82.680 98.416
28.427 79.569 102.827
30.262 79.216 108.070
33.733 83.463 107.354
40.462 82.684 106.938
45.379 82.832 105.174
44.354 77.981 100.149
42.543 75.545 95.640
40.840 76.338 89.739
37.486 78.511 83.869
38.457 83.498 82.058
41.480 86.810 80.210
47.961 86.629 78.641
52.668 84.229 76.942
54.236 80.521 73.394
53.426 84.160 69.528
53.914 86.182 63.806
56.780 85.567 57.968
51.325 85.388 56.822
56.437 85.719 53.085
57.658 80.812 52.868
59.576 76.388 53.852
61.087 70.906 53.241
59.500 68.825 46.889
58.390 68.867 40.998
57.732 72.257 36.644
58.216 78.089 33.375
61.140 83.619 33.529
66.249 86.023 34.211
71.762 85.817 34.436
76.335 81.595 33.312
72.904 86.374 29.337
73.158 89.212 24.271
70.497 93.757 21.523
67.100 98.642 22.216
63.947 103.518 24.308
63.951 107.418 28.497
66.434 110.296 31.865
72.518 106.990 32.475
7.936 64.597 63.818
8.265 61.873 69.658
7.694 62.198 74.418
5.552 65.636 79.554
1.320 68.977 81.044
-2.740 73.023 83.598
-1.796 78.941 83.629
0.211 84.338 83.731
3.378 88.557 80.785
3.648 94.467 78.415
5.111 90.419 74.695
8.391 85.504 73.257
10.853 79.620 75.307
16.854 76.869 75.029
73.210 99.582 36.398
70.560 96.263 40.295
63.825 94.731 39.483
59.260 94.042 36.569
56.256 92.234 31.289
55.176 89.120 26.432
57.878 83.630 23.428
61.626 79.610 23.150
66.161 75.374 26.352
67.813 73.226 30.716
69.322 70.637 36.098
71.138 70.050 42.033
71.469 75.037 46.289
70.195 80.041 48.282
64.507 82.684 48.656
60.994 85.497 52.890
66.642 88.748 50.417
71.538 92.097 48.767
77.449 92.086 47.867
82.662 88.485 48.283
85.651 83.899 48.625
66.052 80.745 64.619
62.410 82.104 59.850
11.838 14.693 52.258
14.884 17.328 46.584
18.463 22.749 45.240
20.686 28.943 46.973
23.996 32.851 51.134
26.076 34.464 57.048
28.128 31.758 62.921
29.906 28.185 67.887
33.817 23.310 68.844
37.909 18.800 67.932
51.889 33.829 49.652
46.468 35.358 53.367
41.975 31.713 54.517
42.126 26.709 50.915
39.690 20.612 50.345
35.177 16.210 52.157
29.826 14.669 55.550
25.191 14.694 60.267
21.142 18.302 63.871
18.112 23.963 65.361
14.927 29.091 63.460
12.112 32.540 58.570
10.139 33.032 52.626
6.797 29.278 47.168
0.544 12.022 118.571
2.641 14.773 124.605
4.603 14.932 130.927
10.582 13.619 133.594
17.009 12.664 132.828
23.199 13.203 130.081
26.625 14.311 124.930
27.609 18.310 119.827
26.545 22.220 114.858
24.834 28.291 114.113
23.612 34.201 115.366
33.198 28.491 130.736
28.626 30.987 133.680
22.229 32.757 133.041
16.737 32.006 129.734
13.009 28.880 125.153
11.478 25.946 119.467
12.725 20.761 115.645
15.435 14.968 114.419
15.210 9.260 115.673
14.973 3.341 118.880
12.054 0.103 123.683
7.463 -1.117 127.827
2.075 1.058 131.398
44.265 18.103 67.329
47.094 17.999 67.718
47.311 18.184 70.519
26.509 39.701 116.963
28.046 42.024 117.142
28.674 42.230 114.362
3.379 -20.146 -38.703
-0.571 -19.198 -32.180
-5.759 -21.824 -33.747
-5.403 -28.048 -35.356
-8.623 -30.971 -31.085
-8.525 -37.750 -31.253
-7.031 -37.619 -25.427
-6.093 -43.398 -22.950
-6.150 -43.598 -23.015
-4.982 -49.476 -21.917
0.948 -50.005 -20.399
3.063 -55.893 -20.621
6.846 -56.836 -25.011
8.406 -63.914 -25.168
7.898 -63.031 -31.224
-11.523 -65.968 -26.407
-5.728 -68.034 -27.048
-3.704 -66.509 -33.121
-4.059 -60.382 -33.808
1.636 -58.459 -34.925
2.372 -51.670 -35.531
6.585 -51.339 -31.270
8.426 -44.339 -32.634
6.942 -38.422 -31.575
5.805 -38.126 -25.489
3.709 -32.597 -23.442
-2.104 -33.206 -21.959
-5.502 -28.047 -20.461
-9.840 -26.881 -24.090
40.720 16.678 -5.381
34.666 18.459 -3.124
27.764 17.698 -2.696
22.554 13.833 -2.001
20.820 9.948 2.684
18.053 16.193 1.202
12.543 19.903 3.125
8.599 21.339 8.294
5.487 21.218 14.377
7.766 21.741 20.839
12.810 22.393 25.550
18.636 25.662 26.253
24.553 27.870 23.406
27.434 32.391 19.555
26.584 38.647 17.160
8.982 39.007 20.127
11.138 38.361 13.849
15.446 35.148 9.834
20.502 30.279 9.355
24.908 26.282 12.458
25.263 21.260 16.784
22.677 16.146 20.284
18.268 11.556 19.813
12.900 8.399 17.660
37.353 4.290 7.160
34.606 0.486 2.661
31.116 -0.176 -2.882
27.916 2.538 -8.038
27.336 7.542 -12.344
37.235 4.317 7.160
34.657 0.437 2.611
31.240 -0.235 -2.939
28.135 2.486 -8.176
27.479 7.475 -12.570
8.688 38.909 20.262
10.974 38.320 13.965
15.247 35.305 9.800
20.443 30.533 9.489
24.921 26.444 12.601
25.169 21.274 16.771
22.490 16.168 20.205
18.145 11.578 19.761
12.744 8.387 17.676
40.763 16.610 -5.244
34.830 18.352 -3.122
27.853 17.680 -2.675
22.637 13.721 -2.389
20.338 9.944 1.482
17.816 15.956 0.780
12.372 19.621 3.019
8.453 21.231 8.233
5.352 21.176 14.340
7.688 21.819 20.776
12.643 22.396 25.468
18.484 25.697 26.218
24.356 27.947 23.459
27.343 32.590 19.718
26.396 38.599 16.995
22.062 0.796 30.058
19.586 -2.778 25.108
17.145 -3.188 19.220
15.229 -0.562 13.229
14.275 4.902 9.022
-4.051 36.346 45.248
-1.152 36.130 38.960
2.974 33.154 34.865
8.968 29.553 34.179
11.663 24.152 36.421
10.605 18.213 39.298
7.392 13.426 42.277
2.880 9.257 42.026
-2.171 5.852 39.006
27.964 9.005 19.507
23.229 13.831 18.850
16.735 14.276 19.517
10.105 11.998 19.107
6.610 8.086 22.528
4.632 14.781 23.030
-0.251 17.084 25.183
-5.273 18.250 28.953
-8.693 19.128 34.966
-6.930 19.759 41.781
-2.733 20.339 46.960
3.147 22.082 49.290
8.789 25.290 48.866
13.800 28.696 45.428
14.024 34.905 42.948
-4.060 2.763 34.193
-4.670 -0.364 33.269
-4.476 -1.641 35.566
32.399 11.454 20.760
34.140 17.486 19.604
40.054 20.089 21.996
45.322 18.136 24.270
43.911 22.722 19.734
49.000 25.797 15.812
44.804 27.401 11.206
40.132 28.008 6.244
41.673 32.237 1.456
19.203 -43.948 9.009
17.237 -40.595 14.202
16.550 -34.253 15.760
10.598 -31.627 13.657
5.155 -33.469 11.508
6.913 -28.981 15.985
1.965 -26.076 20.219
5.935 -24.488 24.457
10.848 -23.982 29.490
8.940 -19.565 33.995
-42.629 -29.506 -41.557
-41.803 -22.872 -43.578
-41.178 -16.684 -40.629
-39.818 -13.958 -34.470
-37.774 -13.727 -28.054
-31.574 -13.879 -25.591
-26.113 -17.368 -23.057
-20.663 -20.847 -24.702
-16.114 -22.661 -29.649
-12.453 -21.028 -34.605
-11.215 -17.590 -40.640
-10.548 -10.965 -42.220
-8.528 -5.237 -39.843
-8.216 -0.914 -34.376
-5.612 -0.168 -28.094
0.750 -0.676 -25.800
6.341 -4.008 -23.720
11.696 -6.535 -25.519
8.929 1.971 -41.011
8.565 -4.456 -43.160
7.942 -10.661 -40.829
6.633 -13.394 -34.685
4.837 -13.860 -28.193
-1.455 -13.818 -25.698
-6.944 -10.332 -23.094
-12.242 -6.749 -24.820
-16.969 -4.971 -29.233
-20.695 -6.429 -34.223
-21.704 -9.799 -40.369
-21.896 -16.476 -42.324
-24.107 -22.011 -40.078
-24.636 -26.391 -34.712
-26.956 -27.243 -28.384
-33.421 -26.891 -26.208
-38.859 -23.779 -24.205
-44.398 -21.276 -25.490
24.830 64.976 108.789
16.557 24.498 111.357
27.961 63.985 114.368
19.638 25.598 117.459
27.577 59.956 120.196
24.348 28.728 121.264
26.805 54.837 123.175
27.539 34.497 122.469
22.097 50.018 125.470
32.757 38.026 119.674
16.872 45.901 122.107
31.772 44.515 115.861
15.608 42.880 116.670
29.825 46.187 109.325
17.800 41.166 110.270
23.233 48.477 107.781
22.488 40.022 104.797
16.511 49.785 108.709
28.464 37.806 103.981
11.716 52.693 112.679
34.924 35.963 104.088
8.446 54.015 118.821
38.038 31.035 108.231
10.048 58.052 123.737
20.392 24.842 108.252
20.471 65.304 109.283
22.409 25.085 115.142
24.652 64.667 115.685
27.736 28.222 119.324
23.770 62.062 122.338
32.016 33.399 120.071
23.609 55.669 125.112
36.046 38.134 117.276
19.316 50.350 126.706
34.409 43.474 113.239
17.864 44.961 122.498
31.078 46.430 107.700
13.538 43.701 116.745
25.160 48.116 106.233
15.380 41.745 110.905
18.118 49.345 107.725
21.190 40.183 106.262
14.355 51.479 112.129
26.627 38.282 106.071
10.977 52.954 118.220
33.218 35.946 106.389
12.098 57.180 122.729
35.882 30.999 109.922
47.158 18.954 58.884
46.709 22.268 64.881
42.854 26.761 67.537
37.359 31.162 67.324
33.102 35.030 63.928
27.840 33.537 59.937
25.673 29.625 54.812
23.673 22.984 53.621
22.536 16.514 55.349
20.606 12.542 60.237
18.145 9.684 66.217
13.641 12.412 70.531
6.139 21.115 55.061
8.107 25.599 60.359
11.477 26.421 66.784
16.007 24.952 70.764
20.706 20.226 72.824
26.097 17.694 69.800
28.840 14.564 64.343
30.724 16.080 57.861
31.885 20.569 52.894
33.983 26.601 51.736
35.901 33.334 51.918
41.003 36.034 55.871
9.192 19.567 0.399
6.006 24.983 4.264
0.230 26.732 7.703
-4.552 23.517 11.424
-8.681 17.750 12.507
-8.530 11.890 15.343
-6.984 9.062 21.056
-1.846 6.438 25.162
3.217 9.731 28.244
7.044 14.929 30.186
7.081 19.593 34.299
3.913 24.989 38.242
-1.840 26.736 41.669
-6.608 23.519 45.387
-10.741 17.747 46.484
-10.587 11.889 49.305
-9.043 9.060 55.020
-3.901 6.439 59.128
1.152 9.734 62.215
4.985 14.902 64.147
-6.558 1.475 26.973
-3.918 7.131 25.123
0.522 12.379 25.679
6.276 13.823 23.705
1.512 18.819 25.089
-0.915 23.972 21.361
-0.224 27.307 15.360
1.908 29.302 9.430
2.642 27.015 2.413
2.085 22.622 -2.217
-5.705 11.624 9.360
0.077 9.191 6.542
6.169 11.610 5.291
10.582 16.134 6.685
12.886 21.107 9.580
14.903 23.918 13.399
13.002 -3.689 21.652
12.997 -0.356 27.727
12.200 3.943 32.669
7.525 6.837 36.280
18.376 23.420 16.100
20.131 22.582 14.053
-7.346 4.378 28.240
-4.104 9.874 26.019
0.791 14.455 26.228
6.484 15.081 23.881
1.697 20.073 25.164
-1.058 24.874 21.078
-0.600 27.756 14.913
1.319 29.216 8.712
1.897 26.350 1.959
1.314 21.819 -2.500
-6.048 11.299 9.914
-0.294 8.773 7.202
5.688 11.465 5.803
10.109 16.028 6.780
12.437 21.356 9.207
11.575 -3.066 23.052
11.794 0.403 29.214
11.044 4.623 33.830
7.538 8.209 37.555
15.737 24.118 13.384
18.108 24.132 15.226
19.860 23.345 13.239
16.616 -8.889 129.584
13.364 -11.806 124.817
9.003 -11.236 120.075
3.457 -8.553 116.884
0.991 -2.906 114.390
2.810 1.870 110.087
7.595 4.672 106.165
13.293 4.431 102.793
16.707 0.967 98.648
18.183 -3.925 94.596
18.343 -10.789 93.293
14.441 -14.500 90.256
8.649 -15.902 86.554
3.874 -13.124 83.136
0.312 -8.475 79.710
0.831 -2.540 78.898
2.032 1.975 73.942
6.626 6.412 71.044
11.464 5.398 66.733
14.488 2.104 62.242
14.961 -2.768 57.664
12.150 -7.938 53.985
6.306 -10.706 51.138
1.224 -8.181 48.336
-3.581 -3.874 47.080
14.233 1.247 41.583
12.853 7.011 44.595
8.525 8.736 49.705
2.395 8.202 53.352
-2.716 4.200 55.946
-4.277 -1.665 58.087
-2.363 -7.410 60.929
2.285 -11.035 63.573
8.603 -12.705 65.723
13.389 -10.314 69.250
17.230 -5.933 71.742
17.753 -1.998 77.299
14.934 3.224 80.807
9.998 3.507 85.201
4.454 1.894 88.717
1.387 -1.858 91.907
0.383 -7.179 96.231
3.178 -12.574 98.468
8.798 -14.672 101.949
14.111 -12.759 105.433
18.992 -8.502 106.755
20.330 -1.856 107.823
17.550 3.867 110.697
12.397 6.129 114.554
6.536 5.894 117.166
13.353 10.259 45.368
19.040 9.807 41.659
25.561 7.310 40.756
28.204 1.549 38.810
27.299 -4.432 36.095
23.718 -8.076 31.864
19.031 -9.264 27.304
15.636 -6.194 21.764
11.779 -0.765 19.647
16.893 8.779 12.417
22.987 12.176 11.189
28.587 10.779 8.315
32.371 6.429 5.102
33.758 -0.040 3.320
30.548 -5.066 0.091
25.784 -7.070 -3.922
20.983 -5.666 -7.952
17.644 -1.160 -12.054
18.065 3.815 -15.707
21.525 8.856 -18.590
37.561 0.407 -16.978
35.432 5.790 -13.794
30.506 10.265 -11.740
24.174 11.591 -10.406
18.596 9.197 -7.867
15.823 4.117 -3.971
16.228 -1.299 -0.399
20.462 -5.687 2.957
25.377 -6.664 7.487
30.445 -4.006 11.011
31.978 0.251 15.429
29.879 4.351 20.142
25.801 9.547 21.911
19.742 10.835 23.732
14.059 8.048 26.733
9.751 3.322 28.490
10.037 -1.877 32.849
13.078 -7.124 35.882
18.036 -8.746 40.154
23.344 -6.850 43.814
26.772 -2.150 47.302
12.156 5.486 18.535
13.364 9.859 45.931
18.917 9.448 41.921
25.204 7.003 40.475
28.088 1.390 38.827
26.850 -4.539 36.191
23.525 -8.288 31.978
18.898 -9.467 27.360
15.746 -6.099 21.862
11.612 -0.869 19.612
13.085 5.328 17.463
15.946 8.806 12.924
21.740 11.718 10.280
28.255 10.781 8.805
32.195 6.102 6.229
33.369 -0.101 3.602
30.345 -5.149 0.420
25.889 -7.090 -4.180
21.061 -5.702 -8.184
17.866 -1.317 -12.108
17.745 3.862 -15.456
21.467 8.528 -18.855
37.148 0.186 -16.537
35.529 5.814 -13.614
30.392 9.961 -11.740
23.903 11.558 -10.343
18.369 9.025 -7.608
15.399 4.093 -4.161
16.012 -1.571 -0.666
19.953 -5.727 2.925
24.761 -6.625 7.472
30.140 -4.069 11.052
31.567 0.190 15.275
29.741 4.224 20.340
25.572 9.400 21.884
19.656 10.591 24.020
13.764 7.811 26.860
9.515 3.152 28.691
9.761 -2.125 33.052
12.735 -7.519 35.913
17.624 -8.774 40.527
23.409 -6.988 43.817
26.566 -2.114 47.148
19.204 23.097 0.745
15.114 19.089 2.113
14.078 13.506 5.654
16.627 8.264 9.021
21.507 5.685 12.386
26.762 7.594 16.327
30.190 11.778 20.134
29.438 17.208 24.600
26.161 22.933 26.801
19.609 24.884 28.629
15.397 24.452 33.008
10.161 20.872 36.211
8.415 14.548 37.861
10.992 9.662 41.390
15.807 6.936 45.164
21.053 7.785 49.018
24.834 12.054 52.505
24.145 17.111 56.720
20.865 22.349 59.619
15.107 24.688 61.676
8.550 23.808 63.455
10.521 6.293 63.459
6.381 10.209 59.786
5.306 15.821 56.766
7.678 21.502 54.579
12.511 25.157 52.440
18.890 25.334 50.327
24.551 22.113 48.394
26.799 16.468 44.849
25.616 11.159 41.494
21.173 7.331 38.157
16.611 6.781 33.690
13.785 9.280 28.388
10.516 15.002 25.804
11.950 20.420 22.650
16.927 23.867 19.347
23.347 25.283 17.514
28.186 22.161 13.927
31.766 16.763 12.055
31.432 11.509 8.745
27.712 7.143 4.782
24.574 6.404 -0.147
32.804 56.932 -6.607
28.127 55.190 -2.183
24.993 55.346 3.944
22.070 59.955 7.955
20.417 66.319 9.851
17.580 72.039 7.381
13.349 74.548 2.685
9.881 73.894 -2.932
6.429 70.513 -7.566
2.071 65.966 -8.842
1.788 58.418 7.709
6.015 55.938 2.934
9.434 55.435 -2.747
12.940 59.693 -6.733
14.894 65.699 -9.148
17.399 71.480 -6.761
21.888 74.156 -2.341
25.687 73.364 3.133
28.891 70.117 7.729
33.543 65.783 9.210
29.542 6.347 48.388
24.003 3.109 51.803
18.833 3.201 55.632
13.081 7.424 56.855
9.475 13.166 54.779
7.921 18.569 51.313
8.415 22.295 46.194
7.230 21.899 40.194
7.862 19.327 34.139
6.284 14.546 29.884
4.359 8.771 28.341
-0.024 3.543 29.962
-6.293 2.967 31.726
-12.195 4.643 35.146
-17.303 9.273 35.633
-19.707 15.184 33.605
-20.313 21.029 30.705
-21.140 22.385 24.712
-21.719 21.604 18.485
-21.449 18.968 12.314
-21.208 12.304 10.118
11.081 7.176 19.128
16.677 9.584 21.934
22.582 12.904 21.260
25.841 16.985 16.857
25.863 19.895 10.485
22.359 22.783 5.456
17.410 26.666 4.304
11.622 30.221 5.088
8.203 33.580 9.730
7.686 36.540 15.714
10.261 40.852 19.857
15.078 44.269 23.485
20.403 47.694 21.054
25.773 49.106 17.053
27.565 52.307 11.842
26.341 55.903 6.064
21.625 59.755 3.405
15.686 63.118 3.462
11.160 66.407 6.557
23.817 66.548 20.026
19.099 62.582 21.951
12.902 59.400 21.036
8.910 56.508 16.388
8.504 53.958 10.257
10.748 51.482 4.655
15.279 47.024 2.365
20.769 43.383 3.641
24.573 40.687 8.338
26.581 39.404 14.540
25.167 35.604 19.686
20.465 31.903 22.992
14.765 28.713 22.658
9.335 26.177 20.281
7.819 21.320 15.913
8.663 18.616 9.703
12.674 16.236 4.711
18.731 13.364 4.011
24.688 10.979 6.248
81.727 83.852 62.876
80.152 87.289 66.682
79.243 89.576 73.439
73.404 90.540 77.391
70.233 86.174 80.916
67.305 80.164 82.343
67.707 73.449 81.130
71.464 68.454 83.678
76.680 66.181 86.734
83.295 65.281 90.529
85.639 68.346 95.598
86.113 73.602 99.639
82.313 76.513 104.711
76.227 75.999 107.792
70.129 74.646 108.338
66.369 70.017 109.059
63.329 64.094 108.779
79.234 66.203 118.231
81.418 62.498 113.404
78.591 57.826 108.790
73.962 57.302 103.897
69.808 61.625 100.256
67.415 67.919 99.169
68.197 74.795 98.748
72.672 79.846 98.078
77.784 81.635 94.850
83.748 81.661 92.462
86.600 78.589 87.029
86.253 76.101 80.223
81.888 73.290 75.809
75.649 70.486 74.501
69.316 72.950 74.188
65.324 78.157 74.249
62.596 82.367 70.270
102.080 92.990 82.014
40.555 15.607 -4.639
34.605 17.915 -2.810
27.466 17.518 -1.982
22.139 13.808 -1.710
19.769 9.322 2.321
17.185 15.253 0.335
12.885 19.660 3.423
8.556 20.938 7.798
5.263 20.874 13.799
7.426 21.604 20.147
12.371 22.496 25.066
18.628 25.046 25.959
24.052 27.959 23.704
27.328 32.408 20.128
26.103 38.400 17.376
8.696 37.663 19.192
10.866 36.817 13.378
15.710 34.261 9.334
21.021 29.727 9.538
24.635 25.427 12.537
24.723 20.346 16.714
21.965 15.550 20.316
17.509 11.091 19.859
12.056 8.134 17.553
36.165 3.476 7.483
33.448 -0.231 2.857
29.873 -0.726 -2.668
26.770 2.560 -8.152
27.146 7.773 -12.198
36.764 7.144 -5.656
32.593 11.631 -3.675
26.216 14.160 -3.916
20.224 12.709 -1.120
16.662 7.971 2.188
12.910 13.253 -0.543
10.101 18.517 2.739
7.131 20.732 8.560
4.707 21.772 14.859
7.507 22.284 21.156
12.551 22.477 25.537
18.738 24.624 26.089
24.302 28.078 24.262
27.746 31.678 19.586
28.015 36.719 15.475
9.908 37.856 16.610
13.014 36.282 11.259
17.465 32.152 8.207
21.512 26.776 8.793
24.657 22.115 12.485
23.941 17.484 16.939
20.279 13.671 20.954
14.422 10.316 20.703
8.869 9.063 18.017
29.946 -1.671 7.716
26.284 -4.303 3.317
22.086 -3.769 -2.306
19.532 -0.326 -7.069
20.874 4.591 -11.971
5.334 5.276 14.392
4.272 2.742 13.418
4.477 1.488 15.955
40.894 16.440 -3.606
34.855 18.205 -2.156
27.599 17.359 -2.037
22.361 13.940 -1.551
20.088 8.973 2.271
16.942 14.811 0.291
11.451 18.040 2.665
8.096 19.816 7.393
4.846 20.563 13.502
7.143 21.513 20.132
11.918 22.362 24.814
18.482 24.829 25.483
23.736 27.880 23.456
26.846 32.379 19.724
25.386 38.551 16.755
7.834 37.407 18.743
10.111 36.748 12.423
15.173 33.641 8.849
20.407 29.466 9.139
24.424 25.019 11.981
24.617 20.143 16.480
22.009 15.550 20.442
17.309 10.942 20.078
11.806 8.072 17.683
8.438 5.107 13.711
36.531 3.621 7.658
33.839 0.119 3.002
30.372 -0.379 -2.388
27.713 2.761 -7.712
28.146 7.875 -12.225
25.743 -0.682 22.557
29.435 5.479 24.859
28.206 9.535 28.772
24.022 13.425 33.342
18.244 14.505 36.110
14.240 12.561 40.094
10.126 7.340 42.714
11.613 1.649 45.990
15.766 -1.637 49.646
20.632 -3.310 52.822
25.216 -1.407 57.085
28.907 2.495 60.946
28.497 6.406 65.603
25.253 12.555 68.170
10.433 2.351 65.681
11.243 8.092 63.276
14.819 12.754 59.759
20.682 15.916 57.752
25.866 12.836 53.732
28.489 9.019 49.693
29.670 3.161 46.196
26.213 -1.507 42.446
20.489 -3.915 39.924
15.229 -2.385 35.871
9.937 1.807 33.850
10.269 6.761 29.520
12.345 11.498 25.377
16.826 14.535 21.685
14.426 13.093 69.585
9.406 9.949 73.812
7.258 5.408 75.103
7.334 -0.282 79.880
11.938 -4.540 83.770
17.125 -5.329 86.608
21.090 -3.083 90.883
25.590 2.074 93.409
24.120 7.611 96.738
19.975 11.433 100.406
15.034 12.850 103.487
10.195 11.016 107.448
7.022 7.003 111.529
6.961 2.738 116.134
10.275 -3.280 119.095
25.072 7.398 116.051
24.320 1.222 113.886
20.900 -3.304 110.283
14.965 -6.412 108.490
9.276 -3.957 105.017
6.711 0.365 101.283
5.948 6.431 96.845
9.399 10.666 92.821
14.906 13.401 90.429
20.441 11.927 86.629
25.605 7.711 84.156
25.456 2.755 79.865
23.358 -1.841 76.157
18.919 -5.405 72.356
61.551 9.255 21.771
63.015 6.707 27.450
60.645 5.370 33.536
58.734 7.052 39.842
52.588 7.632 42.395
45.915 7.888 41.548
40.566 6.975 39.284
36.936 2.837 37.476
34.827 -2.743 37.817
34.013 -6.333 41.787
33.049 -9.425 46.847
33.147 -8.333 52.725
33.923 -6.575 58.535
34.836 -2.924 62.787
32.510 3.225 64.314
32.143 9.629 62.413
30.898 14.484 58.316
23.719 -0.075 46.922
28.648 2.842 44.643
33.936 6.083 44.945
38.896 7.987 47.557
43.212 7.641 50.893
47.422 3.417 52.164
50.031 -1.824 50.929
51.517 -6.624 47.849
51.875 -8.263 42.084
51.302 -10.018 36.052
49.630 -7.790 30.897
48.999 -2.466 27.065
45.624 2.951 24.223
44.205 9.144 26.506
45.954 14.370 29.929
48.440 18.371 34.887
54.598 19.978 36.482
25.129 14.783 45.694
19.679 13.353 42.662
13.287 11.981 43.407
7.976 8.355 45.420
4.090 9.026 50.782
2.658 12.541 56.302
2.309 16.503 60.470
1.145 22.180 61.344
-1.906 27.126 60.083
-6.763 28.245 58.157
-12.527 28.516 56.295
-17.071 24.843 55.729
-21.266 20.216 54.983
-23.291 14.971 55.472
-23.514 11.112 60.724
-19.661 7.880 64.820
-15.331 6.255 69.125
-12.297 25.889 69.143
-7.576 22.449 67.127
-4.730 17.519 64.690
-4.903 12.580 61.139
-6.224 9.181 56.987
-6.963 10.067 50.863
-6.467 13.619 46.210
-4.763 18.062 42.802
-0.182 22.056 42.523
3.995 26.549 43.069
8.482 28.323 46.357
13.113 26.043 50.213
16.018 24.489 56.238
15.706 19.118 60.344
15.430 12.659 60.993
13.744 6.114 60.341
14.852 1.735 55.648
94.817 20.469 -4.844
90.849 25.415 -5.241
85.067 27.748 -2.889
78.223 28.140 -2.620
74.021 25.717 2.037
73.142 22.385 7.812
74.143 19.749 12.964
76.253 20.661 18.302
77.081 24.424 22.986
74.324 28.499 24.968
70.460 32.669 26.843
64.910 34.427 25.621
59.111 35.760 23.487
54.475 34.934 20.400
50.691 29.615 19.145
50.627 23.531 16.712
52.271 17.474 15.692
65.157 21.087 30.305
67.700 19.709 24.731
67.965 19.512 18.547
66.088 21.369 13.029
64.246 24.784 9.163
65.598 30.556 7.528
69.125 35.387 8.009
73.958 38.472 9.462
79.812 37.645 10.468
85.562 36.379 12.440
89.193 31.879 13.353
90.604 25.760 11.409
90.357 18.835 11.729
85.854 14.225 9.457
81.561 12.312 4.920
76.581 12.315 0.279
76.388 14.679 -5.865
-6.704 13.695 76.174
-6.567 18.412 80.582
-10.263 21.596 85.158
-14.799 26.299 87.059
-21.015 25.508 89.342
-25.916 21.222 90.949
-29.075 16.483 92.248
-29.444 11.962 95.923
-28.481 9.620 101.377
-28.752 11.399 106.429
-29.612 14.081 111.705
-31.914 19.100 113.684
-34.099 24.970 114.653
-36.478 29.836 113.458
-41.952 31.481 109.946
-44.973 31.091 104.014
-47.264 28.831 98.573
-41.246 11.691 106.518
-38.251 13.425 101.534
-35.985 17.300 97.232
-33.738 22.589 95.744
-31.298 27.529 96.411
-26.108 29.402 99.255
-21.009 28.155 102.207
-16.547 24.879 104.034
-13.455 19.855 102.525
-11.162 14.278 101.161
-11.873 9.771 97.626
-13.602 8.123 91.583
-17.976 5.601 86.843
-22.841 8.566 83.177
-25.038 13.611 79.821
-26.434 19.986 77.862
-22.654 24.884 75.642
70.481 16.519 93.904
68.210 10.559 94.945
63.723 6.953 98.243
61.273 3.924 103.836
56.170 5.841 107.635
51.437 10.414 109.053
47.721 14.686 108.871
43.334 16.848 106.056
38.260 16.054 102.785
34.472 12.294 102.620
30.533 7.761 103.387
29.553 3.386 107.257
29.567 -1.337 111.484
31.144 -3.966 116.155
32.594 -1.774 122.260
36.657 2.163 125.704
39.975 7.221 127.782
29.348 16.327 113.815
35.488 16.300 112.936
41.359 14.152 113.386
45.148 9.458 114.486
47.160 4.335 114.589
47.486 -0.245 110.523
46.719 -2.207 104.839
45.970 -1.807 99.072
46.969 2.134 94.506
47.269 6.632 90.369
48.691 12.221 89.767
52.732 16.692 92.157
54.350 22.341 95.895
56.077 23.182 102.421
59.335 21.200 107.648
61.931 17.330 112.717
66.782 13.053 112.810
73.202 89.095 -71.827
72.189 94.725 -74.845
69.251 100.480 -73.009
66.871 103.987 -67.841
65.658 105.883 -62.941
68.983 107.785 -57.911
73.771 109.901 -56.204
79.321 112.308 -56.092
83.640 114.418 -59.195
87.571 116.104 -63.677
89.725 116.825 -68.930
87.373 118.441 -75.171
82.826 117.825 -80.282
76.618 117.688 -81.604
69.765 118.421 -79.740
75.833 125.645 -65.176
71.007 120.680 -64.418
70.434 114.743 -68.046
71.857 110.265 -72.955
76.371 106.204 -74.549
81.134 102.293 -72.952
83.244 98.789 -68.666
83.512 95.794 -63.565
79.881 93.111 -59.548
75.962 91.468 -55.127
70.208 91.225 -54.122
63.747 92.116 -55.336
59.251 92.053 -60.599
56.725 93.024 -66.302
56.082 94.864 -72.932
29.522 51.420 5.681
32.867 51.416 11.338
33.115 47.866 17.383
30.454 42.991 21.348
27.318 36.653 20.430
26.708 31.410 17.352
24.431 27.810 11.529
27.434 24.924 6.932
32.597 22.186 3.619
38.909 22.934 1.123
45.054 21.184 3.709
49.025 20.611 9.359
49.415 18.161 15.838
47.319 13.422 20.456
43.511 7.782 21.738
47.801 5.970 2.987
42.192 4.317 4.183
36.982 4.863 8.621
35.022 7.181 14.809
36.343 11.930 19.570
39.780 17.763 20.675
41.652 23.694 19.010
45.680 28.073 14.947
43.760 32.286 10.435
39.786 35.755 6.424
34.498 35.970 2.062
28.034 37.421 2.548
22.284 37.951 6.261
19.394 37.851 12.547
20.140 41.592 18.778
16.290 47.583 30.917
12.281 45.049 24.977
13.366 44.176 18.471
17.272 42.894 12.723
22.734 39.453 10.834
29.187 36.960 10.814
31.513 31.379 13.956
30.720 26.750 17.858
27.329 22.821 23.010
21.511 19.686 23.489
16.427 17.028 20.107
12.582 14.957 15.293
13.073 10.762 10.180
16.151 6.508 5.622
30.021 8.542 19.611
31.166 11.754 14.123
30.090 13.931 8.142
25.918 16.491 4.247
19.717 19.617 3.487
15.256 22.839 6.737
13.511 25.575 12.560
13.403 25.603 19.655
17.068 29.375 23.571
22.368 31.289 26.399
29.442 34.392 26.346
31.323 39.973 23.779
30.791 45.101 19.624
26.965 47.545 14.305
78.786 -3.512 21.515
78.226 -0.815 15.268
73.808 2.425 10.928
67.890 5.248 9.110
63.019 9.045 11.299
58.175 11.703 15.250
58.983 15.821 20.242
62.083 19.252 24.341
68.676 20.705 27.799
74.193 23.431 26.071
77.671 26.795 20.975
78.244 29.472 15.372
75.785 34.154 11.295
70.528 37.671 9.749
70.646 38.576 31.386
65.858 38.785 26.950
61.730 36.445 20.742
61.308 34.243 14.885
65.174 30.758 9.980
70.099 26.906 8.558
74.428 22.236 11.244
78.093 19.163 16.110
76.444 14.306 20.504
73.074 12.631 25.506
67.042 8.872 28.134
62.478 4.440 26.189
60.346 1.407 21.202
60.276 -1.790 15.155
15.675 6.378 -6.580
13.286 1.393 -2.406
14.058 -4.250 1.117
18.166 -8.464 4.678
23.563 -9.548 7.985
27.541 -7.461 12.830
31.424 -2.490 15.806
29.820 3.399 18.626
25.040 7.016 21.946
19.719 8.486 23.978
14.824 6.780 27.609
10.193 2.602 30.538
9.876 -1.642 35.292
12.152 -7.640 38.551
27.259 2.858 38.369
27.363 -3.297 36.207
24.173 -7.830 32.102
18.535 -10.593 29.140
14.395 -8.239 24.279
11.989 -3.714 19.932
12.344 1.748 15.929
16.106 6.646 12.912
21.855 8.889 10.707
27.330 7.323 6.939
32.304 2.959 4.755
32.167 -2.133 0.652
29.369 -6.045 -3.602
24.244 -9.564 -6.582
41.113 26.544 60.927
36.172 32.099 59.148
33.872 36.472 54.343
33.130 37.692 47.877
32.058 34.857 42.025
28.486 30.321 38.748
26.761 24.001 37.078
21.752 28.414 38.099
14.170 30.123 37.851
9.560 31.369 42.646
7.590 35.190 47.610
8.012 40.511 51.576
10.291 46.875 52.926
11.712 52.128 49.955
9.122 46.638 33.697
15.576 46.845 35.892
19.717 47.456 40.884
22.421 45.864 47.695
21.979 40.439 51.938
19.535 35.037 54.746
17.616 29.585 53.915
21.694 23.230 55.007
26.428 19.760 52.591
32.320 18.684 49.418
36.699 20.029 44.076
39.749 25.336 41.855
43.052 31.235 42.911
45.285 35.910 46.866
13.398 -9.910 -20.709
-13.142 13.192 20.360
6.482 -10.058 -20.459
-6.752 11.655 19.487
1.541 -13.474 -16.872
-1.389 7.942 20.359
0.501 -17.631 -11.116
-0.239 1.251 19.592
2.435 -20.610 -5.625
-2.548 -5.228 21.145
5.209 -20.391 0.145
-4.938 -10.245 17.847
8.998 -17.414 5.031
-8.278 -13.080 12.593
9.085 -11.230 7.435
-9.877 -11.606 6.127
8.183 -4.459 6.234
-8.549 -7.081 0.876
3.541 0.265 4.726
-3.570 -4.030 -2.561
-3.166 1.734 3.684
3.071 -2.276 -3.316
-9.021 0.202 5.339
9.112 -4.211 -2.565
-14.807 -1.580 8.597
14.944 -8.056 -2.065
-15.709 -4.365 15.192
16.599 -14.411 -4.128
-13.360 -5.819 21.222
13.182 -20.484 -4.995
-9.427 -3.818 26.127
10.769 -24.268 -10.104
-13.448 12.798 19.505
13.025 -10.432 -21.227
-6.508 12.628 19.252
6.471 -10.760 -19.747
-1.528 7.672 20.715
1.407 -13.612 -16.766
-0.394 0.710 21.282
0.386 -16.260 -10.641
-2.308 -5.405 20.958
2.901 -20.758 -5.878
-4.513 -10.446 17.422
4.853 -20.215 0.417
-9.394 -12.549 12.953
9.717 -17.269 4.642
-9.056 -11.890 6.220
9.839 -10.961 7.252
-8.180 -7.485 0.964
8.573 -4.116 5.935
-3.450 -3.842 -2.339
3.721 0.429 4.925
3.207 -2.135 -3.106
-2.967 1.960 3.949
8.957 -4.611 -3.030
-9.063 0.923 6.043
14.967 -7.903 -2.685
-14.830 -2.226 8.402
15.906 -15.032 -3.735
-16.203 -3.572 15.066
13.737 -20.836 -5.643
-12.754 -5.900 20.793
9.994 -24.175 -9.600
-10.416 -3.442 26.629
7.382 7.498 7.029
33.878 31.662 48.217
14.175 8.026 7.828
27.378 31.595 46.586
19.108 12.987 6.279
22.144 34.098 43.797
20.231 19.902 5.724
21.052 37.005 37.542
17.846 25.952 5.758
23.435 41.587 32.792
16.018 31.139 9.418
25.345 41.041 26.484
11.202 33.328 13.986
30.249 38.118 22.243
11.663 32.716 20.688
29.741 31.998 19.465
12.529 28.292 25.965
28.937 25.194 20.752
17.159 24.624 29.312
24.330 20.408 21.983
23.785 23.057 30.257
17.598 19.055 23.211
29.696 25.408 29.973
11.670 20.197 21.156
35.533 29.118 29.145
5.851 22.993 18.564
36.519 35.958 30.611
4.291 24.189 12.004
33.771 41.929 32.284
7.626 26.428 6.153
30.094 45.241 36.474
11.145 24.576 0.601
33.997 30.792 47.678
7.320 7.826 7.815
27.203 31.064 47.372
13.973 9.031 7.468
22.246 34.713 43.708
19.286 12.794 6.702
21.113 38.522 37.951
20.414 19.518 7.377
23.020 41.476 32.504
18.463 26.038 6.014
25.837 41.244 26.754
15.600 30.961 9.062
29.286 38.168 21.627
12.123 33.823 14.250
30.522 31.805 19.666
10.800 32.358 20.803
29.292 24.943 20.967
12.137 27.817 26.032
24.238 20.511 22.184
17.210 24.837 29.442
17.643 18.871 23.034
23.882 23.007 30.078
11.680 20.630 21.686
29.767 25.066 29.494
5.806 22.309 18.487
35.704 28.514 29.527
4.779 24.966 11.864
37.268 35.229 31.059
7.240 26.444 5.850
34.273 41.364 32.047
10.381 24.317 0.797
31.432 45.242 37.032
0.845 6.105 0.636
-2.683 1.564 3.945
-3.199 -4.323 7.277
0.408 -9.369 10.438
6.348 -11.214 12.960
11.267 -9.411 16.590
14.741 -5.775 20.718
13.966 -1.115 25.891
10.984 5.026 28.188
4.483 6.241 30.236
0.477 5.623 35.078
-4.372 2.061 38.843
-6.658 -4.202 40.708
-4.510 -9.574 43.430
0.579 -12.422 46.510
6.017 -11.908 50.165
10.977 -7.528 52.841
11.200 -2.509 57.043
8.810 2.867 59.838
4.005 6.398 62.282
-2.026 5.876 65.879
-1.410 -11.690 67.463
-6.753 -8.196 63.640
-7.911 -2.624 60.635
-5.476 2.903 57.620
-0.920 5.972 54.348
5.040 5.919 51.413
9.692 2.261 48.020
11.900 -3.325 45.335
10.029 -9.008 42.338
5.434 -12.583 38.583
1.210 -12.490 34.101
-1.597 -9.254 29.047
-4.620 -3.327 27.218
-3.533 2.522 24.681
1.328 6.360 21.101
7.573 8.224 19.057
11.799 5.115 14.731
15.031 0.236 12.026
14.538 -5.484 8.354
10.470 -10.132 5.476
4.742 -10.991 1.982
16.933 10.638 23.561
17.966 7.009 18.333
19.339 2.338 14.133
13.417 3.832 12.949
8.066 -0.387 9.581
1.513 -1.020 9.928
-4.571 0.500 12.926
-8.473 4.311 16.485
3.964 17.920 9.768
4.051 17.127 16.427
1.691 13.992 21.985
-1.370 8.548 24.640
-1.722 1.946 24.387
1.909 -3.338 22.622
6.883 -7.260 20.617
12.156 -8.208 24.805
18.481 -6.995 26.885
-37.402 15.923 6.747
-33.485 16.752 1.234
-27.962 20.487 -0.311
-24.356 26.426 -0.251
-21.529 30.517 3.872
-20.996 34.441 9.329
-14.467 34.662 11.329
-11.547 32.540 15.968
-8.254 27.334 18.571
-4.812 21.843 17.296
-3.096 16.503 13.011
-3.661 27.004 -0.096
-8.411 22.045 -0.089
-12.372 18.266 3.772
-14.637 15.668 9.731
-17.055 17.021 15.589
-23.061 18.738 16.920
-28.561 22.321 16.982
-31.051 28.705 16.392
-32.063 32.943 11.293
-32.937 34.552 4.756
-35.734 31.792 -0.646
-39.561 27.079 -3.599
33.153 -47.423 27.148
39.110 -48.193 23.571
42.224 -45.805 19.168
43.378 -42.199 13.372
41.443 -37.033 9.729
38.852 -30.540 10.675
35.063 -26.079 13.750
33.614 -23.092 19.368
35.166 -21.395 25.512
39.448 -18.392 29.080
45.264 -16.297 30.765
51.697 -15.324 28.236
55.011 -12.347 23.460
56.180 -8.136 18.651
54.399 -3.863 13.223
49.313 -0.982 10.708
42.693 0.876 11.197
38.851 3.189 16.240
38.625 5.713 22.460
41.518 9.710 27.245
46.470 14.426 28.409
48.503 20.912 26.483
50.072 25.711 23.219
47.117 30.290 19.358
42.895 32.059 14.989
37.150 33.473 12.667
30.871 31.335 10.737
25.991 28.282 14.545
24.573 25.924 20.583
22.485 28.327 26.154
21.875 33.192 30.882
21.097 39.303 33.171
19.124 45.177 31.127
13.713 48.582 27.503
9.936 49.055 22.368
5.420 46.079 18.379
2.358 40.944 15.895
-0.058 35.152 16.265
-0.351 28.726 18.994
-3.573 26.431 24.223
-5.722 27.299 30.922
-11.009 29.735 33.219
-17.494 32.123 32.495
-22.936 32.170 28.574
-26.145 31.092 23.549
-28.185 28.062 17.594
-26.974 22.982 14.024
-22.957 17.147 12.689
-21.399 11.722 16.009
-21.333 7.611 21.339
-24.836 5.060 26.724
-30.916 3.357 28.392
-36.948 1.378 26.733
-42.148 -0.876 22.688
-43.380 -2.722 15.932
-40.683 -5.883 10.310
-35.055 -7.891 7.216
-29.961 -11.827 7.239
-24.546 -13.976 10.954
-23.115 -17.551 16.628
-24.144 -22.842 20.977
-25.985 -28.664 20.835
-26.501 -34.967 18.032
-27.205 -38.820 12.735
-24.535 -40.772 7.204
-20.439 -40.154 2.101
-16.542 -35.946 -1.860
-10.736 -33.087 -0.930
-5.993 -30.585 3.162
-1.558 -31.953 8.253
2.151 -37.054 10.725
3.926 -43.327 11.501
6.021 -48.376 7.725
8.988 -50.278 2.392
11.620 -49.646 -3.611
14.521 -46.534 -8.179
16.275 -40.734 -11.696
18.192 -34.750 -10.445
19.381 -30.031 -5.951
23.695 -28.548 -0.752
28.027 -30.680 4.218
34.119 -33.527 4.877
39.932 -35.017 1.912
44.215 -33.830 -2.822
46.835 -31.792 -8.624
47.297 -26.350 -12.344
45.862 -20.232 -13.624
41.052 -15.456 -13.119
38.491 -10.890 -9.021
38.297 -8.976 -2.448
42.724 -7.157 2.442
48.202 -4.293 3.980
52.817 0.061 2.530
54.663 5.275 -0.823
54.529 9.270 -6.388
52.594 12.807 -10.634
47.759 15.113 -15.080
41.718 16.469 -15.077
35.080 14.891 -13.652
31.622 16.344 -8.204
31.317 18.226 -1.598
32.668 23.625 2.110
35.411 29.583 3.881
35.653 35.911 1.846
33.602 40.919 -1.780
30.526 43.526 -7.292
24.653 43.740 -10.687
19.429 40.891 -13.637
14.717 35.461 -13.049
11.769 32.594 -7.574
8.709 33.810 -1.698
7.762 37.327 3.954
5.216 42.900 6.423
0.394 47.730 5.375
-4.025 50.977 1.565
-8.623 50.173 -2.833
-12.006 47.088 -7.838
-13.733 41.229 -10.608
-13.672 34.448 -10.447
-13.759 29.014 -7.393
-13.618 24.765 -1.773
-17.462 24.170 3.903
-23.039 25.468 7.112
-29.481 26.544 7.444
-35.469 25.952 4.492
-38.701 24.828 -0.711
-40.708 22.757 -6.466
-38.413 18.664 -11.601
-33.764 14.780 -14.199
-30.127 9.636 -14.501
-25.859 4.793 -11.962
-26.512 0.026 -7.692
-29.249 -3.035 -2.096
-34.777 -6.671 -2.250
-39.457 -10.238 -5.595
-42.760 -13.043 -9.877
-43.265 -16.047 -15.416
-39.621 -19.294 -20.103
-33.902 -21.050 -23.258
-27.879 -23.134 -21.481
-22.676 -23.851 -17.081
-21.074 -26.334 -11.298
-22.087 -30.843 -6.519
-24.459 -37.060 -4.830
-28.601 -42.355 -5.340
-29.542 -38.729 -22.306
-35.103 -39.189 -18.666
-37.885 -36.465 -13.128
-37.388 -32.655 -7.603
-34.041 -28.500 -3.466
-30.242 -22.848 -4.309
-25.200 -19.317 -7.493
-24.220 -15.632 -12.947
-25.962 -12.289 -17.940
-30.118 -8.752 -21.530
-35.813 -5.174 -22.413
-40.396 -2.607 -18.386
-43.009 0.331 -13.472
-43.286 3.432 -7.658
-40.724 4.928 -1.490
-35.397 7.030 1.696
-28.285 7.246 1.363
-24.421 10.693 -3.243
-24.104 14.480 -8.747
-26.326 19.479 -12.026
-29.267 25.551 -12.218
-30.942 30.783 -9.836
-30.526 35.707 -5.573
-27.941 38.195 -0.259
-23.574 38.805 4.813
-17.688 38.177 7.033
-11.473 35.033 7.884
-7.855 31.678 3.729
-6.429 30.991 -3.080
-4.212 34.015 -8.454
-2.730 39.540 -11.779
-1.051 45.795 -12.803
2.788 50.638 -10.371
7.413 52.332 -5.976
11.997 51.339 -1.151
15.181 46.740 3.098
17.181 40.722 4.087
18.915 34.692 2.350
18.592 29.227 -1.870
21.966 28.169 -7.660
24.762 30.103 -13.512
30.499 32.833 -15.308
36.750 33.789 -13.645
42.084 32.551 -9.522
44.509 28.555 -5.236
44.445 25.161 0.759
43.281 18.859 1.982
38.729 13.507 1.978
36.550 9.105 -2.508
36.130 6.282 -8.438
39.485 4.304 -14.262
44.827 1.939 -15.655
50.782 -0.654 -15.032
54.865 -4.201 -12.459
57.058 -8.396 -8.071
55.936 -12.743 -3.076
52.115 -16.646 0.552
46.309 -17.901 3.311
39.569 -16.372 2.580
35.327 -17.595 -2.475
33.437 -19.231 -8.896
34.159 -23.694 -13.666
34.253 -30.240 -14.815
34.751 -36.443 -12.857
34.441 -41.676 -8.777
30.910 -44.292 -3.946
26.679 -44.099 1.225
23.230 -40.225 5.833
18.167 -36.326 5.385
14.001 -32.109 2.034
10.103 -31.713 -3.507
5.941 -35.396 -7.294
2.363 -40.749 -8.419
-0.709 -46.059 -5.689
-3.788 -49.041 -0.727
-6.549 -48.759 5.017
-8.681 -46.691 10.754
-9.391 -41.280 14.996
-10.235 -34.937 14.871
-10.583 -29.303 11.679
-14.937 -26.077 6.836
-19.640 -26.379 2.055
-26.085 -28.054 1.279
-31.722 -28.375 4.145
-36.364 -28.034 9.019
-37.510 -27.550 15.906
-37.215 -22.545 20.311
-34.006 -17.728 23.326
-29.151 -12.929 23.128
-25.539 -8.683 19.350
-25.950 -5.047 13.288
-30.160 -1.422 9.462
-35.033 3.095 9.316
-38.544 7.935 12.618
-39.495 11.522 18.393
-37.345 14.759 23.921
-32.178 16.031 29.364
-25.609 16.630 30.060
-19.526 14.348 28.046
-15.348 16.956 23.020
-15.139 19.051 16.631
-16.093 25.556 13.640
-17.386 32.338 14.485
-16.471 37.654 17.740
-13.733 41.229 22.634
-10.603 41.704 28.580
-4.324 41.361 30.894
0.678 37.239 32.979
4.074 31.470 30.973
6.904 29.775 24.968
9.984 31.607 19.440
11.424 36.291 14.565
16.086 40.851 14.002
20.868 44.734 16.011
25.494 47.083 20.091
30.042 44.584 24.519
32.819 39.680 28.258
33.054 33.243 29.912
32.142 26.633 28.609
31.432 21.960 24.337
30.794 19.008 17.893
34.539 19.089 12.185
40.368 19.630 9.477
46.850 20.195 9.095
52.121 17.732 11.356
56.324 15.442 16.572
56.609 11.948 21.262
54.210 7.100 25.820
48.447 3.900 27.870
44.076 -0.851 27.227
39.361 -4.110 23.414
39.386 -7.684 17.854
41.702 -9.738 11.743
45.894 -14.836 11.241
50.865 -19.061 13.196
52.415 -23.334 17.617
51.737 -27.730 21.967
47.703 -29.821 27.351
41.418 -31.300 30.002
34.761 -31.365 28.127
29.771 -31.540 23.243
28.220 -33.134 17.259
28.898 -36.907 11.870
30.558 -43.120 9.221
33.620 -49.324 9.157
62.395 1.437 9.755
60.635 -3.321 6.258
56.260 -6.581 2.505
51.270 -6.322 -1.641
46.230 -2.649 -5.231
44.333 2.982 -8.474
46.857 7.836 -12.159
51.472 12.403 -14.513
57.368 12.065 -17.362
63.015 8.796 -19.773
65.135 3.300 -22.887
64.065 -2.468 -26.227
59.929 -6.644 -29.749
55.043 -6.255 -33.652
48.877 -4.644 -35.719
46.263 0.695 -39.192
46.646 6.435 -42.687
49.637 10.946 -46.121
55.082 11.128 -50.002
52.491 -7.493 -52.304
58.871 -5.693 -49.810
62.666 -0.751 -46.872
63.543 4.267 -43.397
61.202 9.017 -39.198
56.810 11.054 -34.950
50.740 10.533 -31.733
46.670 5.958 -28.707
46.708 0.479 -25.126
49.344 -5.492 -22.121
54.449 -6.811 -18.244
60.218 -5.623 -14.865
63.343 -0.990 -11.170
63.590 4.587 -8.277
60.618 10.219 -5.125
55.120 11.836 -1.871
49.269 11.600 0.514
44.961 7.560 4.306
43.715 1.332 7.156
41.929 38.450 22.257
46.749 35.838 18.802
48.980 31.849 14.859
47.705 26.862 10.092
43.016 22.416 7.157
37.210 21.554 4.245
32.559 24.774 0.847
29.475 29.959 -2.556
30.975 35.425 -6.152
35.681 39.490 -9.535
41.196 39.416 -12.860
46.514 36.654 -15.777
49.107 31.450 -19.007
47.492 25.928 -22.187
44.413 20.640 -24.807
39.046 19.619 -28.598
33.271 21.542 -32.012
30.065 26.062 -35.362
30.935 32.462 -38.486
47.829 26.644 -40.684
47.351 32.125 -37.002
43.936 36.818 -34.176
38.640 38.298 -30.961
33.853 36.295 -27.347
30.624 32.371 -23.656
30.730 26.560 -19.766
33.728 22.031 -16.060
39.190 20.807 -12.277
45.373 22.157 -9.696
48.660 27.397 -6.739
48.774 34.018 -4.488
45.371 38.408 -1.339
40.270 40.846 2.159
34.403 39.657 5.486
31.524 34.783 8.898
30.163 29.104 11.578
32.558 24.109 14.763
38.235 20.832 17.718
-11.493 20.501 37.485
-13.347 20.904 30.745
-11.081 21.460 24.561
-5.810 20.033 21.071
0.887 19.794 19.680
7.661 18.571 20.886
10.307 12.919 23.473
10.159 6.994 26.104
7.189 1.092 26.517
3.762 -3.655 23.351
-1.548 -5.201 19.065
-0.400 -6.312 12.270
1.001 -4.933 5.762
4.735 -2.552 0.390
11.091 -4.387 -1.259
17.364 -6.250 0.003
20.677 -11.492 2.048
21.648 -17.861 2.648
19.186 -23.855 5.031
5.543 -18.853 -5.684
4.566 -20.585 0.725
6.074 -19.632 7.159
10.872 -18.439 12.213
14.648 -13.597 13.836
16.653 -7.119 13.745
16.620 -0.923 11.010
13.469 4.343 7.732
6.920 6.151 8.319
0.329 6.057 9.339
-4.314 5.658 14.361
-6.965 2.977 20.150
-5.457 4.675 26.408
-2.030 7.016 31.620
1.916 11.697 34.163
6.820 16.641 33.519
5.259 23.112 31.547
2.841 27.796 27.991
-2.456 31.741 26.997
-4.185 21.390 74.684
-5.556 21.682 67.681
-2.727 22.124 61.712
2.999 20.417 58.800
9.742 20.279 57.812
16.165 19.128 59.765
18.859 13.458 62.417
18.544 7.673 65.375
15.641 1.807 65.549
12.525 -2.936 62.261
7.566 -4.739 57.468
9.189 -5.804 50.786
11.146 -4.494 44.298
15.408 -2.261 39.198
21.597 -4.215 37.989
27.824 -6.030 39.777
30.953 -11.293 42.442
32.021 -17.630 42.707
29.445 -23.686 45.446
16.526 -18.701 33.512
15.154 -20.166 39.885
16.125 -19.240 46.458
20.558 -18.154 51.715
24.085 -13.068 53.682
26.396 -6.623 53.204
26.510 -0.538 50.616
23.421 4.631 47.006
16.743 6.688 47.206
10.169 6.392 47.781
5.156 6.229 52.425
2.011 3.584 58.013
2.995 5.084 64.367
6.113 7.527 69.742
9.618 12.299 72.714
14.519 17.276 72.032
13.019 23.699 69.896
10.773 28.413 66.345
5.658 32.667 64.874
-20.983 109.143 24.571
-15.878 113.283 25.133
-11.161 117.178 28.703
-8.182 118.675 35.048
-8.344 115.318 41.349
-6.148 112.298 45.157
-5.553 105.447 48.075
-5.969 98.751 47.230
-6.325 93.837 42.205
-4.059 90.358 36.660
1.536 88.585 34.384
7.452 91.094 32.633
11.906 95.500 35.280
15.676 98.886 39.615
16.670 99.737 46.726
19.087 97.403 52.860
21.110 90.854 55.040
24.566 85.215 54.433
30.286 81.867 51.750
33.931 82.256 46.538
34.712 85.976 41.168
37.048 90.587 36.865
35.910 96.941 37.035
36.603 103.940 38.623
39.455 107.776 42.970
33.246 159.758 84.626
30.281 154.236 83.848
26.050 149.539 80.102
25.490 145.959 73.802
30.134 144.715 68.237
34.260 142.248 65.172
40.838 141.143 64.178
46.961 141.899 65.907
51.459 142.882 71.621
53.617 142.012 78.179
54.558 136.738 81.532
51.782 130.800 83.525
47.858 126.120 80.959
45.157 121.533 76.223
45.634 119.808 69.805
48.884 116.341 64.650
55.711 113.901 63.880
61.055 110.910 66.508
63.848 105.582 70.139
62.426 102.421 76.037
57.973 102.583 80.712
52.314 101.044 84.389
46.294 101.616 82.518
39.595 100.944 80.021
36.671 97.489 75.270
-23.610 117.342 42.167
-24.797 110.264 42.436
-22.111 104.682 39.207
-19.504 101.464 33.354
-14.643 102.116 29.346
-8.807 105.242 26.715
-2.996 106.389 28.800
2.119 110.322 32.054
5.220 109.504 38.091
5.630 106.343 44.175
4.054 101.816 48.542
1.739 95.414 51.130
2.516 89.318 49.961
5.036 84.250 47.048
10.734 82.440 43.688
15.262 84.123 38.889
19.338 89.355 35.782
22.821 94.388 38.440
24.530 99.367 43.291
27.719 99.412 49.121
31.118 98.033 55.226
36.052 93.650 57.768
41.463 91.165 55.042
45.420 89.114 49.700
47.618 89.855 43.083
28.092 160.639 65.732
35.521 161.361 66.310
40.840 158.742 70.531
42.714 157.334 77.686
41.035 152.814 81.799
37.770 147.951 84.110
35.913 141.718 83.318
33.227 136.069 79.708
34.632 132.359 74.765
39.156 130.931 68.959
44.490 131.962 65.478
50.700 133.552 64.292
56.725 132.980 66.304
61.412 130.870 70.181
62.448 125.695 75.316
59.652 122.150 80.228
53.741 118.595 82.783
48.830 114.434 80.025
45.162 112.449 74.339
46.159 108.087 69.062
48.490 104.371 64.141
53.417 98.717 63.494
55.542 93.944 67.515
55.502 90.595 73.376
53.547 89.798 79.658
23.265 45.163 33.937
26.212 39.019 34.828
28.154 33.602 33.963
31.871 29.714 30.626
35.686 27.187 25.683
39.081 28.478 20.744
43.038 32.679 16.816
46.892 37.852 17.713
50.341 42.313 21.319
52.856 44.267 27.157
48.034 29.665 37.433
44.980 34.956 36.823
42.316 40.505 34.645
39.503 44.811 30.363
37.596 46.279 24.692
34.844 44.292 18.564
31.361 39.813 15.939
26.538 34.935 15.728
21.715 32.375 19.795
17.825 31.022 24.384
0.386 7.739 13.616
4.545 12.441 15.802
10.451 13.155 18.750
15.104 11.212 23.267
18.604 6.162 26.370
21.519 0.241 26.005
24.387 -3.953 21.582
25.444 -5.874 15.073
27.282 -3.498 9.413
26.743 1.484 4.569
30.418 6.981 3.744
33.005 12.903 6.315
39.253 13.720 8.649
44.754 12.676 11.506
50.014 10.473 11.392
55.645 7.256 9.321
58.624 7.289 3.602
57.804 5.701 -3.157
54.059 7.232 -8.591
51.033 12.200 -11.762
53.418 24.314 1.453
47.368 22.581 -1.403
44.315 17.076 -4.053
44.149 10.602 -6.042
45.518 4.309 -5.222
44.908 -0.738 -1.373
46.086 -4.198 4.574
44.594 -2.637 10.777
43.468 1.527 16.019
39.482 6.044 18.839
33.873 9.712 18.598
28.842 12.863 14.981
23.257 10.918 11.592
19.309 6.381 8.007
15.170 1.400 9.321
12.806 -3.996 13.096
12.727 -6.738 19.456
10.758 -4.230 25.302
7.991 0.521 29.001
6.156 6.819 30.929
-3.758 37.457 -25.277
-5.768 31.062 -25.047
-3.014 24.694 -26.130
1.243 20.916 -22.440
7.576 19.441 -20.745
14.126 20.623 -17.500
14.962 22.696 -11.313
13.836 26.305 -6.052
9.457 27.083 -1.159
4.694 24.624 2.916
-1.327 20.792 3.225
-0.962 13.666 5.112
0.157 7.635 3.924
4.387 1.503 3.048
9.917 -0.049 6.444
14.868 0.558 10.216
16.981 3.076 15.834
16.542 4.310 22.193
12.929 6.665 27.550
0.032 -3.813 19.331
-0.915 2.557 20.406
1.566 8.945 20.177
6.770 13.764 19.841
11.337 15.302 15.583
15.439 13.947 10.275
17.056 11.427 4.452
14.972 8.234 -1.375
9.039 8.774 -4.880
2.844 10.152 -6.714
-1.496 15.210 -7.800
-4.355 21.336 -6.393
-2.022 27.601 -7.610
2.277 32.308 -9.630
7.493 34.318 -13.207
13.262 33.226 -17.089
13.532 30.628 -23.280
11.491 27.040 -28.310
6.170 25.683 -33.278
42.329 18.344 -7.569
36.282 14.530 -8.628
33.086 9.080 -11.675
33.086 1.877 -12.676
34.939 -2.957 -8.342
37.165 -5.386 -2.956
39.808 -6.419 2.828
42.698 -4.900 8.799
40.331 -1.102 13.826
35.283 1.764 17.161
28.743 1.849 18.696
21.887 1.278 17.258
18.040 -3.773 16.155
16.187 -9.951 15.203
16.620 -16.305 17.688
20.371 -20.263 21.246
22.874 -22.494 26.535
23.834 -22.542 33.018
24.200 -21.176 39.300
19.348 -18.027 43.475
7.183 -16.858 30.635
10.559 -11.175 33.722
15.737 -8.184 36.067
23.014 -7.720 37.292
28.205 -9.729 33.097
30.694 -11.942 27.598
31.797 -14.634 21.675
30.168 -17.462 15.692
26.573 -15.145 10.692
23.542 -10.127 7.368
23.211 -3.563 5.977
24.110 3.327 7.138
29.057 7.169 8.937
34.929 8.940 9.481
41.454 8.391 6.876
45.850 5.063 3.272
47.779 1.913 -2.045
47.850 0.934 -8.323
45.595 1.481 -14.837
43.497 5.254 -19.195
