58.146 34.971 37.395
60.350 28.396 37.369
62.089 23.066 40.679
59.835 19.083 45.766
56.095 17.238 51.265
50.217 16.940 53.227
45.097 18.253 54.336
45.225 21.896 35.872
44.166 26.506 39.610
43.903 29.298 45.866
47.653 30.548 51.276
52.829 29.410 55.445
59.433 29.879 55.494
65.424 30.295 53.029
36.750 8.412 -5.439
31.675 12.231 -3.878
24.872 13.768 -4.013
19.115 11.482 -2.017
16.251 7.918 2.593
12.642 13.232 -0.239
9.778 18.274 3.391
6.770 20.565 9.013
4.427 21.687 15.325
7.059 22.156 21.701
12.193 22.388 26.060
18.372 24.597 26.812
23.922 27.605 24.595
27.976 30.846 20.314
27.750 36.497 16.751
9.570 36.624 18.030
12.138 34.938 12.390
17.139 32.217 8.630
21.449 26.767 9.202
24.565 22.024 12.570
23.509 17.299 17.050
19.866 13.416 21.195
14.303 10.039 21.086
8.352 8.470 18.593
30.348 -1.797 7.818
26.753 -4.568 3.327
23.189 -4.370 -2.252
21.445 -1.725 -7.830
20.779 3.149 -12.671
5.138 5.342 14.879
3.949 2.760 13.800
4.209 1.310 16.087
-6.398 1.623 27.041
-3.769 7.237 25.274
0.615 12.537 25.855
6.251 14.002 23.694
1.353 19.061 25.239
-0.995 24.288 21.583
-0.312 27.517 15.534
1.789 29.321 9.556
2.384 27.002 2.550
1.898 22.607 -2.080
-5.850 11.517 9.361
-0.002 9.196 6.591
6.003 11.672 5.340
10.482 16.171 6.686
12.733 21.302 9.735
12.904 -3.679 21.567
12.951 -0.460 27.676
12.413 4.003 32.637
7.848 6.840 36.296
16.158 23.515 14.492
18.349 23.664 16.145
20.226 22.858 14.367
