58.146 34.971 37.395
60.350 28.396 37.369
62.089 23.066 40.679
59.835 19.083 45.766
56.095 17.238 51.265
50.217 16.940 53.227
45.097 18.253 54.336
45.225 21.896 35.872
44.166 26.506 39.610
43.903 29.298 45.866
47.653 30.548 51.276
52.829 29.410 55.445
59.433 29.879 55.494
65.424 30.295 53.029
36.750 8.412 -5.439
31.675 12.231 -3.878
24.872 13.768 -4.013
19.115 11.482 -2.017
16.251 7.918 2.593
12.642 13.232 -0.239
9.778 18.274 3.391
6.770 20.565 9.013
4.427 21.687 15.325
7.059 22.156 21.701
12.193 22.388 26.060
18.372 24.597 26.812
23.922 27.605 24.595
27.976 30.846 20.314
27.750 36.497 16.751
9.570 36.624 18.030
12.138 34.938 12.390
17.139 32.217 8.630
21.449 26.767 9.202
24.565 22.024 12.570
23.509 17.299 17.050
19.866 13.416 21.195
14.303 10.039 21.086
8.352 8.470 18.593
30.348 -1.797 7.818
26.753 -4.568 3.327
23.189 -4.370 -2.252
21.445 -1.725 -7.830
20.779 3.149 -12.671
5.138 5.342 14.879
3.949 2.760 13.800
4.209 1.310 16.087
-6.398 1.623 27.041
-3.769 7.237 25.274
0.615 12.537 25.855
6.251 14.002 23.694
1.353 19.061 25.239
-0.995 24.288 21.583
-0.312 27.517 15.534
1.789 29.321 9.556
2.384 27.002 2.550
1.898 22.607 -2.080
-5.850 11.517 9.361
-0.002 9.196 6.591
6.003 11.672 5.340
10.482 16.171 6.686
12.733 21.302 9.735
12.904 -3.679 21.567
12.951 -0.460 27.676
12.413 4.003 32.637
7.848 6.840 36.296
16.158 23.515 14.492
18.349 23.664 16.145
20.226 22.858 14.367
7.391 -0.441 92.895
13.026 -2.652 93.422
16.323 -8.059 90.832
17.187 -13.443 87.054
15.508 -17.358 82.140
12.674 -16.492 75.864
9.013 -13.234 71.446
7.722 -7.592 68.394
8.804 -1.638 66.657
13.306 1.944 63.502
19.519 3.772 61.766
25.557 1.872 60.309
29.046 -3.096 56.163
30.027 -5.603 50.686
28.097 -11.929 47.875
23.572 -15.335 45.203
16.787 -15.824 45.068
12.156 -10.830 42.005
11.244 -4.255 40.190
13.709 0.400 35.782
17.466 1.944 30.511
20.811 -0.240 25.048
20.441 -3.978 19.784
18.220 -8.250 15.718
12.742 -13.299 14.243
6.893 -15.068 14.692
0.767 -13.946 18.005
-2.938 -8.930 19.264
-4.152 -1.571 18.079
-4.323 2.948 13.252
-5.137 4.552 7.112
-8.508 3.079 1.657
-12.603 -0.511 -2.068
-16.610 -5.370 -2.687
-21.130 -10.310 0.408
-24.520 -12.232 6.415
-26.490 -10.683 12.248
-27.080 -7.989 17.487
-30.083 -2.670 20.019
-33.117 4.066 18.072
-37.922 5.875 15.966
-44.628 6.980 13.807
-49.828 2.560 13.128
-52.917 -2.822 15.122
-54.438 -8.367 17.493
-53.491 -13.611 22.697
-49.557 -14.519 27.711
-47.733 -11.520 33.841
-48.088 -6.619 38.076
-51.160 -0.494 40.999
-57.258 1.621 42.513
-62.751 1.126 44.688
-68.115 -3.067 45.943
-69.697 -6.087 50.207
-70.353 -12.826 51.864
-67.523 -18.159 55.903
-62.296 -21.464 56.586
-55.527 -20.668 57.876
-50.966 -16.602 60.134
-49.364 -10.670 63.694
-50.610 -6.533 69.018
-52.196 -7.071 75.255
-53.429 -10.040 81.219
-53.770 -15.446 84.852
-50.729 -21.107 87.033
-46.631 -26.048 85.901
-42.303 -29.570 81.908
-36.808 -28.546 78.923
-32.231 -24.430 76.609
-28.558 -18.645 77.574
-24.793 -16.180 82.905
-22.647 -16.053 89.084
-19.826 -19.471 93.787
-17.142 -24.823 96.183
-14.267 -30.538 95.030
-10.639 -35.045 92.246
-9.200 -38.758 86.653
-6.869 -37.601 80.889
-6.832 -33.188 75.669
-2.688 -27.881 74.250
1.865 -22.927 76.103
7.887 -22.212 78.932
13.720 -25.025 79.936
18.023 -29.781 78.995
20.279 -35.787 76.962
20.626 -39.505 71.776
19.315 -40.912 65.575
14.156 -40.513 61.012
12.267 -36.359 56.318
11.697 -29.692 54.679
16.268 -25.043 52.926
21.575 -23.346 49.897
25.957 -24.366 45.477
27.659 -28.154 40.182
28.141 -33.010 35.951
25.501 -37.437 32.247
20.934 -42.312 30.681
14.049 -42.218 28.894
8.012 -40.392 30.986
4.777 -35.058 29.379
4.694 -27.869 27.996
5.967 -24.502 22.319
8.615 -22.672 16.469
9.198 -24.570 10.401
6.937 -29.139 5.476
2.847 -34.824 3.107
-3.187 -37.033 2.552
-8.500 -40.192 5.160
-13.017 -39.390 10.544
-16.178 -34.359 12.815
-18.504 -27.990 12.619
-19.064 -22.313 9.184
-22.087 -20.059 3.675
-26.777 -21.140 -0.755
-31.431 -23.666 -4.304
-35.462 -29.046 -3.375
-38.489 -34.286 -0.913
-40.533 -37.081 5.318
-40.578 -37.559 11.806
-39.770 -34.353 17.541
-41.166 -28.937 21.431
-45.398 -23.519 22.114
-50.783 -20.495 21.201
-57.644 -21.949 20.961
-62.838 -27.651 21.106
-63.344 -34.214 21.214
-63.951 -39.774 26.431
-59.467 -42.001 30.949
-56.427 -41.946 36.757
-52.055 -39.336 41.397
-53.442 -35.094 46.776
-56.643 -29.641 49.194
-61.834 -29.640 52.892
-66.858 -32.733 55.956
-69.762 -36.986 58.866
-69.921 -43.549 61.628
-66.205 -47.304 64.962
-60.931 -50.424 67.016
-53.673 -49.313 68.466
-49.079 -44.806 69.554
-46.800 -39.218 71.947
-47.836 -34.577 76.833
-50.192 -33.355 82.851
-54.550 -33.616 87.909
-55.375 -50.617 84.631
-60.731 -46.597 84.646
-62.963 -41.298 81.697
-62.977 -35.783 78.418
-60.302 -31.103 74.686
-56.051 -31.324 69.118
-51.425 -34.846 65.504
-50.927 -40.276 61.421
-52.651 -45.433 58.052
-57.099 -48.652 54.605
-62.275 -49.520 50.947
-67.202 -45.752 48.364
-69.908 -40.692 45.839
-70.035 -35.876 41.872
-67.036 -29.054 41.335
-62.083 -26.101 38.757
-55.066 -26.090 38.993
-51.110 -30.491 35.309
-50.126 -36.064 32.322
-52.592 -40.449 26.633
-56.036 -39.853 20.953
-58.108 -37.119 15.490
-56.898 -32.138 10.508
-53.055 -26.654 8.578
-47.600 -21.455 8.435
-40.488 -19.643 10.723
-36.201 -22.389 15.098
-32.922 -28.477 15.351
-31.283 -34.472 12.880
-30.248 -38.707 6.802
-28.617 -38.344 0.539
-24.633 -36.101 -4.192
-19.978 -31.713 -5.959
-15.605 -27.204 -4.325
-12.240 -23.620 -0.273
-10.024 -22.655 5.848
-8.088 -24.456 11.719
-8.580 -28.673 16.996
-5.363 -34.516 18.168
-2.724 -40.471 16.179
3.002 -42.413 12.971
9.339 -40.908 12.483
14.288 -37.139 13.697
17.275 -32.119 16.697
17.480 -26.162 20.356
16.823 -25.782 26.981
11.749 -25.031 31.868
10.071 -29.303 36.265
9.424 -35.319 39.221
12.387 -41.155 40.990
17.945 -42.734 43.785
24.084 -42.610 45.846
28.603 -39.908 49.321
29.910 -36.009 54.217
29.263 -30.878 58.329
25.758 -26.761 61.786
19.838 -24.275 63.506
13.224 -24.482 61.787
8.876 -29.544 63.225
7.189 -36.108 64.905
7.676 -40.652 69.208
8.205 -41.628 75.994
8.396 -39.819 82.163
8.646 -35.605 87.347
4.815 -30.942 89.680
0.515 -25.763 89.682
-2.830 -21.067 85.622
-7.688 -21.332 81.836
-12.129 -25.250 77.852
-15.831 -30.944 77.604
-19.432 -35.050 81.257
-23.038 -35.881 86.782
-26.708 -33.168 91.648
-29.783 -28.281 94.540
-33.100 -23.005 94.527
-35.607 -17.411 92.509
-35.794 -12.916 87.421
-36.871 -12.820 81.109
-37.001 -15.922 74.945
-41.205 -20.591 72.135
-45.777 -25.748 72.319
-52.139 -26.917 73.995
-57.790 -23.873 74.500
-62.534 -19.166 75.265
-63.621 -12.861 73.185
-63.480 -7.870 68.923
-60.361 -4.850 63.979
-55.819 -4.439 59.228
-52.566 -8.250 54.669
-52.706 -14.311 51.472
-56.740 -18.532 48.301
-61.016 -19.409 44.040
-64.966 -16.446 39.292
-66.944 -11.640 34.823
-67.215 -5.505 33.527
-63.266 -1.134 30.119
-58.020 2.527 29.348
-51.294 3.521 29.849
-45.370 0.043 30.926
-42.289 -4.481 29.140
-41.404 -11.135 25.926
-41.595 -13.108 19.944
-42.927 -11.580 13.208
-43.074 -8.805 8.003
-41.041 -3.151 4.966
-35.688 1.996 3.804
-30.799 4.616 5.064
-25.456 6.243 8.966
-22.006 3.713 14.156
-19.464 -2.010 16.446
-16.782 -8.145 14.717
-15.594 -13.241 10.500
-11.618 -13.983 5.188
-6.432 -12.655 1.203
-1.404 -9.563 0.547
2.247 -4.350 1.470
5.261 0.638 6.028
5.127 2.569 12.384
4.961 1.292 19.461
1.988 -3.003 24.147
4.160 -9.155 26.633
8.452 -14.336 26.846
14.264 -17.414 25.958
20.950 -15.480 26.722
25.817 -9.860 27.835
26.664 -4.313 31.360
24.924 0.081 35.610
20.664 1.258 40.630
16.934 0.288 46.343
12.639 -3.571 50.265
13.445 -9.155 53.194
16.513 -14.925 55.105
21.049 -15.927 59.345
25.057 -12.996 64.138
26.599 -9.541 68.722
25.351 -4.306 72.933
21.687 0.671 74.994
15.167 3.084 75.123
8.965 0.494 76.292
4.248 -3.572 76.845
2.251 -9.689 78.267
2.892 -15.180 82.345
4.475 -17.474 88.326
7.788 -17.486 94.248
6.879 0.210 92.642
12.947 -2.951 93.868
16.760 -8.127 90.379
17.182 -13.779 87.085
15.318 -17.540 82.039
12.618 -16.458 75.821
8.812 -13.240 71.364
7.849 -7.455 68.421
9.060 -1.725 66.576
13.718 1.873 63.982
19.851 3.866 62.009
25.775 1.884 60.327
29.218 -2.967 56.056
30.154 -5.776 50.872
28.366 -11.932 47.852
23.417 -15.587 45.230
16.525 -15.940 44.930
12.414 -10.759 42.172
11.529 -4.459 39.847
13.643 0.170 35.660
17.951 1.582 30.429
21.329 -0.160 25.015
21.577 -3.772 19.842
18.636 -8.454 15.796
13.170 -13.282 13.963
6.960 -14.984 14.576
0.954 -13.814 18.050
-2.601 -8.752 19.300
-4.025 -1.429 17.958
-3.923 2.988 13.155
-4.747 4.788 6.983
-8.406 3.335 1.563
-12.616 0.160 -2.469
-16.938 -5.867 -2.546
-21.380 -9.438 0.589
-24.265 -11.646 5.932
-26.492 -10.716 11.836
-26.994 -7.868 17.387
-30.156 -2.344 19.551
-32.604 4.115 18.441
-37.711 6.460 16.219
-44.783 6.273 13.459
-49.940 2.822 13.096
-52.901 -3.113 14.701
-54.150 -8.818 17.219
-53.634 -12.972 22.819
-49.911 -14.265 28.418
-47.783 -11.407 33.737
-48.106 -6.400 37.857
-51.053 -0.478 40.958
-57.233 1.951 42.117
-62.856 1.305 44.318
-67.956 -2.858 45.728
-70.487 -7.366 49.516
-70.907 -13.017 52.106
-67.312 -17.661 55.817
-62.465 -21.233 56.649
-55.633 -20.621 57.443
-51.041 -16.526 60.018
-49.518 -10.828 63.552
-50.812 -6.676 68.746
-52.316 -6.831 75.009
-53.602 -10.029 81.003
-54.018 -15.330 84.555
-50.843 -21.546 86.792
-46.695 -25.981 85.673
-42.771 -29.537 81.458
-36.950 -28.580 78.776
-32.379 -24.402 76.387
-28.465 -18.942 77.660
-24.747 -16.395 82.652
-22.716 -15.804 88.930
-20.245 -19.254 93.800
-17.318 -25.062 95.759
-14.134 -30.548 95.020
-10.838 -35.191 91.960
-9.443 -38.911 86.469
-6.954 -37.571 80.664
-6.915 -33.089 75.556
-2.644 -27.848 74.178
1.776 -22.975 76.087
7.896 -22.215 78.880
13.712 -25.083 79.948
17.953 -29.814 79.073
20.434 -35.803 77.209
20.823 -39.441 71.669
19.428 -40.756 65.527
14.184 -40.506 60.939
12.231 -36.355 56.179
11.703 -29.573 54.557
16.178 -24.996 52.824
21.450 -23.017 49.852
26.142 -24.428 45.388
28.139 -28.362 40.261
27.903 -33.150 36.043
25.590 -37.495 32.309
20.728 -41.908 30.289
14.518 -42.004 28.834
8.028 -40.289 30.730
4.787 -35.080 29.209
4.790 -27.899 28.004
6.668 -24.194 22.434
8.816 -22.945 16.500
9.124 -24.729 10.237
6.478 -29.055 5.194
3.288 -34.038 2.668
-2.452 -36.997 2.235
-8.146 -40.043 4.949
-12.751 -39.288 10.040
-16.224 -34.158 12.517
-18.452 -27.745 12.421
-19.223 -22.112 8.772
-22.190 -19.507 3.660
-26.530 -20.846 -1.084
-31.321 -23.586 -4.472
-35.677 -28.849 -3.635
-38.770 -33.962 -0.639
-40.630 -36.882 4.928
-40.589 -37.141 11.622
-39.726 -34.264 17.493
-41.108 -28.623 21.124
-45.195 -23.250 22.060
-51.240 -20.992 20.757
-57.761 -21.603 20.475
-62.834 -26.926 19.775
-63.750 -34.303 21.345
-64.160 -38.703 25.989
-59.877 -41.572 30.900
-56.557 -42.018 36.462
-52.361 -39.212 41.287
-53.706 -34.822 46.272
-56.870 -29.509 48.911
-61.864 -29.140 52.793
-67.242 -32.396 55.806
-70.158 -37.318 58.485
-70.000 -42.605 61.954
-66.346 -47.443 64.639
-61.044 -50.351 66.546
-53.792 -49.192 68.194
-49.275 -44.801 69.148
-46.912 -39.213 71.682
-47.946 -34.518 76.378
-50.385 -33.153 82.349
-54.568 -33.571 87.635
-55.587 -51.108 84.352
-61.355 -46.380 84.801
-63.449 -41.591 81.099
-63.247 -35.690 78.099
-60.375 -31.474 74.116
-56.212 -31.325 68.727
-51.503 -34.765 65.420
-50.678 -40.457 61.041
-52.704 -45.247 57.696
-57.130 -48.624 54.367
-62.393 -49.553 50.772
-67.334 -45.905 47.771
-69.895 -41.018 45.063
-70.123 -35.527 41.423
-67.323 -29.162 40.343
-62.000 -26.089 38.324
-55.020 -25.839 38.700
-51.078 -30.475 35.190
-50.432 -35.952 31.667
-52.445 -39.993 26.547
-55.791 -39.536 20.544
-57.888 -36.534 15.155
-56.881 -32.139 10.312
-53.181 -26.614 8.166
-48.043 -21.323 8.012
-42.004 -19.690 10.383
-36.725 -22.104 14.412
-32.739 -28.473 15.073
-31.190 -34.399 12.333
-30.325 -38.198 6.789
-28.528 -38.184 0.430
-24.642 -35.685 -4.490
-20.086 -31.124 -5.999
-15.332 -26.750 -5.170
-11.988 -23.109 -0.699
-9.675 -22.352 5.518
-8.069 -24.126 11.398
-8.544 -28.585 16.734
-5.586 -34.171 17.804
-3.015 -40.032 15.356
3.155 -42.021 12.432
9.188 -40.594 11.668
14.466 -36.746 13.345
17.435 -32.263 16.844
17.973 -26.290 20.065
16.545 -25.050 26.292
11.825 -25.014 32.158
9.847 -29.374 36.292
9.409 -35.400 39.139
12.419 -41.095 40.908
17.996 -42.744 43.790
24.014 -42.305 45.986
28.440 -39.785 49.510
29.984 -36.028 54.158
29.325 -30.838 58.231
25.732 -26.884 61.700
19.814 -24.191 63.499
13.113 -24.580 61.681
8.904 -29.580 63.041
6.967 -36.085 64.777
7.723 -40.654 69.080
7.873 -41.736 75.674
8.141 -39.804 81.966
8.622 -35.522 87.116
4.777 -30.892 89.524
0.510 -25.739 89.367
-2.942 -21.097 85.437
-8.061 -21.598 81.560
-12.105 -25.158 77.869
-15.839 -31.044 77.354
-19.933 -34.551 81.127
-23.441 -35.671 86.729
-26.779 -33.458 91.669
-30.048 -28.283 94.453
-33.085 -22.831 94.356
-35.783 -17.240 92.262
-35.493 -12.525 87.379
-37.356 -12.698 80.834
-36.928 -16.079 74.889
-41.301 -20.707 71.969
-45.877 -25.693 72.204
-52.325 -26.816 73.899
-57.965 -23.868 74.085
-62.465 -18.905 74.731
-64.068 -13.052 73.171
-63.839 -8.293 68.700
-60.733 -4.991 63.824
-56.047 -4.507 59.035
-52.535 -8.340 54.590
-52.727 -14.365 51.215
-56.875 -18.166 47.816
-61.408 -19.294 43.728
-64.720 -15.797 38.867
-66.206 -11.518 34.665
-66.994 -5.561 32.799
-63.268 -1.222 29.945
-57.985 2.709 29.271
-51.559 3.090 29.664
-45.411 0.365 30.806
-42.265 -4.577 29.119
-41.370 -11.176 25.774
-41.924 -12.925 19.219
-42.355 -11.182 12.701
-42.876 -7.566 7.584
-40.203 -3.628 4.046
-36.530 1.910 4.103
-30.111 4.308 4.488
-25.223 6.355 8.856
-21.976 3.776 14.220
-19.269 -2.039 16.305
-16.626 -8.057 14.575
-15.469 -13.125 10.119
-11.577 -13.803 4.870
-6.380 -12.392 1.124
-1.633 -9.084 -0.188
2.783 -4.126 1.809
5.010 0.227 6.254
5.168 2.655 12.377
5.200 1.431 19.189
2.360 -2.822 24.139
4.520 -8.959 26.524
8.650 -14.209 26.694
14.693 -17.225 26.066
21.075 -15.254 27.025
25.572 -10.519 28.324
26.929 -4.798 31.477
25.041 -0.355 36.120
20.780 1.452 41.026
17.303 0.384 45.968
12.595 -3.709 50.113
13.476 -9.139 53.395
16.519 -15.089 55.019
21.181 -16.141 59.328
25.441 -13.642 63.857
26.567 -10.328 68.716
25.884 -4.464 73.341
20.952 0.926 75.331
14.195 2.907 75.094
8.718 1.247 76.357
4.350 -3.877 76.563
2.289 -9.747 78.321
2.758 -15.131 82.161
4.384 -17.425 88.262
7.752 -17.560 94.352
2.083 -0.343 92.078
8.999 -3.623 91.983
12.579 -8.297 89.607
12.891 -15.228 86.711
11.463 -18.138 81.520
9.359 -17.517 74.871
6.488 -14.133 70.000
4.885 -8.279 67.083
6.886 -2.843 65.582
12.118 0.728 62.768
18.142 2.529 60.963
24.493 0.095 60.204
27.870 -4.102 57.405
29.781 -8.265 52.751
28.216 -14.161 49.167
23.530 -17.536 46.305
17.024 -17.208 44.368
12.830 -12.571 41.746
12.673 -6.146 39.528
15.252 -1.925 35.634
20.451 -0.276 30.503
24.433 -2.486 26.010
25.107 -6.268 20.301
22.506 -11.733 15.659
16.875 -16.076 13.786
10.283 -17.659 14.030
3.971 -16.079 16.424
0.634 -11.045 17.521
-0.453 -3.815 15.878
0.166 0.293 11.014
0.028 2.311 4.131
-3.376 0.450 -1.389
-5.997 -4.332 -5.524
-11.014 -8.544 -5.779
-15.666 -12.432 -3.209
-19.081 -14.273 2.123
-21.680 -13.195 7.653
-23.373 -10.013 12.402
-26.912 -4.622 14.630
-28.738 2.151 12.050
-33.482 4.110 8.938
-39.719 2.775 4.654
-44.749 -0.195 4.796
-48.282 -4.751 6.833
-50.041 -10.343 9.393
-50.895 -14.059 15.224
-46.863 -15.128 20.137
-45.767 -11.793 26.615
-46.387 -6.643 30.607
-49.525 -0.177 32.516
-55.315 1.895 33.514
-62.065 1.403 34.451
-66.875 -1.149 36.602
-69.804 -5.384 40.389
-70.564 -12.097 42.754
-67.862 -17.383 45.837
-62.494 -20.539 48.383
-55.999 -19.972 49.357
-51.972 -15.581 52.814
-50.644 -10.238 56.323
-52.341 -6.120 60.992
-54.474 -5.750 67.264
-56.149 -8.750 72.899
-57.321 -13.486 77.063
-54.256 -19.177 79.325
-50.502 -24.322 79.074
-45.731 -28.084 75.776
-40.105 -27.530 73.204
-35.349 -23.501 71.272
-31.758 -17.730 72.606
-28.127 -15.304 77.601
-26.388 -14.934 84.163
-23.997 -17.538 89.298
-21.891 -23.734 91.987
-19.240 -29.130 91.741
-16.071 -34.492 89.533
-14.620 -38.675 84.207
-11.363 -37.418 78.543
-10.379 -33.014 73.430
-5.820 -28.116 72.289
-1.478 -23.139 74.412
4.334 -22.996 77.508
9.857 -26.056 79.142
14.023 -30.711 79.038
16.257 -36.899 77.349
16.555 -41.092 72.577
16.031 -42.623 66.292
11.375 -42.037 61.334
10.196 -37.644 56.332
10.355 -31.080 54.315
15.220 -26.485 52.886
20.592 -25.065 50.483
24.627 -26.245 45.560
27.534 -30.643 41.527
29.042 -36.336 38.986
26.181 -40.497 34.563
21.241 -44.151 32.081
15.398 -44.284 29.826
8.717 -41.786 30.657
6.074 -36.919 28.596
6.299 -30.353 26.902
8.341 -26.776 22.125
12.063 -25.836 15.649
12.260 -28.640 9.143
11.012 -32.824 4.649
7.500 -37.619 2.501
1.613 -40.981 1.465
-4.307 -42.937 3.766
-9.743 -41.543 7.822
-12.958 -36.344 10.046
-15.003 -29.957 9.454
-15.539 -24.346 6.194
-17.122 -21.914 0.191
-22.032 -23.123 -5.418
-27.045 -25.759 -7.754
-30.666 -30.876 -8.441
-34.222 -36.713 -5.726
-35.779 -39.401 0.206
-37.108 -39.570 7.115
-36.145 -35.541 12.388
-37.918 -30.075 15.833
-42.359 -24.293 16.049
-48.247 -21.746 14.530
-55.242 -23.226 13.057
-59.214 -28.484 12.266
-61.602 -34.464 14.361
-60.892 -39.983 18.132
-57.357 -42.240 22.948
-55.267 -42.449 29.597
-52.557 -39.371 34.927
-53.991 -34.216 39.558
-58.133 -29.107 40.543
-63.290 -28.447 44.194
-67.689 -31.481 47.897
-71.003 -36.864 50.039
-71.231 -40.769 53.701
-66.942 -46.247 57.013
-62.511 -48.986 59.773
-55.849 -47.689 59.687
-50.424 -43.718 62.444
-49.020 -38.014 65.817
-50.625 -33.276 70.307
-53.916 -31.731 75.562
-57.252 -33.018 81.253
-58.645 -49.255 75.914
-63.931 -45.974 76.608
-66.252 -40.278 73.694
-66.000 -34.331 70.546
-62.611 -30.685 66.705
-58.840 -30.453 61.353
-53.731 -33.146 57.755
-52.405 -38.337 54.329
-53.917 -43.889 50.939
-57.491 -47.439 47.961
-64.116 -48.730 44.567
-66.901 -45.614 40.662
-69.129 -40.592 37.745
-69.538 -35.935 32.574
-67.021 -29.860 30.320
-61.454 -25.961 30.046
-55.245 -26.032 31.101
-49.819 -30.721 28.541
-48.630 -36.335 26.102
-49.236 -39.735 20.511
-52.058 -41.254 14.440
-54.206 -38.007 9.066
-53.309 -34.129 3.809
-49.744 -28.265 2.063
-43.838 -23.970 2.074
-37.210 -21.644 4.995
-32.752 -24.120 9.078
-29.593 -29.700 10.176
-27.653 -36.100 8.260
-26.592 -39.927 2.729
-24.508 -40.537 -2.738
-20.311 -38.438 -7.349
-15.034 -34.638 -8.429
-10.773 -29.867 -7.098
-7.982 -25.475 -2.939
-5.568 -24.645 3.613
-4.855 -26.615 9.456
-5.808 -30.931 14.834
-3.357 -35.965 16.334
-0.208 -42.100 15.048
5.113 -45.167 12.707
12.274 -44.107 12.371
17.254 -40.109 13.890
20.340 -34.911 17.963
19.871 -29.209 21.152
18.878 -27.661 26.470
13.495 -27.133 31.852
10.584 -30.944 36.290
9.539 -36.882 38.935
11.994 -42.333 41.641
17.007 -44.312 45.235
22.335 -44.359 48.135
26.697 -41.736 51.949
28.277 -37.969 56.344
27.277 -33.015 60.751
23.570 -28.465 63.197
17.684 -25.768 63.967
11.281 -26.046 61.645
6.479 -30.740 62.745
4.227 -36.812 64.531
3.852 -40.934 69.282
3.759 -42.002 75.781
3.967 -40.189 81.920
3.365 -35.863 86.839
-0.189 -30.530 88.388
-3.971 -25.395 87.580
-6.968 -20.954 83.204
-11.462 -21.300 78.657
-15.448 -24.969 74.879
-19.432 -30.392 74.330
-23.922 -33.472 77.532
-27.734 -34.904 82.607
-31.698 -31.581 86.954
-34.628 -26.351 89.349
-37.579 -20.714 89.062
-39.941 -15.347 86.299
-39.318 -10.878 81.193
-40.727 -11.848 74.872
-39.774 -15.089 68.885
-43.570 -19.760 65.649
-48.546 -24.568 65.675
-54.997 -25.455 66.857
-60.272 -22.810 66.748
-64.598 -17.653 66.805
-65.859 -11.810 64.154
-65.060 -6.565 60.167
-61.789 -4.035 54.846
-56.694 -3.772 51.281
-52.851 -8.063 46.408
-52.665 -13.809 43.621
-56.262 -18.279 39.962
-60.628 -18.573 35.863
-62.364 -16.869 30.427
-63.859 -11.779 25.449
-64.013 -5.879 23.695
-60.469 -0.977 21.247
-54.652 1.893 19.386
-48.521 2.443 21.031
-42.735 -0.029 24.153
-39.293 -5.363 22.263
-38.685 -11.823 20.146
-38.190 -13.576 13.385
-38.739 -14.794 7.332
-37.933 -11.249 1.499
-34.758 -7.429 -2.201
-30.539 -1.728 -2.629
-25.270 1.352 -0.877
-20.403 3.752 3.435
-17.845 1.536 9.477
-15.541 -4.016 12.290
-12.507 -10.074 11.292
-11.363 -15.363 7.260
-6.785 -16.320 3.035
-0.899 -15.912 -0.023
4.692 -12.098 -1.079
8.640 -7.076 0.395
10.215 -1.776 5.111
9.619 0.180 11.177
8.582 -0.630 17.575
5.523 -5.119 22.794
6.753 -11.133 25.335
10.913 -16.283 26.127
16.995 -19.017 26.679
22.920 -18.044 28.033
28.102 -12.740 29.663
29.130 -6.498 32.984
27.205 -2.477 37.523
22.192 -0.583 41.069
17.799 -1.256 45.882
12.475 -5.192 49.394
12.959 -10.666 52.748
16.027 -16.449 54.842
19.393 -18.067 59.970
23.243 -14.483 64.900
24.549 -11.157 69.332
23.163 -6.229 73.407
19.020 -0.080 74.751
12.263 1.828 75.149
5.712 -0.090 73.757
1.296 -4.137 75.670
-1.064 -10.033 76.740
-0.832 -15.335 80.692
0.420 -18.038 86.778
4.404 -18.432 92.427
7.297 0.314 92.731
12.944 -3.628 93.376
16.345 -7.890 90.567
17.180 -13.684 87.019
15.129 -17.406 82.196
12.684 -16.463 75.827
8.716 -13.491 71.381
7.769 -7.775 68.373
8.771 -1.599 66.621
13.415 1.954 63.683
19.674 4.027 61.941
25.705 2.175 60.004
28.862 -2.144 56.242
29.992 -5.761 51.068
28.256 -11.801 47.700
23.792 -15.410 45.427
16.415 -15.890 45.205
12.297 -10.818 42.091
11.256 -4.250 40.096
13.751 0.179 35.653
18.010 1.609 30.378
21.275 -0.219 25.028
20.803 -3.939 19.621
18.589 -8.208 15.203
13.018 -13.093 14.089
7.554 -15.001 14.514
0.898 -13.833 17.987
-2.624 -8.762 19.301
-4.019 -1.473 17.932
-3.929 2.991 13.140
-4.876 4.425 6.907
-8.462 3.253 1.635
-12.357 -0.174 -2.688
-16.851 -5.355 -2.503
-21.080 -9.613 0.657
-24.037 -12.242 5.781
-26.298 -10.554 11.852
-26.962 -7.766 17.436
-30.117 -2.544 19.733
-32.976 3.614 18.220
-37.569 6.733 16.005
-44.868 6.580 13.726
-49.607 2.094 13.087
-53.080 -2.502 14.314
-54.142 -8.822 16.844
-53.551 -13.273 22.612
-49.750 -14.015 27.548
-47.625 -11.443 33.209
-47.828 -5.980 38.241
-51.169 -0.986 40.690
-57.115 1.783 42.124
-62.856 0.608 44.483
-68.015 -2.992 45.930
-70.009 -6.465 49.840
-70.444 -12.935 51.935
-67.220 -17.865 55.567
-62.196 -21.651 55.796
-56.009 -20.634 57.748
-51.112 -16.606 59.854
-49.478 -10.976 63.543
-50.788 -6.651 68.618
-52.092 -7.180 75.013
-53.566 -10.051 80.961
-53.718 -15.527 84.680
-50.771 -20.940 86.545
-46.806 -25.921 85.609
-42.701 -29.560 81.639
-37.061 -28.540 78.712
-32.454 -24.357 76.352
-28.704 -18.796 77.283
-24.855 -16.286 82.580
-22.784 -15.766 88.790
-20.237 -19.384 93.752
-17.190 -25.067 95.654
-14.218 -30.486 94.965
-10.928 -35.338 92.037
-9.388 -38.921 86.486
-7.116 -37.672 80.693
-6.897 -33.109 75.517
-2.711 -27.935 74.079
1.857 -23.137 75.952
7.859 -22.284 78.844
13.670 -25.380 79.982
17.839 -29.994 78.981
20.457 -35.738 76.745
20.580 -39.582 71.580
19.478 -40.841 65.385
13.967 -40.935 61.275
12.121 -36.488 56.198
11.950 -29.741 54.417
16.082 -24.931 52.746
21.425 -23.093 49.701
25.952 -24.638 45.074
27.994 -28.277 40.119
28.644 -33.658 36.285
25.576 -37.376 32.246
20.829 -41.810 30.214
14.421 -42.211 28.762
8.043 -40.422 30.767
4.782 -35.076 29.220
4.686 -27.803 27.679
5.896 -24.724 21.955
8.959 -22.932 15.976
9.084 -25.254 9.871
6.376 -29.609 4.950
3.060 -34.585 2.698
-2.239 -36.889 2.136
-8.418 -40.402 4.737
-12.815 -39.624 10.082
-16.087 -34.362 12.454
-18.403 -27.943 12.239
-19.306 -22.281 8.793
-22.080 -20.036 3.380
-26.726 -21.205 -1.033
-31.427 -23.886 -4.850
-35.681 -29.235 -3.904
-38.696 -34.155 -1.274
-40.356 -37.172 4.732
-40.314 -37.414 11.823
-39.819 -34.261 17.456
-41.028 -28.606 21.054
-44.916 -23.317 22.278
-50.830 -20.766 20.807
-57.515 -21.850 20.354
-63.052 -27.236 20.618
-64.114 -33.876 21.722
-63.687 -38.935 25.714
-59.775 -42.214 30.620
-56.316 -42.089 36.441
-52.104 -39.383 41.308
-53.554 -35.253 46.467
-56.795 -29.583 48.939
-61.936 -29.215 52.740
-67.223 -32.535 55.712
-69.997 -37.104 58.567
-70.090 -43.377 61.544
-66.209 -47.311 64.836
-61.087 -50.409 66.599
-53.840 -49.361 68.209
-49.300 -44.816 69.197
-46.977 -39.225 71.728
-48.014 -34.420 76.341
-50.246 -33.200 82.433
-54.489 -33.491 87.684
-55.221 -50.873 84.533
-61.283 -46.259 84.433
-63.588 -41.239 81.069
-63.210 -35.681 77.993
-60.230 -31.479 74.337
-55.940 -31.349 68.600
-51.423 -34.886 65.305
-50.949 -40.221 61.143
-52.419 -45.295 57.687
-57.002 -48.902 54.457
-62.133 -49.263 50.691
-67.090 -45.939 47.778
-69.846 -41.035 45.198
-69.677 -35.682 41.401
-67.185 -29.149 40.477
-61.972 -26.268 38.420
-54.966 -26.197 38.881
-51.085 -30.511 35.079
-50.322 -36.206 31.586
-52.954 -39.781 26.182
-56.138 -39.399 20.486
-58.241 -36.941 15.208
-56.566 -32.734 10.242
-53.613 -26.900 8.181
-48.656 -21.985 8.077
-41.755 -20.091 10.107
-36.014 -22.135 14.614
-32.884 -28.525 14.985
-31.159 -34.407 12.152
-30.455 -38.558 6.718
-28.724 -38.715 0.284
-24.566 -36.097 -4.562
-19.864 -31.571 -6.260
-15.022 -27.554 -5.627
-12.201 -23.535 -0.884
-9.847 -22.716 5.341
-8.021 -24.444 11.210
-8.535 -28.682 16.557
-5.345 -34.307 17.932
-2.857 -40.309 15.821
3.489 -42.479 12.724
9.576 -41.520 11.988
14.480 -37.384 12.973
17.521 -32.437 16.611
17.635 -26.607 20.253
16.635 -25.237 26.045
11.742 -25.243 31.830
9.900 -29.517 36.139
9.359 -35.506 39.063
12.494 -41.117 40.967
18.194 -42.703 43.573
24.002 -42.290 45.696
28.285 -39.771 49.495
29.869 -36.091 54.224
29.245 -31.017 58.529
25.801 -26.641 61.521
19.882 -24.258 63.381
13.219 -24.539 61.576
8.890 -29.673 63.005
7.057 -36.117 64.496
7.712 -40.719 68.984
7.856 -41.875 75.608
8.500 -40.187 82.028
8.305 -35.545 86.974
4.658 -31.059 89.486
0.440 -25.843 89.363
-2.952 -21.224 85.375
-8.011 -21.702 81.610
-12.070 -25.347 77.760
-15.776 -31.146 77.308
-19.481 -34.963 80.801
-23.543 -36.176 86.691
-26.954 -33.193 91.356
-29.987 -28.427 94.292
-33.263 -23.164 94.268
-35.531 -17.114 92.179
-35.610 -12.886 86.947
-37.120 -12.832 81.030
-37.121 -16.063 74.831
-41.203 -20.738 71.972
-45.890 -25.710 72.111
-52.247 -26.785 73.864
-57.860 -23.876 73.908
-62.686 -19.179 74.722
-64.092 -13.178 72.803
-64.220 -8.646 68.165
-60.969 -4.707 63.551
-56.410 -4.505 58.591
-52.445 -8.211 54.313
-52.705 -14.235 51.073
-56.677 -18.584 47.871
-61.364 -19.103 43.613
-64.980 -16.132 38.749
-66.918 -11.127 34.264
-67.222 -5.727 32.405
-63.444 -0.885 29.753
-58.008 2.610 29.011
-51.192 3.378 29.497
-45.210 0.117 30.827
-42.072 -4.595 28.818
-40.926 -10.682 25.703
-41.679 -12.763 19.357
-42.154 -11.135 12.597
-43.236 -7.220 7.546
-40.599 -3.034 3.910
-36.179 2.149 3.961
-30.069 4.456 4.433
-25.227 6.353 8.793
-21.754 3.855 14.137
-18.932 -1.854 15.924
-16.635 -7.985 14.521
-15.471 -13.003 10.268
-11.567 -13.642 4.864
-6.395 -12.254 1.023
-1.728 -8.887 -0.283
2.557 -4.341 1.376
5.529 0.646 5.827
5.253 2.574 12.462
5.123 1.426 19.340
2.285 -2.895 24.154
4.410 -9.086 26.433
8.663 -14.173 26.749
14.521 -17.004 25.916
21.247 -15.075 26.919
25.746 -10.274 28.164
26.843 -4.548 31.678
25.016 0.176 35.657
20.716 1.352 40.986
17.147 0.249 46.154
12.621 -3.670 50.097
13.505 -9.112 53.229
16.535 -15.243 54.705
21.327 -15.976 59.418
25.309 -13.344 63.997
26.376 -9.175 68.784
25.370 -3.851 73.012
21.330 0.507 75.210
14.829 3.317 75.490
9.109 0.813 75.741
4.617 -3.757 76.797
2.163 -9.782 77.982
2.784 -15.149 82.170
4.312 -17.602 88.165
7.595 -17.627 94.271
-14.975 -13.466 -17.267
-8.470 -12.270 -16.621
-3.272 -8.235 -18.221
-2.315 -1.199 -19.166
-4.309 5.180 -19.326
-6.642 10.364 -16.463
-10.954 12.972 -11.652
-11.103 12.376 -5.081
-10.136 8.204 0.563
-5.273 4.893 3.978
1.370 3.352 4.934
7.341 5.436 4.497
13.097 9.058 3.600
14.653 15.774 4.930
11.830 21.792 6.577
8.537 25.488 10.644
11.407 11.994 22.277
4.851 12.178 21.046
-0.342 15.300 18.040
-1.206 18.907 11.972
0.872 21.777 6.321
3.114 21.253 0.361
7.575 17.992 -3.928
7.637 11.653 -6.177
6.592 4.759 -4.598
1.810 0.329 -2.977
-4.889 -1.169 -1.955
-10.886 0.039 -3.749
-16.620 2.418 -6.751
-18.031 3.973 -13.481
-15.297 5.035 -19.680
-11.858 2.903 -24.618
5.819 -7.297 -4.859
12.309 -8.478 -5.490
17.496 -12.527 -3.895
18.451 -19.556 -2.946
16.452 -25.943 -2.780
14.111 -31.120 -5.635
9.796 -33.735 -10.434
9.632 -33.142 -17.016
10.616 -28.961 -22.651
15.480 -25.678 -26.075
22.126 -24.144 -27.051
28.088 -26.228 -26.612
33.836 -29.864 -25.706
35.387 -36.578 -27.030
32.562 -42.591 -28.674
29.254 -46.283 -32.732
32.134 -32.796 -44.382
25.570 -32.968 -43.143
20.382 -36.099 -40.138
19.516 -39.706 -34.059
21.601 -42.572 -28.404
23.860 -42.039 -22.454
28.304 -38.783 -18.165
28.371 -32.450 -15.924
27.332 -25.550 -17.492
22.562 -21.113 -19.124
15.844 -19.639 -20.151
9.859 -20.820 -18.344
4.113 -23.201 -15.350
2.715 -24.744 -8.609
5.449 -25.813 -2.417
8.892 -23.679 2.523
3.952 20.840 62.621
7.669 15.948 58.611
11.627 15.550 53.149
15.117 17.827 48.075
18.521 22.438 45.913
20.921 29.156 47.402
24.247 33.268 51.371
26.618 34.460 57.327
28.714 32.129 63.186
30.530 28.606 68.218
34.117 23.361 69.185
38.179 19.033 68.034
46.345 36.992 53.544
42.694 31.518 54.754
43.198 26.617 50.687
40.063 20.350 50.799
35.872 15.267 52.470
30.040 14.600 56.121
25.817 14.319 61.271
21.736 17.893 64.658
18.655 24.382 65.687
15.745 30.077 64.118
13.182 34.139 59.536
10.788 34.372 53.138
9.256 32.338 48.300
5.412 27.507 45.483
2.241 22.049 44.638
1.155 11.505 118.168
2.559 14.847 124.817
4.357 15.111 130.985
10.510 13.795 133.495
17.100 12.490 133.406
22.815 13.577 130.813
26.209 15.497 125.709
27.444 17.537 119.604
26.576 22.191 115.363
25.266 28.374 114.429
24.176 34.016 115.869
39.155 28.084 133.721
33.087 28.290 131.124
28.721 31.494 134.333
22.492 32.567 133.257
16.428 32.250 130.019
13.185 28.971 125.332
11.854 26.477 119.391
12.679 21.280 115.538
14.973 14.857 114.268
16.159 9.345 116.224
16.236 4.194 119.059
13.096 0.643 124.220
8.537 0.635 129.093
3.246 1.153 131.150
44.208 17.948 67.612
47.087 17.732 67.799
47.141 18.022 70.610
26.527 39.496 117.567
28.024 41.961 117.594
28.924 41.946 114.851
11.319 -6.871 37.313
17.040 -2.734 35.447
12.662 1.102 33.138
7.798 0.729 28.326
4.196 -1.771 23.240
3.742 -5.956 18.257
6.042 -11.956 16.997
11.788 -13.665 18.369
17.153 -15.818 20.520
20.423 -10.172 16.493
19.225 -3.813 14.886
23.342 -4.857 18.863
24.624 -8.560 24.121
23.760 -13.596 29.232
7.901 -0.993 94.064
13.423 -4.159 93.680
16.587 -9.137 91.136
17.506 -14.083 87.002
15.175 -17.822 81.686
12.866 -16.666 75.787
8.556 -12.545 71.762
7.890 -6.700 69.319
9.610 -0.952 67.308
15.073 2.678 64.796
20.351 4.267 62.793
26.420 0.564 60.684
29.158 -2.536 56.875
30.770 -8.193 52.832
27.571 -13.696 49.468
22.710 -15.135 46.068
15.847 -15.021 45.027
12.430 -9.874 42.133
12.282 -3.590 39.559
15.359 0.848 35.691
19.334 2.468 31.006
21.985 1.022 24.628
23.081 -1.738 19.186
21.035 -6.750 15.095
15.852 -11.049 13.472
11.282 -13.462 12.241
5.294 -15.587 14.543
0.710 -12.752 17.935
-2.103 -6.506 19.798
-4.095 -0.665 17.792
-4.098 3.887 13.086
-5.478 5.565 6.817
-8.796 4.637 1.149
-13.034 0.419 -2.815
-16.630 -5.408 -3.164
-21.423 -8.910 -0.212
-24.255 -11.651 5.489
-26.689 -10.925 11.073
-26.801 -8.105 17.256
-30.089 -2.604 19.423
-33.009 3.468 18.277
-38.113 6.237 16.117
-44.185 5.631 14.412
-49.751 1.314 13.806
-53.579 -3.746 15.660
-54.868 -9.594 18.040
-53.501 -13.825 22.661
-49.353 -14.789 28.561
-47.799 -11.436 33.816
-47.906 -6.236 38.066
-51.442 -0.991 41.336
-57.565 0.612 43.181
-63.463 -1.677 45.163
-68.881 -5.223 46.456
-70.024 -11.846 48.227
-67.070 -17.770 50.568
-61.583 -20.690 53.219
-56.640 -20.726 57.113
-50.999 -16.905 59.332
-49.764 -11.376 63.272
-51.230 -6.877 68.397
-52.315 -7.587 74.301
-53.187 -10.152 80.607
-53.245 -15.347 84.492
-51.003 -21.264 85.968
-46.566 -26.033 85.286
-42.958 -29.934 80.948
-37.117 -28.895 78.191
-32.364 -24.419 76.084
-28.525 -18.918 77.495
-24.667 -16.242 82.441
-22.689 -15.914 88.759
-19.886 -19.617 93.465
-17.097 -24.961 95.618
-13.720 -30.145 94.659
-12.025 -36.476 91.910
-10.212 -38.487 85.932
-7.676 -37.147 80.045
-6.887 -32.876 75.359
-2.432 -27.522 73.902
1.785 -22.652 75.830
7.984 -22.240 78.739
13.719 -25.368 79.247
18.163 -30.073 80.117
20.324 -35.221 76.801
20.805 -39.314 71.459
19.481 -40.585 65.308
14.035 -40.114 60.626
11.580 -35.578 56.314
12.175 -29.132 54.051
16.652 -24.157 52.221
22.098 -23.067 48.707
26.085 -25.087 43.367
28.245 -29.866 39.332
27.005 -34.606 34.711
22.441 -39.697 31.462
16.383 -40.712 29.800
9.472 -39.626 30.578
5.368 -34.502 29.168
4.963 -27.703 28.024
7.020 -23.751 22.940
9.823 -21.802 17.116
9.676 -23.875 10.314
7.662 -28.043 5.267
4.591 -33.148 2.909
-1.314 -36.377 2.107
-6.552 -39.320 4.673
-11.536 -38.747 9.882
-15.602 -33.771 11.929
-17.576 -27.377 12.141
-18.513 -21.451 8.631
-21.406 -19.148 3.571
-25.539 -19.843 -1.816
-30.109 -23.907 -4.674
-34.075 -29.102 -4.319
-37.636 -33.418 -1.625
-39.553 -36.654 4.164
-39.744 -37.073 10.269
-39.636 -34.306 16.435
-40.135 -28.750 20.487
-44.463 -23.327 21.159
-50.089 -19.999 19.600
-55.961 -20.170 19.039
-62.025 -22.743 17.881
-65.156 -27.260 20.307
-65.391 -34.069 22.578
-63.874 -38.876 26.045
-59.510 -41.608 30.297
-56.167 -42.033 35.665
-51.857 -39.399 40.697
-52.954 -35.075 45.555
-56.012 -29.264 48.085
-61.979 -29.585 51.985
-67.209 -32.539 54.519
-69.700 -37.848 57.241
-69.266 -42.842 61.005
-66.603 -47.040 64.118
-60.195 -50.272 65.144
-54.327 -49.190 67.420
-48.996 -44.953 68.289
-47.108 -39.290 71.398
-48.134 -34.503 75.975
-51.323 -32.901 81.797
-55.033 -33.625 86.968
-55.442 -50.519 83.605
-60.901 -47.134 83.871
-63.556 -41.941 81.001
-63.574 -36.223 77.921
-60.384 -31.761 73.710
-56.466 -31.682 68.130
-51.642 -34.775 64.317
-50.552 -40.342 60.727
-52.333 -45.604 57.370
-56.653 -48.824 53.800
-61.981 -49.801 50.144
-66.731 -45.969 47.346
-69.802 -40.879 44.841
-69.507 -35.215 41.716
-66.550 -28.988 39.831
-61.801 -25.987 38.393
-54.665 -26.382 38.164
-50.773 -30.822 34.875
-50.082 -36.379 30.848
-52.159 -39.653 25.728
-55.585 -39.534 19.374
-56.742 -37.128 13.867
-57.060 -32.596 9.332
-53.864 -27.090 7.113
-50.273 -22.592 6.307
-44.462 -19.989 7.234
-38.783 -19.021 10.566
-35.752 -22.641 14.252
-32.667 -28.968 14.636
-30.261 -34.073 11.788
-29.382 -37.657 6.219
-27.269 -37.486 -0.385
-23.056 -34.493 -4.811
-19.104 -29.877 -6.583
-14.609 -25.178 -5.287
-10.879 -22.234 -0.699
-8.566 -21.170 5.620
-7.621 -23.331 11.491
-7.900 -28.138 16.363
-4.659 -33.838 17.739
-0.848 -39.466 15.555
4.204 -41.106 12.282
10.439 -39.912 11.996
15.837 -35.782 13.560
18.682 -31.416 17.830
18.473 -25.079 20.932
17.003 -23.802 26.843
12.238 -24.073 32.278
10.095 -28.588 36.291
9.758 -34.854 39.141
13.323 -40.593 41.155
18.862 -42.118 43.476
24.372 -40.201 47.156
28.911 -36.845 50.848
29.591 -30.583 54.390
25.962 -25.395 56.365
20.323 -23.266 59.474
14.444 -24.409 62.533
9.241 -28.974 62.612
7.507 -35.272 64.892
7.807 -40.266 69.071
8.226 -41.295 75.371
8.518 -40.240 81.916
8.299 -35.668 86.932
5.044 -30.498 89.494
0.825 -25.572 89.011
-2.620 -20.785 85.211
-8.024 -21.563 81.460
-12.158 -25.036 77.582
-15.841 -30.761 77.064
-20.222 -34.419 80.626
-23.204 -36.008 86.376
-26.891 -33.721 91.109
-30.187 -28.715 93.924
-33.385 -22.936 93.896
-34.640 -16.708 92.205
-35.515 -13.262 87.015
-34.941 -13.572 80.262
-37.150 -16.146 74.766
-41.321 -20.829 71.537
-45.973 -25.929 71.647
-52.398 -26.674 73.318
-58.038 -23.799 73.082
-63.299 -20.078 71.125
-65.839 -15.116 67.969
-65.142 -8.487 65.928
-60.031 -4.317 63.409
-55.895 -4.750 58.464
-51.809 -8.642 54.388
-52.390 -14.510 50.491
-56.483 -18.222 46.674
-61.801 -18.386 42.579
-64.594 -14.860 37.360
-66.399 -9.109 34.577
-64.106 -3.735 31.250
-58.863 1.600 30.435
-52.587 2.447 29.623
-46.246 0.396 31.097
-42.109 -4.393 28.893
-41.494 -10.718 26.361
-42.816 -12.990 20.222
-44.291 -12.689 13.383
-43.635 -8.853 8.133
-40.801 -3.746 4.552
-37.347 1.328 4.366
-31.529 4.237 5.133
-26.316 5.905 8.768
-22.308 4.008 14.262
-18.767 -1.610 15.335
-16.514 -7.589 14.285
-14.951 -12.652 9.782
-11.699 -13.464 4.028
-6.692 -11.523 0.978
-1.238 -7.827 -0.742
2.628 -1.804 1.507
5.088 1.839 5.783
5.884 3.605 12.174
5.391 1.919 18.621
4.381 -1.814 23.464
4.478 -8.239 26.199
8.511 -14.008 26.236
14.408 -16.821 24.662
20.472 -16.372 25.023
26.217 -13.549 25.354
29.338 -8.986 29.403
29.608 -4.141 33.589
27.011 0.177 38.641
21.639 1.966 42.222
16.989 0.940 46.685
12.476 -2.943 50.274
12.975 -8.596 53.697
15.509 -14.558 55.422
20.485 -15.476 60.132
25.669 -13.962 64.097
26.644 -10.462 69.010
27.086 -4.393 72.645
23.317 -0.838 75.784
16.745 2.102 76.822
10.001 1.016 76.797
4.863 -3.804 76.644
2.635 -9.888 78.488
2.896 -15.212 82.222
4.500 -17.905 88.152
8.018 -18.215 94.136
-50.173 -54.370 75.442
-57.038 -53.620 75.129
-61.911 -48.610 73.267
-63.100 -41.649 71.110
-61.188 -36.906 67.615
-57.268 -33.956 62.645
-53.010 -35.309 57.262
-49.564 -40.191 53.516
-50.593 -46.270 50.634
-55.451 -49.975 47.623
-60.942 -51.301 44.911
-65.948 -49.018 41.451
-68.874 -44.423 37.489
-68.890 -38.692 33.932
-65.347 -32.591 32.910
-59.743 -29.708 31.259
-53.420 -29.728 29.672
-47.875 -33.825 27.996
-46.515 -40.768 26.603
-46.389 -43.378 20.578
-48.981 -43.590 14.178
-50.420 -40.632 8.752
-51.196 -36.094 4.596
-47.900 -30.843 2.063
-42.898 -26.344 2.038
-37.479 -23.728 4.864
-31.810 -25.127 8.893
-27.909 -30.145 9.992
-25.339 -36.254 8.190
-23.908 -40.138 2.856
-21.636 -40.509 -3.420
-17.389 -37.427 -7.559
-13.450 -32.961 -9.562
-9.059 -27.619 -7.601
-5.278 -24.658 -3.156
-3.477 -22.702 2.588
-3.037 -23.711 8.904
-3.888 -28.628 14.210
-2.247 -34.996 14.822
1.893 -39.995 13.882
7.965 -42.526 12.199
14.134 -41.009 12.199
19.300 -36.491 13.573
21.596 -32.088 18.287
22.279 -28.030 22.347
20.327 -25.152 27.965
14.716 -24.422 32.404
11.939 -28.747 35.978
11.205 -34.716 39.116
14.274 -40.680 40.951
19.229 -42.499 44.243
24.420 -41.680 48.086
28.798 -39.065 51.439
30.262 -35.347 55.870
29.011 -29.970 59.854
25.081 -25.436 62.480
19.162 -23.949 64.038
12.519 -24.448 62.392
7.836 -29.271 62.497
5.935 -35.756 63.960
6.379 -40.541 68.563
6.012 -41.491 75.197
5.620 -39.452 81.206
5.154 -35.292 86.494
1.893 -29.871 88.778
-2.710 -25.368 87.807
-5.990 -20.768 83.683
-10.641 -21.408 79.275
-14.558 -24.966 74.986
-17.947 -31.097 74.198
-22.349 -34.610 77.598
-25.761 -36.382 83.146
-29.825 -33.819 87.490
-33.938 -29.289 89.511
-36.775 -23.272 89.518
-39.719 -18.522 86.578
-40.014 -13.926 81.324
-40.488 -14.076 75.032
-39.625 -17.353 69.308
-42.965 -22.498 65.907
-47.315 -27.767 65.838
-53.765 -29.631 66.903
-60.142 -26.907 67.153
-64.334 -21.563 67.042
-65.769 -15.143 65.381
-63.911 -9.787 62.164
-60.213 -6.877 57.040
-56.160 -7.413 51.913
-53.414 -10.767 47.100
-52.366 -16.860 44.084
-55.887 -20.897 40.049
-61.171 -21.772 35.904
-64.715 -19.594 30.967
-66.293 -14.915 26.197
-64.169 -9.972 22.806
-61.471 -4.133 22.150
-56.489 -0.030 22.078
-50.066 0.300 21.523
-44.081 -1.638 24.665
-39.732 -6.332 22.663
-38.623 -12.451 20.236
-38.405 -14.942 13.919
-39.798 -15.463 7.364
-38.260 -12.259 1.830
-34.921 -7.346 -1.609
-30.843 -2.732 -2.363
-25.399 1.140 -1.226
-22.121 3.966 3.783
-18.685 1.602 8.834
-16.089 -3.244 12.543
-12.515 -9.108 11.617
-10.080 -14.175 8.230
-5.520 -14.765 3.601
-0.162 -13.154 0.420
4.358 -8.484 -1.181
7.672 -2.424 0.752
8.640 2.081 5.652
8.266 3.683 11.993
7.472 2.007 18.416
4.797 -2.529 22.811
6.993 -8.285 25.861
11.391 -13.272 26.610
17.645 -15.346 26.828
24.147 -13.671 27.474
27.557 -8.804 31.043
28.990 -3.364 34.954
28.092 1.238 38.672
24.977 5.257 43.327
21.428 4.529 47.831
15.402 2.182 50.234
12.107 -3.301 50.309
13.683 -9.855 52.584
16.352 -13.926 56.245
21.749 -16.616 59.360
26.270 -15.461 64.520
26.831 -11.436 70.015
25.059 -6.386 74.157
20.646 -1.885 76.099
14.490 0.832 75.798
8.268 0.057 75.379
2.232 -3.285 75.997
-0.531 -8.486 78.759
-0.281 -14.750 81.205
2.770 -17.059 87.092
6.355 -16.368 92.764
2.575 0.375 93.547
8.699 -1.585 92.616
12.636 -7.132 91.275
13.595 -12.895 87.746
12.660 -16.040 82.289
10.523 -17.091 76.196
7.874 -14.445 70.478
6.752 -8.256 67.237
9.524 -1.957 66.957
15.433 1.706 67.183
21.852 1.868 65.737
27.369 0.420 63.367
31.111 -3.708 59.723
30.454 -8.213 54.309
28.534 -11.882 50.215
23.337 -14.019 46.413
17.744 -13.011 43.930
12.830 -8.906 41.751
11.237 -2.781 39.759
12.824 3.498 36.869
16.713 5.639 32.138
21.515 5.068 28.098
23.733 1.192 22.624
24.095 -3.353 18.845
21.426 -8.216 15.504
16.585 -11.619 13.611
10.825 -15.800 15.320
4.519 -13.429 16.410
0.354 -8.429 17.639
-1.453 -1.671 16.034
-0.719 3.186 11.388
-0.793 4.371 4.824
-3.295 2.367 -0.974
-6.833 -1.974 -4.913
-11.527 -6.800 -5.324
-15.172 -11.662 -3.021
-19.503 -13.645 1.141
-22.116 -13.519 7.571
-23.481 -9.533 12.767
-26.491 -3.792 13.920
-30.076 1.813 12.388
-35.123 3.719 8.894
-40.792 2.651 6.716
-45.822 -1.609 5.853
-49.101 -6.665 7.071
-51.012 -12.432 10.294
-50.530 -15.434 15.839
-46.876 -17.061 21.629
-45.979 -13.637 27.177
-46.817 -8.387 31.386
-50.951 -3.287 33.072
-57.062 -2.136 34.220
-63.131 -2.796 35.108
-67.839 -5.609 38.236
-70.545 -10.510 40.872
-70.395 -14.814 45.353
-67.844 -20.960 47.132
-62.586 -23.970 49.597
-56.363 -22.925 51.563
-51.313 -18.521 52.865
-50.706 -12.598 56.494
-52.862 -9.131 61.872
-55.967 -9.796 67.670
-58.329 -13.688 72.789
-57.536 -18.449 77.233
-54.104 -23.310 79.694
-49.593 -27.808 79.349
-44.898 -31.327 75.503
-39.098 -29.587 72.855
-34.389 -25.277 71.299
-31.277 -19.131 72.972
-28.865 -15.938 78.300
-26.627 -16.461 84.697
-24.154 -19.752 89.755
-21.251 -24.666 92.420
-17.873 -30.369 91.916
-14.611 -35.761 89.298
-12.885 -38.815 83.547
-11.773 -36.715 77.382
-8.315 -32.878 73.590
-4.456 -27.355 72.420
-0.537 -22.356 74.849
5.343 -21.658 78.037
11.073 -24.725 79.980
15.274 -29.974 79.982
18.059 -35.251 77.439
18.543 -39.592 72.186
17.735 -40.727 65.850
12.799 -40.194 60.899
11.842 -35.884 56.026
11.750 -29.136 54.326
16.421 -24.314 53.089
22.320 -22.839 50.711
27.032 -24.674 46.613
29.452 -29.266 41.997
30.577 -33.631 38.610
28.179 -38.222 34.811
23.638 -41.591 31.630
17.860 -42.031 30.178
11.227 -40.015 30.472
7.931 -34.730 28.681
7.764 -27.904 27.638
9.425 -24.300 21.886
12.732 -23.550 15.902
14.053 -25.937 9.919
12.074 -29.027 4.617
8.790 -34.187 0.932
3.488 -38.039 0.713
-2.048 -39.547 2.666
-6.672 -39.202 7.864
-11.157 -34.811 9.497
-13.603 -28.343 9.534
-15.419 -23.452 5.558
-17.141 -21.168 0.065
-21.073 -22.325 -5.321
-25.529 -26.416 -8.420
-29.401 -32.404 -8.597
-31.983 -37.457 -5.810
-33.168 -40.274 0.389
-34.499 -40.212 6.650
-33.423 -36.683 12.554
-36.842 -31.668 15.518
-41.077 -26.206 15.273
-47.363 -24.223 13.862
-53.346 -26.878 13.119
-57.878 -31.132 14.276
-60.764 -36.153 17.501
-60.648 -42.761 19.882
-57.412 -45.846 24.757
-53.107 -46.122 30.140
-49.601 -41.950 34.487
-51.871 -36.226 38.025
-56.643 -31.797 39.712
-62.242 -31.592 43.228
-67.255 -34.724 46.382
-69.222 -39.890 50.255
-67.884 -46.276 52.078
-63.453 -50.846 54.875
-56.870 -52.613 55.707
-50.984 -50.529 57.915
-46.794 -46.648 61.074
-46.588 -41.999 66.030
-49.029 -36.688 69.940
-53.107 -35.731 75.363
-57.077 -38.527 80.157
-49.720 -54.287 76.061
-56.704 -53.390 75.414
-61.763 -48.478 73.871
-62.613 -41.241 71.818
-60.882 -36.543 68.294
-56.955 -33.766 63.269
-52.876 -35.062 57.560
-49.363 -39.839 53.826
-50.152 -45.906 50.933
-55.028 -49.676 47.930
-60.457 -51.016 45.303
-65.551 -48.856 41.927
-68.462 -44.163 37.974
-68.765 -38.410 34.268
-65.276 -32.263 33.170
-59.502 -29.346 31.656
-53.187 -29.503 30.028
-47.776 -33.618 28.219
-46.459 -40.597 26.672
-46.436 -43.281 20.775
-48.998 -43.442 14.314
-50.420 -40.427 8.885
-51.122 -36.036 4.817
-48.110 -30.626 2.219
-42.828 -26.173 2.130
-37.464 -23.490 5.192
-31.831 -25.043 8.885
-27.949 -30.106 10.153
-25.379 -36.154 8.240
-23.992 -40.068 2.965
-21.726 -40.605 -3.302
-17.616 -37.475 -7.489
-13.767 -32.923 -9.613
-9.181 -27.594 -7.544
-5.395 -24.595 -3.019
-3.690 -22.636 2.756
-3.380 -23.846 8.997
-4.012 -28.627 14.306
-2.248 -34.995 15.150
1.657 -40.152 14.025
7.581 -42.531 12.246
13.931 -41.068 12.172
18.930 -36.452 13.596
21.192 -32.132 18.273
21.807 -27.983 22.204
20.156 -25.101 27.799
14.467 -24.397 32.411
11.832 -28.717 36.183
10.962 -34.854 39.202
14.027 -40.754 41.013
18.964 -42.696 44.241
24.106 -41.821 48.137
28.517 -39.199 51.456
29.898 -35.650 55.866
28.718 -30.059 59.619
25.022 -25.719 62.249
19.188 -24.004 63.807
12.716 -24.628 62.614
7.905 -29.197 62.573
5.971 -35.672 64.002
6.333 -40.514 68.583
6.016 -41.476 75.249
5.719 -39.556 81.227
5.249 -35.320 86.492
2.046 -29.869 88.756
-2.431 -25.265 87.820
-5.878 -20.787 83.753
-10.357 -21.365 79.210
-14.389 -24.961 75.122
-17.749 -31.022 74.335
-22.207 -34.507 77.700
-25.558 -36.275 83.342
-29.566 -33.644 87.711
-33.408 -28.951 89.771
-36.354 -23.085 89.692
-39.192 -18.294 86.772
-39.397 -13.640 81.414
-39.947 -13.859 75.160
-39.359 -17.001 69.459
-42.742 -22.213 66.121
-47.015 -27.475 66.152
-53.508 -29.300 67.317
-59.871 -26.630 67.444
-63.929 -21.123 67.313
-65.221 -14.602 65.959
-63.427 -9.354 62.512
-59.617 -6.479 57.432
-55.711 -6.974 52.086
-53.029 -10.543 47.371
-52.031 -16.513 44.285
-55.500 -20.733 40.355
-60.835 -21.562 36.149
-64.383 -19.182 31.270
-65.726 -14.767 26.489
-63.700 -9.767 23.081
-60.966 -4.054 22.369
-56.390 0.148 22.099
-49.843 0.552 21.789
-43.888 -1.560 24.698
-39.639 -6.281 22.729
-38.363 -12.353 20.334
-38.179 -14.844 14.035
-39.509 -15.458 7.541
-38.167 -12.263 1.956
-34.847 -7.311 -1.464
-30.925 -2.761 -2.392
-25.426 1.227 -1.236
-22.079 3.898 3.719
-18.670 1.648 8.866
-16.027 -3.237 12.412
-12.453 -9.204 11.661
-10.231 -14.173 8.247
-5.707 -14.851 3.545
-0.368 -12.959 0.330
4.145 -8.514 -1.314
7.414 -2.428 0.573
8.724 1.939 5.602
8.086 3.615 11.875
7.447 1.973 18.358
4.809 -2.544 22.766
6.967 -8.366 25.766
11.263 -13.359 26.508
17.537 -15.397 26.576
24.047 -13.657 27.359
27.483 -8.953 30.761
28.880 -3.544 34.758
28.096 1.051 38.708
24.941 5.125 43.297
21.577 4.500 47.785
15.618 2.040 50.309
11.979 -3.207 50.498
13.596 -9.859 52.191
16.227 -13.888 55.900
21.346 -16.869 59.082
26.124 -15.691 64.311
26.714 -11.740 69.923
25.040 -6.605 74.074
20.913 -1.811 75.971
14.500 0.766 75.669
8.333 0.036 75.178
2.261 -3.336 75.943
-0.458 -8.516 78.706
-0.129 -14.877 81.180
2.804 -17.047 87.013
6.312 -16.582 92.676
2.538 0.392 93.526
8.720 -1.453 92.193
12.654 -7.042 91.067
13.779 -12.880 87.718
12.866 -16.026 82.179
10.668 -17.132 76.232
7.959 -14.617 70.435
6.798 -8.435 67.075
9.574 -2.046 66.721
15.448 1.617 67.017
21.928 1.807 65.753
27.274 0.363 63.459
30.936 -3.770 59.541
30.203 -8.539 54.208
28.408 -11.978 49.928
23.140 -14.245 46.325
17.554 -13.114 43.721
12.773 -9.069 41.690
11.301 -2.914 39.664
12.847 3.382 36.897
16.454 5.604 32.059
21.342 4.974 27.915
23.621 1.036 22.570
23.936 -3.484 18.701
21.303 -8.305 15.395
16.591 -11.770 13.524
10.614 -15.876 15.167
4.378 -13.561 16.401
0.472 -8.459 17.624
-1.568 -1.756 15.984
-0.737 3.148 11.341
-0.977 4.416 4.868
-3.338 2.390 -1.095
-6.960 -2.002 -4.931
-11.575 -6.868 -5.392
-15.490 -11.664 -3.178
-19.634 -13.693 1.092
-22.085 -13.565 7.551
-23.500 -9.650 12.833
-26.313 -3.824 14.086
-29.867 1.772 12.584
-34.865 3.860 8.949
-40.541 2.738 6.605
-45.502 -1.491 5.936
-48.970 -6.646 7.118
-50.738 -12.551 10.365
-50.225 -15.495 15.985
-46.657 -16.983 21.815
-45.749 -13.551 27.377
-46.531 -8.166 31.572
-50.629 -3.008 33.280
-56.823 -1.853 34.569
-62.806 -2.588 35.279
-67.291 -5.553 38.493
-70.249 -10.499 40.858
-69.854 -14.725 45.478
-67.338 -20.697 47.219
-62.303 -23.730 49.791
-55.966 -22.619 51.700
-51.153 -18.182 53.100
-50.297 -12.224 56.682
-52.249 -8.762 62.024
-55.406 -9.408 67.997
-57.812 -13.362 73.101
-57.082 -17.912 77.609
-53.695 -22.912 80.027
-49.233 -27.544 79.837
-44.594 -31.036 75.834
-38.875 -29.338 73.064
-34.060 -25.005 71.498
-30.933 -18.972 73.158
-28.405 -15.813 78.452
-26.173 -16.260 84.913
-23.732 -19.535 90.050
-20.954 -24.580 92.595
-17.762 -30.380 92.085
-14.446 -35.780 89.550
-12.584 -38.713 83.718
-11.649 -36.710 77.453
-8.231 -32.859 73.592
-4.268 -27.343 72.455
-0.382 -22.355 74.851
5.520 -21.674 78.090
11.154 -24.805 79.981
15.273 -30.049 79.952
17.997 -35.380 77.401
18.461 -39.802 72.131
17.583 -40.965 65.819
12.633 -40.290 60.820
11.531 -35.837 56.141
11.707 -29.206 54.273
16.408 -24.439 52.994
22.205 -22.963 50.602
26.849 -25.010 46.254
29.324 -29.481 41.710
30.251 -33.720 38.161
27.623 -38.272 34.460
23.383 -41.826 31.486
17.710 -42.124 30.159
11.096 -40.102 30.434
7.770 -34.898 28.753
7.531 -28.020 27.577
9.120 -24.372 21.781
12.467 -23.560 15.899
13.849 -25.976 9.923
11.817 -29.056 4.550
8.449 -34.351 0.950
3.142 -37.968 0.722
-2.211 -39.549 2.629
-6.896 -39.267 7.798
-11.344 -35.046 9.552
-13.738 -28.597 9.581
-15.426 -23.520 5.802
-17.290 -21.272 0.178
-21.058 -22.149 -5.339
-25.593 -26.430 -8.293
-29.470 -32.371 -8.557
-32.082 -37.460 -5.657
-33.207 -40.458 0.505
-34.538 -40.304 6.797
-33.557 -36.725 12.682
-36.897 -31.508 15.623
-41.195 -26.166 15.523
-47.247 -24.098 13.921
-53.232 -26.626 13.202
-57.908 -30.925 14.405
-60.683 -36.006 17.596
-60.391 -42.657 20.122
-57.129 -45.723 24.939
-52.949 -46.007 30.400
-49.517 -41.744 34.701
-51.690 -36.188 38.326
-56.184 -31.436 40.060
-61.901 -31.345 43.624
-66.745 -34.612 46.735
-68.885 -39.668 50.778
-67.385 -46.129 52.492
-62.956 -50.450 55.266
-56.442 -52.392 55.910
-50.487 -50.217 58.177
-46.430 -46.304 61.393
-46.268 -41.612 66.389
-48.688 -36.367 70.375
-52.960 -35.375 75.804
-56.956 -38.241 80.472
-50.212 -54.774 75.822
-57.239 -53.550 74.876
-62.293 -48.116 73.332
-62.896 -41.175 71.271
-61.222 -36.851 67.297
-57.285 -33.850 62.254
-52.727 -35.113 56.812
-49.402 -40.045 53.110
-50.290 -46.016 50.402
-54.914 -50.038 47.186
-60.754 -51.452 44.898
-65.531 -49.180 41.251
-68.651 -44.266 37.219
-68.871 -38.526 34.006
-65.632 -32.514 32.763
-59.658 -29.470 31.201
-53.444 -29.452 29.559
-47.923 -33.543 27.721
-46.520 -40.596 26.087
-46.546 -43.370 20.286
-49.112 -43.711 13.702
-50.574 -40.514 8.383
-51.088 -36.243 4.115
-47.964 -30.633 1.876
-43.013 -26.113 1.852
-37.700 -23.333 5.185
-31.514 -24.770 8.571
-27.737 -30.039 9.671
-25.159 -36.177 7.750
-23.677 -39.938 2.524
-21.423 -40.610 -3.897
-17.337 -37.353 -7.865
-13.397 -33.061 -9.878
-9.025 -27.270 -7.668
-5.235 -24.416 -3.499
-3.481 -22.394 2.581
-2.816 -23.533 8.540
-3.524 -28.349 13.979
-1.870 -34.895 14.809
1.793 -39.960 13.867
7.804 -42.575 12.113
14.046 -41.092 12.400
19.364 -36.654 13.727
21.477 -32.138 18.253
22.385 -28.002 22.206
20.744 -25.086 27.769
14.834 -24.233 32.248
12.167 -28.545 36.144
11.332 -34.629 39.117
13.973 -40.454 41.168
19.062 -42.665 44.353
24.361 -41.593 48.147
28.678 -38.941 51.762
30.297 -34.999 56.173
28.994 -29.973 59.872
25.174 -25.232 62.297
19.484 -23.635 63.560
12.680 -24.206 62.342
8.045 -28.898 62.672
6.065 -35.331 63.832
6.372 -40.314 68.323
5.900 -41.340 74.989
5.532 -39.322 80.967
5.217 -35.012 86.371
1.784 -29.670 88.561
-2.826 -25.048 87.602
-6.150 -20.563 83.468
-10.666 -21.055 78.874
-14.511 -24.882 74.785
-17.963 -30.815 74.048
-22.484 -34.526 77.199
-26.021 -36.260 82.687
-29.911 -33.728 87.173
-33.846 -28.935 89.340
-36.786 -23.126 89.035
-39.608 -18.388 86.188
-39.483 -13.388 80.996
-40.328 -13.945 74.585
-39.736 -17.104 68.933
-43.085 -22.259 65.636
-47.237 -27.584 65.485
-53.804 -29.385 66.487
-59.996 -26.803 66.664
-64.419 -21.509 66.590
-65.970 -14.989 64.955
-63.956 -9.587 61.721
-60.263 -6.737 56.511
-56.201 -7.360 51.237
-53.194 -10.805 46.703
-52.393 -16.725 43.735
-55.493 -21.088 39.545
-60.857 -21.929 35.301
-64.709 -19.576 30.617
-65.898 -15.104 25.885
-64.007 -9.769 22.484
-61.607 -3.885 21.901
-56.499 0.328 21.915
-50.079 0.647 21.430
-44.051 -1.561 24.220
-39.804 -6.104 22.291
-38.270 -12.244 19.805
-37.945 -14.493 13.622
-39.700 -15.338 7.181
-38.098 -12.001 1.420
-34.646 -7.236 -1.868
-30.408 -2.891 -2.887
-25.408 1.651 -1.574
-22.055 4.280 3.292
-18.395 2.038 8.591
-15.859 -2.930 12.081
-12.293 -8.754 11.369
-9.703 -13.788 8.055
-5.222 -14.354 3.383
0.135 -12.900 0.449
4.769 -8.247 -1.517
7.888 -2.070 0.475
8.844 2.651 5.594
8.465 3.956 11.910
7.558 2.511 18.366
5.211 -2.243 22.694
7.049 -8.094 25.672
11.215 -13.292 26.375
17.593 -15.507 26.440
23.996 -13.528 27.541
27.744 -9.068 30.803
29.066 -2.732 34.502
28.443 1.369 38.758
25.092 5.834 42.980
21.636 5.131 47.470
15.642 2.449 50.304
12.128 -2.935 49.973
13.485 -9.335 52.190
16.248 -13.471 55.870
21.175 -16.314 58.810
25.898 -15.021 63.954
26.771 -11.412 69.710
24.977 -6.208 74.031
20.644 -1.733 75.984
14.426 0.975 75.502
8.047 0.371 75.169
1.860 -3.000 75.594
-0.724 -8.248 78.444
-0.322 -14.617 80.877
2.700 -16.966 86.721
6.210 -16.395 92.426
2.521 1.106 93.440
8.817 -1.260 91.954
12.564 -6.956 90.918
13.502 -12.734 87.428
12.511 -15.900 81.990
10.579 -16.802 75.721
7.687 -14.309 69.858
6.766 -7.989 66.844
9.187 -1.637 66.480
15.200 1.890 66.879
21.752 2.254 65.821
27.096 0.779 63.237
31.004 -3.580 59.657
30.383 -8.143 54.187
28.396 -12.053 49.977
23.352 -14.288 46.111
17.615 -13.275 43.665
13.026 -8.834 41.526
11.527 -2.505 39.919
13.311 3.326 36.866
16.481 5.727 32.235
21.756 5.403 27.813
23.897 1.338 22.488
24.363 -3.071 18.640
21.697 -8.055 15.496
17.113 -11.822 13.895
10.904 -15.631 15.051
4.436 -12.854 16.235
0.760 -7.788 17.260
-1.385 -1.273 15.903
-0.707 3.521 11.178
-0.692 5.062 4.613
-3.145 2.854 -1.052
-6.553 -1.585 -5.135
-11.171 -6.438 -5.755
-14.608 -11.660 -3.524
-19.136 -13.534 0.709
-22.014 -13.420 7.048
-23.441 -9.295 12.367
-26.002 -3.549 13.552
-29.606 2.101 12.437
-35.083 4.023 8.673
-40.760 2.963 6.455
-45.682 -1.125 5.775
-48.954 -6.384 6.769
-50.906 -12.494 9.888
-50.469 -15.503 15.383
-46.947 -16.811 21.245
-45.949 -13.513 26.873
-46.777 -8.077 31.096
-50.741 -3.249 32.957
-56.916 -2.026 34.312
-63.050 -2.859 34.808
-67.791 -5.727 37.968
-70.686 -10.727 40.308
-70.538 -15.185 44.614
-67.761 -21.160 46.600
-62.413 -24.164 49.012
-56.244 -22.820 51.237
-51.435 -18.414 52.466
-50.664 -12.421 56.039
-52.761 -8.816 61.193
-55.812 -9.662 67.300
-58.289 -13.605 72.411
-57.455 -17.874 76.852
-54.225 -23.103 79.461
-49.712 -27.862 78.901
-44.864 -31.219 75.159
-39.054 -29.421 72.559
-34.481 -24.998 71.012
-31.245 -19.063 72.480
-28.543 -15.861 77.684
-26.580 -16.083 84.386
-24.315 -19.335 89.690
-21.452 -24.733 92.195
-18.083 -30.379 91.654
-14.823 -35.681 89.234
-12.706 -38.426 83.431
-11.728 -36.594 77.155
-8.228 -32.791 73.273
-4.391 -27.117 72.174
-0.523 -22.174 74.678
5.384 -21.455 77.767
11.031 -24.570 79.623
15.239 -29.586 79.730
17.926 -35.112 77.384
18.509 -39.548 72.192
17.808 -40.789 65.698
12.883 -39.922 60.722
11.728 -35.467 56.074
11.960 -29.032 54.070
16.442 -24.103 52.807
22.379 -22.497 50.548
27.186 -24.364 46.363
29.474 -29.287 41.847
30.448 -33.696 38.517
28.200 -38.204 34.622
23.847 -41.927 31.669
18.092 -41.968 30.054
11.424 -40.037 30.393
8.177 -34.632 28.555
7.879 -27.879 27.235
9.424 -24.426 21.689
13.022 -23.550 15.841
14.546 -26.034 9.922
12.474 -29.092 4.558
9.102 -34.279 0.756
3.817 -37.903 0.223
-1.759 -39.738 2.280
-6.392 -39.185 7.727
-10.836 -34.767 9.184
-13.530 -28.282 9.173
-15.118 -23.114 5.443
-17.246 -21.052 -0.013
-20.788 -22.043 -5.659
-25.451 -25.944 -8.615
-29.384 -32.003 -9.157
-31.782 -37.461 -5.912
-32.887 -40.571 0.160
-34.403 -40.123 6.086
-33.509 -36.648 12.091
-36.639 -31.354 15.113
-40.830 -25.960 15.154
-47.236 -24.095 13.695
-53.373 -26.744 12.895
-57.997 -31.028 13.798
-60.597 -36.107 16.941
-60.520 -42.741 19.678
-57.118 -45.942 24.194
-52.886 -45.908 29.612
-49.610 -41.817 34.084
-51.804 -36.232 37.723
-56.398 -31.669 39.527
-62.445 -31.743 42.743
-67.252 -34.836 46.005
-69.241 -39.878 50.027
-67.765 -46.332 52.228
-63.273 -50.744 54.899
-56.653 -52.389 55.561
-50.578 -50.410 57.646
-46.343 -46.343 60.732
-46.354 -41.812 65.893
-48.968 -36.624 69.577
-53.049 -35.858 75.058
-57.166 -38.479 79.884
18.174 91.937 38.741
19.621 89.357 43.296
20.042 87.486 49.969
16.782 85.652 55.116
10.398 83.683 56.959
4.758 80.602 56.069
0.762 76.401 53.235
-0.403 71.278 48.755
3.374 66.973 45.723
8.677 63.208 43.906
12.606 59.243 47.057
14.316 55.672 52.231
13.659 53.381 58.059
11.906 52.488 64.343
5.490 50.944 67.123
-1.786 50.844 49.267
-5.432 54.258 53.675
-4.430 58.222 58.518
-1.318 61.864 63.193
5.013 65.143 63.877
11.832 65.713 63.875
16.656 67.109 59.979
18.365 68.849 53.793
18.040 71.426 48.188
14.819 73.745 43.121
9.231 75.913 39.610
4.281 80.557 40.381
2.484 85.236 44.374
2.698 88.984 50.289
5.846 92.271 54.032
15.892 55.148 40.467
20.403 57.015 37.936
25.003 58.528 33.052
25.702 60.434 26.956
22.009 63.145 21.803
17.197 66.651 19.195
12.883 71.311 19.234
9.771 76.548 22.117
11.289 80.654 27.003
14.831 84.113 31.575
20.331 87.500 31.655
24.863 90.935 28.411
28.282 92.818 23.509
30.802 93.990 17.708
27.726 96.272 11.637
11.197 96.981 21.354
10.571 93.888 15.478
14.005 89.439 12.262
18.844 85.364 10.144
23.869 81.768 13.459
29.096 80.452 17.645
30.494 78.978 23.534
27.981 77.301 29.379
23.977 74.919 33.610
18.021 73.161 35.816
11.288 71.430 35.072
7.335 67.489 31.357
7.731 63.024 26.814
11.140 59.135 22.159
15.629 55.213 21.101
40.723 16.650 -4.979
34.744 18.456 -2.965
27.717 17.790 -2.544
22.522 13.729 -1.985
20.375 9.314 0.805
20.506 10.124 2.575
17.398 15.475 0.675
12.386 19.433 3.161
8.521 21.026 8.338
5.541 21.167 14.477
7.892 21.851 20.921
12.903 22.443 25.553
18.813 25.666 26.131
24.791 27.787 23.328
27.588 32.533 19.635
26.627 38.627 17.027
8.938 38.785 19.966
11.189 37.811 13.729
15.486 34.929 9.575
20.654 30.199 9.302
25.025 26.050 12.306
25.338 20.973 16.710
22.618 16.004 20.310
18.263 11.432 19.924
12.802 8.238 17.853
37.263 4.389 7.379
34.674 0.623 2.799
31.167 -0.062 -2.762
27.914 2.733 -7.978
27.410 7.765 -12.253
37.687 6.792 -5.893
33.630 10.747 -3.719
27.028 12.734 -3.527
20.629 11.137 -3.769
17.173 9.116 -0.503
12.827 13.301 -0.178
9.841 18.259 3.232
6.805 20.586 8.929
4.357 21.760 15.196
7.066 22.280 21.583
12.159 22.307 26.050
18.298 24.445 26.762
23.909 27.546 24.859
27.906 30.828 20.449
27.591 36.560 16.950
9.261 36.823 17.946
12.141 35.073 12.402
17.287 32.163 8.855
21.286 26.847 9.088
24.393 21.764 12.293
23.419 17.215 17.019
19.824 13.386 21.101
14.214 10.064 20.977
8.003 8.985 18.449
30.335 -2.017 8.024
26.923 -4.839 3.599
23.424 -4.659 -2.223
21.631 -2.077 -7.715
21.617 2.822 -12.599
5.282 5.717 14.970
4.210 2.851 13.805
4.271 1.423 16.087
40.905 16.770 -5.176
35.042 18.675 -2.984
28.069 18.087 -2.676
22.892 14.090 -1.996
21.421 10.062 2.945
17.663 15.548 0.758
12.890 19.433 3.467
8.513 21.195 8.370
5.328 21.146 14.438
7.742 21.788 20.880
12.703 22.476 25.513
18.554 25.641 26.165
24.535 27.515 23.326
27.467 32.428 19.500
26.586 38.250 16.207
8.974 39.337 20.015
11.364 38.349 13.844
15.410 35.277 9.676
20.552 30.451 9.382
24.844 26.321 12.385
25.162 21.262 16.801
22.511 16.079 20.359
18.146 11.485 19.909
12.654 8.263 17.865
37.389 4.445 7.436
34.712 0.642 2.853
31.276 0.100 -2.755
28.030 2.968 -7.872
27.392 8.047 -12.098
36.521 8.153 -4.959
31.800 11.909 -3.734
25.130 13.900 -3.546
19.131 11.437 -1.791
16.458 7.496 2.938
12.970 13.027 0.242
9.856 18.041 3.467
6.664 20.323 9.153
4.275 21.409 15.277
6.891 22.120 21.641
12.087 22.297 25.972
18.266 24.409 26.662
23.709 27.441 24.586
27.822 30.541 20.234
27.682 36.066 16.436
9.573 36.506 17.520
11.996 34.341 12.094
17.036 31.486 8.480
21.462 26.255 9.408
24.332 21.632 12.677
23.424 16.961 17.214
19.717 13.269 21.347
14.060 9.911 21.198
8.171 8.526 18.673
29.904 -1.862 8.141
26.416 -4.616 3.438
22.945 -4.238 -2.128
20.845 -1.294 -7.462
21.078 3.187 -12.463
5.098 5.378 15.144
4.017 2.688 14.103
3.894 1.277 16.396
36.648 7.676 -4.965
32.383 11.826 -2.819
25.832 14.479 -1.604
19.634 12.462 -0.881
16.321 6.975 0.135
12.623 12.891 0.120
9.698 17.908 3.544
6.632 20.351 9.134
4.329 21.523 15.411
7.002 22.098 21.861
12.208 22.327 25.996
18.459 24.276 26.576
23.939 27.357 24.170
27.922 30.628 19.732
27.830 36.180 15.944
9.617 36.856 17.435
12.384 35.106 11.725
17.197 31.678 8.477
21.227 26.577 8.828
24.059 21.452 12.403
23.535 16.962 17.638
19.613 13.186 21.530
13.929 9.787 21.469
8.096 8.542 18.719
29.778 -1.661 8.429
26.483 -4.353 3.676
23.050 -3.941 -1.947
21.412 -0.899 -7.220
21.211 3.892 -12.139
4.978 5.357 15.256
3.867 2.645 14.231
3.660 1.212 16.525
40.738 16.612 -5.229
34.719 18.353 -3.074
27.783 17.701 -2.668
22.613 13.734 -2.112
20.648 10.482 2.674
17.445 16.202 0.223
12.998 19.735 3.442
8.633 21.306 8.340
5.509 21.219 14.412
7.822 21.794 20.868
12.794 22.403 25.562
18.702 25.719 26.190
24.638 27.556 23.248
27.368 32.436 19.565
26.694 38.319 16.214
8.895 39.071 20.064
11.140 38.203 13.882
15.349 35.208 9.722
20.600 30.440 9.422
24.948 26.351 12.506
25.309 21.258 16.838
22.676 16.153 20.300
18.332 11.522 19.881
12.897 8.413 17.768
37.318 4.267 7.287
34.679 0.452 2.720
31.130 -0.186 -2.808
27.889 2.635 -8.010
27.162 7.717 -12.187
36.547 8.177 -5.286
31.701 11.996 -3.476
25.145 14.090 -3.793
19.304 11.668 -1.740
16.200 7.915 2.646
12.545 13.141 -0.306
9.666 18.128 3.296
6.644 20.393 9.011
4.289 21.505 15.307
7.016 22.157 21.621
12.246 22.378 25.965
18.415 24.540 26.544
23.672 27.816 24.379
28.067 30.558 19.830
27.639 36.352 16.149
9.551 36.727 17.650
12.383 35.268 11.748
16.772 31.677 8.533
21.392 26.640 9.004
24.501 21.714 12.494
23.547 17.133 17.249
19.807 13.418 21.387
14.237 9.942 21.186
8.287 8.583 18.699
29.872 -1.646 7.970
26.313 -4.502 3.444
22.796 -4.148 -2.144
20.869 -1.182 -7.579
21.041 3.597 -12.445
5.247 5.411 14.998
4.142 2.703 13.976
3.989 1.228 16.227
36.766 8.421 -5.461
31.857 12.192 -3.547
25.181 14.625 -4.059
19.679 12.477 -1.178
16.434 7.424 2.211
12.408 12.773 0.025
9.588 17.742 3.742
6.499 20.263 9.201
4.042 21.568 15.413
6.967 22.212 21.734
12.197 22.156 25.927
18.537 24.049 26.456
23.979 27.066 24.266
27.855 30.208 19.786
27.918 35.929 15.967
9.915 36.857 17.324
12.512 34.881 11.760
16.987 31.468 8.431
21.287 26.260 8.754
24.207 21.558 12.349
23.197 16.968 17.371
19.630 13.378 21.476
14.142 9.939 21.512
7.991 8.342 19.155
29.965 -1.346 8.083
26.580 -4.107 3.482
23.115 -3.798 -2.033
21.073 -0.808 -7.526
20.501 3.908 -12.364
4.985 5.345 15.032
3.842 2.568 14.107
3.679 1.201 16.481
36.569 8.438 -5.464
31.845 12.351 -3.820
25.259 14.512 -4.001
19.798 12.531 -1.146
16.553 7.550 2.341
12.448 12.872 -0.004
9.627 17.852 3.684
6.667 20.422 9.191
4.079 21.575 15.430
6.932 22.172 21.828
12.174 22.258 26.052
18.408 24.322 26.577
23.879 27.416 24.296
28.097 30.449 19.846
27.960 35.910 16.083
9.827 36.666 17.470
12.400 34.852 11.903
17.023 31.656 8.421
21.164 26.274 9.031
24.544 21.598 12.678
23.135 16.944 17.378
19.520 13.406 21.578
13.962 10.020 21.482
8.049 8.506 18.895
29.997 -1.354 8.096
26.552 -4.060 3.523
22.997 -3.738 -2.005
21.128 -0.639 -7.379
20.583 3.701 -12.362
4.975 5.445 15.030
3.760 2.681 14.093
3.869 1.241 16.509
