29.118 85.679 16.328
33.342 83.424 20.444
35.856 81.348 26.463
33.214 77.577 31.497
28.283 73.530 33.665
23.905 69.082 31.795
21.950 64.732 27.194
22.996 61.222 21.398
26.848 58.519 17.000
32.845 55.238 16.612
38.925 53.387 18.044
43.177 51.036 22.480
44.927 48.988 28.401
41.793 45.641 33.883
36.948 43.211 37.786
31.993 39.011 38.108
29.275 33.544 35.488
27.545 29.456 30.434
28.501 26.379 24.752
33.714 23.424 21.196
39.769 20.983 20.127
44.369 17.629 23.250
47.563 14.942 28.197
47.872 11.016 34.760
44.272 7.796 38.608
31.568 8.830 24.332
28.991 11.731 29.477
30.374 15.120 35.214
34.162 17.057 39.969
39.370 20.867 40.943
43.754 24.865 37.650
46.846 27.704 32.770
46.701 30.649 27.060
42.892 33.171 22.017
37.922 35.947 20.324
30.547 36.348 20.105
27.673 41.378 23.131
24.821 44.295 29.071
27.204 48.420 33.630
32.035 52.338 35.941
37.002 56.375 35.313
40.507 60.486 31.932
40.561 64.474 26.815
39.804 65.848 20.099
34.793 66.185 15.089
28.413 67.989 14.441
21.764 69.239 17.194
19.059 72.857 22.226
18.874 75.899 28.094
21.142 80.330 32.452
