29.118 85.679 16.328
33.342 83.424 20.444
35.856 81.348 26.463
33.214 77.577 31.497
28.283 73.530 33.665
23.905 69.082 31.795
21.950 64.732 27.194
22.996 61.222 21.398
26.848 58.519 17.000
32.845 55.238 16.612
38.925 53.387 18.044
43.177 51.036 22.480
44.927 48.988 28.401
41.793 45.641 33.883
36.948 43.211 37.786
31.993 39.011 38.108
29.275 33.544 35.488
27.545 29.456 30.434
28.501 26.379 24.752
33.714 23.424 21.196
39.769 20.983 20.127
44.369 17.629 23.250
47.563 14.942 28.197
47.872 11.016 34.760
44.272 7.796 38.608
31.568 8.830 24.332
28.991 11.731 29.477
30.374 15.120 35.214
34.162 17.057 39.969
39.370 20.867 40.943
43.754 24.865 37.650
46.846 27.704 32.770
46.701 30.649 27.060
42.892 33.171 22.017
37.922 35.947 20.324
30.547 36.348 20.105
27.673 41.378 23.131
24.821 44.295 29.071
27.204 48.420 33.630
32.035 52.338 35.941
37.002 56.375 35.313
40.507 60.486 31.932
40.561 64.474 26.815
39.804 65.848 20.099
34.793 66.185 15.089
28.413 67.989 14.441
21.764 69.239 17.194
19.059 72.857 22.226
18.874 75.899 28.094
21.142 80.330 32.452
17.709 4.174 -3.682
14.297 0.503 0.144
13.814 -6.128 3.618
17.374 -11.046 5.945
22.928 -12.590 9.390
28.772 -11.238 12.393
32.485 -7.126 16.033
31.866 -0.616 18.272
28.541 4.131 22.768
20.209 3.809 33.400
14.826 2.751 37.669
10.303 -1.892 40.134
10.358 -8.490 42.160
14.425 -13.177 45.189
20.069 -14.243 48.834
25.847 -12.149 51.756
27.429 -6.876 55.793
25.970 -1.041 59.058
21.568 2.979 62.405
15.023 3.494 64.622
12.937 -13.504 66.743
9.303 -9.700 62.543
8.687 -3.321 59.434
12.033 1.703 56.759
17.729 4.454 54.018
23.824 2.582 51.648
27.809 -1.832 47.853
28.273 -7.649 44.789
24.581 -12.731 40.656
18.534 -14.634 38.294
14.156 -12.812 33.700
12.938 -9.120 27.569
13.060 -4.199 23.213
14.400 1.460 20.188
19.371 5.112 16.542
25.407 6.569 14.137
30.050 3.493 10.107
32.883 -2.076 7.249
32.141 -7.940 4.437
27.507 -12.136 1.454
20.871 -13.435 -1.657
22.663 6.365 24.216
28.607 207.619 81.780
22.103 206.880 79.782
17.245 205.372 75.036
15.566 201.773 69.178
18.124 199.202 63.375
21.750 193.706 61.141
26.178 188.607 62.574
29.661 184.720 67.212
28.814 182.093 73.440
24.091 179.213 77.132
18.032 176.608 78.438
13.103 173.360 76.229
10.477 169.016 71.829
10.464 165.618 65.749
13.798 164.190 59.869
19.532 162.571 56.889
25.838 161.103 57.082
31.332 159.527 60.967
32.688 158.098 67.860
32.829 152.164 70.736
30.128 145.995 71.854
28.622 140.230 68.773
28.275 135.980 63.839
31.658 133.077 58.859
36.369 133.597 53.760
41.662 136.312 51.502
47.205 140.365 52.236
51.220 141.745 57.557
53.920 139.786 63.638
55.338 134.399 67.352
57.569 128.250 68.028
62.166 124.050 64.957
65.607 122.115 60.407
70.048 124.137 55.266
73.932 128.450 52.377
76.070 134.393 50.240
76.164 140.824 51.301
75.365 146.105 55.984
76.763 147.016 62.414
81.121 146.500 67.475
86.943 144.083 69.884
93.524 143.933 68.370
98.467 145.182 63.640
100.818 149.955 59.662
101.103 154.367 55.521
99.339 160.169 52.367
93.717 164.352 51.877
90.979 168.033 56.173
90.214 170.900 62.231
92.918 172.918 68.073
98.301 176.261 70.124
102.517 180.184 69.065
107.810 182.622 66.264
109.492 187.865 62.667
108.091 192.207 57.560
104.210 194.300 52.860
98.375 195.522 51.441
91.747 193.903 51.643
86.823 194.329 56.460
84.844 195.504 63.020
85.082 200.118 67.699
84.636 206.733 68.745
84.448 213.049 66.808
83.782 218.182 62.485
80.570 220.300 57.185
76.164 219.277 52.510
72.870 215.219 47.967
68.259 210.799 48.500
64.391 206.509 52.239
61.041 205.615 58.206
56.520 208.938 61.537
53.056 214.522 63.659
49.007 218.903 61.103
45.116 220.885 56.176
42.448 220.896 50.343
38.951 217.891 45.611
38.901 212.835 40.773
38.118 206.519 41.171
39.818 200.713 44.535
36.222 197.571 49.593
31.650 197.187 54.801
25.273 198.179 56.570
18.999 198.673 53.989
14.780 198.224 48.574
13.406 196.871 42.037
15.431 193.421 36.760
18.759 188.278 33.934
22.865 183.223 34.581
25.805 178.325 37.879
26.771 175.331 43.983
23.126 171.547 48.077
18.064 167.284 48.666
14.053 162.365 46.631
12.776 157.512 42.137
16.354 153.561 37.521
17.778 153.553 30.710
22.833 153.436 26.868
29.360 153.127 26.699
35.093 156.211 28.895
39.543 154.074 33.406
40.677 151.652 39.597
41.026 145.349 42.032
39.139 138.811 42.813
40.953 133.406 39.611
44.417 129.993 34.996
48.883 128.919 30.821
54.264 129.974 26.839
57.469 135.139 23.487
60.832 140.239 25.575
62.642 144.502 30.614
66.508 143.253 36.352
69.071 139.831 41.378
73.813 135.335 41.999
78.730 131.543 40.116
83.972 130.685 35.984
87.253 132.482 30.256
88.125 137.360 25.544
87.467 143.762 23.594
86.776 150.026 25.469
84.020 154.407 29.923
86.071 157.488 35.614
90.473 158.328 40.632
96.796 158.580 43.021
103.253 159.097 41.178
106.968 162.374 36.353
108.116 166.093 30.681
107.169 170.051 25.830
103.602 174.641 21.872
100.711 179.623 23.186
94.498 181.856 25.617
91.505 182.147 31.783
92.353 184.585 37.064
95.188 188.534 41.819
100.707 191.633 44.455
105.532 196.433 43.132
105.414 201.990 39.432
103.879 206.317 34.173
99.533 208.146 29.295
93.201 207.685 26.512
86.929 207.005 27.236
80.883 207.537 30.614
78.313 210.428 35.768
78.737 212.589 42.219
81.391 218.641 44.397
84.913 224.483 43.751
81.793 225.561 25.854
87.563 223.921 28.805
91.579 222.609 34.352
92.564 219.508 40.239
91.343 213.977 42.958
89.209 207.758 44.602
87.131 201.893 41.609
85.885 198.596 35.548
88.715 198.519 29.375
94.335 198.769 25.698
100.825 197.482 25.399
106.670 194.881 27.199
110.101 190.830 31.389
110.172 186.302 35.841
107.587 181.464 39.291
102.233 178.010 41.642
96.566 175.270 40.583
91.746 173.509 36.205
90.121 171.332 30.207
91.822 168.626 23.980
95.706 163.620 21.868
101.134 159.949 22.667
103.154 154.435 26.122
103.247 150.139 30.589
100.398 146.198 35.592
95.624 145.306 39.440
89.701 146.730 43.133
83.512 147.728 40.751
79.424 149.208 35.551
77.682 147.666 28.882
78.179 142.873 24.257
78.334 136.237 22.972
75.874 130.508 25.375
72.509 126.546 29.725
66.882 126.653 33.462
64.561 128.902 39.721
59.677 132.739 41.021
56.819 138.966 40.956
55.702 144.320 36.904
52.658 145.447 31.081
48.907 144.426 25.448
44.286 139.928 23.463
38.542 138.745 24.387
33.091 137.420 28.567
30.180 138.915 33.652
28.124 141.873 39.457
28.461 147.563 42.819
32.245 153.141 44.276
32.975 158.674 40.772
32.472 162.769 35.547
28.404 164.636 30.488
22.310 165.673 28.928
15.889 166.463 29.050
11.213 169.813 31.765
7.995 172.613 37.166
8.651 177.562 41.338
11.068 178.944 47.581
16.431 181.191 50.993
22.882 182.930 50.181
27.737 184.373 45.547
28.611 187.848 39.705
26.348 193.194 36.455
23.058 199.155 36.995
20.883 204.295 40.636
21.497 208.540 45.437
24.952 211.148 50.283
29.506 210.732 54.841
34.229 206.973 58.419
39.923 204.425 56.864
44.575 202.749 52.191
48.051 204.329 46.421
50.486 209.724 43.159
52.552 216.111 43.493
54.785 221.417 46.656
57.700 224.139 51.964
60.788 223.463 57.614
64.466 220.957 62.627
66.291 215.008 65.944
67.151 208.735 64.004
70.792 204.995 60.122
74.583 203.853 54.618
78.461 206.351 49.619
84.308 209.543 48.986
89.989 211.437 52.100
94.256 211.496 57.158
97.012 208.915 62.444
97.372 203.909 66.909
96.549 197.577 68.091
91.675 192.648 67.565
90.836 187.556 63.442
90.735 186.007 56.585
95.227 184.584 51.869
101.431 182.477 50.512
106.167 178.316 52.162
108.373 173.432 56.617
109.072 170.324 61.207
107.407 166.995 66.697
102.853 162.986 68.999
96.410 161.463 69.753
90.049 162.639 67.493
86.982 160.343 62.183
86.806 159.295 55.291
88.344 153.646 51.904
91.729 147.536 50.919
93.191 141.773 53.420
90.880 136.226 56.187
87.728 132.736 61.384
82.605 132.738 65.963
77.061 134.468 67.154
72.440 139.716 66.727
68.194 141.620 62.085
65.492 141.362 55.869
63.522 137.331 51.254
61.780 131.626 48.495
57.834 126.518 49.700
53.584 123.460 53.687
49.367 123.134 59.145
47.349 125.792 64.759
46.123 131.962 67.792
44.680 138.165 67.584
45.635 144.204 64.118
42.381 146.974 58.850
38.276 146.797 53.435
31.798 145.492 51.450
25.903 144.554 54.289
21.340 145.898 58.647
18.225 149.508 63.644
18.495 151.591 70.411
21.773 156.481 73.279
25.959 161.953 73.286
29.466 166.057 68.916
27.124 169.694 63.433
22.321 171.077 58.842
17.060 174.696 59.088
11.822 178.039 61.947
10.049 181.942 67.435
11.276 183.880 73.699
15.825 186.470 78.187
22.233 187.302 79.536
28.163 189.487 77.718
32.528 192.662 73.639
32.589 197.807 69.169
30.161 201.395 63.788
26.150 206.942 63.300
21.582 211.594 65.846
3.447 47.990 34.807
10.034 46.596 33.003
16.295 46.234 35.700
20.188 47.084 41.081
22.262 45.467 47.973
22.324 40.296 52.254
19.467 34.667 55.077
17.296 28.996 54.045
21.742 22.821 55.179
26.400 19.443 52.867
32.111 18.071 49.456
36.265 19.240 43.940
39.420 24.615 41.495
41.983 30.892 42.300
45.424 34.954 46.301
45.125 20.732 59.477
41.333 25.978 60.979
36.445 31.418 59.215
33.658 35.859 54.601
33.156 37.428 47.948
31.972 34.372 42.193
28.447 30.017 38.863
26.760 23.685 37.261
22.147 29.474 37.899
14.406 29.816 37.979
9.646 30.875 42.511
7.569 34.581 47.607
7.901 39.988 51.618
10.542 46.220 53.002
11.655 51.852 49.672
40.639 17.518 -5.206
35.500 18.215 -2.926
28.534 18.348 -2.730
23.010 14.189 -2.651
20.225 9.794 1.471
16.201 16.115 0.207
12.883 19.030 3.237
9.106 21.665 8.059
5.766 22.321 14.269
8.030 22.694 20.853
13.034 23.281 25.782
19.318 25.812 26.571
24.493 29.080 24.290
27.578 33.330 20.485
26.683 39.500 17.566
9.121 39.618 20.165
11.247 38.174 14.034
16.111 36.073 9.996
20.924 31.105 9.762
25.736 26.810 12.828
25.415 21.294 16.607
22.777 16.586 20.185
18.163 11.872 20.032
12.627 8.799 18.899
37.441 4.594 7.198
34.491 0.958 2.560
31.579 0.319 -2.883
28.458 2.752 -8.383
28.238 7.983 -12.852
11.281 3.052 11.410
9.409 45.975 33.044
15.915 46.102 35.472
20.153 47.186 40.766
22.519 45.387 47.515
22.231 40.270 51.947
19.541 34.722 54.950
17.449 29.280 53.850
21.596 22.980 55.306
26.163 19.294 53.121
31.982 18.008 49.880
36.059 18.934 44.349
38.997 24.398 41.889
41.778 31.025 42.631
44.009 35.717 46.917
41.266 25.120 61.337
36.530 30.992 59.982
34.320 35.561 55.382
33.381 36.307 48.705
32.732 34.385 42.738
29.011 29.979 39.039
26.731 23.896 37.352
22.186 28.260 38.329
14.569 29.703 37.894
9.770 30.814 42.488
7.793 34.441 47.482
7.988 39.785 51.524
10.522 46.137 52.821
11.767 51.603 49.665
7.102 33.791 -3.395
7.887 39.073 -0.004
7.373 45.528 0.795
7.812 33.436 58.734
17.208 42.787 74.086
16.428 39.970 68.320
17.062 35.501 63.568
11.162 36.890 62.466
5.795 32.603 59.137
-0.793 31.913 59.803
-6.727 33.683 62.612
-10.669 37.699 65.869
1.566 51.228 59.361
2.014 50.082 65.839
-0.275 47.359 71.593
-2.756 41.873 74.425
-3.883 35.306 73.986
-0.946 29.888 72.632
3.586 26.512 72.016
9.832 23.797 72.635
15.995 25.098 75.261
24.279 51.891 56.601
90.495 34.141 5.519
94.868 30.453 2.396
101.394 26.711 2.404
105.754 24.246 6.711
106.776 21.369 12.788
104.206 18.314 18.165
99.700 14.600 21.049
94.766 9.627 20.011
89.090 7.531 15.604
90.367 -3.416 8.343
92.054 -6.921 2.536
97.149 -10.122 -0.650
103.732 -12.479 0.464
107.840 -14.917 5.046
108.367 -17.241 11.663
105.838 -19.626 17.281
100.427 -23.327 19.302
94.627 -27.014 18.035
91.107 -30.644 13.517
90.583 -33.571 7.079
108.062 -36.494 7.817
104.703 -32.446 3.271
98.453 -29.967 1.271
93.417 -26.283 3.416
89.931 -23.164 8.505
91.165 -19.500 13.987
95.577 -15.999 17.890
101.757 -13.215 18.391
106.621 -9.385 14.586
108.626 -6.815 9.114
107.677 -2.966 3.676
104.206 3.035 2.018
99.154 7.212 1.225
93.503 10.296 2.154
89.090 13.842 6.623
87.085 16.600 11.984
89.441 20.740 16.909
94.392 23.389 20.605
100.524 26.205 20.459
105.513 29.174 16.697
107.582 32.041 10.275
87.704 5.953 9.725
17.351 3.973 -4.032
14.343 0.612 0.172
14.072 -6.256 3.235
17.456 -10.898 6.037
23.466 -12.803 8.844
29.012 -10.877 12.102
32.589 -6.744 15.796
31.583 -0.257 17.439
28.556 3.969 22.776
20.386 3.577 33.171
14.750 2.691 36.669
10.521 -2.328 38.374
10.918 -8.670 40.725
14.884 -13.590 43.830
21.040 -14.981 46.922
26.650 -12.053 49.887
27.812 -7.197 53.906
26.099 -1.572 57.813
21.554 2.780 60.813
15.378 3.321 62.120
13.467 -14.156 65.124
9.966 -10.508 60.432
8.882 -3.782 58.170
11.741 1.152 55.479
17.145 3.736 51.789
23.155 2.328 50.786
27.790 -1.922 46.956
28.645 -7.914 43.249
25.311 -12.397 39.274
19.734 -14.109 35.994
14.579 -12.593 32.426
13.020 -9.091 26.941
12.814 -4.279 22.514
14.421 1.417 19.817
19.244 5.153 16.315
25.311 6.809 13.878
29.879 3.698 9.783
32.654 -1.530 6.980
32.022 -7.713 4.203
27.973 -11.898 1.815
21.520 -13.496 -1.717
22.703 6.133 24.030
40.565 17.043 -4.357
34.559 18.624 -2.934
27.395 18.034 -2.744
22.239 14.102 -1.936
20.235 10.862 2.500
17.551 16.783 0.250
12.683 20.544 3.356
8.403 21.682 8.273
5.317 21.629 14.262
7.731 22.311 20.658
12.757 22.932 25.306
18.588 26.147 25.957
24.500 28.731 23.447
27.318 33.350 19.800
26.266 39.559 17.465
8.674 38.628 19.762
10.742 37.114 13.798
15.469 35.337 9.304
20.744 30.595 9.219
24.970 26.478 12.358
25.162 21.481 16.503
22.528 16.488 20.007
18.139 11.884 19.739
12.569 8.802 17.476
10.832 6.298 10.972
37.178 4.623 7.514
34.644 0.893 2.934
31.194 0.263 -2.733
27.873 2.957 -7.836
28.076 7.901 -12.462
8.379 0.788 13.986
14.550 21.110 13.823
13.882 24.746 8.980
10.920 29.013 4.807
4.442 32.051 3.647
-0.372 35.270 7.082
-2.734 37.659 12.903
-2.161 40.368 18.865
1.424 44.238 22.486
6.878 48.184 23.707
12.307 51.089 21.521
14.698 54.514 16.327
13.801 56.990 10.149
10.050 60.126 5.987
4.604 63.759 4.684
-0.524 67.333 6.532
-5.267 69.850 10.250
-5.768 72.518 16.193
-2.742 77.599 20.721
1.491 81.226 22.566
10.685 81.610 10.432
13.430 76.124 13.984
11.612 75.134 19.676
6.820 72.097 22.956
1.173 68.381 23.630
-3.033 64.171 20.495
-4.720 60.077 15.897
-3.137 57.256 9.737
0.758 54.715 5.333
5.815 50.448 4.973
11.761 48.301 6.618
14.848 43.695 10.519
15.842 40.140 16.191
13.171 36.667 21.081
7.485 33.243 22.583
0.780 31.497 21.094
-2.899 29.811 16.498
-3.405 25.694 10.780
-2.207 20.467 7.332
2.360 36.475 33.699
7.438 38.342 38.013
12.829 36.000 41.219
17.568 33.304 40.048
16.602 40.374 40.957
21.072 45.045 38.886
26.308 47.374 36.723
31.797 47.958 32.834
34.059 46.311 26.670
33.097 44.358 20.144
15.581 44.783 24.360
18.377 39.288 21.766
23.485 34.993 22.171
28.054 32.674 26.005
31.987 32.595 31.762
8.168 19.521 28.760
7.567 19.540 35.666
7.779 20.691 42.015
6.458 24.858 46.777
4.874 37.227 -4.169
-0.409 35.613 -8.332
-3.476 30.803 -11.614
-5.786 25.804 -10.329
-8.919 32.231 -10.928
-15.128 33.895 -9.582
-20.748 33.108 -7.061
-25.765 30.570 -3.082
-26.489 27.949 3.056
-24.801 26.706 9.619
-10.180 36.957 5.007
-9.416 30.906 7.390
-11.421 24.427 7.241
-14.226 20.004 3.688
-17.390 17.456 -1.949
9.978 19.654 0.559
10.259 20.144 -6.097
9.676 21.303 -12.490
8.111 25.440 -17.258
8.572 39.382 -17.024
12.306 43.567 -12.785
17.938 44.042 -9.406
23.531 43.854 -10.390
19.201 49.391 -9.461
20.706 55.863 -10.712
24.202 60.509 -12.759
28.955 63.745 -16.541
31.944 63.293 -22.498
32.351 61.543 -29.127
16.372 53.221 -25.669
21.546 49.811 -27.974
28.193 48.584 -27.356
33.261 48.885 -23.587
36.611 50.299 -17.685
22.458 26.966 -21.484
21.646 27.043 -14.889
20.709 28.101 -8.423
17.577 31.472 -3.754
1.528 62.599 46.975
6.874 60.998 42.814
11.921 63.687 39.516
16.445 66.968 40.314
16.020 59.893 39.241
20.792 55.569 40.783
26.356 53.593 42.772
32.026 53.546 46.498
34.315 55.483 52.504
33.530 57.487 59.103
15.837 55.439 55.740
18.305 61.261 57.883
23.220 65.887 57.410
27.433 68.474 53.428
31.009 68.996 47.572
6.528 80.496 51.443
5.640 80.099 44.435
5.661 78.400 38.101
4.940 73.596 33.620
2.086 47.117 34.945
9.620 46.189 33.477
15.873 46.206 36.213
20.201 46.008 42.208
21.005 44.762 48.834
19.651 39.728 53.241
16.490 34.216 55.539
15.599 28.039 54.108
21.430 23.156 54.721
26.241 19.838 53.218
31.321 17.598 49.238
35.996 19.742 44.424
38.856 25.389 42.240
38.164 30.458 58.872
33.839 35.322 55.554
33.501 37.189 48.448
32.125 33.923 42.966
28.788 29.985 39.044
26.312 24.004 36.907
21.461 28.016 38.491
14.021 29.863 37.771
8.877 31.031 41.933
6.037 34.588 46.812
5.937 40.253 50.309
8.483 45.991 52.679
58.387 35.017 37.569
60.536 28.505 37.317
62.484 23.195 40.691
60.129 19.184 45.869
56.367 17.364 51.415
50.708 17.065 53.495
45.500 18.193 54.533
45.570 22.046 36.081
44.370 26.764 39.950
44.202 29.274 46.267
48.149 30.426 51.491
53.187 29.404 55.540
59.866 29.843 55.598
65.674 30.273 53.082
58.689 34.824 37.568
60.717 28.438 37.521
62.476 23.016 40.665
60.319 18.985 45.835
56.567 17.093 51.370
50.852 16.748 53.478
45.526 18.162 54.389
45.759 21.866 35.955
44.537 26.567 39.760
44.321 29.112 46.119
48.098 30.440 51.467
53.256 29.203 55.457
59.732 29.786 55.589
65.811 30.236 53.142
58.236 35.266 38.025
60.334 28.650 37.681
62.056 23.155 40.984
59.927 19.206 46.271
56.130 17.313 51.789
50.393 16.774 53.958
45.116 18.556 55.024
45.329 21.964 36.479
44.144 26.858 40.213
43.668 29.277 46.648
47.625 30.470 52.012
52.769 29.612 56.240
59.353 30.157 56.203
65.523 30.436 53.620
2.238 50.260 23.062
-0.022 47.556 17.283
-0.215 44.786 11.557
0.893 38.987 8.902
3.021 33.315 8.954
4.052 28.045 11.122
-6.282 32.821 25.592
-1.788 30.176 29.030
4.915 30.639 29.071
9.878 32.015 25.619
13.390 34.657 20.537
15.661 37.277 15.224
15.072 42.038 10.489
11.714 46.866 7.575
3.139 22.142 15.489
2.447 19.566 16.419
2.210 17.851 14.063
36.940 8.060 -5.350
32.035 11.988 -3.930
25.469 13.807 -4.057
19.744 11.947 -1.378
16.419 8.120 2.778
12.676 13.436 -0.293
9.685 18.378 3.409
6.680 20.665 9.003
4.144 21.744 15.257
7.039 22.265 21.612
12.132 22.379 25.970
18.272 24.597 26.531
23.703 27.689 24.744
27.764 31.130 20.391
27.632 36.623 16.613
9.428 37.381 17.547
12.178 35.264 12.083
17.025 32.238 8.551
20.974 26.793 8.993
24.236 21.947 12.257
23.459 17.402 16.979
19.814 13.459 21.040
14.261 10.109 21.012
8.374 8.520 18.510
30.208 -2.000 7.959
26.601 -4.688 3.488
23.115 -4.378 -2.095
21.315 -1.785 -7.783
21.072 3.336 -12.432
5.027 5.027 14.619
3.865 2.733 13.644
3.922 1.114 16.351
36.893 8.030 -5.555
32.006 11.801 -3.934
25.489 13.511 -3.818
19.527 11.731 -1.667
16.385 8.253 2.704
12.590 13.355 -0.336
9.657 18.397 3.383
6.585 20.567 8.947
4.236 21.748 15.292
6.988 22.250 21.593
12.202 22.426 25.880
18.199 24.632 26.579
23.893 27.415 24.755
27.667 31.076 20.436
27.597 36.394 16.275
9.576 37.250 17.617
12.381 35.690 11.884
17.234 32.114 8.525
21.221 26.541 9.289
24.276 21.877 12.465
23.376 17.209 17.051
19.745 13.374 21.112
14.213 10.028 21.016
8.340 8.441 18.477
30.124 -1.975 8.138
26.592 -4.681 3.496
23.170 -4.390 -2.079
21.175 -1.527 -7.471
21.231 3.211 -12.412
4.966 5.093 14.656
3.911 2.776 13.678
4.006 1.089 16.287
-6.455 1.812 27.095
-3.657 7.342 25.261
0.788 12.474 26.054
6.320 13.950 23.772
1.287 18.686 25.496
-1.163 23.710 21.673
-0.717 26.912 15.712
1.292 28.712 9.739
1.954 26.510 2.731
1.460 22.150 -1.893
-5.986 11.040 9.494
-0.207 8.805 6.702
5.665 11.375 5.347
10.071 15.843 6.649
12.342 20.957 9.686
12.831 -3.577 21.366
12.897 -0.461 27.577
12.373 3.700 32.551
7.803 6.449 36.399
15.546 23.132 14.232
17.981 23.414 15.960
19.855 22.638 14.141
7.516 -12.202 1.490
5.376 -6.352 2.998
9.516 -1.349 1.442
16.055 0.391 0.008
21.901 -0.390 -3.071
24.010 -2.409 -9.062
23.356 -6.728 -14.500
18.868 -9.208 -18.925
12.967 -8.548 -22.280
7.192 -4.719 -23.201
3.511 0.436 -24.571
4.473 6.651 -27.204
8.519 12.295 -27.681
14.223 13.433 -31.310
19.584 11.737 -34.942
22.847 7.452 -39.101
22.412 3.634 -44.753
6.440 13.728 -44.516
4.805 7.647 -43.820
6.944 1.777 -41.749
11.965 -3.212 -41.094
17.854 -3.059 -37.816
21.055 0.425 -32.684
21.737 5.991 -28.590
19.366 9.243 -23.315
16.149 8.438 -17.838
9.509 7.746 -15.542
5.631 2.303 -14.707
6.068 -4.525 -13.602
9.129 -10.478 -13.719
13.629 -14.517 -10.750
17.258 -15.457 -5.470
22.440 -13.763 -1.279
22.512 -10.063 4.363
-5.593 -16.780 35.056
-4.938 -10.394 32.703
-4.890 -3.718 34.330
-2.471 0.751 38.495
-1.003 3.848 44.349
4.288 4.160 48.249
10.036 1.586 50.633
14.417 -3.883 50.819
17.329 -8.477 46.923
19.826 -9.553 40.913
23.763 -7.635 36.050
24.856 -2.386 31.457
27.773 3.622 32.187
30.937 8.128 36.208
32.875 10.210 42.586
36.280 7.805 48.193
41.146 4.082 50.635
46.334 -0.423 50.607
51.882 -1.178 46.754
50.524 18.363 42.605
48.978 15.500 36.582
48.591 9.726 32.851
46.547 3.748 32.728
45.395 -2.800 34.720
41.667 -6.310 39.127
37.736 -6.472 44.740
34.997 -2.834 49.867
30.554 2.233 50.529
26.072 6.156 47.570
22.182 8.361 42.933
18.599 7.750 37.749
14.814 3.810 33.277
12.506 -2.698 33.248
12.331 -8.890 36.476
10.688 -11.525 42.628
7.058 -11.572 48.248
2.683 -9.085 53.134
-3.394 -6.302 52.647
-33.863 40.560 9.173
-40.381 40.639 7.321
-45.185 39.397 2.540
-46.849 36.910 -3.800
-45.682 33.161 -8.507
-44.046 26.997 -10.815
-40.768 21.479 -9.809
-39.563 16.292 -5.492
-38.668 12.896 0.573
-42.944 11.652 5.798
-48.806 12.126 9.061
-55.285 12.302 8.910
-61.091 11.784 5.712
-64.849 10.803 0.122
-65.192 6.025 -4.431
-62.743 1.394 -8.568
-59.481 -4.365 -9.101
-56.313 -9.005 -4.908
-67.410 -3.186 10.104
-60.558 -3.005 10.821
-54.435 -3.754 7.982
-50.293 -3.945 3.088
-48.560 -0.641 -2.541
-50.029 3.432 -7.373
-52.432 9.442 -9.294
-56.614 14.982 -9.122
-57.214 20.101 -4.832
-55.899 23.487 0.848
-51.854 24.959 5.616
-45.617 24.686 8.400
-39.152 23.522 8.502
-34.125 24.834 4.445
-30.961 25.981 -1.343
-30.396 29.811 -6.576
-33.763 34.363 -9.700
-37.576 39.562 -10.068
40.792 16.948 -4.916
34.745 18.830 -3.007
27.875 18.133 -2.604
22.627 14.157 -2.056
20.937 10.387 2.739
17.852 16.480 0.748
13.147 20.030 3.623
8.669 21.414 8.244
5.630 21.428 14.347
7.938 22.157 20.774
12.882 22.793 25.436
18.807 26.018 26.045
24.685 27.997 23.068
27.606 33.005 19.576
26.698 38.803 16.251
8.826 39.487 19.767
11.310 38.671 13.616
15.436 35.306 9.512
20.772 30.595 9.273
25.063 26.467 12.401
25.284 21.569 16.922
22.631 16.466 20.344
18.247 11.860 19.938
12.922 8.558 17.878
37.269 4.748 7.282
34.611 0.876 2.779
31.076 0.310 -2.779
27.772 3.170 -7.856
27.165 8.195 -12.104
10.861 2.719 8.916
11.173 0.401 10.841
10.228 -0.561 13.266
41.208 17.244 -3.940
35.288 18.838 -2.431
28.292 18.487 -2.381
23.115 14.637 -2.620
20.846 9.791 0.024
16.863 15.950 0.446
12.305 19.281 3.414
7.917 20.932 8.113
4.978 21.425 14.272
7.352 22.297 20.710
12.391 23.080 25.292
18.328 26.114 25.954
24.056 28.578 23.297
27.129 32.901 19.544
26.367 38.903 16.960
8.590 39.232 19.991
10.620 38.407 13.847
14.927 35.430 9.456
20.153 30.650 9.178
24.413 26.488 12.204
24.623 21.483 16.667
21.922 16.623 20.361
17.587 12.054 20.002
12.048 8.706 18.016
37.131 5.122 7.580
34.497 1.223 2.893
31.228 0.651 -2.786
28.311 3.423 -7.981
27.816 8.623 -12.288
11.181 3.513 11.870
9.580 1.267 11.246
7.873 1.094 13.660
40.734 16.997 -4.666
34.681 18.664 -2.825
27.748 18.086 -2.618
22.448 14.102 -2.115
20.675 10.208 2.485
18.063 16.578 0.955
12.711 20.150 3.082
8.667 21.553 8.130
5.498 21.428 14.168
7.888 22.134 20.640
12.842 22.843 25.410
18.828 25.891 26.121
24.674 28.255 23.495
27.492 32.968 19.864
26.445 39.220 17.383
8.891 38.932 19.956
10.999 38.006 13.761
15.525 35.386 9.504
20.838 30.680 9.401
25.124 26.540 12.518
25.368 21.599 16.976
22.618 16.475 20.326
18.277 11.885 19.871
12.862 8.771 17.653
37.335 4.859 7.184
34.574 0.895 2.702
31.000 0.274 -2.858
27.785 3.111 -8.062
27.487 8.135 -12.398
9.931 4.323 12.093
8.811 1.342 11.240
9.457 0.238 13.688
33.562 3.873 4.797
30.868 0.591 -0.091
28.202 0.238 -5.938
26.396 2.581 -11.790
25.239 8.221 -15.971
8.118 38.261 25.786
7.052 39.273 19.222
9.795 38.608 13.058
13.967 35.608 9.233
19.958 32.888 8.385
23.240 26.942 10.851
22.282 21.043 13.972
18.860 16.590 17.068
14.043 12.184 16.352
9.006 9.790 13.186
39.559 12.170 -6.191
34.731 17.025 -6.258
28.111 17.746 -5.815
21.719 15.393 -6.395
18.348 12.453 -2.943
13.477 15.373 -5.563
9.807 19.733 -1.955
5.733 21.412 3.574
2.750 22.069 9.443
4.453 22.912 16.233
8.666 23.684 21.368
14.621 25.172 23.668
20.108 28.695 23.273
25.226 31.757 19.598
25.300 37.907 17.093
6.810 6.208 9.081
6.416 3.335 8.060
6.420 1.891 10.313
16.686 1.972 62.310
20.517 -1.782 58.334
25.026 -2.126 53.413
29.115 0.426 49.405
32.731 5.660 46.372
-1.918 37.353 39.496
4.273 35.874 40.143
9.291 32.891 43.000
11.038 28.306 48.128
8.826 23.771 52.701
4.732 18.594 53.686
0.589 13.865 51.456
-0.029 9.402 47.106
0.731 6.165 41.395
30.303 13.547 62.397
26.557 16.053 58.062
23.868 15.854 51.408
22.281 12.075 46.285
17.278 7.796 45.725
18.399 13.967 42.541
14.547 17.709 38.584
9.341 18.843 34.735
2.744 19.309 33.681
-2.928 20.030 37.500
-6.559 20.610 43.156
-6.137 23.290 49.389
-2.363 25.652 54.603
2.020 29.795 57.110
4.716 35.735 56.406
3.289 -40.972 -7.239
-0.042 -44.019 -2.510
-4.242 -44.129 2.499
-8.831 -41.442 6.344
-12.358 -35.438 8.507
23.673 -2.945 10.858
17.224 -4.405 10.121
12.391 -7.905 7.454
9.728 -12.210 2.894
11.191 -16.992 -1.934
15.052 -22.385 -2.366
19.569 -26.669 -0.408
21.319 -30.654 4.499
20.728 -32.616 10.684
-10.928 -30.850 -8.823
-8.464 -27.082 -4.665
-5.220 -26.262 1.272
-2.226 -28.483 7.337
2.856 -32.235 8.734
1.744 -27.919 14.115
6.250 -23.054 15.660
12.947 -20.854 16.959
19.423 -19.854 16.879
24.688 -19.137 12.339
27.398 -18.768 6.188
26.673 -17.086 -0.186
24.147 -12.845 -4.280
18.660 -9.434 -7.212
15.605 -3.956 -5.435
8.895 0.374 37.239
7.024 -1.877 37.686
4.378 -2.491 37.582
18.264 -36.079 14.713
17.714 -38.894 15.839
19.803 -40.475 14.956
9.626 33.449 75.200
12.600 29.798 70.073
15.117 29.557 63.934
18.747 32.809 59.405
22.301 37.847 57.327
25.729 43.610 58.383
31.012 45.653 62.325
33.492 46.611 68.839
35.890 42.511 73.484
38.228 36.415 75.392
41.798 31.158 74.102
46.132 27.720 69.907
48.591 26.148 63.791
52.430 29.616 58.732
55.278 35.250 56.370
58.569 40.706 57.908
62.146 43.966 62.374
63.529 46.415 68.664
67.963 44.406 73.753
76.166 37.329 58.368
72.629 32.135 60.665
70.175 28.803 65.563
65.740 28.871 70.453
61.959 32.590 75.019
57.312 37.084 74.613
55.583 43.596 72.577
52.026 45.045 66.917
50.227 43.909 60.564
46.362 40.938 56.898
41.670 35.659 56.645
38.588 29.678 58.407
34.796 27.889 63.727
32.503 28.369 70.200
29.707 33.112 74.376
27.285 39.039 75.697
22.813 43.400 73.727
20.113 48.322 69.789
15.469 47.559 64.992
30.969 59.089 111.195
30.195 56.431 104.766
32.458 54.181 98.921
36.457 50.807 95.594
42.212 46.976 95.846
46.621 43.127 98.851
46.932 38.375 103.617
45.494 36.378 110.137
39.763 33.823 112.941
33.533 31.106 112.370
29.382 27.449 109.348
28.149 23.021 104.491
29.351 19.911 98.584
34.647 16.461 95.994
40.754 13.757 96.021
44.986 10.530 100.275
45.866 7.188 105.719
45.143 5.629 112.570
41.469 0.770 114.676
41.256 -6.232 96.718
35.344 -2.915 97.766
30.589 0.345 101.391
28.044 3.465 106.801
30.002 7.396 111.935
34.192 12.269 113.481
41.141 13.823 114.379
44.867 17.231 109.739
46.625 18.864 103.369
45.140 22.614 98.176
40.364 26.873 95.387
34.332 30.035 94.559
30.217 33.917 98.496
28.006 36.567 104.274
30.726 39.508 109.854
36.003 42.204 113.105
41.320 45.723 113.006
46.712 49.155 110.683
48.121 53.606 106.216
57.732 -122.410 59.988
57.071 -115.745 58.219
56.068 -111.304 53.499
52.703 -110.133 48.097
49.061 -111.856 42.478
44.359 -116.055 40.122
38.707 -119.370 41.875
35.200 -123.684 46.113
32.830 -123.233 52.436
30.844 -119.588 57.734
28.657 -113.732 60.590
25.842 -108.023 58.995
24.376 -102.579 55.070
20.460 -101.904 49.280
17.318 -104.463 43.637
12.695 -109.302 42.221
8.152 -113.350 44.360
4.762 -117.719 48.452
0.078 -116.706 53.038
-2.420 -99.463 44.554
1.259 -97.848 50.006
4.161 -99.713 55.625
6.493 -104.244 60.207
8.790 -110.529 61.247
12.365 -115.145 58.312
12.751 -119.659 52.870
16.802 -118.895 47.509
19.721 -114.887 42.751
24.553 -110.781 41.323
29.733 -106.773 44.166
33.459 -104.010 49.111
36.987 -106.373 54.652
38.708 -111.434 58.959
40.154 -118.093 59.121
40.983 -123.944 55.889
43.651 -127.067 50.730
47.750 -127.703 45.731
53.027 -125.064 42.273
16.146 -35.189 -21.078
12.267 -33.957 -16.686
10.146 -30.407 -11.083
9.777 -24.943 -7.503
11.300 -18.432 -6.306
10.350 -12.251 -9.157
7.553 -8.726 -13.757
5.875 -7.492 -20.774
1.764 -9.562 -24.672
-4.092 -13.287 -25.955
-9.416 -17.060 -23.700
-14.063 -17.135 -18.731
-16.814 -15.029 -12.744
-18.324 -9.619 -9.314
-18.781 -3.208 -9.144
-16.960 3.182 -10.284
-19.040 7.815 -14.723
-21.703 9.747 -20.872
-26.938 8.375 -24.128
-34.411 7.483 -7.089
-34.830 1.653 -8.711
-33.684 -3.336 -12.702
-31.504 -5.386 -19.469
-27.716 -4.470 -24.469
-21.605 -2.693 -26.370
-15.437 0.459 -25.512
-10.655 0.650 -21.281
-8.851 1.054 -14.267
-7.799 -3.342 -9.641
-7.339 -10.311 -7.778
-7.317 -16.794 -8.974
-5.429 -21.351 -13.837
-2.831 -23.087 -19.735
2.257 -22.182 -23.565
8.456 -19.846 -25.067
13.914 -16.446 -23.834
18.290 -14.442 -19.433
21.765 -16.952 -13.846
-7.189 9.565 37.988
-2.501 6.211 34.301
-0.757 0.680 31.397
-0.923 -4.850 28.833
-3.404 -10.682 26.520
-8.140 -12.774 22.630
-13.431 -11.291 18.572
-18.749 -7.684 16.040
-18.719 -2.456 12.134
-17.563 3.910 9.828
-12.869 7.500 7.104
-7.689 7.417 3.567
-2.665 4.760 0.411
-0.946 -0.613 -3.276
-2.444 -5.523 -7.162
-20.239 -3.751 -4.870
-17.038 -9.167 -2.657
-11.673 -11.107 0.466
-6.013 -10.823 3.379
-2.664 -7.512 8.193
-0.581 -1.284 11.351
-2.380 4.707 14.308
-7.362 6.688 18.508
-13.026 5.672 22.097
-17.185 2.489 25.480
-19.961 -3.087 28.428
-18.631 -8.631 31.585
-14.424 -10.953 35.978
-8.847 -10.399 39.316
-3.711 -7.725 42.346
-16.051 8.109 -0.024
-19.373 3.711 3.873
-19.489 -2.009 6.851
-17.890 -7.635 9.098
-14.135 -12.556 11.128
-8.857 -13.639 14.579
-3.731 -11.115 18.302
0.560 -6.393 20.484
-0.098 -0.977 24.211
-2.539 4.889 26.662
-7.706 7.135 29.678
-12.988 6.078 33.537
-17.205 2.553 37.441
-16.940 -2.397 41.437
-14.054 -7.844 44.579
2.155 -0.859 41.739
0.380 -7.042 39.477
-4.531 -10.498 36.892
-10.450 -11.447 34.209
-14.467 -9.074 29.799
-18.302 -4.066 26.775
-17.743 1.577 23.332
-13.828 4.931 19.291
-8.186 5.261 15.397
-3.539 3.254 11.665
-0.175 -1.528 8.314
-0.490 -7.146 4.970
-4.430 -10.202 0.875
-10.295 -10.721 -2.121
-15.693 -9.118 -4.763
59.586 30.246 37.501
60.911 24.688 40.754
58.846 20.434 45.583
55.319 19.054 51.211
49.471 18.325 53.880
45.366 23.342 36.445
43.502 28.335 40.665
42.698 30.940 46.908
47.038 31.784 52.343
52.587 30.547 55.875
58.845 31.120 55.580
60.359 28.775 37.658
62.296 22.842 40.715
60.117 18.775 45.799
56.439 17.046 50.742
50.786 16.532 53.783
45.292 17.368 54.629
45.579 22.163 36.425
44.126 26.666 40.462
43.578 29.213 46.866
47.877 30.388 51.833
53.036 29.417 55.523
59.541 29.653 55.485
60.664 28.864 37.840
62.464 22.945 40.641
60.030 18.858 45.720
56.438 17.232 50.960
50.761 16.969 53.918
45.110 17.552 54.424
45.762 21.988 36.401
44.146 26.482 40.374
43.612 29.359 46.764
47.650 30.195 52.066
53.108 29.224 55.554
59.601 29.637 55.725
