15.675 6.378 -6.580
13.286 1.393 -2.406
14.058 -4.250 1.117
18.166 -8.464 4.678
23.563 -9.548 7.985
27.541 -7.461 12.830
31.424 -2.490 15.806
29.820 3.399 18.626
25.040 7.016 21.946
19.719 8.486 23.978
14.824 6.780 27.609
10.193 2.602 30.538
9.876 -1.642 35.292
12.152 -7.640 38.551
27.259 2.858 38.369
27.363 -3.297 36.207
24.173 -7.830 32.102
18.535 -10.593 29.140
14.395 -8.239 24.279
11.989 -3.714 19.932
12.344 1.748 15.929
16.106 6.646 12.912
21.855 8.889 10.707
27.330 7.323 6.939
32.304 2.959 4.755
32.167 -2.133 0.652
29.369 -6.045 -3.602
24.244 -9.564 -6.582
32.657 57.936 81.534
33.900 55.861 87.829
31.175 53.101 92.696
24.979 50.855 94.889
19.158 48.123 94.441
15.084 44.182 91.225
14.470 38.815 87.263
15.859 35.065 82.029
20.422 32.219 77.995
26.450 29.545 77.919
31.891 26.780 80.388
33.671 23.448 85.775
33.481 20.452 90.874
30.959 17.481 97.280
25.772 14.208 99.204
24.062 12.662 80.061
18.698 15.046 82.029
16.791 19.739 86.581
15.958 21.825 92.965
19.439 25.839 96.855
24.915 29.851 96.840
30.278 32.780 94.636
33.470 35.911 90.268
33.157 39.479 84.819
29.670 42.268 80.286
24.565 43.328 75.913
19.445 47.594 76.525
14.992 51.053 79.749
14.244 54.440 85.876
17.320 57.422 91.321
-4.646 -13.230 85.257
-5.909 -10.176 91.238
-4.131 -6.325 95.797
1.090 -1.781 97.017
6.819 1.389 96.790
10.062 5.441 93.113
10.360 9.751 87.927
8.486 12.463 82.209
3.754 13.993 77.639
-2.640 15.368 76.388
-8.302 18.055 78.155
-10.774 22.111 82.931
-11.401 26.032 87.251
-9.493 29.364 93.687
-5.117 33.889 94.900
-2.389 34.784 76.532
2.490 32.037 78.820
4.971 28.064 83.362
6.008 27.080 90.148
2.893 23.534 94.690
-2.068 18.802 95.385
-6.596 14.785 93.685
-9.440 10.581 89.457
-8.269 6.462 84.539
-4.041 3.090 81.316
1.502 1.940 77.804
6.993 -1.156 79.334
12.162 -2.994 82.918
13.048 -5.367 89.520
10.757 -8.326 94.876
-52.019 77.275 -12.117
-47.973 80.674 -16.448
-46.543 86.306 -19.211
-45.872 92.757 -19.921
-45.373 98.643 -16.510
-45.611 103.056 -11.676
-44.485 104.365 -5.027
-41.429 101.814 0.489
-38.442 97.091 4.238
-34.092 92.430 4.991
-27.703 90.852 4.167
-21.717 91.609 1.115
-17.596 96.363 -0.987
-17.347 102.627 -3.902
-20.435 108.640 -5.815
-23.570 113.573 -2.268
-27.001 115.973 3.690
-26.245 117.326 10.388
-24.060 117.703 17.065
-18.208 120.039 19.416
-12.606 123.133 18.803
-9.176 127.388 15.186
-18.712 127.128 -0.140
-12.902 124.602 0.188
-9.380 119.575 3.110
-8.157 115.114 7.381
-10.536 110.551 11.808
-15.404 106.659 13.326
-22.636 106.192 13.886
-28.469 107.719 10.955
-30.894 108.316 4.848
-30.559 108.633 -2.143
-29.118 104.934 -7.144
-26.654 100.195 -11.674
-27.251 93.458 -11.788
-31.341 88.529 -10.445
-35.594 86.879 -5.327
-39.915 87.688 0.006
-45.503 90.531 1.908
-51.371 92.982 -0.455
-55.099 95.642 -4.552
-57.853 97.786 -10.277
-58.774 94.922 -16.272
-59.752 90.659 -20.586
30.844 39.513 -5.070
25.909 39.516 -0.464
21.395 36.550 3.581
20.577 32.487 7.769
19.975 28.909 12.823
21.986 24.635 17.394
25.607 20.514 21.370
31.446 21.096 24.633
37.628 24.132 26.274
40.183 29.819 29.023
38.301 34.960 32.879
33.703 38.156 36.236
28.288 39.530 39.511
23.598 37.338 43.707
19.323 33.484 46.537
17.995 28.789 50.810
20.222 26.322 56.126
20.398 27.705 62.526
29.225 9.508 79.579
31.377 13.457 74.208
30.623 19.084 71.494
30.913 25.600 72.228
32.372 30.908 75.945
32.288 34.928 77.284
36.066 36.972 83.546
39.802 36.146 89.295
44.046 32.068 91.961
49.660 28.591 89.955
53.045 24.773 85.785
58.078 26.488 82.068
60.181 29.096 75.784
61.310 35.085 73.426
60.274 41.792 72.410
62.542 47.139 75.835
64.567 50.957 80.340
69.193 50.038 85.895
73.498 47.536 88.926
78.375 43.084 89.883
80.345 47.713 70.145
79.569 42.565 71.459
77.174 36.916 75.976
75.997 34.459 82.284
71.890 36.034 87.287
67.403 38.886 90.291
61.057 42.014 90.133
55.993 44.684 87.616
52.049 43.546 82.710
49.960 41.160 77.260
48.659 36.174 73.434
48.883 29.343 72.108
48.189 23.740 75.960
46.129 20.729 80.970
41.370 20.623 87.018
38.410 24.413 91.740
30.952 26.107 91.582
26.354 28.100 90.172
22.402 26.657 83.931
18.812 25.541 80.272
29.208 9.515 79.577
31.362 13.443 74.195
30.615 19.073 71.493
30.919 25.609 72.220
32.381 30.914 75.978
32.296 34.909 77.290
36.045 36.971 83.542
39.805 36.148 89.278
44.037 32.053 91.967
49.654 28.588 89.954
53.044 24.781 85.777
58.087 26.489 82.075
60.173 29.097 75.779
61.305 35.083 73.438
60.266 41.791 72.417
62.560 47.140 75.829
64.581 50.959 80.337
69.207 50.028 85.879
73.491 47.515 88.918
78.375 43.076 89.876
80.351 47.707 70.141
79.589 42.585 71.456
77.172 36.917 75.966
76.000 34.468 82.276
71.896 36.052 87.285
67.418 38.894 90.278
61.051 42.020 90.129
56.002 44.694 87.611
52.046 43.531 82.710
49.956 41.161 77.256
48.676 36.167 73.435
48.877 29.331 72.113
48.188 23.733 75.940
46.133 20.741 80.950
41.380 20.632 87.018
38.408 24.415 91.751
30.936 26.072 91.580
26.351 28.081 90.184
22.423 26.665 83.916
18.819 25.523 80.265
21.834 18.856 13.389
17.227 19.000 18.149
11.656 16.805 22.154
11.851 11.818 26.670
15.688 6.741 28.418
21.690 3.080 29.179
26.679 4.154 33.656
31.741 6.711 36.560
33.826 11.392 40.795
34.166 17.667 43.333
34.653 17.829 36.851
17.552 9.849 46.459
16.134 16.128 44.518
18.886 21.414 41.348
23.037 22.896 36.707
27.901 21.008 32.353
32.485 16.559 29.633
30.907 12.539 24.432
28.567 6.780 21.719
23.433 3.745 19.133
16.907 1.566 18.509
12.319 4.296 14.037
22.768 9.382 -26.770
18.609 13.983 -23.717
13.801 14.299 -18.941
10.983 11.159 -13.788
10.217 5.296 -9.914
12.707 -0.507 -7.187
17.132 -0.571 -2.116
23.678 -0.239 0.284
27.526 4.408 2.842
30.943 9.795 3.736
30.901 15.127 6.422
12.931 13.360 7.079
14.836 17.937 2.168
19.159 19.346 -2.882
23.829 16.549 -6.667
27.247 11.036 -8.891
29.124 4.289 -8.285
26.042 -0.030 -12.509
20.762 -4.235 -13.989
15.013 -3.807 -17.203
9.613 -0.880 -19.696
6.138 2.813 -22.683
-6.323 -13.668 41.906
-1.670 -16.718 45.736
2.921 -15.191 49.786
4.731 -10.782 53.830
4.830 -4.485 54.373
2.243 1.964 55.311
-2.468 4.007 59.531
-8.931 4.575 61.614
-13.999 1.742 64.408
-16.994 -4.095 66.722
-15.964 -10.628 68.447
-0.041 -6.209 72.740
-1.647 -12.230 69.514
-6.133 -14.085 65.640
-10.952 -13.070 61.266
-13.802 -7.726 58.091
-14.346 -1.984 55.041
-10.592 0.284 49.857
-4.733 3.016 47.062
1.292 2.020 45.316
6.741 -1.067 43.560
9.795 -6.348 41.248
21.803 18.931 13.302
17.403 18.918 18.412
11.782 16.538 22.352
11.784 11.187 26.701
15.757 6.416 28.927
21.588 2.754 29.463
26.861 3.937 33.591
32.305 7.218 35.733
35.199 12.782 38.100
17.526 16.945 45.251
19.379 19.874 40.335
22.625 22.598 35.689
28.318 20.730 32.316
32.381 16.175 29.476
30.869 12.354 24.217
28.273 6.798 21.611
23.037 2.439 20.295
16.829 1.464 18.505
12.447 4.182 14.061
22.900 9.937 -25.777
19.136 13.808 -21.854
13.643 13.749 -18.098
9.474 10.228 -13.956
9.552 4.615 -10.308
12.472 -0.622 -7.173
17.026 -0.777 -2.271
23.660 -0.174 -0.020
28.511 3.748 1.474
31.240 9.491 3.449
32.399 16.097 4.043
15.304 15.057 7.038
16.521 19.339 2.446
19.578 18.791 -3.319
24.879 16.430 -6.809
28.003 10.677 -7.877
28.959 4.034 -8.148
25.863 -0.318 -12.250
20.234 -4.141 -13.886
13.944 -3.925 -16.003
8.888 -0.836 -19.540
6.326 4.220 -23.137
18.248 20.903 12.784
15.670 19.863 18.919
11.249 16.136 22.699
11.973 11.050 26.570
15.989 6.473 29.605
21.754 2.710 29.515
27.072 4.026 33.785
32.700 7.392 35.672
33.906 12.808 39.426
18.165 14.809 44.348
18.328 20.561 39.864
22.640 22.540 35.613
28.456 20.452 32.670
32.560 16.180 29.515
31.077 12.304 24.316
28.986 6.786 21.529
23.834 3.558 18.976
18.374 2.437 16.689
12.750 5.086 13.519
23.316 10.357 -25.612
18.599 14.601 -22.489
13.730 14.511 -18.059
10.555 10.544 -13.737
10.374 4.859 -10.077
13.083 -0.663 -7.334
17.260 -0.630 -2.148
23.668 -0.309 0.708
27.633 4.309 3.046
30.116 10.457 4.334
29.465 16.267 6.249
12.347 13.325 6.288
13.743 17.912 0.933
19.279 19.312 -2.741
24.398 16.604 -5.759
27.745 11.167 -7.578
29.399 4.503 -7.651
26.419 0.268 -11.965
21.156 -3.774 -13.718
15.195 -3.327 -16.946
9.938 -0.056 -19.147
-7.539 -35.109 -9.532
-11.257 -28.744 -8.318
-14.456 -24.738 -3.440
-12.659 -21.544 2.265
-9.276 -20.736 8.174
-3.922 -17.215 9.389
1.751 -13.460 7.759
6.131 -10.509 4.344
7.040 -6.429 -0.831
4.492 -2.198 -4.862
-0.193 1.777 -8.058
-5.225 4.917 -7.529
-10.901 7.717 -4.647
-13.433 9.734 0.732
-12.470 11.443 7.020
-8.445 12.761 12.193
-2.453 14.736 14.283
-3.630 24.510 -1.094
1.183 19.296 -2.607
4.726 14.324 0.262
5.119 9.492 4.579
2.328 5.556 8.892
-3.611 2.597 10.763
-9.356 0.198 9.691
-12.755 -2.448 4.222
-13.229 -5.276 -1.974
-10.726 -8.245 -6.967
-5.741 -12.006 -9.494
0.561 -14.622 -9.949
4.557 -18.275 -6.876
5.535 -23.175 -2.270
3.964 -27.023 2.865
-0.458 -30.338 6.681
-6.442 -32.885 7.902
-3.369 -34.478 -9.425
-7.200 -28.456 -6.970
-9.405 -25.119 -1.157
-6.390 -21.668 3.875
-1.539 -20.633 8.630
3.467 -16.370 8.545
8.276 -12.185 5.488
11.046 -8.651 1.227
10.000 -4.405 -3.825
6.125 -0.464 -6.919
0.369 2.997 -8.470
-4.654 5.523 -6.622
-9.635 7.726 -2.066
-10.665 9.284 3.984
8.062 11.150 2.471
7.086 6.873 7.295
2.261 3.210 10.584
-3.383 0.268 11.066
-7.767 -2.786 6.689
-9.543 -5.562 0.711
-8.348 -8.077 -4.916
-3.986 -11.186 -8.913
2.235 -13.037 -11.282
7.164 -16.689 -9.448
10.013 -21.233 -5.531
10.467 -25.207 -0.349
7.496 -29.054 4.414
2.418 -32.333 7.160
