41.113 26.544 60.927
36.172 32.099 59.148
33.872 36.472 54.343
33.130 37.692 47.877
32.058 34.857 42.025
28.486 30.321 38.748
26.761 24.001 37.078
21.752 28.414 38.099
14.170 30.123 37.851
9.560 31.369 42.646
7.590 35.190 47.610
8.012 40.511 51.576
10.291 46.875 52.926
11.712 52.128 49.955
9.122 46.638 33.697
15.576 46.845 35.892
19.717 47.456 40.884
22.421 45.864 47.695
21.979 40.439 51.938
19.535 35.037 54.746
17.616 29.585 53.915
21.694 23.230 55.007
26.428 19.760 52.591
32.320 18.684 49.418
36.699 20.029 44.076
39.749 25.336 41.855
43.052 31.235 42.911
45.285 35.910 46.866
40.534 16.960 -3.811
34.244 18.508 -2.559
27.302 17.656 -2.789
22.294 13.471 -2.093
20.197 10.152 2.478
17.826 16.513 0.503
12.787 19.947 3.493
8.302 21.210 8.401
5.257 21.167 14.489
7.553 21.962 20.910
12.650 22.812 25.419
18.682 25.942 25.817
24.490 28.322 23.199
27.366 32.929 19.274
25.939 39.175 17.164
8.466 38.194 19.594
10.823 36.789 13.638
15.571 34.933 9.107
20.440 30.097 9.128
24.645 25.809 12.009
24.909 20.948 16.610
22.188 16.048 20.431
17.720 11.494 20.104
12.241 8.610 18.166
10.624 5.971 11.758
37.185 4.299 7.999
34.855 0.527 3.191
31.600 -0.246 -2.444
28.460 2.428 -7.734
28.450 7.611 -12.216
8.250 0.386 14.648
40.565 17.043 -4.357
34.559 18.624 -2.934
27.395 18.034 -2.744
22.239 14.102 -1.936
20.235 10.862 2.500
17.551 16.783 0.250
12.683 20.544 3.356
8.403 21.682 8.273
5.317 21.629 14.262
7.731 22.311 20.658
12.757 22.932 25.306
18.588 26.147 25.957
24.500 28.731 23.447
27.318 33.350 19.800
26.266 39.559 17.465
8.674 38.628 19.762
10.742 37.114 13.798
15.469 35.337 9.304
20.744 30.595 9.219
24.970 26.478 12.358
25.162 21.481 16.503
22.528 16.488 20.007
18.139 11.884 19.739
12.569 8.802 17.476
10.832 6.298 10.972
37.178 4.623 7.514
34.644 0.893 2.934
31.194 0.263 -2.733
27.873 2.957 -7.836
28.076 7.901 -12.462
8.379 0.788 13.986
