144.705 7.287 34.592
141.637 12.202 38.671
135.970 14.250 41.846
131.465 10.895 45.713
130.737 11.149 44.874
127.133 5.195 46.428
127.531 -0.708 49.145
128.910 -3.470 54.880
133.963 -5.935 59.184
138.880 -2.780 62.365
143.533 1.149 63.066
142.810 2.300 64.559
143.463 1.266 63.350
148.225 -1.809 66.992
142.790 8.119 67.814
31.408 5.853 55.582
36.383 8.696 59.017
41.890 9.145 61.919
48.001 9.204 60.560
53.360 9.681 57.080
56.664 10.991 51.311
55.362 14.652 45.853
51.403 19.024 42.947
47.002 24.008 43.002
45.099 29.564 46.458
43.984 33.343 52.268
46.517 35.872 57.701
51.789 38.390 60.666
62.820 31.592 48.941
61.616 27.632 54.328
58.249 26.061 60.310
51.946 25.541 61.935
45.875 24.260 60.073
40.335 23.307 56.063
39.021 20.236 50.101
40.785 16.241 44.953
44.262 11.456 42.278
46.500 5.310 43.004
47.729 0.130 47.680
48.776 -2.363 53.829
45.234 -3.934 59.408
41.717 -17.429 87.577
41.400 -12.467 82.813
37.539 -8.918 78.432
34.261 -3.239 80.124
29.739 0.608 82.853
28.029 4.182 87.961
30.675 6.503 93.845
35.968 7.239 97.683
42.663 8.017 98.509
48.350 10.498 95.721
52.593 12.129 90.361
53.324 15.079 84.572
51.999 20.617 81.382
37.648 24.504 91.662
36.637 20.614 86.445
38.172 17.120 80.618
42.414 12.041 79.372
45.800 7.095 81.677
48.877 2.889 86.215
47.207 -0.148 92.098
42.507 -1.626 96.793
36.390 -2.687 98.711
30.234 -4.707 97.245
26.191 -6.999 92.759
24.555 -8.948 86.584
-20.582 -10.537 14.915
-18.745 -5.972 18.673
-18.904 -3.946 25.276
-23.153 -2.884 31.004
-28.935 -4.758 34.660
-32.261 -9.570 37.464
-20.216 -19.966 31.571
-25.093 -22.011 27.943
-31.192 -19.802 24.740
-36.053 -13.934 25.664
-36.823 -7.721 26.962
-36.509 -3.493 22.120
-35.794 -2.082 16.551
-53.033 49.907 17.189
-56.039 52.264 14.414
-61.108 50.483 9.617
-61.167 44.042 7.644
-57.632 44.900 1.930
-56.672 42.366 -4.377
-57.189 36.981 -8.558
-74.428 42.593 -3.239
-73.455 38.778 1.531
-69.817 32.649 3.220
-65.001 27.246 1.291
-59.565 26.569 3.522
-54.333 27.326 6.465
206.410 274.710 343.913
210.239 269.738 341.761
213.450 266.208 336.570
216.416 268.122 330.779
219.304 272.042 326.331
222.442 277.203 324.177
225.394 282.231 327.542
228.735 285.221 330.399
232.006 286.211 336.894
236.119 282.409 340.377
240.234 277.870 341.907
243.762 272.260 339.247
246.907 268.525 334.993
250.719 267.809 328.793
253.043 270.928 322.751
256.998 275.757 320.502
261.149 280.399 320.821
267.109 280.983 322.978
270.568 276.189 322.252
275.394 272.914 323.033
277.122 268.960 320.432
277.084 263.812 317.812
274.943 259.909 313.437
270.912 256.181 310.040
265.497 257.408 305.836
261.199 262.175 302.392
257.443 267.602 301.473
258.801 274.369 300.413
263.433 278.923 296.506
269.143 280.601 293.716
272.830 278.850 288.698
273.619 273.601 283.915
274.534 268.295 280.446
269.223 264.145 278.177
265.009 264.026 275.491
260.159 265.792 271.847
254.666 268.615 270.241
253.023 273.592 266.072
255.439 279.350 262.992
260.570 283.420 259.877
265.899 282.012 255.878
268.839 277.519 251.717
268.508 272.024 247.878
264.737 267.629 244.488
258.901 266.225 241.560
253.297 268.381 238.661
249.681 273.417 236.099
249.558 279.350 233.228
252.585 284.075 229.710
257.731 286.131 225.953
263.026 284.520 222.105
265.984 280.089 218.093
265.505 274.544 214.349
261.747 270.327 210.849
255.849 268.721 208.133
250.772 270.789 204.399
247.661 275.594 200.690
248.207 281.410 197.321
252.099 285.858 194.128
258.040 287.549 191.495
263.907 285.592 188.921
267.613 280.760 186.088
267.922 274.875 182.875
264.929 270.334 178.999
259.713 268.628 175.051
254.850 270.747 170.908
252.084 276.468 168.832
251.946 280.285 165.070
254.828 284.894 161.628
258.573 285.645 157.751
264.856 285.203 155.710
268.649 280.667 152.572
269.123 274.870 149.313
266.191 270.110 145.735
261.111 267.912 142.201
255.817 269.317 138.472
252.540 273.680 134.698
252.346 279.299 131.298
255.648 284.011 128.013
261.159 285.989 124.914
266.852 284.449 121.895
270.628 279.957 118.821
271.119 274.202 115.576
268.219 269.356 112.114
263.106 267.248 108.466
263.707 285.550 105.229
257.416 284.083 107.441
253.741 279.610 110.711
253.430 273.943 114.216
256.485 269.414 117.985
261.607 267.462 121.591
266.882 269.134 125.238
270.131 273.786 128.755
270.073 279.549 132.023
266.648 284.302 135.115
261.104 286.168 138.247
255.432 284.694 141.215
251.865 280.229 144.588
251.433 274.605 147.950
254.460 269.986 151.607
259.609 268.281 155.460
264.807 269.970 159.130
268.197 275.164 161.410
269.036 278.894 165.251
267.266 283.551 169.505
262.305 286.965 171.981
256.116 286.221 174.556
251.523 282.277 177.377
250.116 276.759 180.760
252.143 271.677 184.568
256.781 269.010 188.552
261.890 269.909 192.703
265.419 273.899 196.652
265.955 279.587 200.120
262.917 284.929 202.829
257.438 287.556 205.583
252.276 286.374 209.910
248.339 282.130 213.375
247.710 276.164 216.418
250.599 270.751 219.058
255.967 267.947 221.723
261.861 268.601 224.738
266.269 272.338 228.102
267.473 277.810 231.807
265.199 282.569 235.748
260.508 284.868 239.859
255.019 283.816 243.610
251.179 279.372 246.916
250.615 273.520 249.992
253.519 268.119 252.787
259.073 265.241 255.194
264.884 266.103 258.461
268.948 271.757 261.707
269.035 278.895 264.822
265.003 283.085 269.756
259.756 282.925 273.829
256.188 279.704 277.856
255.695 274.184 281.531
254.788 268.169 284.114
258.972 264.037 286.720
265.238 262.439 288.803
272.431 262.822 289.557
275.813 266.424 293.904
275.587 272.599 298.169
272.933 274.687 303.618
268.400 276.004 308.172
262.592 273.809 311.509
259.894 268.823 314.378
259.406 265.056 317.798
260.395 260.033 323.207
263.029 261.693 328.738
263.908 263.512 334.138
264.512 269.432 336.678
263.923 274.265 338.308
260.083 278.995 337.192
255.153 283.273 335.920
251.989 286.066 330.048
248.882 284.690 326.595
245.238 281.223 321.140
241.533 275.798 321.556
238.926 270.786 324.822
236.795 266.907 328.902
235.375 267.786 335.825
231.587 270.991 340.026
228.093 276.667 342.620
224.019 281.781 341.263
220.224 284.786 336.840
215.989 284.611 331.410
212.289 280.997 327.152
209.107 275.084 325.935
-2.249 1.954 -19.513
-0.982 8.011 -20.277
3.674 12.728 -23.521
8.861 16.309 -23.594
7.940 14.347 -17.840
13.913 14.367 -17.177
19.151 11.002 -20.444
23.015 6.323 -20.867
19.778 5.613 -14.982
21.099 -0.923 -15.427
16.164 -5.301 -17.098
11.139 -8.960 -18.679
6.205 -7.097 -21.527
2.174 -3.080 -25.500
-0.180 2.890 -28.002
2.635 8.830 -30.304
9.138 10.763 -31.923
15.438 10.002 -30.360
19.190 5.898 -27.431
19.740 1.511 -22.879
17.904 -3.564 -24.169
1.029 -5.157 -14.936
6.012 -8.397 -13.979
10.727 -8.486 -8.227
15.917 -6.505 -5.194
16.125 -4.932 -11.273
19.270 -0.203 -9.398
18.140 5.393 -5.447
15.985 10.995 -4.180
16.076 10.556 -10.454
11.364 14.904 -11.487
4.901 12.481 -12.219
-0.626 11.174 -14.320
-2.813 5.756 -12.775
-3.209 -0.641 -10.343
-1.000 -6.449 -7.721
3.904 -8.305 -2.940
7.606 -4.849 1.335
12.071 0.192 0.149
11.853 6.164 -0.627
9.825 10.782 -4.598
4.403 11.940 -5.182
22.850 32.595 20.485
25.872 27.401 18.680
24.932 20.992 16.982
21.172 15.107 15.921
14.813 13.160 14.330
8.645 14.843 12.033
5.449 18.903 7.695
5.688 23.669 2.790
9.055 27.487 -1.411
13.282 27.424 -6.475
19.492 25.745 -8.739
12.523 9.177 -6.828
18.384 10.379 -3.767
21.990 15.008 -0.901
23.474 21.678 0.863
20.173 27.595 1.707
15.140 30.351 4.910
9.691 29.236 9.018
6.446 25.420 13.529
7.188 21.240 18.661
10.179 19.720 24.313
15.227 18.421 28.459
145.081 6.176 34.554
141.816 11.073 38.520
136.240 13.258 41.642
131.883 10.199 45.818
131.295 10.363 45.162
127.452 4.658 46.694
127.899 -1.499 49.012
129.381 -4.255 54.831
134.454 -6.716 58.993
139.114 -3.836 62.389
144.377 -0.095 62.947
148.823 -2.631 67.239
19.973 20.119 13.479
16.591 19.036 18.729
11.429 16.648 22.668
11.746 11.761 27.339
15.471 6.521 29.946
21.116 2.642 30.406
26.278 3.892 34.607
32.032 7.082 36.718
33.415 12.685 39.538
32.240 18.658 42.832
16.577 10.132 47.280
15.286 15.890 45.106
17.026 20.531 40.430
21.580 21.746 35.828
27.766 20.510 32.888
32.016 16.242 30.088
30.666 12.138 24.884
28.229 6.146 22.063
22.877 2.946 20.392
16.381 1.527 19.174
11.650 4.430 14.906
21.031 9.591 -27.361
17.064 14.230 -23.127
12.432 14.173 -18.057
10.219 10.726 -12.955
9.205 4.795 -9.258
11.705 -0.632 -6.398
16.360 -0.881 -1.698
23.013 -0.718 0.535
27.452 3.928 1.764
29.508 10.085 2.730
30.480 14.812 4.830
11.507 12.923 6.550
13.128 17.243 1.242
18.047 18.872 -2.981
22.515 15.801 -6.473
27.156 10.704 -7.554
28.189 4.121 -8.405
25.077 -0.240 -12.244
19.819 -4.521 -14.016
13.841 -3.665 -16.229
8.227 -0.300 -18.106
5.828 4.253 -22.945
8.667 6.941 0.504
5.596 10.913 4.849
-0.210 12.517 8.332
-5.728 9.479 10.852
-5.724 9.461 10.854
-9.154 3.516 12.089
-9.116 3.511 12.232
-8.747 -2.712 14.603
-8.393 -2.528 14.612
-6.749 -5.306 20.433
-1.663 -7.634 24.708
2.866 -4.311 28.279
7.268 0.021 30.157
9.018 6.594 0.545
5.825 11.615 4.548
-0.028 13.575 7.723
-4.618 10.321 11.467
-8.798 4.558 12.477
-8.326 -1.279 15.173
-6.866 -4.016 20.927
-1.727 -6.613 25.121
3.501 -3.474 28.084
7.888 0.978 29.115
99.072 133.342 265.291
104.416 131.495 268.843
110.572 128.624 267.437
114.128 123.352 264.276
114.032 118.511 259.058
113.350 117.848 252.289
112.448 119.642 246.552
113.170 121.719 241.702
116.439 127.045 237.763
121.465 131.301 238.897
127.655 131.205 239.466
134.199 129.180 239.382
137.526 125.114 238.389
139.901 118.385 237.200
137.907 114.271 232.649
135.032 112.186 226.238
132.675 112.808 220.178
132.246 116.203 214.451
132.890 122.508 211.006
136.367 128.648 210.982
143.126 130.938 211.402
149.099 129.740 209.689
154.790 126.511 207.921
156.944 120.277 205.176
154.372 114.898 201.173
152.149 116.784 194.303
150.668 120.064 189.576
147.104 124.321 185.103
146.566 130.847 183.348
150.304 136.499 181.609
155.644 138.739 177.941
161.869 137.732 176.099
166.394 134.339 173.026
168.531 128.293 169.470
166.354 122.660 166.598
163.811 121.472 161.277
159.919 121.441 156.457
157.564 123.913 151.808
158.716 126.217 146.169
159.096 132.882 142.993
162.947 137.367 142.709
168.226 141.014 144.471
174.703 140.937 146.603
180.318 136.399 146.900
183.513 131.192 144.840
184.775 126.533 140.453
188.374 127.637 134.382
190.762 131.683 130.254
192.255 137.008 125.533
193.932 144.106 125.952
194.369 149.706 128.671
196.152 153.093 133.999
196.721 153.252 140.874
201.437 150.895 144.418
206.943 147.098 145.739
212.615 146.163 143.082
217.702 148.483 138.684
220.637 153.937 137.610
221.867 160.270 138.090
220.132 166.546 137.340
218.117 171.098 141.756
212.891 171.917 146.703
211.826 170.286 152.833
214.396 169.039 158.787
219.812 166.923 162.186
224.646 170.365 164.972
230.013 174.102 165.168
232.630 179.740 165.891
232.118 186.186 167.371
228.813 192.207 167.573
222.019 194.356 167.625
216.289 194.251 170.155
210.896 190.504 171.156
209.778 184.801 174.927
210.594 181.598 180.952
213.211 181.254 186.911
215.539 184.231 192.641
214.512 189.206 196.749
210.988 193.984 199.549
205.554 197.792 200.351
199.547 200.492 198.876
193.847 200.023 195.241
189.881 195.641 192.486
187.378 189.193 192.566
187.420 182.900 195.272
185.203 180.290 200.661
183.105 180.844 206.924
179.890 184.985 211.265
174.222 187.940 212.185
168.487 189.466 210.923
163.553 192.256 206.363
160.112 190.899 200.883
159.421 187.903 195.449
161.587 182.517 191.936
159.753 175.162 193.212
159.681 170.025 198.207
154.188 167.396 201.439
148.190 167.856 203.447
141.838 168.672 201.965
137.310 171.846 197.633
136.222 174.915 191.343
138.035 174.316 184.423
142.485 172.508 179.685
145.720 167.847 176.878
148.786 162.017 177.441
146.997 155.963 176.496
143.292 151.153 174.052
138.642 149.505 170.313
134.188 150.069 165.782
131.753 153.905 160.438
133.370 156.907 155.032
136.047 159.711 149.836
141.690 162.994 147.692
147.978 164.802 149.400
153.636 161.233 149.451
157.521 155.858 149.538
158.604 150.526 145.471
157.537 146.608 140.462
154.919 145.213 134.657
155.680 147.670 128.453
157.089 151.324 123.897
159.825 157.538 121.090
163.149 163.308 122.766
166.977 167.276 126.824
172.597 166.731 129.877
178.746 164.177 130.982
182.682 158.151 131.091
185.823 155.391 125.685
187.990 156.813 119.380
190.469 161.363 114.774
192.211 166.817 112.469
192.501 173.638 114.162
192.313 178.982 117.810
191.975 182.107 123.804
191.693 180.303 130.580
196.724 178.888 134.769
202.721 176.326 136.260
209.663 176.231 133.478
213.635 180.617 131.434
215.352 187.239 132.134
214.685 193.193 134.850
212.203 198.683 136.594
205.782 201.292 138.959
201.328 200.880 143.968
199.225 197.948 149.650
202.956 195.984 155.039
208.070 196.036 159.248
212.883 199.330 162.160
216.439 204.715 163.593
216.204 211.203 164.630
211.986 217.233 164.819
206.697 219.559 167.507
200.772 219.813 170.613
195.225 216.484 172.594
193.234 210.990 175.870
192.515 207.789 180.758
195.184 205.134 186.407
199.329 207.315 191.556
203.157 211.992 194.315
192.661 224.795 187.644
199.789 224.348 184.780
205.060 220.287 183.711
208.231 214.204 183.892
208.422 208.300 180.846
205.778 203.961 177.614
202.019 201.890 173.146
198.734 203.029 167.865
196.344 208.431 163.727
200.547 212.166 159.203
204.288 214.398 155.734
208.724 214.104 152.295
214.071 210.368 149.263
217.234 205.634 148.583
218.094 198.879 147.918
215.442 192.555 148.522
210.362 188.299 148.082
203.309 188.948 146.602
198.742 191.760 141.532
198.924 193.102 135.191
201.217 193.518 129.431
203.898 190.133 124.240
206.895 185.470 121.485
207.335 179.197 120.576
206.067 172.562 123.131
201.919 167.853 126.496
196.849 168.586 130.873
190.793 172.424 130.758
185.352 173.957 126.739
182.411 174.825 120.982
180.433 171.445 115.248
178.121 165.468 113.082
175.686 159.667 113.810
174.174 153.909 117.132
172.764 150.176 121.745
171.467 149.151 128.150
170.690 152.761 134.092
169.121 158.630 137.080
163.397 161.883 137.889
157.632 164.193 135.842
152.092 162.940 132.653
147.341 158.372 132.133
144.104 153.495 134.973
142.426 149.771 140.614
143.561 146.939 146.604
146.046 147.819 153.002
150.061 151.368 156.871
150.713 157.301 159.875
148.524 163.031 161.281
143.521 166.957 162.025
138.215 167.290 165.007
133.306 166.104 168.265
130.005 163.211 172.345
130.009 157.833 177.418
131.866 159.080 183.595
137.499 155.146 185.545
142.492 157.630 189.367
148.826 160.804 188.553
150.566 166.509 184.955
147.750 172.888 183.042
147.402 177.924 187.003
147.597 181.431 191.607
146.667 183.513 197.730
149.048 183.804 203.918
153.470 181.950 208.099
158.529 177.691 208.996
163.931 174.721 205.237
168.343 175.346 200.838
170.490 179.299 195.799
171.027 185.518 193.212
172.893 191.877 195.039
174.545 196.717 199.265
178.950 197.980 204.231
183.565 196.570 208.358
189.372 194.181 209.274
194.651 189.379 208.809
197.998 185.758 204.506
199.270 184.216 198.460
199.492 184.091 192.202
198.886 188.004 186.950
200.271 194.619 184.014
204.504 199.888 184.854
211.517 200.679 185.888
217.439 199.272 187.308
222.639 195.110 187.005
224.948 188.583 185.464
223.289 182.606 182.885
220.079 178.709 178.468
217.377 177.575 172.283
212.913 180.772 167.774
214.499 185.140 162.593
217.416 187.587 158.241
223.304 186.521 154.768
226.607 181.457 151.292
231.032 176.758 151.341
230.249 170.378 150.189
228.358 164.518 150.465
223.705 160.189 152.598
216.945 159.824 154.404
211.214 160.830 150.513
207.812 165.204 146.401
207.261 164.920 139.784
209.639 163.240 133.945
210.545 158.213 129.897
209.767 152.141 127.641
208.610 144.960 129.065
205.772 140.226 132.798
202.537 138.362 137.564
198.592 140.938 143.054
192.083 142.769 143.344
186.944 146.204 140.769
183.285 147.688 134.932
180.020 143.851 130.888
177.149 138.035 128.400
174.846 132.088 130.319
172.683 127.319 134.092
171.816 124.558 139.465
172.293 124.710 146.692
173.952 128.311 152.249
173.768 134.824 155.308
168.531 138.638 157.353
162.587 141.246 157.932
155.416 140.134 157.274
151.397 135.442 158.650
150.953 129.410 161.169
153.812 124.364 164.532
154.480 122.068 170.118
157.936 120.151 175.972
162.361 122.524 181.133
163.753 127.220 185.497
161.774 132.679 189.174
157.305 137.176 191.657
150.927 136.842 194.186
145.327 132.522 191.973
143.584 126.401 194.195
141.817 120.524 197.278
142.391 115.224 201.459
144.909 112.763 207.300
147.978 114.329 213.753
148.709 119.349 217.966
146.726 125.007 221.405
141.649 129.384 223.155
134.715 130.895 222.182
128.155 128.649 223.624
123.912 123.368 226.346
123.597 117.468 228.696
123.084 115.500 234.443
125.362 112.459 240.740
128.965 114.375 246.146
130.149 119.558 250.550
128.556 125.760 252.521
123.853 130.868 251.850
120.619 134.156 252.312
114.438 136.426 253.132
108.669 134.725 251.620
103.592 129.531 250.263
101.613 124.134 252.207
100.493 118.415 256.614
101.092 115.707 262.627
111.025 150.968 176.961
113.569 152.023 176.420
95.675 -6.128 -19.004
96.622 -11.705 -15.962
97.831 -14.411 -10.471
98.181 -14.471 -3.816
95.635 -12.944 1.973
91.669 -9.985 5.668
86.764 -13.181 4.908
81.768 -14.988 7.671
76.635 -16.619 5.038
73.584 -21.575 1.386
72.926 -27.954 -0.581
80.828 -23.943 19.334
85.099 -24.879 13.138
88.257 -28.404 10.184
90.037 -29.848 3.746
89.074 -28.669 -2.795
84.929 -26.459 -7.979
80.786 -21.524 -9.310
78.408 -16.076 -9.655
81.833 -10.052 -9.824
82.379 -3.986 -6.386
86.929 -0.255 -4.364
93.423 1.551 -2.536
99.885 0.059 -2.430
