144.705 7.287 34.592
141.637 12.202 38.671
135.970 14.250 41.846
131.465 10.895 45.713
130.737 11.149 44.874
127.133 5.195 46.428
127.531 -0.708 49.145
128.910 -3.470 54.880
133.963 -5.935 59.184
138.880 -2.780 62.365
143.533 1.149 63.066
142.810 2.300 64.559
143.463 1.266 63.350
148.225 -1.809 66.992
142.790 8.119 67.814
31.408 5.853 55.582
36.383 8.696 59.017
41.890 9.145 61.919
48.001 9.204 60.560
53.360 9.681 57.080
56.664 10.991 51.311
55.362 14.652 45.853
51.403 19.024 42.947
47.002 24.008 43.002
45.099 29.564 46.458
43.984 33.343 52.268
46.517 35.872 57.701
51.789 38.390 60.666
62.820 31.592 48.941
61.616 27.632 54.328
58.249 26.061 60.310
51.946 25.541 61.935
45.875 24.260 60.073
40.335 23.307 56.063
39.021 20.236 50.101
40.785 16.241 44.953
44.262 11.456 42.278
46.500 5.310 43.004
47.729 0.130 47.680
48.776 -2.363 53.829
45.234 -3.934 59.408
41.717 -17.429 87.577
41.400 -12.467 82.813
37.539 -8.918 78.432
34.261 -3.239 80.124
29.739 0.608 82.853
28.029 4.182 87.961
30.675 6.503 93.845
35.968 7.239 97.683
42.663 8.017 98.509
48.350 10.498 95.721
52.593 12.129 90.361
53.324 15.079 84.572
51.999 20.617 81.382
37.648 24.504 91.662
36.637 20.614 86.445
38.172 17.120 80.618
42.414 12.041 79.372
45.800 7.095 81.677
48.877 2.889 86.215
47.207 -0.148 92.098
42.507 -1.626 96.793
36.390 -2.687 98.711
30.234 -4.707 97.245
26.191 -6.999 92.759
24.555 -8.948 86.584
