144.705 7.287 34.592
141.637 12.202 38.671
135.970 14.250 41.846
131.465 10.895 45.713
130.737 11.149 44.874
127.133 5.195 46.428
127.531 -0.708 49.145
128.910 -3.470 54.880
133.963 -5.935 59.184
138.880 -2.780 62.365
143.533 1.149 63.066
142.810 2.300 64.559
143.463 1.266 63.350
148.225 -1.809 66.992
142.790 8.119 67.814
31.408 5.853 55.582
36.383 8.696 59.017
41.890 9.145 61.919
48.001 9.204 60.560
53.360 9.681 57.080
56.664 10.991 51.311
55.362 14.652 45.853
51.403 19.024 42.947
47.002 24.008 43.002
45.099 29.564 46.458
43.984 33.343 52.268
46.517 35.872 57.701
51.789 38.390 60.666
62.820 31.592 48.941
61.616 27.632 54.328
58.249 26.061 60.310
51.946 25.541 61.935
45.875 24.260 60.073
40.335 23.307 56.063
39.021 20.236 50.101
40.785 16.241 44.953
44.262 11.456 42.278
46.500 5.310 43.004
47.729 0.130 47.680
48.776 -2.363 53.829
45.234 -3.934 59.408
41.717 -17.429 87.577
41.400 -12.467 82.813
37.539 -8.918 78.432
34.261 -3.239 80.124
29.739 0.608 82.853
28.029 4.182 87.961
30.675 6.503 93.845
35.968 7.239 97.683
42.663 8.017 98.509
48.350 10.498 95.721
52.593 12.129 90.361
53.324 15.079 84.572
51.999 20.617 81.382
37.648 24.504 91.662
36.637 20.614 86.445
38.172 17.120 80.618
42.414 12.041 79.372
45.800 7.095 81.677
48.877 2.889 86.215
47.207 -0.148 92.098
42.507 -1.626 96.793
36.390 -2.687 98.711
30.234 -4.707 97.245
26.191 -6.999 92.759
24.555 -8.948 86.584
-20.582 -10.537 14.915
-18.745 -5.972 18.673
-18.904 -3.946 25.276
-23.153 -2.884 31.004
-28.935 -4.758 34.660
-32.261 -9.570 37.464
-20.216 -19.966 31.571
-25.093 -22.011 27.943
-31.192 -19.802 24.740
-36.053 -13.934 25.664
-36.823 -7.721 26.962
-36.509 -3.493 22.120
-35.794 -2.082 16.551
-53.033 49.907 17.189
-56.039 52.264 14.414
-61.108 50.483 9.617
-61.167 44.042 7.644
-57.632 44.900 1.930
-56.672 42.366 -4.377
-57.189 36.981 -8.558
-74.428 42.593 -3.239
-73.455 38.778 1.531
-69.817 32.649 3.220
-65.001 27.246 1.291
-59.565 26.569 3.522
-54.333 27.326 6.465
206.410 274.710 343.913
210.239 269.738 341.761
213.450 266.208 336.570
216.416 268.122 330.779
219.304 272.042 326.331
222.442 277.203 324.177
225.394 282.231 327.542
228.735 285.221 330.399
232.006 286.211 336.894
236.119 282.409 340.377
240.234 277.870 341.907
243.762 272.260 339.247
246.907 268.525 334.993
250.719 267.809 328.793
253.043 270.928 322.751
256.998 275.757 320.502
261.149 280.399 320.821
267.109 280.983 322.978
270.568 276.189 322.252
275.394 272.914 323.033
277.122 268.960 320.432
277.084 263.812 317.812
274.943 259.909 313.437
270.912 256.181 310.040
265.497 257.408 305.836
261.199 262.175 302.392
257.443 267.602 301.473
258.801 274.369 300.413
263.433 278.923 296.506
269.143 280.601 293.716
272.830 278.850 288.698
273.619 273.601 283.915
274.534 268.295 280.446
269.223 264.145 278.177
265.009 264.026 275.491
260.159 265.792 271.847
254.666 268.615 270.241
253.023 273.592 266.072
255.439 279.350 262.992
260.570 283.420 259.877
265.899 282.012 255.878
268.839 277.519 251.717
268.508 272.024 247.878
264.737 267.629 244.488
258.901 266.225 241.560
253.297 268.381 238.661
249.681 273.417 236.099
249.558 279.350 233.228
252.585 284.075 229.710
257.731 286.131 225.953
263.026 284.520 222.105
265.984 280.089 218.093
265.505 274.544 214.349
261.747 270.327 210.849
255.849 268.721 208.133
250.772 270.789 204.399
247.661 275.594 200.690
248.207 281.410 197.321
252.099 285.858 194.128
258.040 287.549 191.495
263.907 285.592 188.921
267.613 280.760 186.088
267.922 274.875 182.875
264.929 270.334 178.999
259.713 268.628 175.051
254.850 270.747 170.908
252.084 276.468 168.832
251.946 280.285 165.070
254.828 284.894 161.628
258.573 285.645 157.751
264.856 285.203 155.710
268.649 280.667 152.572
269.123 274.870 149.313
266.191 270.110 145.735
261.111 267.912 142.201
255.817 269.317 138.472
252.540 273.680 134.698
252.346 279.299 131.298
255.648 284.011 128.013
261.159 285.989 124.914
266.852 284.449 121.895
270.628 279.957 118.821
271.119 274.202 115.576
268.219 269.356 112.114
263.106 267.248 108.466
263.707 285.550 105.229
257.416 284.083 107.441
253.741 279.610 110.711
253.430 273.943 114.216
256.485 269.414 117.985
261.607 267.462 121.591
266.882 269.134 125.238
270.131 273.786 128.755
270.073 279.549 132.023
266.648 284.302 135.115
261.104 286.168 138.247
255.432 284.694 141.215
251.865 280.229 144.588
251.433 274.605 147.950
254.460 269.986 151.607
259.609 268.281 155.460
264.807 269.970 159.130
268.197 275.164 161.410
269.036 278.894 165.251
267.266 283.551 169.505
262.305 286.965 171.981
256.116 286.221 174.556
251.523 282.277 177.377
250.116 276.759 180.760
252.143 271.677 184.568
256.781 269.010 188.552
261.890 269.909 192.703
265.419 273.899 196.652
265.955 279.587 200.120
262.917 284.929 202.829
257.438 287.556 205.583
252.276 286.374 209.910
248.339 282.130 213.375
247.710 276.164 216.418
250.599 270.751 219.058
255.967 267.947 221.723
261.861 268.601 224.738
266.269 272.338 228.102
267.473 277.810 231.807
265.199 282.569 235.748
260.508 284.868 239.859
255.019 283.816 243.610
251.179 279.372 246.916
250.615 273.520 249.992
253.519 268.119 252.787
259.073 265.241 255.194
264.884 266.103 258.461
268.948 271.757 261.707
269.035 278.895 264.822
265.003 283.085 269.756
259.756 282.925 273.829
256.188 279.704 277.856
255.695 274.184 281.531
254.788 268.169 284.114
258.972 264.037 286.720
265.238 262.439 288.803
272.431 262.822 289.557
275.813 266.424 293.904
275.587 272.599 298.169
272.933 274.687 303.618
268.400 276.004 308.172
262.592 273.809 311.509
259.894 268.823 314.378
259.406 265.056 317.798
260.395 260.033 323.207
263.029 261.693 328.738
263.908 263.512 334.138
264.512 269.432 336.678
263.923 274.265 338.308
260.083 278.995 337.192
255.153 283.273 335.920
251.989 286.066 330.048
248.882 284.690 326.595
245.238 281.223 321.140
241.533 275.798 321.556
238.926 270.786 324.822
236.795 266.907 328.902
235.375 267.786 335.825
231.587 270.991 340.026
228.093 276.667 342.620
224.019 281.781 341.263
220.224 284.786 336.840
215.989 284.611 331.410
212.289 280.997 327.152
209.107 275.084 325.935
-2.249 1.954 -19.513
-0.982 8.011 -20.277
3.674 12.728 -23.521
8.861 16.309 -23.594
7.940 14.347 -17.840
13.913 14.367 -17.177
19.151 11.002 -20.444
23.015 6.323 -20.867
19.778 5.613 -14.982
21.099 -0.923 -15.427
16.164 -5.301 -17.098
11.139 -8.960 -18.679
6.205 -7.097 -21.527
2.174 -3.080 -25.500
-0.180 2.890 -28.002
2.635 8.830 -30.304
9.138 10.763 -31.923
15.438 10.002 -30.360
19.190 5.898 -27.431
19.740 1.511 -22.879
17.904 -3.564 -24.169
1.029 -5.157 -14.936
6.012 -8.397 -13.979
10.727 -8.486 -8.227
15.917 -6.505 -5.194
16.125 -4.932 -11.273
19.270 -0.203 -9.398
18.140 5.393 -5.447
15.985 10.995 -4.180
16.076 10.556 -10.454
11.364 14.904 -11.487
4.901 12.481 -12.219
-0.626 11.174 -14.320
-2.813 5.756 -12.775
-3.209 -0.641 -10.343
-1.000 -6.449 -7.721
3.904 -8.305 -2.940
7.606 -4.849 1.335
12.071 0.192 0.149
11.853 6.164 -0.627
9.825 10.782 -4.598
4.403 11.940 -5.182
22.850 32.595 20.485
25.872 27.401 18.680
24.932 20.992 16.982
21.172 15.107 15.921
14.813 13.160 14.330
8.645 14.843 12.033
5.449 18.903 7.695
5.688 23.669 2.790
9.055 27.487 -1.411
13.282 27.424 -6.475
19.492 25.745 -8.739
12.523 9.177 -6.828
18.384 10.379 -3.767
21.990 15.008 -0.901
23.474 21.678 0.863
20.173 27.595 1.707
15.140 30.351 4.910
9.691 29.236 9.018
6.446 25.420 13.529
7.188 21.240 18.661
10.179 19.720 24.313
15.227 18.421 28.459
145.081 6.176 34.554
141.816 11.073 38.520
136.240 13.258 41.642
131.883 10.199 45.818
131.295 10.363 45.162
127.452 4.658 46.694
127.899 -1.499 49.012
129.381 -4.255 54.831
134.454 -6.716 58.993
139.114 -3.836 62.389
144.377 -0.095 62.947
148.823 -2.631 67.239
19.973 20.119 13.479
16.591 19.036 18.729
11.429 16.648 22.668
11.746 11.761 27.339
15.471 6.521 29.946
21.116 2.642 30.406
26.278 3.892 34.607
32.032 7.082 36.718
33.415 12.685 39.538
32.240 18.658 42.832
16.577 10.132 47.280
15.286 15.890 45.106
17.026 20.531 40.430
21.580 21.746 35.828
27.766 20.510 32.888
32.016 16.242 30.088
30.666 12.138 24.884
28.229 6.146 22.063
22.877 2.946 20.392
16.381 1.527 19.174
11.650 4.430 14.906
21.031 9.591 -27.361
17.064 14.230 -23.127
12.432 14.173 -18.057
10.219 10.726 -12.955
9.205 4.795 -9.258
11.705 -0.632 -6.398
16.360 -0.881 -1.698
23.013 -0.718 0.535
27.452 3.928 1.764
29.508 10.085 2.730
30.480 14.812 4.830
11.507 12.923 6.550
13.128 17.243 1.242
18.047 18.872 -2.981
22.515 15.801 -6.473
27.156 10.704 -7.554
28.189 4.121 -8.405
25.077 -0.240 -12.244
19.819 -4.521 -14.016
13.841 -3.665 -16.229
8.227 -0.300 -18.106
5.828 4.253 -22.945
8.667 6.941 0.504
5.596 10.913 4.849
-0.210 12.517 8.332
-5.728 9.479 10.852
-5.724 9.461 10.854
-9.154 3.516 12.089
-9.116 3.511 12.232
-8.747 -2.712 14.603
-8.393 -2.528 14.612
-6.749 -5.306 20.433
-1.663 -7.634 24.708
2.866 -4.311 28.279
7.268 0.021 30.157
9.018 6.594 0.545
5.825 11.615 4.548
-0.028 13.575 7.723
-4.618 10.321 11.467
-8.798 4.558 12.477
-8.326 -1.279 15.173
-6.866 -4.016 20.927
-1.727 -6.613 25.121
3.501 -3.474 28.084
7.888 0.978 29.115
99.072 133.342 265.291
104.416 131.495 268.843
110.572 128.624 267.437
114.128 123.352 264.276
114.032 118.511 259.058
113.350 117.848 252.289
112.448 119.642 246.552
113.170 121.719 241.702
116.439 127.045 237.763
121.465 131.301 238.897
127.655 131.205 239.466
134.199 129.180 239.382
137.526 125.114 238.389
139.901 118.385 237.200
137.907 114.271 232.649
135.032 112.186 226.238
132.675 112.808 220.178
132.246 116.203 214.451
132.890 122.508 211.006
136.367 128.648 210.982
143.126 130.938 211.402
149.099 129.740 209.689
154.790 126.511 207.921
156.944 120.277 205.176
154.372 114.898 201.173
152.149 116.784 194.303
150.668 120.064 189.576
147.104 124.321 185.103
146.566 130.847 183.348
150.304 136.499 181.609
155.644 138.739 177.941
161.869 137.732 176.099
166.394 134.339 173.026
168.531 128.293 169.470
166.354 122.660 166.598
163.811 121.472 161.277
159.919 121.441 156.457
157.564 123.913 151.808
158.716 126.217 146.169
159.096 132.882 142.993
162.947 137.367 142.709
168.226 141.014 144.471
174.703 140.937 146.603
180.318 136.399 146.900
183.513 131.192 144.840
184.775 126.533 140.453
188.374 127.637 134.382
190.762 131.683 130.254
192.255 137.008 125.533
193.932 144.106 125.952
194.369 149.706 128.671
196.152 153.093 133.999
196.721 153.252 140.874
201.437 150.895 144.418
206.943 147.098 145.739
212.615 146.163 143.082
217.702 148.483 138.684
220.637 153.937 137.610
221.867 160.270 138.090
220.132 166.546 137.340
218.117 171.098 141.756
212.891 171.917 146.703
211.826 170.286 152.833
214.396 169.039 158.787
219.812 166.923 162.186
224.646 170.365 164.972
230.013 174.102 165.168
232.630 179.740 165.891
232.118 186.186 167.371
228.813 192.207 167.573
222.019 194.356 167.625
216.289 194.251 170.155
210.896 190.504 171.156
209.778 184.801 174.927
210.594 181.598 180.952
213.211 181.254 186.911
215.539 184.231 192.641
214.512 189.206 196.749
210.988 193.984 199.549
205.554 197.792 200.351
199.547 200.492 198.876
193.847 200.023 195.241
189.881 195.641 192.486
187.378 189.193 192.566
187.420 182.900 195.272
185.203 180.290 200.661
183.105 180.844 206.924
179.890 184.985 211.265
174.222 187.940 212.185
168.487 189.466 210.923
163.553 192.256 206.363
160.112 190.899 200.883
159.421 187.903 195.449
161.587 182.517 191.936
159.753 175.162 193.212
159.681 170.025 198.207
154.188 167.396 201.439
148.190 167.856 203.447
141.838 168.672 201.965
137.310 171.846 197.633
136.222 174.915 191.343
138.035 174.316 184.423
142.485 172.508 179.685
145.720 167.847 176.878
148.786 162.017 177.441
146.997 155.963 176.496
143.292 151.153 174.052
138.642 149.505 170.313
134.188 150.069 165.782
131.753 153.905 160.438
133.370 156.907 155.032
136.047 159.711 149.836
141.690 162.994 147.692
147.978 164.802 149.400
153.636 161.233 149.451
157.521 155.858 149.538
158.604 150.526 145.471
157.537 146.608 140.462
154.919 145.213 134.657
155.680 147.670 128.453
157.089 151.324 123.897
159.825 157.538 121.090
163.149 163.308 122.766
166.977 167.276 126.824
172.597 166.731 129.877
178.746 164.177 130.982
182.682 158.151 131.091
185.823 155.391 125.685
187.990 156.813 119.380
190.469 161.363 114.774
192.211 166.817 112.469
192.501 173.638 114.162
192.313 178.982 117.810
191.975 182.107 123.804
191.693 180.303 130.580
196.724 178.888 134.769
202.721 176.326 136.260
209.663 176.231 133.478
213.635 180.617 131.434
215.352 187.239 132.134
214.685 193.193 134.850
212.203 198.683 136.594
205.782 201.292 138.959
201.328 200.880 143.968
199.225 197.948 149.650
202.956 195.984 155.039
208.070 196.036 159.248
212.883 199.330 162.160
216.439 204.715 163.593
216.204 211.203 164.630
211.986 217.233 164.819
206.697 219.559 167.507
200.772 219.813 170.613
195.225 216.484 172.594
193.234 210.990 175.870
192.515 207.789 180.758
195.184 205.134 186.407
199.329 207.315 191.556
203.157 211.992 194.315
192.661 224.795 187.644
199.789 224.348 184.780
205.060 220.287 183.711
208.231 214.204 183.892
208.422 208.300 180.846
205.778 203.961 177.614
202.019 201.890 173.146
198.734 203.029 167.865
196.344 208.431 163.727
200.547 212.166 159.203
204.288 214.398 155.734
208.724 214.104 152.295
214.071 210.368 149.263
217.234 205.634 148.583
218.094 198.879 147.918
215.442 192.555 148.522
210.362 188.299 148.082
203.309 188.948 146.602
198.742 191.760 141.532
198.924 193.102 135.191
201.217 193.518 129.431
203.898 190.133 124.240
206.895 185.470 121.485
207.335 179.197 120.576
206.067 172.562 123.131
201.919 167.853 126.496
196.849 168.586 130.873
190.793 172.424 130.758
185.352 173.957 126.739
182.411 174.825 120.982
180.433 171.445 115.248
178.121 165.468 113.082
175.686 159.667 113.810
174.174 153.909 117.132
172.764 150.176 121.745
171.467 149.151 128.150
170.690 152.761 134.092
169.121 158.630 137.080
163.397 161.883 137.889
157.632 164.193 135.842
152.092 162.940 132.653
147.341 158.372 132.133
144.104 153.495 134.973
142.426 149.771 140.614
143.561 146.939 146.604
146.046 147.819 153.002
150.061 151.368 156.871
150.713 157.301 159.875
148.524 163.031 161.281
143.521 166.957 162.025
138.215 167.290 165.007
133.306 166.104 168.265
130.005 163.211 172.345
130.009 157.833 177.418
131.866 159.080 183.595
137.499 155.146 185.545
142.492 157.630 189.367
148.826 160.804 188.553
150.566 166.509 184.955
147.750 172.888 183.042
147.402 177.924 187.003
147.597 181.431 191.607
146.667 183.513 197.730
149.048 183.804 203.918
153.470 181.950 208.099
158.529 177.691 208.996
163.931 174.721 205.237
168.343 175.346 200.838
170.490 179.299 195.799
171.027 185.518 193.212
172.893 191.877 195.039
174.545 196.717 199.265
178.950 197.980 204.231
183.565 196.570 208.358
189.372 194.181 209.274
194.651 189.379 208.809
197.998 185.758 204.506
199.270 184.216 198.460
199.492 184.091 192.202
198.886 188.004 186.950
200.271 194.619 184.014
204.504 199.888 184.854
211.517 200.679 185.888
217.439 199.272 187.308
222.639 195.110 187.005
224.948 188.583 185.464
223.289 182.606 182.885
220.079 178.709 178.468
217.377 177.575 172.283
212.913 180.772 167.774
214.499 185.140 162.593
217.416 187.587 158.241
223.304 186.521 154.768
226.607 181.457 151.292
231.032 176.758 151.341
230.249 170.378 150.189
228.358 164.518 150.465
223.705 160.189 152.598
216.945 159.824 154.404
211.214 160.830 150.513
207.812 165.204 146.401
207.261 164.920 139.784
209.639 163.240 133.945
210.545 158.213 129.897
209.767 152.141 127.641
208.610 144.960 129.065
205.772 140.226 132.798
202.537 138.362 137.564
198.592 140.938 143.054
192.083 142.769 143.344
186.944 146.204 140.769
183.285 147.688 134.932
180.020 143.851 130.888
177.149 138.035 128.400
174.846 132.088 130.319
172.683 127.319 134.092
171.816 124.558 139.465
172.293 124.710 146.692
173.952 128.311 152.249
173.768 134.824 155.308
168.531 138.638 157.353
162.587 141.246 157.932
155.416 140.134 157.274
151.397 135.442 158.650
150.953 129.410 161.169
153.812 124.364 164.532
154.480 122.068 170.118
157.936 120.151 175.972
162.361 122.524 181.133
163.753 127.220 185.497
161.774 132.679 189.174
157.305 137.176 191.657
150.927 136.842 194.186
145.327 132.522 191.973
143.584 126.401 194.195
141.817 120.524 197.278
142.391 115.224 201.459
144.909 112.763 207.300
147.978 114.329 213.753
148.709 119.349 217.966
146.726 125.007 221.405
141.649 129.384 223.155
134.715 130.895 222.182
128.155 128.649 223.624
123.912 123.368 226.346
123.597 117.468 228.696
123.084 115.500 234.443
125.362 112.459 240.740
128.965 114.375 246.146
130.149 119.558 250.550
128.556 125.760 252.521
123.853 130.868 251.850
120.619 134.156 252.312
114.438 136.426 253.132
108.669 134.725 251.620
103.592 129.531 250.263
101.613 124.134 252.207
100.493 118.415 256.614
101.092 115.707 262.627
111.025 150.968 176.961
113.569 152.023 176.420
95.675 -6.128 -19.004
96.622 -11.705 -15.962
97.831 -14.411 -10.471
98.181 -14.471 -3.816
95.635 -12.944 1.973
91.669 -9.985 5.668
86.764 -13.181 4.908
81.768 -14.988 7.671
76.635 -16.619 5.038
73.584 -21.575 1.386
72.926 -27.954 -0.581
80.828 -23.943 19.334
85.099 -24.879 13.138
88.257 -28.404 10.184
90.037 -29.848 3.746
89.074 -28.669 -2.795
84.929 -26.459 -7.979
80.786 -21.524 -9.310
78.408 -16.076 -9.655
81.833 -10.052 -9.824
82.379 -3.986 -6.386
86.929 -0.255 -4.364
93.423 1.551 -2.536
99.885 0.059 -2.430
-95.436 2.799 22.877
-96.219 -3.561 22.711
-97.220 -8.635 19.407
-98.295 -12.141 13.586
-98.421 -12.411 6.881
-95.173 -11.371 1.688
-91.565 -8.317 -2.025
-87.064 -11.855 -0.747
-82.366 -14.003 -3.377
-77.340 -15.715 -0.695
-74.910 -21.167 2.614
-75.172 -26.835 5.714
-78.122 -31.975 8.767
-81.789 -36.764 7.555
-87.935 -28.896 -7.769
-92.393 -29.553 -2.241
-92.826 -27.756 4.140
-90.204 -26.927 10.254
-85.478 -23.843 13.572
-81.188 -18.825 14.255
-79.020 -14.263 13.936
-81.893 -7.878 13.716
-82.423 -1.879 10.231
-87.223 1.682 7.564
-93.473 2.294 4.868
-99.752 1.088 4.878
-105.195 -2.010 7.413
-108.620 -3.039 13.122
68.509 48.018 75.159
73.645 44.773 74.238
77.009 39.013 74.570
77.417 32.562 74.647
74.651 26.020 75.531
68.852 22.378 75.895
63.159 21.359 72.588
58.833 21.768 68.584
62.499 19.825 64.097
61.063 16.899 59.022
64.026 17.142 53.716
69.593 14.397 51.052
75.023 11.174 51.236
80.776 8.088 54.011
81.340 2.975 58.599
64.649 0.647 64.701
69.254 4.443 67.791
74.597 8.239 68.747
78.922 13.221 66.380
81.412 17.288 61.048
78.740 22.032 57.564
75.582 26.302 55.923
72.114 31.220 59.043
66.736 34.441 60.119
62.614 35.289 65.452
59.540 33.486 70.906
60.088 32.758 77.198
63.744 29.576 82.490
69.060 31.696 85.974
73.436 36.408 87.788
243.165 180.282 186.706
245.908 174.687 187.895
248.207 169.780 191.860
247.849 166.962 197.794
244.461 165.642 203.221
238.112 166.146 206.614
231.627 166.867 205.925
226.702 165.226 202.195
223.543 162.595 197.118
223.344 157.886 192.326
227.707 152.559 190.899
229.008 146.549 193.323
230.297 142.436 198.580
228.380 139.688 204.524
224.002 138.934 209.194
217.670 139.444 211.595
210.959 139.836 209.629
206.785 138.356 205.679
204.212 135.446 200.205
205.784 130.635 195.810
209.291 125.193 193.734
211.894 119.641 195.757
211.351 114.118 199.207
208.276 110.880 205.181
203.001 109.872 208.933
196.703 109.741 209.354
190.691 111.414 207.308
186.345 113.643 203.463
184.746 115.266 197.532
186.394 114.124 190.379
188.757 109.641 186.441
189.261 103.321 184.975
187.096 97.434 185.822
182.217 93.244 187.489
175.721 92.284 187.943
169.226 94.178 186.673
165.163 98.528 183.195
163.806 103.067 179.214
165.866 107.011 174.652
170.372 107.678 169.322
174.424 103.855 164.960
174.396 98.288 161.903
171.509 94.278 157.732
166.885 93.706 153.186
161.387 96.046 150.066
157.145 101.024 148.646
155.617 106.957 147.396
157.473 113.477 147.694
161.631 117.784 148.061
167.956 120.124 148.288
173.919 119.241 144.583
177.277 117.169 139.519
176.448 116.628 133.016
173.775 118.241 127.128
171.064 123.372 124.332
168.623 129.580 123.843
167.526 135.486 126.072
168.667 140.206 130.044
171.767 142.565 134.644
177.836 143.397 137.798
184.485 142.106 137.109
189.545 142.341 133.494
192.657 145.161 128.590
193.359 150.055 124.428
192.093 156.174 122.285
190.802 161.899 122.231
187.667 166.891 126.663
187.024 169.922 131.502
187.013 169.496 138.385
187.677 166.383 144.562
192.616 162.664 146.805
199.215 160.710 147.284
205.337 162.718 146.278
209.284 167.504 147.043
211.473 173.633 148.935
210.944 178.484 152.705
208.358 181.889 157.818
204.531 181.763 163.078
199.410 178.264 167.175
197.928 172.582 169.260
199.743 167.026 171.746
204.971 162.283 172.831
209.567 162.173 176.165
214.197 163.831 180.574
216.039 167.911 185.687
213.668 171.182 190.941
209.215 173.057 195.040
204.094 172.301 198.211
198.051 169.264 199.059
194.712 164.055 198.102
193.907 157.967 196.272
196.551 151.797 196.739
201.669 147.630 199.072
204.689 145.841 204.844
203.639 145.322 211.275
200.149 145.977 216.968
194.146 146.655 220.032
187.398 146.724 219.610
181.924 145.359 215.576
178.825 142.973 211.114
178.659 138.616 206.153
181.841 133.909 203.027
182.349 127.562 204.125
182.547 121.794 207.607
179.031 119.042 211.332
173.186 117.184 213.170
166.612 118.089 214.190
160.529 120.453 212.525
156.635 122.974 207.773
155.517 125.971 202.387
156.984 128.006 196.443
159.935 125.706 190.791
163.314 121.328 187.381
162.213 115.097 185.404
158.491 109.708 184.710
152.493 106.596 183.923
145.884 106.960 182.725
141.099 110.371 180.039
138.823 115.158 176.535
139.186 121.150 174.299
142.787 126.264 171.349
147.785 126.293 166.809
151.355 124.076 162.498
153.166 119.680 157.639
150.228 116.595 152.860
145.683 116.700 147.948
140.768 119.253 144.555
137.628 124.737 142.673
136.809 131.325 143.094
138.406 137.205 145.452
142.887 141.559 148.262
149.257 142.643 149.866
155.724 142.226 147.186
159.403 141.592 141.625
160.040 142.468 134.589
157.671 146.517 130.150
154.878 152.441 128.257
153.905 158.905 129.861
152.463 163.343 134.053
153.782 166.994 138.547
157.149 167.630 144.625
162.751 166.129 148.340
169.408 165.919 146.507
174.795 166.943 142.366
177.221 172.147 138.981
177.350 178.326 136.618
176.140 184.641 138.078
173.779 189.735 141.766
171.804 191.118 148.490
172.258 189.637 154.942
175.357 185.467 159.252
179.173 180.956 162.038
184.824 179.314 162.194
190.364 180.106 161.587
195.320 182.784 159.039
197.120 188.399 155.997
196.849 194.770 155.654
194.631 196.629 158.989
193.628 201.265 163.415
191.661 201.909 169.542
191.455 200.179 175.526
194.476 196.755 180.101
199.599 193.703 182.377
206.045 193.275 181.620
212.347 195.050 180.093
215.184 200.999 178.111
214.199 206.872 175.858
211.849 213.305 175.363
208.392 217.836 179.307
205.006 218.431 184.840
203.643 218.004 191.245
205.959 215.842 196.894
210.408 214.331 200.734
215.979 214.603 202.221
221.808 214.942 200.793
226.466 217.894 198.597
229.242 223.118 196.009
228.721 229.317 194.366
225.282 234.270 195.195
221.535 237.478 198.527
218.365 239.209 203.868
217.886 238.113 209.987
220.293 235.924 215.734
225.057 233.866 219.118
231.038 233.825 220.028
236.215 235.843 218.315
239.816 239.920 215.369
239.690 245.152 212.143
239.471 251.199 211.670
236.272 256.939 213.595
232.606 261.025 218.016
231.547 262.347 224.605
232.725 261.641 231.294
237.741 260.377 235.724
243.878 259.258 237.035
250.583 260.136 236.049
254.573 263.780 231.501
255.343 269.055 227.505
255.129 275.698 228.985
254.087 281.036 232.250
253.931 285.168 237.120
256.170 285.984 243.507
259.305 285.373 248.941
263.990 282.081 252.199
268.292 277.625 253.010
273.149 274.266 250.618
277.265 273.665 244.529
279.892 277.741 240.262
283.412 283.413 238.985
286.642 288.381 241.791
289.252 292.043 247.061
293.237 290.971 251.954
297.151 287.628 256.125
300.348 281.741 256.999
302.455 276.292 255.187
303.455 271.753 250.738
304.557 270.792 243.679
306.415 274.328 238.110
311.508 277.527 235.743
317.507 279.988 235.507
323.666 278.519 236.748
328.450 274.284 238.790
329.876 268.296 241.801
329.493 262.178 242.402
325.983 256.641 241.037
322.053 253.655 237.809
317.978 252.653 233.018
316.822 253.723 226.053
319.107 254.800 220.161
324.560 253.458 216.379
330.013 250.074 214.429
332.692 244.172 215.227
332.605 237.774 216.874
329.373 232.157 219.735
324.114 229.079 220.801
318.005 228.074 221.398
311.895 229.693 218.588
309.051 232.102 213.279
308.734 232.520 206.553
310.045 229.222 200.989
311.379 223.589 197.903
311.049 217.301 197.425
309.633 210.948 198.712
306.177 206.710 203.683
301.617 205.290 206.978
296.881 207.281 211.499
292.931 212.178 215.012
290.056 217.800 212.255
287.060 221.304 207.354
282.659 220.271 202.826
277.844 217.056 199.711
273.156 212.601 199.751
269.294 208.355 202.154
266.757 205.262 207.615
265.354 206.439 213.683
265.823 209.541 219.603
267.543 214.828 222.850
265.990 221.915 222.154
263.943 227.613 219.827
258.199 230.057 217.938
252.061 230.594 216.740
246.428 229.668 219.464
242.445 226.834 224.202
240.810 223.690 229.741
242.292 224.337 236.126
246.099 226.090 241.307
250.583 229.820 243.265
254.132 235.330 243.245
254.269 241.743 241.486
251.371 247.661 238.476
246.327 251.399 239.988
242.126 254.008 244.401
239.894 254.539 250.630
240.319 253.212 257.292
244.433 251.624 262.513
251.040 250.123 264.278
257.093 250.422 263.730
262.407 253.268 260.910
264.463 257.633 256.480
265.138 264.171 255.872
264.699 270.004 258.756
264.321 273.097 263.966
267.240 273.995 269.767
270.457 271.992 275.268
274.560 268.147 278.961
279.771 264.009 279.258
283.286 259.145 276.195
286.105 255.476 271.418
289.126 257.264 265.451
290.838 261.427 260.661
295.428 265.876 260.296
300.102 269.674 262.525
304.619 271.355 267.110
309.456 269.632 271.539
312.885 264.569 274.076
315.193 258.703 273.670
314.820 252.529 271.805
312.641 247.796 267.078
313.221 246.995 260.639
315.413 248.617 254.766
319.661 252.278 249.924
325.922 252.971 249.252
331.954 251.087 249.708
336.791 246.568 251.143
337.809 240.301 253.207
335.795 233.948 254.096
331.657 229.118 253.788
325.663 226.471 252.140
319.673 226.537 248.184
317.899 228.307 241.884
320.116 228.430 235.170
324.871 226.287 230.048
327.928 220.743 229.002
328.768 214.044 229.744
326.587 208.303 232.328
322.895 204.795 235.941
317.347 202.873 237.672
310.419 203.613 239.003
304.588 207.537 237.021
302.443 209.183 230.842
302.089 208.617 223.892
301.679 203.438 219.873
301.000 196.932 218.465
298.611 190.999 220.353
295.151 186.726 224.689
290.216 186.935 230.099
286.436 190.972 234.524
281.948 196.096 235.943
278.664 202.232 233.864
276.376 204.778 228.973
273.308 204.658 223.658
270.611 201.190 218.431
268.698 195.218 216.777
267.230 188.300 217.982
264.522 184.850 222.279
260.641 184.424 227.305
257.237 187.389 231.852
253.479 191.378 233.326
250.011 196.107 232.023
247.218 199.806 227.970
245.680 201.240 221.992
244.090 199.565 215.434
241.783 194.504 212.558
239.832 188.803 213.099
236.538 184.985 215.678
233.188 182.684 220.406
229.213 183.781 224.783
225.258 187.075 227.322
221.484 191.766 227.572
218.955 196.586 224.682
216.285 199.401 219.802
214.321 198.894 213.511
212.270 195.171 209.030
209.548 189.828 207.677
207.576 184.224 209.106
206.204 180.173 212.839
204.360 177.801 218.674
202.561 180.327 224.513
197.938 180.676 226.890
192.477 184.876 227.858
188.564 188.867 225.598
184.676 190.412 221.118
182.404 189.134 215.605
181.109 185.425 210.960
180.207 180.053 209.132
180.822 173.720 210.353
180.094 169.011 213.453
177.706 165.481 219.073
172.952 165.056 223.227
166.610 165.928 224.974
160.190 167.617 222.595
156.265 167.813 217.773
153.008 166.623 212.805
153.897 162.873 206.828
157.478 157.881 204.316
159.082 151.651 205.225
158.068 145.611 207.884
153.867 141.901 212.738
147.585 140.739 214.542
141.142 141.332 214.144
135.794 143.761 211.356
132.427 147.332 207.681
131.809 150.219 201.825
134.675 150.262 195.103
137.813 146.410 190.833
137.521 140.751 187.888
134.680 135.110 186.918
129.210 131.136 186.877
122.670 131.046 186.229
116.773 133.855 184.359
113.762 139.469 181.680
113.624 144.904 178.755
117.019 149.311 175.461
122.174 150.280 171.176
126.574 147.463 166.639
126.505 142.867 161.918
124.106 139.846 156.735
120.184 140.706 151.667
115.565 144.357 148.463
111.928 149.592 147.433
110.781 156.265 147.678
113.417 162.319 149.360
117.882 165.914 151.519
124.205 167.354 153.070
130.705 166.932 150.052
134.582 165.289 145.097
135.108 166.179 138.692
133.620 169.433 133.108
131.570 175.115 130.948
129.612 181.569 131.529
128.734 186.859 134.845
129.536 190.541 139.840
132.000 191.210 145.263
137.319 190.224 149.274
143.792 189.341 149.672
149.775 189.567 146.550
153.732 192.956 142.664
155.141 198.491 139.418
155.107 204.803 139.600
154.089 210.885 140.714
150.799 215.074 145.831
149.991 216.999 150.976
148.832 215.321 157.485
147.811 210.156 162.188
152.262 205.608 164.517
158.434 202.888 165.224
164.347 204.906 166.617
168.644 208.639 169.041
170.551 213.872 172.557
170.072 218.105 176.813
166.633 220.678 181.978
161.734 219.671 186.198
156.774 216.578 188.742
154.215 210.237 189.992
155.355 203.821 190.677
159.189 198.329 191.808
163.545 196.999 196.117
167.361 197.414 201.143
168.855 200.217 207.023
166.274 202.026 212.399
161.113 204.351 216.480
155.067 203.310 217.953
149.307 200.756 217.886
145.501 196.390 215.227
144.266 190.846 211.999
146.671 184.397 211.415
151.009 179.210 213.439
152.797 176.163 219.109
150.638 174.252 224.885
146.314 174.061 229.991
140.087 174.781 232.288
133.334 175.807 230.752
128.311 175.946 226.283
126.104 174.730 220.610
126.491 171.836 214.665
129.622 167.450 211.017
129.846 160.874 210.977
128.762 154.701 213.346
124.348 151.706 215.719
118.081 150.308 216.193
111.559 151.677 216.220
106.071 154.856 213.881
103.199 158.433 209.324
103.470 163.174 204.539
105.922 166.404 199.227
109.472 164.519 193.734
113.257 159.720 190.127
111.577 155.158 187.258
108.070 151.197 184.574
102.133 148.658 181.943
95.768 150.082 180.308
91.436 154.467 177.981
90.285 160.131 175.338
91.653 166.233 174.440
95.986 171.377 173.014
101.603 172.104 169.600
105.655 170.674 165.021
108.383 166.771 159.668
105.889 165.457 153.912
101.889 166.229 148.801
98.136 170.537 145.195
95.455 176.532 144.495
95.362 182.870 146.121
97.305 187.958 149.609
101.305 191.159 153.861
107.715 191.666 156.638
114.347 190.532 154.917
118.571 190.474 149.539
120.199 192.653 143.194
119.786 198.314 140.262
117.577 204.608 139.100
116.307 210.374 141.969
114.936 213.951 146.867
115.638 216.288 152.262
117.869 215.419 158.651
122.927 212.832 162.746
129.645 212.387 161.995
135.748 213.423 159.037
138.812 218.670 156.600
139.795 225.067 156.568
138.857 231.167 159.238
136.067 235.586 163.676
133.527 235.597 170.413
133.151 233.220 176.400
134.855 228.498 181.400
138.277 222.644 183.391
144.079 220.788 183.548
149.857 221.458 184.745
155.486 224.423 184.937
158.761 230.201 185.521
158.408 236.585 187.457
155.162 240.998 190.511
150.556 242.771 194.635
146.009 241.097 198.950
141.794 237.163 202.809
143.460 232.566 207.650
148.000 229.804 211.555
154.234 230.136 213.851
159.824 233.151 215.500
162.976 238.489 216.218
163.178 243.972 218.380
160.424 248.892 220.258
155.829 252.232 221.642
151.415 253.300 225.236
147.094 251.674 228.912
144.310 248.580 233.195
144.090 244.975 237.918
146.316 242.385 243.592
151.450 243.084 247.986
156.241 246.662 250.579
158.845 252.946 250.903
158.386 259.151 250.048
153.869 264.299 248.325
146.642 265.921 248.461
141.451 264.764 251.602
138.402 261.913 256.606
138.374 260.359 262.825
141.760 260.487 268.422
146.055 262.559 271.854
150.504 266.803 273.249
152.140 272.696 273.629
152.317 278.570 271.773
150.301 283.770 270.683
145.107 288.225 270.127
138.096 288.516 270.872
132.409 286.886 274.460
130.653 286.126 280.690
131.814 286.881 286.977
135.062 288.703 291.880
139.959 291.617 294.686
143.616 296.638 294.705
145.571 302.971 292.434
143.266 308.781 290.769
139.362 313.174 292.182
132.253 315.176 294.064
127.519 314.620 298.855
126.211 313.504 305.026
128.181 311.777 310.898
132.038 309.503 314.877
137.405 308.807 317.590
144.168 311.351 317.224
148.032 316.166 315.485
148.763 322.883 316.366
147.167 328.347 318.913
144.906 331.143 324.480
143.182 331.498 330.557
143.775 328.930 336.445
146.848 325.216 340.382
151.439 320.237 341.409
156.969 317.554 340.419
162.751 318.435 336.894
166.842 322.811 333.287
169.517 328.452 334.933
172.291 333.336 338.953
175.978 333.497 344.010
179.028 330.718 349.051
181.013 325.489 352.701
183.105 319.828 353.385
183.246 313.659 351.725
183.718 309.679 346.523
184.083 308.307 339.983
188.965 309.853 335.268
193.912 312.694 332.691
200.401 314.272 334.632
205.931 312.993 337.185
209.172 308.277 340.255
210.203 301.878 342.346
208.130 295.607 342.186
205.529 290.767 339.311
202.053 287.545 335.637
199.157 286.991 328.860
200.294 289.619 322.816
204.672 290.755 318.609
209.987 288.576 315.710
215.329 284.524 315.207
217.251 278.370 315.715
218.429 272.489 316.591
214.008 267.162 318.465
210.010 263.667 317.408
202.923 262.099 317.130
196.475 264.457 315.821
194.284 268.968 310.782
194.923 272.309 305.132
196.555 270.734 298.854
195.821 266.777 294.442
195.001 261.299 291.370
192.424 255.979 290.294
187.383 251.176 292.281
181.952 250.364 295.015
177.077 251.937 298.616
173.505 256.555 300.971
171.454 262.669 300.396
170.451 267.799 295.135
167.556 268.282 290.116
163.714 266.962 285.612
159.477 263.008 282.350
154.315 258.600 283.495
149.791 255.055 286.302
145.832 255.430 291.663
143.266 257.430 296.927
143.243 262.036 301.497
144.632 268.228 303.374
144.117 274.474 301.185
142.027 279.118 296.144
136.152 280.281 293.158
129.601 280.155 293.264
123.802 278.415 296.468
120.225 275.505 301.702
120.119 275.554 308.288
123.195 276.844 314.226
126.187 279.705 318.138
130.716 284.385 319.543
133.861 289.978 317.534
131.966 296.204 316.885
127.859 301.112 317.059
123.942 303.071 320.776
120.787 303.700 326.113
120.508 302.724 332.495
120.952 299.192 338.453
124.915 295.949 342.507
130.412 293.866 343.843
136.557 292.629 343.311
142.177 296.096 341.899
145.222 301.803 339.872
146.321 307.574 341.850
146.969 312.176 345.215
146.629 315.241 351.252
147.392 313.808 357.810
149.109 310.693 362.873
152.799 305.999 365.197
155.800 300.376 364.843
159.599 296.037 361.320
164.882 296.644 357.340
169.347 299.682 354.155
173.314 305.405 353.093
177.467 308.771 357.263
181.015 308.744 362.873
184.092 306.306 367.751
186.862 300.613 370.111
186.766 293.786 369.902
185.776 287.407 367.168
184.860 283.069 362.433
184.775 282.288 355.251
186.934 284.775 349.537
193.018 286.687 346.780
199.728 286.723 347.396
204.221 282.368 349.281
206.388 276.399 351.676
205.904 270.417 351.487
202.438 265.188 351.760
198.109 261.344 349.764
192.470 259.831 345.537
189.149 261.873 339.643
191.535 261.651 333.620
195.906 262.390 328.365
201.055 258.732 326.264
204.206 253.169 325.781
202.846 246.783 325.313
200.406 241.027 327.054
193.832 238.353 327.860
187.277 238.124 326.059
181.518 241.324 323.242
178.471 245.350 318.929
178.861 247.791 313.362
180.418 248.308 307.312
182.889 244.898 301.979
184.143 239.688 299.054
185.466 232.805 298.743
181.780 227.540 299.992
175.970 223.814 301.405
169.215 223.710 301.866
163.925 226.162 298.995
159.861 230.323 294.717
159.838 234.397 288.926
162.830 234.782 282.511
165.743 232.632 277.350
166.837 227.306 273.835
167.143 220.169 274.385
150.538 225.812 279.348
152.833 221.264 284.219
158.689 217.961 286.354
164.683 217.574 287.006
170.840 220.075 285.734
174.560 225.707 283.556
174.413 232.184 284.531
172.145 237.209 288.251
168.753 239.834 294.033
167.870 239.483 299.805
168.273 236.871 306.076
171.513 232.824 310.593
177.834 230.945 312.037
184.371 230.121 311.842
189.278 233.841 311.653
193.111 239.056 310.571
193.869 245.392 311.065
192.241 250.395 313.946
186.707 253.413 317.437
183.829 252.385 323.270
184.756 249.811 329.476
188.842 246.793 333.958
193.500 245.318 337.932
199.925 247.251 339.217
205.472 250.833 338.740
207.538 256.823 338.758
206.712 264.301 337.396
203.927 268.591 337.755
199.020 272.689 337.685
193.079 272.765 340.383
189.776 268.794 345.590
190.435 269.957 351.971
192.929 271.893 357.371
197.668 275.764 361.064
199.613 282.650 361.594
200.136 288.862 361.310
196.611 294.078 359.094
192.542 296.958 355.594
186.966 297.042 352.985
181.065 293.016 353.829
177.152 289.981 358.657
175.430 290.958 365.035
173.330 294.629 370.264
171.965 300.952 372.094
170.028 307.046 370.895
167.642 311.484 366.696
165.703 314.006 361.037
161.743 313.045 356.790
160.643 309.163 351.963
158.883 302.671 349.482
154.050 298.648 351.887
149.002 296.209 355.277
142.882 298.887 357.327
137.817 302.794 357.629
134.463 307.053 353.833
133.316 310.127 348.081
132.985 310.734 342.167
135.126 309.084 336.991
137.254 305.044 333.309
138.734 299.045 332.008
136.852 292.654 332.417
131.759 288.423 332.769
125.150 287.073 332.011
119.519 288.179 329.289
115.645 289.462 324.750
115.065 290.563 317.991
117.563 291.564 312.290
121.910 291.949 307.956
127.277 291.505 305.620
133.324 288.261 306.497
135.737 283.521 310.398
134.380 277.110 311.426
132.072 271.525 310.359
129.228 267.041 305.776
128.482 264.964 299.634
130.722 265.202 293.393
134.911 265.985 289.755
140.007 268.476 287.022
145.829 271.695 288.310
151.430 271.866 292.139
154.056 269.891 297.710
155.413 264.400 301.214
156.231 257.792 300.188
157.462 252.325 296.617
161.272 250.544 291.559
165.621 250.874 286.851
171.076 253.826 284.877
174.738 258.895 284.145
179.399 263.202 286.650
180.366 266.963 291.794
181.516 267.924 297.593
182.148 263.115 303.211
183.753 257.498 305.924
189.045 253.291 305.668
194.957 252.297 304.224
201.421 255.076 303.694
205.808 259.315 300.559
206.785 265.844 301.033
206.182 272.376 302.485
202.765 275.816 306.870
200.588 277.143 312.070
198.666 274.970 318.222
201.620 272.948 323.365
206.117 272.379 327.514
211.210 274.674 329.804
216.177 279.024 329.694
218.318 285.314 329.019
216.738 291.446 328.157
214.016 296.751 327.537
208.614 300.159 326.146
201.645 300.386 325.500
197.152 298.915 329.494
194.738 296.192 335.408
195.188 297.107 341.361
196.997 300.319 347.071
198.744 306.495 349.603
199.781 313.531 349.867
197.270 318.795 347.289
194.216 322.461 343.423
189.947 323.635 339.821
184.903 321.208 336.114
178.989 318.064 336.693
174.427 314.881 340.414
171.521 314.212 346.420
168.503 318.130 350.624
165.917 324.499 352.228
163.582 331.220 350.282
160.832 334.323 345.423
158.401 334.287 339.617
158.308 333.356 333.672
158.312 329.272 328.787
157.734 322.674 327.500
154.245 317.213 329.166
148.359 315.027 331.561
141.528 315.249 331.843
136.123 318.062 329.322
133.498 321.981 324.450
133.624 324.675 318.562
135.834 324.567 312.625
139.631 322.819 308.246
142.994 318.576 305.324
144.602 311.915 305.955
141.688 306.341 306.411
136.967 301.887 307.058
130.598 300.670 304.259
126.729 301.802 299.379
126.012 302.770 292.896
128.506 303.282 286.679
134.390 303.448 282.573
140.887 302.958 281.604
145.416 298.414 282.809
147.843 292.904 284.282
147.210 286.656 286.826
144.419 281.417 286.462
140.560 276.728 283.879
136.180 275.533 278.487
133.282 276.961 272.987
134.651 278.244 267.454
138.282 278.417 263.037
143.574 278.084 260.692
148.976 276.371 260.324
153.442 272.347 261.212
155.394 267.062 263.479
155.048 261.386 264.523
152.098 255.390 263.561
147.176 252.616 260.164
142.330 253.427 255.434
140.265 256.177 249.034
143.803 258.998 243.997
149.899 260.317 241.049
156.196 258.327 239.813
160.386 253.434 240.173
161.959 247.510 239.635
159.855 241.336 238.451
154.322 237.756 236.986
152.688 236.133 232.260
147.299 237.789 228.382
144.596 241.214 224.222
144.681 244.597 219.458
147.183 247.413 215.082
151.630 248.745 211.450
156.754 246.888 208.839
159.801 242.317 206.722
161.458 236.595 206.227
161.051 231.718 204.329
156.224 226.602 202.805
150.130 226.315 201.534
145.218 228.973 199.144
143.128 232.786 195.540
143.174 237.137 191.124
145.519 239.635 185.885
147.727 238.530 180.341
150.390 234.395 175.525
150.355 228.792 172.616
147.754 222.897 172.243
143.299 218.599 173.070
136.531 218.121 173.496
130.758 222.653 173.915
127.199 225.903 169.731
124.790 229.456 165.397
125.213 229.840 158.599
127.339 227.965 152.340
128.689 222.948 148.521
130.612 216.323 147.224
130.451 210.544 148.323
128.826 205.489 151.888
124.223 203.759 156.695
117.648 205.544 158.551
111.581 205.963 155.808
107.424 205.580 150.573
105.617 203.174 144.379
105.985 197.795 140.574
107.333 191.257 138.417
109.756 185.714 140.524
111.697 181.298 144.325
112.551 180.163 150.693
109.620 181.609 156.721
103.215 182.686 159.456
96.571 181.798 158.682
91.410 177.796 157.336
89.216 171.600 156.905
90.256 164.941 157.317
93.743 159.685 158.759
98.761 156.164 161.342
102.968 156.572 166.034
106.413 159.190 170.477
107.491 164.473 175.289
103.674 167.111 179.704
98.233 167.600 184.065
94.524 163.555 187.774
93.007 157.764 191.174
95.759 152.524 194.297
101.321 149.303 196.422
106.992 148.241 197.893
112.718 150.144 198.048
116.716 154.719 198.154
118.010 160.716 199.575
115.836 166.073 203.174
112.702 168.124 208.577
111.686 167.427 215.013
113.721 164.597 220.783
117.291 161.949 225.012
123.321 159.382 227.466
129.745 159.016 226.667
135.412 160.615 223.993
138.761 163.358 219.696
138.980 167.610 214.577
135.981 173.735 213.283
133.417 179.103 216.222
134.012 183.321 221.128
137.244 186.315 226.074
143.001 187.552 229.132
149.574 187.962 229.436
155.246 188.265 226.321
159.019 188.011 220.989
159.555 186.592 214.560
156.416 187.446 208.761
152.672 191.686 205.152
149.153 197.664 204.544
150.362 203.698 205.302
153.336 209.583 206.631
159.023 212.639 205.656
164.968 213.397 203.214
169.824 211.336 198.900
171.808 208.721 193.926
170.676 205.683 187.985
165.902 202.811 184.676
161.048 202.392 181.561
155.551 206.796 179.679
152.899 212.729 179.013
154.066 218.748 175.871
157.543 222.324 171.292
161.166 222.513 165.623
164.624 218.901 160.845
165.278 213.253 157.312
164.263 206.924 155.407
159.635 202.466 155.962
153.715 200.459 155.842
147.299 202.231 157.479
142.822 205.384 154.092
140.217 208.202 148.600
139.979 207.981 141.890
141.290 204.463 136.666
142.724 199.178 133.110
144.524 192.825 132.179
145.328 186.650 133.963
144.366 182.262 138.420
142.896 179.639 144.302
137.325 179.964 147.869
131.233 182.164 149.339
125.549 181.279 146.195
121.020 179.447 141.211
119.486 174.616 137.105
119.898 168.063 134.864
121.752 161.943 135.587
124.691 157.182 138.720
127.755 154.587 143.273
130.009 156.186 149.867
126.573 157.169 155.370
121.803 157.988 159.185
114.661 157.661 160.516
110.156 153.178 160.718
108.417 146.881 161.751
109.094 139.945 162.812
113.134 135.356 164.715
118.540 133.893 167.682
124.559 134.976 169.868
128.899 138.947 172.857
129.481 145.212 175.569
126.546 148.488 180.680
122.281 148.533 186.264
118.645 145.119 191.499
119.947 140.168 195.684
124.439 136.127 198.492
130.021 134.075 200.465
136.724 135.081 200.330
142.398 137.215 199.097
145.474 142.592 197.592
145.256 149.471 197.752
142.467 153.648 202.210
140.012 155.771 208.337
141.465 154.622 214.884
145.462 152.380 219.563
151.608 151.408 221.567
158.440 151.245 220.969
164.054 152.911 217.044
166.473 154.925 211.589
167.708 160.396 206.931
166.057 167.036 206.411
163.742 172.835 208.906
164.057 176.785 213.712
166.929 179.435 219.208
170.569 179.296 224.046
175.794 176.970 227.201
180.790 173.549 225.465
184.743 171.541 221.342
187.970 172.330 216.192
189.147 175.988 211.465
190.327 181.351 209.171
191.118 187.431 210.473
191.438 191.805 213.070
195.880 195.000 215.861
198.461 194.800 221.203
202.544 193.073 224.710
206.609 188.920 226.428
209.977 184.063 224.627
212.547 180.608 219.921
216.032 180.485 214.693
219.113 183.995 210.284
221.278 189.564 208.452
223.655 194.649 210.060
224.858 199.307 214.039
226.747 201.240 219.433
228.934 199.905 224.707
231.387 195.934 228.668
235.027 191.139 230.059
238.845 186.740 228.190
242.165 183.764 224.139
245.950 183.668 219.345
249.353 187.532 215.045
251.458 193.450 214.387
253.963 197.905 216.468
256.317 201.729 221.148
258.448 202.073 227.285
259.862 198.445 232.458
263.792 192.901 235.090
268.587 189.005 233.046
272.946 186.089 228.340
276.864 187.288 223.399
280.661 191.328 219.000
283.409 197.183 217.695
284.543 202.627 219.949
287.330 205.531 224.629
287.655 204.707 230.364
290.277 200.615 235.344
294.680 195.521 236.666
299.711 191.199 235.421
305.342 190.513 231.634
309.984 192.509 226.822
313.302 197.223 224.286
314.632 204.002 222.486
313.812 209.918 223.312
311.970 214.881 226.691
310.150 216.248 233.280
311.726 214.159 239.755
317.143 212.827 243.218
323.709 212.628 244.485
330.190 214.695 242.957
333.958 219.632 240.694
335.546 225.986 238.537
333.153 231.958 238.040
329.762 236.674 238.916
323.416 237.496 241.264
320.141 237.451 247.568
320.462 235.702 253.692
324.353 236.382 259.179
328.230 239.843 263.569
330.550 245.837 265.314
330.528 252.409 264.566
328.038 257.871 262.304
323.956 261.775 258.937
317.637 262.389 257.668
311.647 260.000 256.913
306.535 255.533 258.336
304.345 253.125 264.042
303.141 252.336 270.752
301.904 256.502 275.817
300.452 262.593 279.216
297.339 268.139 277.923
292.849 271.681 274.964
289.060 273.526 270.286
285.882 272.352 265.578
283.150 268.639 261.998
281.051 262.537 261.364
278.248 257.326 264.531
274.647 255.111 269.748
269.521 256.050 273.906
264.173 259.735 275.547
259.032 263.177 274.427
254.279 266.479 270.471
251.837 267.399 264.417
251.062 266.267 258.078
252.999 262.946 252.802
257.504 258.611 250.038
258.841 252.113 251.874
257.123 246.571 255.669
252.166 242.652 257.125
245.939 240.422 256.208
240.410 239.882 252.519
236.785 240.383 247.026
237.176 240.962 240.439
240.100 241.167 234.852
245.331 241.361 231.309
252.104 240.353 231.084
255.761 234.405 232.494
257.708 228.954 235.162
256.429 222.715 233.805
253.288 217.173 231.467
250.618 214.612 226.160
250.124 214.317 219.816
251.694 216.037 213.824
255.315 218.968 209.376
260.703 222.213 207.767
266.326 223.725 210.299
271.496 223.483 213.214
275.132 218.364 216.816
276.509 212.105 218.447
277.717 206.111 215.562
280.409 202.737 210.514
283.413 202.297 204.594
285.487 205.740 198.777
289.205 210.959 196.830
292.347 216.851 197.277
294.617 220.968 201.515
297.290 222.600 207.286
298.751 220.021 213.448
303.380 215.938 215.473
309.091 212.603 214.723
315.263 212.572 211.780
319.674 215.751 208.125
322.688 221.019 205.667
323.484 227.500 203.777
322.068 233.759 204.580
318.771 238.372 207.449
315.649 241.228 212.252
314.542 240.387 218.778
316.160 237.913 224.530
321.512 237.941 227.832
327.627 239.892 229.698
332.844 243.883 228.995
335.162 250.211 227.336
334.298 256.372 225.329
331.062 261.486 225.119
325.343 264.662 224.425
318.581 264.436 226.528
315.219 263.227 231.797
314.203 262.268 238.554
316.048 262.135 244.759
318.790 266.004 249.165
319.701 272.081 251.441
320.014 279.106 251.816
316.561 284.132 249.391
311.278 286.573 246.412
306.402 286.200 241.944
300.860 282.935 239.168
297.587 276.728 240.259
294.224 273.529 244.845
291.197 273.466 251.082
288.750 276.563 257.019
285.554 282.125 258.453
281.345 286.634 256.156
277.360 289.782 252.725
274.230 289.890 246.244
271.957 288.215 240.634
270.856 283.037 236.670
270.125 276.170 236.718
267.473 271.963 240.959
263.013 269.701 246.038
255.847 271.455 247.772
248.703 274.153 246.850
243.698 276.514 241.459
240.759 276.794 234.616
241.555 275.004 227.766
244.929 271.359 222.857
248.239 265.902 221.268
249.947 259.311 222.866
248.473 253.793 226.447
243.985 250.330 229.385
237.716 248.532 229.872
231.422 249.244 228.310
226.355 251.387 224.933
224.982 252.295 218.418
226.276 251.059 213.061
229.223 248.901 208.314
232.984 244.963 205.662
236.078 239.701 205.058
235.244 233.562 206.181
233.203 229.478 211.150
228.064 226.280 212.773
221.478 225.896 212.029
216.148 228.331 209.227
213.229 230.381 204.135
213.383 231.903 197.981
215.281 230.926 192.402
218.254 227.693 188.249
221.799 222.884 187.198
223.150 217.273 187.373
221.705 211.787 189.139
218.711 208.344 192.933
214.591 204.737 192.995
208.052 205.598 192.847
203.465 207.867 190.595
199.772 209.456 186.105
200.270 210.179 179.817
203.010 209.917 174.484
207.310 206.893 170.778
209.840 201.375 168.814
208.709 194.687 169.209
205.744 190.120 172.315
200.463 186.970 175.255
193.750 187.813 175.904
188.779 191.075 173.944
185.675 194.387 170.022
184.236 197.097 164.425
185.494 197.782 158.051
187.514 195.477 152.861
189.306 190.457 149.184
189.575 184.239 148.167
187.205 178.606 149.270
183.419 175.654 153.692
177.403 175.357 155.516
171.151 179.120 155.532
166.645 181.131 151.481
163.573 183.704 146.765
163.020 182.848 140.087
164.440 179.404 134.462
165.683 173.690 131.527
167.876 166.997 131.268
168.290 161.535 133.430
167.968 157.506 138.532
164.156 156.317 144.271
157.861 157.454 146.813
151.546 157.367 144.921
146.895 155.303 140.967
144.379 151.253 135.642
145.037 145.581 132.759
146.660 138.846 131.914
149.936 134.198 134.778
152.774 130.960 139.366
154.415 131.010 145.084
152.495 133.236 151.449
146.747 134.609 155.005
140.010 133.149 155.567
135.035 128.554 155.718
133.379 122.221 156.851
135.252 116.152 158.584
139.559 111.676 160.683
145.058 108.949 163.132
150.073 110.719 166.676
153.904 114.705 169.918
155.195 121.034 172.771
151.589 124.308 177.392
146.450 125.178 182.125
143.856 121.573 187.056
143.592 116.451 191.559
147.795 112.458 195.361
153.776 110.471 197.398
159.598 110.311 198.099
165.002 112.482 197.304
168.475 117.523 195.270
168.976 123.848 195.208
167.282 129.483 198.014
165.073 132.679 203.395
164.700 133.260 209.848
167.885 131.718 215.588
172.049 130.068 219.862
178.684 129.172 221.367
185.121 128.916 219.710
190.092 130.406 215.995
192.441 132.681 210.600
190.772 135.246 204.596
187.382 140.789 202.796
184.833 146.712 204.934
185.832 151.949 208.220
189.343 156.166 211.775
195.564 158.608 213.505
201.905 159.754 212.334
207.115 159.319 208.146
210.013 159.032 203.211
209.840 156.111 197.147
205.803 155.098 191.567
200.562 158.049 188.379
196.259 163.110 187.462
196.878 169.260 186.026
199.604 175.394 185.605
205.177 179.021 183.938
210.310 179.384 180.156
214.739 176.782 175.207
215.775 173.495 170.520
214.616 169.718 165.809
209.622 165.329 164.072
204.258 163.863 162.177
198.090 167.434 160.471
194.851 172.960 159.017
195.144 178.068 154.593
197.048 180.144 148.528
200.127 179.399 142.553
202.949 175.239 137.787
203.592 169.090 135.616
203.139 162.466 135.636
199.125 157.918 137.305
193.758 155.632 139.690
187.198 156.942 141.441
182.007 159.111 138.353
178.347 159.877 132.895
177.202 158.479 126.520
178.160 154.036 121.864
179.835 148.484 119.251
181.665 141.985 119.750
183.165 136.458 122.137
183.954 133.029 127.697
183.854 131.643 134.223
178.579 132.572 138.658
172.632 134.463 140.597
166.745 132.308 138.925
161.986 128.915 135.394
160.225 123.004 132.852
160.720 116.152 131.762
163.568 110.655 133.040
167.099 106.942 136.742
171.711 105.942 141.098
174.837 108.629 146.928
172.448 110.883 152.362
167.471 112.116 156.532
160.738 111.702 159.258
156.650 106.904 160.843
155.778 100.620 162.970
157.737 94.152 165.308
162.825 90.571 167.930
168.353 90.650 170.786
174.316 92.565 171.525
178.729 97.364 172.518
178.856 104.114 173.739
176.157 108.401 178.280
172.574 109.383 184.145
171.173 107.496 190.674
173.287 103.641 195.565
178.754 100.375 198.336
184.661 98.623 199.315
191.041 100.514 198.197
196.100 102.781 195.623
198.047 107.844 192.176
197.037 114.541 191.323
194.763 119.482 195.159
193.064 123.067 200.808
195.760 123.414 207.173
200.212 122.386 211.631
206.758 122.091 212.800
213.493 122.248 211.149
218.101 123.711 206.115
219.452 125.793 199.924
218.005 130.045 195.280
214.865 135.927 193.092
212.059 141.875 194.803
211.792 146.800 198.828
214.871 150.856 202.775
219.109 152.217 207.664
225.690 151.309 210.032
232.579 149.564 207.281
236.643 150.099 200.798
238.338 152.929 194.877
236.462 158.111 190.305
233.407 163.552 189.029
230.933 168.934 191.132
230.738 173.838 195.436
233.250 176.980 200.694
238.694 178.019 204.759
245.373 177.763 205.455
162.055 233.702 221.965
160.374 238.056 216.982
161.752 241.465 211.295
165.302 241.365 205.187
168.736 236.892 200.857
168.738 230.540 198.587
165.209 224.854 197.760
158.974 221.449 198.383
152.361 222.105 198.460
146.515 224.866 196.774
143.030 229.785 193.475
143.021 233.877 188.308
144.969 236.385 182.041
147.674 235.070 176.361
150.368 230.938 171.559
150.385 225.319 168.680
147.848 219.395 168.346
143.442 215.053 169.210
136.681 214.504 169.658
130.860 218.975 170.070
127.254 222.164 165.879
124.794 225.667 161.534
125.193 226.019 154.732
127.321 224.134 148.477
128.714 219.111 144.681
130.705 212.501 143.414
130.611 206.726 144.544
129.051 201.673 148.141
124.481 199.919 152.970
117.892 201.642 154.836
111.813 201.981 152.109
107.645 201.525 146.889
105.847 199.066 140.713
106.262 193.671 136.936
107.675 187.137 134.809
110.164 181.632 136.939
112.164 177.257 140.757
113.049 176.166 147.129
110.120 177.612 153.158
103.712 178.634 155.906
97.075 177.670 155.156
91.954 173.605 153.847
89.827 167.383 153.456
90.940 160.738 153.900
94.488 155.528 155.360
99.552 152.076 157.946
103.768 152.555 162.624
107.197 155.234 167.042
108.231 160.554 171.823
104.399 163.174 176.235
98.965 163.627 180.610
95.311 159.562 184.351
93.867 153.773 187.786
96.685 148.580 190.929
102.288 145.431 193.055
107.975 144.439 194.515
113.680 146.405 194.642
117.628 151.023 194.712
118.861 157.042 196.097
116.639 162.394 199.674
113.499 164.440 205.076
112.509 163.766 211.518
114.592 160.989 217.297
118.203 158.403 221.530
124.267 155.915 223.979
130.692 155.614 223.163
136.334 157.261 220.464
139.640 160.017 216.143
139.798 164.243 211.000
136.729 170.328 209.683
134.115 175.684 212.600
134.679 179.934 217.482
137.892 182.990 222.403
143.644 184.306 225.437
150.213 184.789 225.719
155.873 185.136 222.586
159.633 184.895 217.244
160.166 183.447 210.821
157.001 184.236 205.027
153.200 188.416 201.407
149.615 194.352 200.777
150.760 200.403 201.499
153.674 206.327 202.788
159.324 209.439 201.780
165.254 210.248 199.317
170.119 208.217 194.999
172.117 205.597 190.033
171.001 202.515 184.112
166.249 199.574 180.833
161.391 199.085 177.734
155.841 203.419 175.845
153.122 209.319 175.155
154.215 215.334 171.978
157.639 218.923 167.370
161.244 219.121 161.689
164.727 215.521 156.920
165.432 209.862 153.415
164.480 203.512 151.547
159.903 199.007 152.139
154.005 196.935 152.048
147.574 198.646 153.694
143.054 201.732 150.304
140.402 204.492 144.805
140.147 204.232 138.097
141.481 200.701 132.887
142.962 195.413 129.355
144.828 189.075 128.453
145.705 182.919 130.268
144.803 178.544 134.751
143.379 175.937 140.651
137.815 176.221 144.233
131.704 178.362 145.709
126.021 177.399 142.587
121.498 175.491 137.626
120.004 170.622 133.550
120.481 164.062 131.343
122.404 157.966 132.093
125.403 153.254 135.243
128.509 150.717 139.800
130.764 152.376 146.379
127.334 153.351 151.887
122.566 154.138 155.711
115.432 153.741 157.065
110.977 149.211 157.305
109.309 142.901 158.376
110.065 135.978 159.472
114.160 131.444 161.388
119.590 130.055 164.346
125.603 131.215 166.509
129.909 135.249 169.464
130.430 141.535 172.141
127.475 144.806 177.243
123.226 144.835 182.839
119.642 141.409 188.103
121.010 136.495 192.310
125.554 132.518 195.126
131.164 130.538 197.094
137.855 131.616 196.934
143.502 133.805 195.672
146.515 139.207 194.130
146.222 146.084 194.254
143.401 150.254 198.698
140.941 152.383 204.820
142.425 151.285 211.369
146.460 149.112 216.048
152.622 148.217 218.039
159.491 147.997 217.469
164.715 149.417 214.010
167.228 152.885 208.171
166.608 158.009 204.204
164.971 164.705 203.960
161.972 170.096 206.239
161.934 174.034 210.888
164.211 176.691 216.598
167.774 176.820 221.391
172.916 174.770 224.423
178.385 171.987 223.340
182.784 169.953 219.398
186.116 170.910 214.258
187.286 174.717 209.562
187.434 180.552 206.861
188.782 185.806 207.759
190.046 190.536 210.995
192.387 193.806 216.260
195.483 194.359 220.770
199.087 192.450 223.945
203.131 188.532 225.625
206.139 183.203 224.115
209.405 180.411 219.215
212.645 180.863 213.698
216.382 184.639 210.068
218.314 190.802 208.408
220.594 196.064 210.360
221.457 200.665 214.571
222.708 202.342 220.204
224.896 200.920 225.349
227.791 197.235 229.476
231.328 192.642 230.939
234.904 188.349 228.724
238.778 185.980 225.336
243.024 185.448 219.493
246.086 190.744 216.510
247.453 196.801 216.176
249.764 200.930 218.256
252.210 205.267 222.693
253.908 205.092 229.571
255.381 201.855 234.483
259.766 196.413 237.372
264.912 193.239 235.380
269.251 190.369 230.880
273.683 191.787 226.324
277.299 196.112 221.787
279.331 202.303 220.368
281.335 207.543 223.266
282.081 211.171 229.058
283.154 211.267 235.192
285.670 207.459 240.445
290.449 202.881 242.257
296.037 199.159 241.581
302.082 199.135 238.423
306.960 201.672 234.127
309.981 206.746 231.937
310.728 213.643 230.257
309.166 219.424 230.960
306.428 224.126 234.097
303.771 225.234 240.446
304.868 223.289 247.063
309.998 222.547 251.094
316.371 223.076 253.059
322.706 225.866 252.224
326.117 231.210 250.353
327.205 237.717 248.347
324.225 243.387 247.567
320.252 247.687 248.050
313.639 247.777 249.700
309.733 247.321 255.617
309.591 245.575 261.749
312.771 246.648 267.618
315.742 250.490 272.381
317.176 256.694 274.334
316.497 263.227 273.555
313.667 268.392 271.012
309.558 271.838 267.207
303.382 271.749 265.265
297.813 268.710 263.884
293.112 263.689 264.773
290.607 261.010 270.223
288.787 260.044 276.769
286.555 264.009 281.651
284.074 269.875 284.844
280.515 275.047 283.197
276.000 278.085 279.756
272.551 279.527 274.689
270.047 278.037 269.674
268.148 274.067 265.840
266.826 267.773 265.015
264.302 262.259 267.889
260.434 259.618 272.701
254.819 259.947 276.281
248.947 262.998 277.320
243.602 265.851 275.638
238.961 268.628 271.179
237.094 269.311 264.893
237.134 268.144 258.514
239.985 265.099 253.492
245.217 261.315 251.249
247.070 254.995 253.251
245.587 249.269 256.867
240.974 244.809 257.803
235.170 241.902 256.234
230.164 240.772 251.977
227.115 240.903 246.124
228.142 241.569 239.614
231.606 242.140 234.372
237.132 242.943 231.410
243.960 242.702 231.917
248.088 237.191 233.741
250.337 231.973 236.630
249.918 225.640 235.175
247.687 219.798 232.541
245.905 216.992 226.991
246.130 216.688 220.632
248.130 218.615 214.835
251.855 221.965 210.786
256.986 225.804 209.748
262.100 227.918 212.861
266.923 228.236 216.315
270.703 223.531 220.311
272.590 217.454 222.112
274.764 211.654 219.403
278.343 208.638 214.690
281.994 208.580 209.129
284.280 212.274 203.550
287.577 217.890 201.987
289.972 224.094 202.739
291.299 228.409 207.175
293.139 230.289 213.191
294.211 227.847 219.487
299.025 224.294 222.018
305.121 221.624 221.901
311.537 222.306 219.637
315.930 225.984 216.460
318.580 231.574 214.313
318.843 238.117 212.487
316.656 244.172 213.102
312.575 248.366 215.578
308.656 250.821 220.004
306.957 249.815 226.378
308.217 247.497 232.283
313.147 248.101 236.139
318.770 250.711 238.641
323.551 255.266 238.481
325.310 261.825 237.049
323.981 267.865 234.930
320.233 272.586 234.348
314.301 275.106 233.029
307.421 274.109 234.396
303.671 272.494 239.280
302.051 271.380 245.894
303.224 271.410 252.261
305.027 275.531 256.916
305.002 281.655 259.247
304.484 288.668 259.618
300.769 293.293 256.811
295.595 295.148 253.271
291.298 294.263 248.307
286.487 290.418 244.970
283.832 283.876 245.734
280.377 280.288 249.949
276.726 279.842 255.826
273.325 282.603 261.451
269.391 287.762 262.506
264.973 291.788 259.748
261.051 294.494 255.894
258.641 294.296 249.114
257.184 292.417 243.301
257.102 287.177 239.268
257.144 280.271 239.272
254.542 275.763 243.225
249.984 272.900 247.712
243.320 274.298 249.507
237.520 276.342 247.723
233.229 278.143 242.758
231.200 278.849 236.225
232.508 277.034 229.458
236.196 273.664 224.563
239.944 268.371 223.166
242.087 261.886 224.785
240.757 256.148 228.123
236.288 252.494 231.017
229.957 250.576 231.442
223.843 250.743 229.515
219.033 252.322 225.523
217.854 253.656 218.954
219.582 252.266 213.766
223.267 250.497 209.140
227.427 246.726 206.998
230.232 241.931 205.917
229.323 234.953 207.093
227.744 230.447 211.639
222.791 226.467 213.838
215.683 225.990 212.808
211.046 228.687 209.346
207.975 231.298 204.270
208.932 231.925 198.315
211.116 232.135 192.324
214.385 228.601 188.507
218.101 224.115 188.104
219.937 218.719 188.337
218.631 212.668 190.333
215.448 208.500 193.454
210.203 205.636 194.047
204.261 206.189 192.791
199.867 208.175 189.941
197.015 210.289 185.024
197.514 210.700 179.116
200.627 209.976 173.418
205.075 206.857 169.796
207.868 201.537 168.017
207.843 194.856 168.559
204.461 189.560 170.278
198.848 186.558 172.283
192.534 187.641 174.018
187.666 191.044 172.226
184.543 193.893 168.345
183.322 196.414 162.351
184.411 196.455 156.318
186.792 194.404 151.177
188.879 189.767 147.366
189.648 183.444 146.006
187.560 177.606 147.077
183.798 173.501 150.397
177.387 173.132 153.027
171.379 176.450 152.234
166.863 178.281 148.109
163.770 180.723 143.338
163.347 179.822 136.656
164.974 176.411 131.067
166.467 170.735 128.175
168.905 164.126 127.977
169.485 158.690 130.168
169.234 154.672 135.282
165.384 153.366 140.969
159.015 154.283 143.414
152.736 153.959 141.430
148.222 151.713 137.417
145.933 147.554 132.073
146.840 141.899 129.224
148.718 135.224 128.432
152.118 130.709 131.364
155.004 127.594 136.006
156.557 127.725 141.748
154.464 129.903 148.074
148.618 131.079 151.540
141.930 129.377 152.009
137.124 124.605 152.107
135.682 118.220 153.242
137.749 112.230 155.029
142.184 107.921 157.210
147.741 105.405 159.750
152.636 107.370 163.360
156.271 111.505 166.641
157.289 117.887 169.485
153.499 121.045 174.039
148.262 121.745 178.692
145.728 118.067 183.600
145.583 112.955 188.121
149.872 109.132 192.001
155.890 107.371 194.134
161.703 107.426 194.921
167.036 109.789 194.196
170.354 114.945 192.191
170.625 121.284 192.110
168.686 126.864 194.866
166.283 129.998 200.201
165.794 130.589 206.645
168.948 129.185 212.438
173.105 127.704 216.779
179.745 127.055 218.385
186.211 127.027 216.824
191.179 128.683 213.176
193.524 131.022 207.806
191.852 133.502 201.767
188.290 138.912 199.894
185.496 144.746 201.969
186.255 150.028 205.247
189.558 154.383 208.835
195.660 157.056 210.646
201.972 158.428 209.563
207.255 158.167 205.454
210.235 157.967 200.563
210.258 155.019 194.509
206.343 153.839 188.875
201.046 156.586 185.598
196.576 161.483 184.597
196.993 167.646 183.144
199.500 173.874 182.737
204.962 177.695 181.136
210.133 178.230 177.428
214.727 175.773 172.556
215.951 172.508 167.898
214.999 168.674 163.187
210.194 164.100 161.396
204.916 162.432 159.429
198.648 165.770 157.617
195.232 171.169 156.092
195.405 176.268 151.651
197.322 178.389 145.606
200.514 177.735 139.680
203.556 173.662 134.974
204.454 167.533 132.839
204.241 160.897 132.880
200.371 156.212 134.510
195.056 153.741 136.826
188.427 154.818 138.475
183.207 156.785 135.302
179.603 157.397 129.787
178.604 155.935 123.402
179.791 151.512 118.780
181.705 146.015 116.215
183.762 139.589 116.769
185.427 134.129 119.201
186.257 130.752 124.787
186.111 129.388 131.316
180.741 130.141 135.670
174.701 131.821 137.513
168.922 129.447 135.764
164.342 125.870 132.179
162.834 119.890 129.636
163.594 113.056 128.583
166.621 107.671 129.926
170.229 104.103 133.695
174.809 103.288 138.122
177.749 106.108 143.986
175.199 108.294 149.375
170.120 109.361 153.466
163.367 108.713 156.095
159.433 103.775 157.640
158.758 97.471 159.781
160.916 91.088 162.175
166.091 87.704 164.887
171.570 87.995 167.823
177.448 90.128 168.641
181.668 95.088 169.678
181.532 101.843 170.872
178.612 106.046 175.355
174.910 106.918 181.162
173.482 105.006 187.678
175.662 101.249 192.616
181.202 98.194 195.481
187.154 96.662 196.554
193.477 98.779 195.521
198.487 101.219 193.012
200.300 106.337 189.572
199.060 112.990 188.676
196.552 117.859 192.457
194.640 121.401 198.065
197.227 121.869 204.468
201.647 121.021 208.995
208.182 120.968 210.261
214.930 121.364 208.708
219.556 122.975 203.736
220.922 125.081 197.556
219.390 129.261 192.874
216.072 135.016 190.615
213.027 140.865 192.259
212.521 145.792 196.259
215.392 149.972 200.233
219.505 151.504 205.178
226.079 150.845 207.646
233.067 149.341 205.003
237.204 150.000 198.578
238.883 152.867 192.671
236.888 157.961 188.050
233.656 163.282 186.706
230.958 168.578 188.750
230.521 173.488 193.029
232.839 176.739 198.310
238.181 177.990 202.450
244.854 177.980 203.245
242.834 180.347 184.455
245.760 174.860 185.708
248.177 170.055 189.727
247.834 167.248 195.667
244.416 165.826 201.049
238.003 166.111 204.347
231.507 166.593 203.560
226.701 164.760 199.765
223.715 161.997 194.654
223.758 157.266 189.879
228.332 152.096 188.539
229.815 146.147 191.008
231.174 142.103 196.300
229.271 139.309 202.227
224.854 138.414 206.836
218.473 138.702 209.142
211.782 138.842 207.076
207.723 137.197 203.071
205.339 134.175 197.573
207.150 129.408 193.222
210.882 124.089 191.221
213.655 118.643 193.305
213.262 113.117 196.771
210.218 109.791 202.713
204.929 108.606 206.391
198.634 108.248 206.720
192.596 109.693 204.579
188.229 111.749 200.662
186.660 113.290 194.701
188.455 112.182 187.578
191.037 107.773 183.694
191.792 101.471 182.263
189.829 95.512 183.103
185.082 91.153 184.716
178.619 89.959 185.079
172.079 91.611 183.706
167.913 95.798 180.150
166.451 100.269 176.130
168.433 104.269 171.582
172.991 105.079 166.316
177.243 101.390 162.030
177.462 95.814 158.997
174.785 91.686 154.801
170.252 90.929 150.190
164.720 93.056 146.980
160.321 97.871 145.477
158.597 103.740 144.180
160.211 110.324 144.477
164.204 114.781 144.886
170.436 117.350 145.196
176.481 116.671 141.583
179.987 114.704 136.577
179.274 114.109 130.065
176.632 115.601 124.132
173.778 120.620 121.274
171.120 126.733 120.723
169.777 132.604 122.911
170.687 137.377 126.879
173.631 139.864 131.514
179.618 140.928 134.753
186.319 139.877 134.167
191.420 140.283 130.625
194.500 143.196 125.755
195.085 148.096 121.583
193.630 154.157 119.396
192.133 159.831 119.299
188.753 164.722 123.663
187.929 167.746 128.479
187.832 167.346 135.363
188.517 164.282 141.562
193.554 160.753 143.893
200.212 159.043 144.477
206.271 161.268 143.552
210.030 166.197 144.355
211.966 172.409 146.252
211.206 177.252 149.993
208.423 180.579 155.053
204.525 180.334 160.257
199.475 176.666 164.294
198.169 170.942 166.381
200.148 165.465 168.917
205.528 160.919 170.099
210.075 160.989 173.500
214.576 162.831 177.969
216.193 166.994 183.091
213.627 170.196 188.296
209.049 171.923 192.321
203.912 170.993 195.420
197.972 167.742 196.192
194.839 162.411 195.209
194.282 156.291 193.393
197.142 150.223 193.925
202.372 146.254 196.351
205.370 144.597 202.174
204.244 144.065 208.591
200.649 144.613 214.229
194.580 145.084 217.202
187.841 144.906 216.681
182.481 143.328 212.573
179.537 140.814 208.076
179.603 136.435 203.132
182.999 131.836 200.073
183.721 125.515 201.206
184.077 119.771 204.715
180.609 116.907 208.400
174.808 114.845 210.160
168.191 115.514 211.079
162.052 117.649 209.315
158.140 120.009 204.496
156.993 122.943 199.082
158.473 125.008 193.151
161.589 122.796 187.553
165.175 118.531 184.211
164.330 112.256 182.245
160.817 106.733 181.520
154.949 103.402 180.658
148.349 103.521 179.362
143.484 106.746 176.591
141.087 111.433 173.034
141.266 117.426 170.778
144.722 122.657 167.859
149.782 122.851 163.393
153.494 120.749 159.144
155.535 116.404 154.331
152.782 113.196 149.523
148.309 113.117 144.544
143.355 115.477 141.069
140.047 120.836 139.118
138.983 127.392 139.498
140.330 133.335 141.855
144.608 137.859 144.711
150.910 139.180 146.404
157.427 138.989 143.821
161.208 138.468 138.317
161.917 139.340 131.287
159.468 143.284 126.797
156.491 149.095 124.838
155.260 155.526 126.400
153.596 159.924 130.551
154.715 163.637 135.049
157.966 164.418 141.172
163.563 163.136 144.975
170.250 163.161 143.241
175.657 164.365 139.175
177.942 169.641 135.804
177.881 175.812 133.417
176.421 182.084 134.832
173.823 187.102 138.463
172.155 188.479 145.007
172.896 188.123 151.470
175.563 183.978 156.898
179.138 179.162 159.648
184.533 178.585 160.578
190.196 179.463 160.090
195.144 182.662 157.744
197.249 188.296 155.384
196.899 194.184 155.709
195.349 199.135 158.655
192.211 201.526 163.071
190.241 201.814 169.291
190.630 199.515 175.502
193.368 195.491 179.410
197.931 193.011 181.561
204.239 193.840 181.454
210.492 195.814 179.974
212.757 201.954 178.401
211.641 207.723 176.177
209.104 213.918 175.456
205.193 218.242 179.273
201.641 218.281 184.665
199.732 217.449 190.708
202.473 215.640 196.715
206.933 213.852 200.682
212.380 214.907 202.293
218.004 216.187 200.833
222.457 219.363 198.472
225.074 224.816 196.582
223.423 231.037 195.019
219.442 235.708 195.742
215.872 238.945 198.892
212.243 240.223 204.378
211.569 238.590 210.756
214.553 236.548 216.515
219.661 234.799 219.427
225.442 235.595 220.723
230.544 238.120 219.484
233.675 242.199 216.282
233.416 247.570 213.840
232.686 253.595 213.102
229.325 259.041 215.047
225.456 262.826 219.218
223.687 263.916 225.692
224.288 263.059 232.329
229.217 261.982 237.007
235.207 261.231 238.666
241.878 262.491 237.932
245.848 266.364 233.587
246.631 271.759 229.863
244.732 278.197 229.147
243.011 284.237 231.802
240.427 287.627 237.969
241.531 288.412 244.476
244.114 288.117 250.218
248.762 285.348 253.976
253.425 281.396 255.266
258.856 278.619 253.425
263.642 278.526 247.816
266.237 282.900 243.835
269.216 288.940 242.914
271.549 294.218 246.025
273.153 298.112 251.527
276.685 297.459 256.824
280.480 294.546 261.407
284.205 289.048 262.649
287.091 283.882 261.100
289.064 279.515 256.807
291.017 278.733 249.912
293.053 282.495 244.557
297.979 286.260 242.733
303.655 289.379 243.130
309.771 288.601 245.031
314.753 284.914 247.596
316.511 279.102 250.772
316.754 272.975 251.360
314.053 267.090 249.654
310.851 263.705 246.038
307.451 262.287 240.843
306.935 263.270 233.789
309.703 264.638 228.170
315.646 263.942 225.002
321.621 261.204 223.665
324.844 255.634 224.775
325.299 249.255 226.435
322.429 243.291 228.961
317.464 239.636 229.472
311.478 237.949 229.416
305.561 238.893 225.959
303.050 241.006 220.363
303.411 241.433 213.640
305.672 238.342 208.265
307.952 232.916 205.369
308.382 226.634 204.889
307.557 220.154 206.049
304.086 215.520 210.642
299.387 213.575 213.436
294.001 214.991 217.413
289.173 219.390 220.458
285.998 224.674 217.380
283.171 227.855 212.168
279.424 226.368 207.200
275.361 222.656 203.603
271.225 217.704 203.162
267.628 213.035 205.158
264.883 209.639 210.331
262.715 210.609 216.208
262.197 213.702 222.128
262.956 219.125 225.514
260.701 225.998 224.620
258.290 231.448 222.059
252.544 233.246 219.552
246.548 233.101 217.700
240.795 231.531 219.809
236.670 228.235 224.107
234.814 224.889 229.454
235.522 225.652 235.958
238.531 227.784 241.509
242.333 231.979 243.917
245.224 237.852 244.251
244.829 244.252 242.484
241.625 249.829 239.151
236.061 252.968 240.095
231.145 255.059 244.019
228.213 255.292 249.970
228.068 253.974 256.645
231.751 252.820 262.285
238.258 252.056 264.756
244.263 253.035 264.859
249.495 256.478 262.611
251.512 261.077 258.405
251.511 267.654 257.840
250.114 273.380 260.631
248.836 276.375 265.755
250.998 277.553 271.831
253.811 275.884 277.655
257.900 272.496 281.786
263.480 268.966 282.661
267.826 264.548 280.017
271.534 261.252 275.589
274.957 263.409 269.971
276.695 267.771 265.371
280.769 272.709 265.478
284.722 276.990 268.177
288.505 279.134 273.211
293.002 277.932 278.142
296.686 273.268 281.057
299.667 267.700 280.931
300.190 261.536 279.067
299.074 256.623 274.158
300.427 255.937 267.822
303.040 257.836 262.210
307.345 261.984 257.833
313.524 263.378 257.833
319.646 262.178 258.943
324.777 258.219 260.911
326.264 252.091 263.103
324.892 245.547 263.803
321.378 240.286 263.077
315.930 236.996 260.810
310.429 236.419 256.234
309.152 238.024 249.771
312.048 238.442 243.333
317.535 236.881 238.761
321.288 231.722 238.077
322.789 225.154 238.938
321.002 219.187 241.302
317.360 215.262 244.516
311.910 212.718 245.652
304.840 212.668 246.228
298.852 215.929 243.613
297.210 217.368 237.231
297.668 216.815 230.286
298.274 211.651 226.272
298.484 205.120 224.832
296.587 198.943 226.483
293.183 194.279 230.444
287.760 193.826 235.154
282.266 195.940 238.336
277.198 200.568 238.956
273.683 206.700 237.026
271.265 208.877 231.899
268.383 208.600 226.578
266.976 205.080 220.567
265.585 198.894 219.283
264.584 192.400 220.239
261.260 188.751 223.952
257.093 188.044 229.318
253.647 191.288 233.808
249.243 194.710 235.094
245.406 199.046 233.592
242.300 202.267 229.083
241.311 203.797 223.359
240.052 202.969 216.606
238.409 196.530 213.591
236.992 190.606 214.291
233.592 186.563 216.527
230.193 184.308 221.458
225.944 185.551 225.576
221.675 188.703 227.675
217.826 192.999 227.645
214.564 197.016 224.762
211.891 199.982 219.540
210.788 198.922 212.706
208.611 195.471 208.667
207.303 189.153 206.153
205.604 184.005 208.743
203.927 180.362 212.459
202.634 177.364 217.402
198.785 178.282 222.256
194.128 181.485 225.783
188.989 184.651 225.877
184.701 187.781 223.394
181.145 188.857 218.227
179.792 187.243 212.722
178.727 183.300 208.731
178.610 177.658 206.950
179.246 171.948 208.568
178.299 167.300 211.433
175.717 163.433 216.718
170.881 162.520 220.592
164.651 162.965 222.127
158.126 164.190 219.719
154.490 165.005 214.812
152.383 163.417 208.675
154.781 159.610 203.461
158.517 154.751 200.777
160.045 148.454 201.674
159.105 142.417 204.368
154.959 138.688 209.254
148.695 137.468 211.083
142.245 137.988 210.701
136.863 140.344 207.916
133.446 143.859 204.232
132.780 146.707 198.362
135.626 146.745 191.632
138.793 142.905 187.373
138.554 137.227 184.459
135.772 131.551 183.528
130.345 127.517 183.524
123.805 127.353 182.896
117.872 130.088 181.029
114.792 135.654 178.329
114.587 141.072 175.375
117.924 145.497 172.048
123.056 146.499 167.742
127.473 143.706 163.207
127.440 139.084 158.511
125.059 136.010 153.351
121.113 136.800 148.291
116.446 140.383 145.081
112.749 145.573 144.034
111.530 152.234 144.247
114.105 158.325 145.888
118.537 161.980 148.015
124.848 163.497 149.540
131.344 163.130 146.505
135.224 161.502 141.547
135.722 162.363 135.136
134.182 165.571 129.539
132.064 171.219 127.355
130.038 177.654 127.907
129.112 182.952 131.198
129.888 186.669 136.170
132.361 187.394 141.582
137.702 186.487 145.583
144.185 185.677 145.966
150.156 185.951 142.826
154.065 189.362 138.910
155.404 194.895 135.630
155.302 201.207 135.779
154.221 207.283 136.863
150.901 211.464 141.968
150.087 213.407 147.105
148.965 211.752 153.626
148.014 206.601 158.359
152.521 202.114 160.699
158.724 199.465 161.403
164.619 201.555 162.767
168.882 205.347 165.159
170.742 210.619 168.641
170.229 214.870 172.876
166.778 217.433 178.037
161.902 216.395 182.277
156.984 213.262 184.852
154.497 206.901 186.143
155.709 200.501 186.859
159.606 195.057 188.008
163.989 193.798 192.311
167.814 194.281 197.324
169.295 197.132 203.184
166.710 198.942 208.558
161.536 201.232 212.642
155.506 200.133 214.138
149.774 197.517 214.102
146.008 193.095 211.478
144.824 187.521 208.283
147.297 181.096 207.726
151.697 175.967 209.765
153.535 172.970 215.446
151.413 171.067 221.238
147.106 170.856 226.358
140.879 171.521 228.669
134.110 172.465 227.148
129.073 172.526 222.693
126.863 171.255 217.033
127.264 168.334 211.103
130.432 163.963 207.469
130.728 157.389 207.463
129.718 151.218 209.868
125.344 148.188 212.270
119.093 146.724 212.770
112.557 148.022 212.809
107.028 151.129 210.470
104.104 154.650 205.902
104.310 159.368 201.091
106.711 162.596 195.755
110.265 160.720 190.262
114.092 155.943 186.669
112.453 151.348 183.829
108.982 147.335 181.177
103.065 144.718 178.577
96.680 146.064 176.953
92.294 150.389 174.616
91.074 156.026 171.946
92.373 162.137 171.012
96.645 167.320 169.545
102.244 168.090 166.111
106.298 166.679 161.528
109.053 162.778 156.187
106.557 161.406 150.446
102.534 162.107 145.343
98.724 166.355 141.725
95.976 172.316 141.001
95.818 178.661 142.593
97.716 183.789 146.048
101.693 187.056 150.272
108.105 187.647 153.027
114.744 186.576 151.292
118.953 186.535 145.902
120.539 188.698 139.541
120.056 194.338 136.580
117.775 200.601 135.391
116.451 206.369 138.233
115.055 209.957 143.116
115.747 212.330 148.496
118.006 211.520 154.883
123.104 209.010 158.977
129.824 208.634 158.208
135.907 209.720 155.227
138.907 214.987 152.753
139.820 221.394 152.684
138.823 227.498 155.324
135.998 231.910 159.747
133.478 231.929 166.491
133.145 229.580 172.492
134.915 224.904 177.512
138.406 219.098 179.524
144.229 217.306 179.673
149.969 218.063 180.868
155.446 221.759 181.658
157.966 228.117 182.264
157.229 235.070 184.065
154.240 238.708 188.478
151.576 239.495 194.699
149.792 236.710 200.990
151.063 232.359 205.671
154.216 227.108 208.969
160.195 223.923 210.244
166.836 224.786 210.180
173.175 227.739 209.656
176.753 233.776 210.655
