-8.720 -18.659 -25.941
-2.883 -15.213 -25.601
0.540 -14.056 -30.803
3.268 -10.828 -35.046
6.824 -6.068 -37.497
10.305 -0.184 -37.101
15.543 2.317 -33.888
18.455 3.997 -27.564
21.404 0.064 -22.926
24.801 -5.906 -21.929
27.086 -11.287 -23.477
30.736 -15.017 -27.416
33.483 -16.325 -33.594
39.079 -14.356 -36.881
42.796 -9.305 -40.225
47.894 -6.357 -38.363
44.457 -7.829 -20.922
40.739 -2.082 -23.134
39.082 1.105 -28.725
35.183 1.138 -34.417
32.045 -1.730 -39.794
27.667 -6.589 -40.654
22.729 -10.897 -38.011
20.496 -15.232 -32.604
16.268 -14.237 -26.479
14.374 -10.121 -21.779
10.842 -4.787 -20.193
7.941 1.710 -20.769
3.806 4.581 -25.430
-0.933 2.637 -30.542
-3.267 0.332 -35.549
-9.270 -2.764 -36.873
-29.724 -30.058 -1.625
-23.888 -32.462 -3.766
-20.110 -36.388 0.155
-17.425 -41.274 2.036
-13.750 -46.805 1.461
-10.237 -51.393 -1.633
-4.708 -51.955 -5.404
-2.366 -50.300 -11.962
0.649 -44.339 -13.898
4.008 -38.944 -11.678
6.513 -35.240 -7.476
9.966 -33.901 -1.901
12.528 -36.267 3.969
17.658 -39.815 6.098
22.334 -44.943 6.540
27.553 -46.686 3.300
23.924 -37.483 -11.344
20.027 -43.472 -11.989
17.752 -48.943 -8.699
13.641 -51.617 -4.070
10.732 -51.431 2.353
7.009 -47.057 5.773
2.065 -42.167 4.934
-0.441 -36.201 2.100
-4.515 -34.088 -3.528
-6.478 -35.232 -9.718
-10.064 -39.016 -13.923
-13.115 -44.898 -16.383
-17.076 -49.606 -13.593
-21.485 -50.523 -8.445
-24.010 -51.141 -2.846
-29.832 -49.503 0.296
-11.192 -5.992 33.678
-12.779 -2.566 28.105
-13.055 -3.042 21.341
-12.292 -5.512 15.892
-12.809 -10.462 11.615
-14.098 -16.497 9.705
-18.857 -20.995 9.731
-23.318 -25.113 13.334
-29.138 -23.387 16.155
-34.309 -18.958 16.179
-37.289 -13.810 14.700
-38.970 -8.941 10.382
-39.426 -6.854 4.146
-42.057 -8.353 -1.566
-42.606 -12.814 -7.069
-45.441 -18.869 -8.123
-50.833 -21.028 9.314
-46.040 -24.594 6.283
-41.093 -25.404 1.996
-35.564 -23.002 -0.703
-31.688 -17.754 -3.237
-28.906 -12.329 -0.865
-27.602 -8.423 4.910
-28.324 -6.376 11.438
-28.319 -8.168 17.942
-27.060 -12.683 22.530
-22.717 -17.109 25.174
-18.025 -22.202 24.451
-11.778 -22.137 22.433
-6.018 -18.816 20.683
-1.755 -14.800 19.704
1.667 -10.110 22.194
4.212 -2.259 -18.548
7.131 -7.362 -15.050
12.639 -10.797 -12.408
18.458 -9.092 -10.062
22.062 -4.145 -7.000
23.722 1.852 -5.143
22.026 6.676 -0.778
17.037 11.281 1.440
11.469 10.156 5.036
8.249 6.153 9.382
7.375 1.316 12.945
9.142 -3.087 17.306
13.645 -6.354 21.056
17.455 -5.318 26.340
22.697 -1.735 29.563
11.978 11.754 23.858
18.187 11.662 22.155
23.026 8.339 18.736
26.477 2.534 16.791
24.652 -2.990 13.402
20.033 -6.311 9.717
14.042 -7.457 6.529
8.528 -4.799 3.352
5.839 0.317 0.301
6.252 5.169 -4.527
10.031 9.512 -8.389
14.882 8.822 -12.971
18.975 5.583 -17.016
21.502 0.301 -19.808
21.346 -6.639 -21.177
7.379 9.027 76.382
13.966 10.043 74.373
18.455 7.274 70.147
20.809 2.409 66.284
19.664 -2.817 62.513
15.754 -5.838 58.246
11.476 -5.240 53.256
5.278 -2.684 50.798
3.731 3.502 48.664
5.925 9.557 46.448
9.917 13.844 44.975
15.294 16.121 42.106
21.133 15.228 38.973
23.554 13.040 33.244
24.114 7.546 28.696
5.899 8.670 29.960
8.981 3.054 30.999
13.965 -0.316 34.189
20.547 -0.510 36.740
23.285 2.387 42.102
22.723 6.443 47.522
19.836 10.724 51.968
14.212 12.747 55.298
8.175 11.458 57.256
3.762 7.267 60.337
1.646 0.764 61.760
4.062 -4.194 65.491
8.717 -7.170 69.399
14.118 -7.766 73.030
18.943 -4.705 76.935
