-8.720 -18.659 -25.941
-2.883 -15.213 -25.601
0.540 -14.056 -30.803
3.268 -10.828 -35.046
6.824 -6.068 -37.497
10.305 -0.184 -37.101
15.543 2.317 -33.888
18.455 3.997 -27.564
21.404 0.064 -22.926
24.801 -5.906 -21.929
27.086 -11.287 -23.477
30.736 -15.017 -27.416
33.483 -16.325 -33.594
39.079 -14.356 -36.881
42.796 -9.305 -40.225
47.894 -6.357 -38.363
44.457 -7.829 -20.922
40.739 -2.082 -23.134
39.082 1.105 -28.725
35.183 1.138 -34.417
32.045 -1.730 -39.794
27.667 -6.589 -40.654
22.729 -10.897 -38.011
20.496 -15.232 -32.604
16.268 -14.237 -26.479
14.374 -10.121 -21.779
10.842 -4.787 -20.193
7.941 1.710 -20.769
3.806 4.581 -25.430
-0.933 2.637 -30.542
-3.267 0.332 -35.549
-9.270 -2.764 -36.873
-29.724 -30.058 -1.625
-23.888 -32.462 -3.766
-20.110 -36.388 0.155
-17.425 -41.274 2.036
-13.750 -46.805 1.461
-10.237 -51.393 -1.633
-4.708 -51.955 -5.404
-2.366 -50.300 -11.962
0.649 -44.339 -13.898
4.008 -38.944 -11.678
6.513 -35.240 -7.476
9.966 -33.901 -1.901
12.528 -36.267 3.969
17.658 -39.815 6.098
22.334 -44.943 6.540
27.553 -46.686 3.300
23.924 -37.483 -11.344
20.027 -43.472 -11.989
17.752 -48.943 -8.699
13.641 -51.617 -4.070
10.732 -51.431 2.353
7.009 -47.057 5.773
2.065 -42.167 4.934
-0.441 -36.201 2.100
-4.515 -34.088 -3.528
-6.478 -35.232 -9.718
-10.064 -39.016 -13.923
-13.115 -44.898 -16.383
-17.076 -49.606 -13.593
-21.485 -50.523 -8.445
-24.010 -51.141 -2.846
-29.832 -49.503 0.296
-11.192 -5.992 33.678
-12.779 -2.566 28.105
-13.055 -3.042 21.341
-12.292 -5.512 15.892
-12.809 -10.462 11.615
-14.098 -16.497 9.705
-18.857 -20.995 9.731
-23.318 -25.113 13.334
-29.138 -23.387 16.155
-34.309 -18.958 16.179
-37.289 -13.810 14.700
-38.970 -8.941 10.382
-39.426 -6.854 4.146
-42.057 -8.353 -1.566
-42.606 -12.814 -7.069
-45.441 -18.869 -8.123
-50.833 -21.028 9.314
-46.040 -24.594 6.283
-41.093 -25.404 1.996
-35.564 -23.002 -0.703
-31.688 -17.754 -3.237
-28.906 -12.329 -0.865
-27.602 -8.423 4.910
-28.324 -6.376 11.438
-28.319 -8.168 17.942
-27.060 -12.683 22.530
-22.717 -17.109 25.174
-18.025 -22.202 24.451
-11.778 -22.137 22.433
-6.018 -18.816 20.683
-1.755 -14.800 19.704
1.667 -10.110 22.194
4.212 -2.259 -18.548
7.131 -7.362 -15.050
12.639 -10.797 -12.408
18.458 -9.092 -10.062
22.062 -4.145 -7.000
23.722 1.852 -5.143
22.026 6.676 -0.778
17.037 11.281 1.440
11.469 10.156 5.036
8.249 6.153 9.382
7.375 1.316 12.945
9.142 -3.087 17.306
13.645 -6.354 21.056
17.455 -5.318 26.340
22.697 -1.735 29.563
11.978 11.754 23.858
18.187 11.662 22.155
23.026 8.339 18.736
26.477 2.534 16.791
24.652 -2.990 13.402
20.033 -6.311 9.717
14.042 -7.457 6.529
8.528 -4.799 3.352
5.839 0.317 0.301
6.252 5.169 -4.527
10.031 9.512 -8.389
14.882 8.822 -12.971
18.975 5.583 -17.016
21.502 0.301 -19.808
21.346 -6.639 -21.177
7.379 9.027 76.382
13.966 10.043 74.373
18.455 7.274 70.147
20.809 2.409 66.284
19.664 -2.817 62.513
15.754 -5.838 58.246
11.476 -5.240 53.256
5.278 -2.684 50.798
3.731 3.502 48.664
5.925 9.557 46.448
9.917 13.844 44.975
15.294 16.121 42.106
21.133 15.228 38.973
23.554 13.040 33.244
24.114 7.546 28.696
5.899 8.670 29.960
8.981 3.054 30.999
13.965 -0.316 34.189
20.547 -0.510 36.740
23.285 2.387 42.102
22.723 6.443 47.522
19.836 10.724 51.968
14.212 12.747 55.298
8.175 11.458 57.256
3.762 7.267 60.337
1.646 0.764 61.760
4.062 -4.194 65.491
8.717 -7.170 69.399
14.118 -7.766 73.030
18.943 -4.705 76.935
-15.503 -9.888 37.903
-12.478 -11.365 32.335
-10.484 -10.601 25.667
-8.427 -6.579 20.800
-3.688 -2.636 20.370
-4.161 -8.640 17.167
-0.666 -12.520 12.478
5.231 -13.916 10.332
11.923 -14.103 9.016
17.334 -15.004 13.101
20.451 -15.802 19.163
19.244 -18.759 25.146
15.024 -21.088 30.089
10.419 -25.692 31.608
8.856 -31.873 29.600
16.158 -30.914 13.391
9.922 -29.719 14.101
4.219 -27.804 17.336
2.718 -23.077 22.312
4.322 -18.960 27.229
8.349 -13.825 28.667
12.706 -9.053 27.026
13.802 -4.429 22.894
13.004 -1.287 16.918
8.406 -0.497 12.608
-3.593 2.747 37.820
-7.206 6.381 33.969
-11.650 7.120 29.098
-15.901 4.373 24.683
-20.164 -0.815 23.544
11.705 -0.126 -5.504
7.157 4.181 -3.545
0.765 6.655 -3.871
-5.179 4.946 -1.238
-8.762 0.791 2.575
-12.515 6.077 -0.132
-15.527 10.928 3.386
-18.562 13.237 8.878
-20.906 14.424 15.146
-18.336 15.028 21.524
-12.955 15.102 25.854
-6.914 17.204 26.230
-1.376 20.410 24.066
2.349 23.568 19.569
2.329 29.229 15.824
-16.067 30.451 17.114
-12.819 28.504 11.470
-8.725 24.778 8.219
-4.443 19.398 8.961
-1.055 14.905 12.349
-1.760 10.394 17.202
-5.299 6.284 21.074
-10.852 2.786 21.202
-16.579 0.824 19.011
-20.019 -1.202 15.233
4.692 -9.112 7.941
1.230 -11.872 3.430
-2.304 -11.360 -2.127
-4.489 -8.146 -7.542
-4.409 -3.375 -12.145
-21.149 -6.463 15.732
40.680 9.562 -4.677
34.554 11.376 -2.979
27.560 10.619 -2.592
22.322 6.587 -1.910
20.320 3.144 2.735
17.698 9.198 0.573
13.078 13.208 3.707
8.510 14.230 8.326
5.611 14.171 14.345
7.979 14.850 20.852
12.880 15.543 25.526
18.894 18.722 26.029
24.795 20.960 23.298
27.513 25.727 19.719
26.420 31.808 17.129
8.724 31.312 19.853
11.147 30.255 13.602
15.477 27.709 9.471
20.748 23.152 9.275
25.091 19.019 12.271
25.403 13.975 16.702
22.724 9.045 20.319
18.345 4.502 20.014
12.939 1.295 17.853
37.290 -2.637 7.371
34.663 -6.422 2.906
31.178 -7.080 -2.680
27.979 -4.460 -7.904
27.774 0.610 -12.455
9.671 -2.923 11.790
9.249 -5.753 11.319
9.677 -6.880 13.853
36.962 -0.158 -5.594
32.506 4.148 -3.538
26.009 6.912 -3.948
20.568 5.209 -1.113
16.754 0.587 2.443
12.657 5.793 0.091
9.763 10.743 3.573
6.569 13.218 9.065
4.335 14.290 15.388
6.997 14.850 21.768
12.461 15.030 26.044
18.472 16.997 26.171
24.258 19.564 23.644
28.077 22.757 19.100
27.764 28.634 16.260
9.565 29.608 17.355
12.446 28.174 11.455
16.619 24.574 8.467
20.800 19.057 8.927
24.221 14.479 12.436
23.368 10.006 17.414
19.795 6.257 21.176
14.110 2.729 21.314
8.068 1.258 18.803
30.120 -8.866 8.047
26.680 -11.411 3.426
23.323 -11.115 -2.092
21.324 -8.222 -7.576
20.796 -2.921 -12.178
4.915 -2.160 15.115
3.896 -4.618 14.118
3.965 -6.163 16.348
36.111 3.815 13.764
38.861 4.769 10.370
35.580 1.997 5.632
35.488 -3.766 1.962
37.172 -10.274 3.020
39.303 -15.530 6.841
40.826 -17.355 13.957
38.319 -16.688 21.171
33.310 -16.258 25.494
26.824 -17.416 28.157
20.786 -16.404 24.617
18.168 -23.257 21.906
26.349 -26.930 30.601
28.574 -28.887 24.734
31.865 -28.647 19.992
33.184 -26.723 14.262
29.893 -23.335 8.971
27.598 -19.146 6.776
25.133 -12.209 6.256
24.740 -7.310 11.282
27.290 -3.774 15.902
32.822 -2.078 19.336
11.994 186.094 59.428
4.776 187.856 58.903
1.315 184.296 53.994
1.180 181.169 47.794
3.393 176.156 43.801
7.413 170.884 42.686
11.687 166.268 45.690
13.325 162.674 50.782
11.816 159.658 56.087
7.460 156.579 60.245
1.274 154.124 62.020
-4.723 153.628 59.273
-8.433 150.540 56.151
-11.157 149.440 49.445
-9.187 145.371 43.660
-4.203 142.479 39.760
0.541 137.798 39.850
4.180 133.622 43.254
4.478 128.951 48.973
1.778 125.837 54.241
-4.126 123.935 57.610
-10.048 121.441 56.165
-14.621 118.338 52.199
-15.762 114.136 47.749
-13.980 110.123 42.233
-9.193 106.683 39.348
-2.734 103.732 38.509
2.154 101.925 41.308
6.934 100.808 46.168
6.920 100.016 53.130
2.840 98.410 58.634
-0.890 93.287 61.036
-2.301 86.652 60.365
-2.518 80.964 56.701
1.554 76.081 55.217
7.026 73.149 52.549
14.018 73.651 53.479
19.433 76.072 56.902
22.044 79.127 62.579
20.306 81.906 68.730
16.362 80.801 74.262
14.195 76.311 78.627
14.782 70.251 81.931
18.378 65.250 83.173
25.088 64.242 85.138
32.151 64.533 85.313
37.879 68.202 83.827
40.843 74.173 84.716
40.012 80.759 84.528
36.649 86.233 86.663
32.251 88.086 91.438
30.144 87.075 97.997
32.810 86.478 103.730
37.639 85.767 108.662
43.722 87.766 110.230
49.391 90.439 109.281
54.375 94.116 105.680
55.160 99.466 102.389
52.341 103.964 97.763
47.677 108.463 97.575
42.794 112.112 100.396
40.178 114.910 106.553
41.962 118.399 110.631
45.798 122.011 114.792
51.017 125.302 116.147
56.021 129.416 114.122
59.656 131.969 110.086
60.585 135.455 103.627
58.718 134.758 97.196
53.942 133.481 92.771
47.310 134.405 91.794
41.483 137.047 94.808
38.981 142.654 96.573
38.568 148.959 97.763
40.091 154.911 95.388
41.614 159.023 90.615
44.828 161.019 85.028
45.493 159.415 78.373
46.136 154.683 73.827
43.055 149.566 70.988
37.404 146.072 70.922
30.754 145.780 70.988
24.748 149.201 70.162
21.515 154.398 67.498
21.244 158.783 62.516
23.328 161.069 56.913
25.852 160.222 50.660
29.072 156.731 45.776
31.022 150.848 42.995
30.678 144.329 43.320
28.071 139.102 46.861
21.620 136.169 47.679
15.122 136.734 46.883
10.030 137.393 42.394
8.016 136.631 36.455
8.767 136.340 29.660
12.864 133.723 24.531
17.909 129.781 22.829
22.645 124.916 24.907
24.690 120.214 29.334
23.111 115.615 33.587
18.608 113.924 38.524
13.247 110.143 38.517
8.643 106.335 35.697
8.079 100.879 31.708
10.533 96.665 28.578
15.284 93.093 24.818
21.458 90.767 24.680
28.054 89.709 26.745
32.589 89.811 31.816
34.574 93.003 37.745
32.381 91.817 43.922
27.991 90.177 48.357
25.036 84.360 51.045
25.512 77.683 50.556
27.157 71.970 49.059
32.678 67.062 48.411
39.424 66.064 48.438
45.155 67.537 50.876
49.558 72.781 51.077
51.250 77.366 55.853
48.625 81.417 60.613
46.677 80.897 67.205
43.839 77.333 72.589
46.130 72.501 76.643
50.957 69.943 79.990
57.670 67.687 80.769
63.640 69.480 80.693
68.733 74.525 79.406
70.055 80.908 77.446
68.812 87.036 76.052
63.448 91.459 76.332
60.220 95.057 81.258
58.922 96.526 87.577
61.367 96.811 94.093
66.317 98.576 96.891
72.903 100.984 97.204
78.687 104.791 94.838
81.371 109.101 89.919
80.023 112.095 83.319
75.987 115.895 80.472
69.708 118.837 79.471
65.823 122.618 83.690
65.523 127.020 88.795
68.288 131.651 92.365
72.407 136.591 93.630
77.046 141.032 90.793
79.893 143.450 84.944
79.452 144.130 78.954
76.821 143.546 72.592
70.758 142.722 69.336
63.925 143.059 69.287
58.277 145.795 71.486
54.805 150.820 74.625
54.329 156.713 76.786
56.872 163.296 77.531
60.385 168.406 74.319
63.049 171.333 68.836
63.309 171.364 61.699
59.706 171.421 56.523
54.202 171.142 51.313
47.128 172.779 51.604
42.977 176.506 55.145
40.168 180.357 59.919
40.952 185.237 64.830
44.994 190.204 67.681
54.764 190.277 52.408
58.646 188.654 57.584
58.067 186.354 63.598
56.149 182.615 68.400
51.745 178.550 70.472
46.488 174.729 70.814
43.601 169.232 67.313
45.048 163.811 63.826
48.979 159.909 60.471
55.199 157.909 58.609
61.178 157.474 59.348
66.993 158.531 62.505
69.853 158.781 67.662
71.092 160.439 73.389
70.082 159.126 78.334
66.520 156.474 84.039
63.515 151.580 85.298
60.263 145.947 83.557
60.681 140.100 79.651
63.971 136.265 75.615
70.342 134.313 73.774
76.338 133.262 74.858
81.908 132.280 78.566
84.464 130.839 84.771
83.688 128.304 90.945
80.024 124.706 94.966
74.271 122.039 97.209
68.499 118.388 95.769
65.280 114.473 91.610
64.295 111.613 85.527
68.123 108.260 80.833
73.177 103.847 79.276
76.984 99.159 82.364
77.809 93.747 86.445
75.926 89.393 90.943
69.777 86.258 94.341
63.596 84.645 92.916
57.526 84.591 89.437
54.567 86.304 83.650
56.340 87.320 76.746
59.755 85.150 71.291
63.630 80.083 69.271
64.037 73.616 68.007
60.792 67.864 66.837
55.058 64.674 66.478
48.579 63.198 66.683
42.006 65.357 66.667
37.316 70.164 65.127
36.330 75.985 62.606
39.137 81.820 59.684
42.693 82.780 53.720
44.800 80.514 47.440
42.888 78.409 42.299
38.522 75.096 37.745
31.820 74.704 36.871
25.573 75.805 37.242
19.937 80.002 40.037
18.396 85.653 40.716
19.735 91.490 43.938
23.558 96.922 42.422
27.990 100.651 38.488
29.687 101.769 32.041
27.486 103.388 26.616
23.244 105.151 22.239
17.012 106.639 20.195
12.107 110.615 20.397
7.004 113.552 23.997
5.535 116.936 29.540
7.574 120.087 34.495
12.362 120.304 39.647
18.711 122.847 39.425
24.263 125.736 36.261
26.028 130.299 31.942
25.348 136.512 29.627
21.712 142.253 29.798
17.879 146.306 32.072
15.060 149.781 37.698
14.176 150.434 44.050
14.651 147.304 49.899
18.488 143.877 54.397
25.135 142.158 55.508
31.881 143.308 54.724
35.988 148.323 55.017
37.956 154.867 55.909
36.973 160.235 59.649
34.333 163.671 64.394
31.230 164.439 70.417
29.916 161.629 76.096
28.760 156.106 80.075
31.130 150.961 81.943
35.006 145.182 80.496
41.723 143.687 80.166
48.082 145.629 80.386
52.993 149.045 83.860
54.810 150.400 89.866
53.902 152.117 96.381
50.246 150.704 102.229
45.667 146.398 105.008
42.574 140.339 105.194
41.545 134.129 102.751
44.273 128.655 99.971
49.036 126.614 95.743
55.273 124.395 96.800
59.625 121.736 100.830
61.604 118.775 106.205
59.765 114.852 111.678
55.435 110.966 114.458
49.409 109.183 116.952
44.401 105.267 114.695
40.048 103.662 110.422
37.374 103.793 103.992
39.791 101.429 98.296
45.057 99.383 94.296
49.021 94.047 93.902
50.570 87.935 95.726
49.727 82.055 98.918
45.816 77.556 101.528
39.912 74.659 101.015
33.326 73.882 99.274
27.524 76.958 97.037
25.724 80.675 91.556
27.398 83.009 85.335
29.724 81.288 79.073
33.794 76.896 75.066
32.643 71.803 72.335
29.169 66.098 70.404
23.193 63.270 70.263
16.370 63.261 70.552
10.545 66.836 69.461
7.671 72.561 69.718
7.451 79.377 69.554
11.667 84.632 68.111
14.090 87.117 62.063
15.804 86.560 55.508
13.600 84.946 49.240
6.960 83.665 45.767
1.163 84.718 44.529
-4.741 88.445 45.226
-8.773 92.238 50.088
-9.109 97.646 53.348
-6.504 102.946 56.517
-0.761 107.034 56.698
2.778 109.617 51.662
3.701 110.998 44.713
0.124 113.242 39.473
-4.414 117.984 37.601
-9.243 122.260 38.162
-14.343 125.441 41.857
-15.235 129.003 47.912
-12.697 131.300 53.583
-7.530 133.447 57.633
-0.942 135.062 58.156
4.208 138.440 55.342
7.147 142.033 50.479
6.534 146.584 46.217
4.032 151.650 42.478
-2.063 155.434 42.372
-6.228 159.411 46.075
-6.694 162.817 50.956
-4.846 165.526 57.374
0.061 167.245 61.845
6.263 169.665 62.399
12.076 171.645 60.786
15.787 175.310 56.496
17.491 174.751 49.416
15.370 179.406 44.530
9.466 -53.915 -32.577
13.793 -49.721 -33.663
15.499 -44.373 -33.911
13.439 -39.431 -35.108
13.213 -33.138 -32.462
10.765 -26.940 -31.022
11.041 -31.960 -26.632
8.350 -36.044 -31.242
3.287 -37.138 -33.801
0.190 -38.657 -38.360
3.833 -33.083 -37.560
7.227 -36.935 -39.031
3.078 -36.931 -43.104
1.733 -36.849 -48.348
6.679 -35.364 -52.883
11.556 -35.092 -56.281
16.776 -33.024 -57.434
20.258 -28.731 -57.108
19.320 -23.078 -56.953
13.785 -23.373 -55.778
9.927 -24.505 -51.873
7.113 -27.552 -47.771
2.858 -26.066 -42.763
5.990 -20.506 -43.937
11.267 -19.684 -44.375
15.379 -20.760 -40.656
20.393 -24.599 -38.659
18.505 -30.545 -40.498
21.598 -34.808 -42.702
21.204 -39.927 -44.926
18.096 -44.446 -45.632
13.428 -47.948 -44.870
9.673 -51.006 -41.911
6.193 -52.362 -37.151
1.853 -52.036 -32.249
-0.981 -48.602 -28.666
-1.064 -44.143 -25.523
2.647 -41.630 -22.260
7.691 -41.693 -19.759
12.722 -44.360 -18.425
110.382 116.549 40.151
115.508 112.511 38.428
120.669 112.158 34.155
125.239 115.362 30.441
128.992 120.653 30.486
130.215 127.419 31.807
129.364 131.671 36.814
127.326 133.887 42.798
128.054 133.067 49.314
128.635 129.427 55.293
133.424 125.153 58.098
142.262 123.781 42.566
139.070 118.331 45.257
133.548 116.189 47.939
126.804 117.231 48.695
121.547 121.660 49.700
118.726 126.318 45.685
117.465 130.280 40.685
116.959 131.283 33.937
117.317 128.803 27.614
116.937 123.639 23.694
114.175 117.921 22.468
112.770 97.481 35.686
119.418 99.154 35.440
125.312 97.079 37.983
128.943 92.067 40.314
130.213 85.852 39.233
128.516 79.095 38.034
124.610 75.986 33.590
120.383 75.257 28.511
119.771 76.341 21.943
120.161 80.088 15.940
125.697 82.571 12.343
138.198 79.527 24.521
135.887 85.720 22.828
131.154 89.880 21.376
124.656 91.511 22.660
118.093 89.398 23.324
115.094 85.773 28.152
113.839 82.271 33.386
114.805 80.865 40.036
117.774 82.591 45.961
120.498 87.330 49.687
120.693 93.404 51.723
226.521 167.013 -12.923
232.873 167.114 -14.354
234.548 167.595 -7.760
233.558 162.489 -3.679
236.502 162.491 2.485
239.277 166.669 6.718
241.286 172.490 9.167
242.874 178.828 9.942
240.356 185.051 8.815
236.965 189.906 5.741
230.759 192.365 5.062
222.139 177.959 11.660
223.008 178.652 4.825
226.147 181.920 -0.294
231.533 184.544 -3.140
238.039 184.369 -4.109
243.435 180.723 -4.476
246.610 175.445 -3.915
249.090 168.756 -4.649
250.667 166.700 -5.947
252.789 168.195 -6.948
11.169 197.677 9.718
14.362 203.064 11.263
15.521 204.547 4.678
10.642 206.202 0.470
12.236 208.765 -5.723
17.085 208.760 -9.358
23.081 207.937 -12.120
29.554 206.361 -12.811
33.428 201.073 -11.908
36.004 195.548 -9.142
35.181 189.006 -8.301
18.315 188.623 -14.969
19.424 188.926 -8.134
23.714 190.114 -2.908
28.784 193.472 -0.062
31.773 199.208 0.906
31.407 205.763 1.377
28.302 210.989 0.909
29.155 210.900 -1.032
23.971 216.516 1.280
22.878 218.899 2.687
25.277 219.957 3.708
60.648 112.635 8.939
63.518 118.228 11.675
60.930 118.363 6.105
58.451 120.756 0.276
61.936 123.050 -5.341
66.588 124.004 -9.915
72.653 122.890 -12.647
78.843 121.403 -13.296
83.016 116.142 -12.581
85.645 110.560 -9.711
85.010 104.307 -8.929
67.948 103.544 -15.839
68.573 104.201 -8.477
73.075 105.291 -3.436
77.849 108.746 -0.299
81.392 114.191 0.645
81.016 120.635 1.226
78.091 126.577 0.599
73.712 131.369 1.409
72.767 133.649 2.772
74.979 134.972 3.861
29.431 -1.998 9.704
26.351 -4.468 4.681
23.208 -3.688 -1.110
21.696 0.123 -6.322
22.983 5.522 -10.224
11.387 34.869 16.723
14.358 33.299 11.451
19.086 29.530 8.454
22.920 24.247 10.171
25.071 19.629 14.696
23.371 15.990 19.955
18.799 12.468 23.142
13.258 9.739 23.203
7.695 8.065 20.117
36.306 9.339 1.803
32.375 13.219 0.427
25.466 14.080 1.105
19.146 11.797 0.055
16.156 6.399 1.535
12.691 12.259 1.503
9.868 17.308 4.962
6.700 19.960 10.355
4.080 21.167 16.407
6.728 22.066 22.760
11.977 23.187 26.712
18.504 24.296 27.540
24.502 26.342 25.298
28.986 28.844 21.060
29.424 34.225 16.933
4.279 4.557 16.374
3.043 2.066 15.363
3.186 0.569 17.835
40.396 6.279 -6.478
39.994 4.849 -8.855
41.311 2.353 -9.034
29.455 -2.054 9.760
26.367 -4.484 4.701
23.273 -3.685 -1.051
21.633 0.104 -6.245
22.787 5.521 -10.140
11.269 35.088 16.467
14.123 33.367 11.333
19.055 29.736 8.208
22.581 24.260 10.074
24.650 19.717 14.623
23.277 16.165 20.128
18.649 12.569 23.157
13.163 9.805 23.134
7.648 8.026 20.334
7.602 8.064 20.302
4.169 5.884 16.663
36.247 9.486 1.682
32.209 13.152 0.654
25.314 14.133 0.998
19.107 11.783 -0.028
16.181 6.494 1.620
12.766 12.369 1.572
9.870 17.414 5.038
6.653 20.048 10.411
3.992 21.332 16.478
6.603 22.197 22.796
11.808 23.279 26.811
18.248 24.670 27.451
24.336 26.524 24.917
28.791 28.970 20.699
29.177 34.429 16.753
3.039 1.897 15.348
2.817 0.284 17.591
4.141 4.884 16.484
3.040 2.383 15.381
3.352 0.979 17.874
40.092 5.807 -6.017
39.950 4.937 -8.670
41.416 2.493 -9.111
