41.113 26.544 60.927
36.172 32.099 59.148
33.872 36.472 54.343
33.130 37.692 47.877
32.058 34.857 42.025
28.486 30.321 38.748
26.761 24.001 37.078
21.752 28.414 38.099
14.170 30.123 37.851
9.560 31.369 42.646
7.590 35.190 47.610
8.012 40.511 51.576
10.291 46.875 52.926
11.712 52.128 49.955
9.122 46.638 33.697
15.576 46.845 35.892
19.717 47.456 40.884
22.421 45.864 47.695
21.979 40.439 51.938
19.535 35.037 54.746
17.616 29.585 53.915
21.694 23.230 55.007
26.428 19.760 52.591
32.320 18.684 49.418
36.699 20.029 44.076
39.749 25.336 41.855
43.052 31.235 42.911
45.285 35.910 46.866
40.534 16.960 -3.811
34.244 18.508 -2.559
27.302 17.656 -2.789
22.294 13.471 -2.093
20.197 10.152 2.478
17.826 16.513 0.503
12.787 19.947 3.493
8.302 21.210 8.401
5.257 21.167 14.489
7.553 21.962 20.910
12.650 22.812 25.419
18.682 25.942 25.817
24.490 28.322 23.199
27.366 32.929 19.274
25.939 39.175 17.164
8.466 38.194 19.594
10.823 36.789 13.638
15.571 34.933 9.107
20.440 30.097 9.128
24.645 25.809 12.009
24.909 20.948 16.610
22.188 16.048 20.431
17.720 11.494 20.104
12.241 8.610 18.166
10.624 5.971 11.758
37.185 4.299 7.999
34.855 0.527 3.191
31.600 -0.246 -2.444
28.460 2.428 -7.734
28.450 7.611 -12.216
8.250 0.386 14.648
40.565 17.043 -4.357
34.559 18.624 -2.934
27.395 18.034 -2.744
22.239 14.102 -1.936
20.235 10.862 2.500
17.551 16.783 0.250
12.683 20.544 3.356
8.403 21.682 8.273
5.317 21.629 14.262
7.731 22.311 20.658
12.757 22.932 25.306
18.588 26.147 25.957
24.500 28.731 23.447
27.318 33.350 19.800
26.266 39.559 17.465
8.674 38.628 19.762
10.742 37.114 13.798
15.469 35.337 9.304
20.744 30.595 9.219
24.970 26.478 12.358
25.162 21.481 16.503
22.528 16.488 20.007
18.139 11.884 19.739
12.569 8.802 17.476
10.832 6.298 10.972
37.178 4.623 7.514
34.644 0.893 2.934
31.194 0.263 -2.733
27.873 2.957 -7.836
28.076 7.901 -12.462
8.379 0.788 13.986
37.473 4.400 7.432
34.775 0.644 2.837
31.325 -0.022 -2.749
28.349 2.697 -8.036
28.154 7.616 -12.572
8.661 38.607 19.895
11.087 37.347 13.844
15.475 34.854 9.573
20.735 30.185 9.274
25.021 26.006 12.278
25.374 20.815 16.515
22.716 15.959 20.254
18.366 11.316 20.007
12.971 8.004 18.098
40.962 16.729 -4.780
34.803 18.411 -2.809
27.890 17.742 -2.568
22.782 13.713 -2.311
21.276 8.849 1.863
17.803 15.080 1.176
12.656 18.704 3.547
8.421 20.313 8.071
5.648 21.039 14.275
8.016 21.788 20.681
12.920 22.397 25.432
18.954 25.546 26.071
24.744 27.750 23.251
27.574 32.519 19.400
26.367 38.811 17.567
-1.322 20.526 10.805
-2.757 15.562 6.687
-4.284 12.437 0.833
-0.938 10.286 -4.629
4.754 9.686 -8.026
11.221 8.815 -7.387
17.324 9.288 -4.266
19.389 6.131 1.534
18.443 2.635 7.100
15.671 -2.240 10.437
13.283 -8.244 11.183
11.929 -7.620 -7.221
6.172 -8.048 -3.435
3.257 -5.768 2.074
4.381 -0.980 7.072
7.973 3.714 10.184
12.010 9.106 9.576
15.586 13.717 5.763
14.119 18.014 0.870
10.475 21.108 -3.654
5.423 21.308 -8.404
-1.327 21.977 -8.164
-18.536 3.653 -27.831
-19.240 5.315 -20.669
-17.133 2.468 -15.343
-12.777 4.365 -11.937
-8.233 -0.558 -9.496
-2.078 -1.574 -10.054
4.467 -0.634 -12.624
8.510 4.132 -15.180
-3.727 18.343 -9.762
-4.078 16.859 -16.538
-2.717 13.165 -21.763
-0.644 7.967 -24.992
0.288 1.691 -25.901
-2.133 -4.347 -23.209
-5.472 -8.466 -21.727
-11.622 -11.713 -21.352
-18.660 -11.306 -22.103
36.753 7.762 -5.592
31.845 11.786 -3.811
25.160 13.575 -4.240
19.341 11.638 -1.879
16.396 8.094 2.704
12.677 13.408 -0.275
9.714 18.392 3.447
6.718 20.692 8.958
4.219 21.833 15.263
7.032 22.287 21.591
12.256 22.386 25.957
18.327 24.578 26.635
23.820 27.634 24.847
27.832 30.822 20.203
27.570 36.570 16.685
9.552 37.136 17.730
12.460 35.868 11.976
17.200 32.207 8.651
21.049 26.655 9.133
24.268 21.951 12.319
23.506 17.299 16.947
19.827 13.462 21.002
14.308 10.082 20.971
8.408 8.467 18.580
30.266 -2.021 8.111
26.614 -4.683 3.508
23.120 -4.485 -2.161
21.197 -1.675 -7.642
21.026 3.147 -12.555
5.056 5.076 14.616
3.859 2.784 13.622
4.065 1.253 16.331
72.925 0.663 -206.648
78.836 1.257 -208.026
84.483 -1.403 -207.244
90.049 -1.559 -205.411
94.241 0.712 -201.666
98.345 4.651 -198.753
101.385 5.193 -192.365
98.563 7.137 -187.658
92.962 9.286 -183.559
86.127 9.663 -183.328
81.655 5.133 -181.424
80.830 -1.342 -182.505
99.492 -5.389 -177.643
96.874 -8.065 -183.098
92.469 -8.552 -187.909
88.018 -5.832 -191.518
82.596 -1.554 -193.055
81.688 5.060 -193.720
84.148 10.604 -194.541
87.289 16.160 -195.005
88.384 18.236 -201.294
92.510 16.018 -205.812
95.117 12.327 -210.613
94.623 6.051 -212.565
