17.339 10.531 23.489
18.546 6.902 18.472
19.759 2.196 14.281
13.594 3.797 13.348
8.330 -0.279 9.719
1.775 -0.986 10.265
-4.285 0.325 13.397
-7.996 4.454 17.110
4.220 17.935 9.812
4.403 17.112 16.456
2.185 14.138 22.124
-0.924 8.688 24.801
-1.743 2.361 24.444
0.893 -3.173 22.555
5.998 -6.560 22.143
12.021 -8.445 24.198
18.036 -7.810 26.371
-16.403 14.805 5.283
-12.640 17.155 0.358
-8.061 21.897 -0.712
-4.767 27.800 0.222
-1.505 31.381 4.495
-0.900 34.664 10.275
5.605 34.506 11.737
9.008 32.323 16.159
12.696 27.149 18.256
16.505 22.079 16.205
17.901 16.949 11.808
20.444 15.407 6.770
14.800 28.265 -1.402
11.303 22.846 -0.948
7.992 19.044 3.200
6.936 15.523 8.908
4.335 16.465 14.605
-1.441 18.166 16.619
-6.934 21.636 17.306
-9.098 27.829 17.855
-12.059 31.691 13.460
-14.366 33.910 7.564
-16.634 32.294 1.503
-20.169 27.679 -1.889
9.356 46.444 33.240
15.605 46.587 36.161
20.362 46.979 41.516
22.206 45.360 48.546
21.285 40.128 53.097
18.665 34.871 55.298
16.822 28.807 54.272
21.741 23.187 54.971
26.320 19.695 52.647
32.044 18.488 49.282
36.536 20.044 44.169
39.722 24.991 41.641
42.569 31.043 42.593
45.401 35.349 46.739
40.219 26.499 61.446
35.526 32.193 59.351
34.034 36.653 54.426
32.985 37.367 47.276
31.750 34.631 41.651
28.593 29.951 38.404
26.480 23.807 36.936
21.940 28.915 37.815
14.334 30.054 38.128
9.404 31.160 42.485
7.195 35.311 47.139
7.611 40.560 51.230
9.986 46.778 52.823
11.955 52.622 49.577
