27.261 25.580 29.561
29.613 27.303 23.105
27.684 30.297 17.916
22.755 33.425 14.179
16.835 35.920 13.407
12.672 40.526 16.156
9.064 43.903 20.675
9.832 49.030 24.794
13.889 52.904 29.261
20.098 55.117 30.200
25.175 57.840 27.294
28.270 60.997 22.264
29.343 63.303 16.140
25.922 67.098 11.638
20.766 70.605 10.395
14.696 73.405 10.820
11.165 76.638 15.077
10.396 81.032 19.934
11.780 83.420 26.391
16.792 86.360 28.450
22.059 89.955 27.915
26.327 93.900 24.610
27.903 97.436 18.442
25.443 101.416 14.051
20.965 104.410 10.467
13.959 104.996 27.431
9.543 100.731 23.806
8.583 98.387 17.348
11.334 96.210 11.624
16.630 92.573 10.174
20.925 88.518 10.775
26.773 85.712 12.947
28.081 82.692 18.341
26.957 79.082 23.385
23.665 75.133 27.819
18.362 71.309 28.263
13.019 68.333 26.166
10.816 64.749 20.645
11.108 61.373 16.074
14.727 57.019 11.837
20.352 54.358 10.490
25.490 50.504 13.272
27.814 49.469 19.361
27.282 48.874 26.151
23.935 45.749 30.525
19.371 41.143 32.706
15.294 36.578 31.158
10.614 33.176 27.395
10.315 29.338 22.023
13.532 24.857 18.383
