27.261 25.580 29.561
29.613 27.303 23.105
27.684 30.297 17.916
22.755 33.425 14.179
16.835 35.920 13.407
12.672 40.526 16.156
9.064 43.903 20.675
9.832 49.030 24.794
13.889 52.904 29.261
20.098 55.117 30.200
25.175 57.840 27.294
28.270 60.997 22.264
29.343 63.303 16.140
25.922 67.098 11.638
20.766 70.605 10.395
14.696 73.405 10.820
11.165 76.638 15.077
10.396 81.032 19.934
11.780 83.420 26.391
16.792 86.360 28.450
22.059 89.955 27.915
26.327 93.900 24.610
27.903 97.436 18.442
25.443 101.416 14.051
20.965 104.410 10.467
13.959 104.996 27.431
9.543 100.731 23.806
8.583 98.387 17.348
11.334 96.210 11.624
16.630 92.573 10.174
20.925 88.518 10.775
26.773 85.712 12.947
28.081 82.692 18.341
26.957 79.082 23.385
23.665 75.133 27.819
18.362 71.309 28.263
13.019 68.333 26.166
10.816 64.749 20.645
11.108 61.373 16.074
14.727 57.019 11.837
20.352 54.358 10.490
25.490 50.504 13.272
27.814 49.469 19.361
27.282 48.874 26.151
23.935 45.749 30.525
19.371 41.143 32.706
15.294 36.578 31.158
10.614 33.176 27.395
10.315 29.338 22.023
13.532 24.857 18.383
187.171 192.400 116.519
184.044 197.278 117.348
178.374 201.110 119.195
172.259 201.291 122.148
167.901 198.773 126.797
167.259 195.331 132.551
169.685 191.745 137.721
174.993 190.956 142.242
181.291 193.090 143.650
185.289 197.828 145.675
186.939 204.534 147.767
184.086 208.662 150.810
179.358 212.860 153.524
173.171 212.633 157.430
168.564 208.948 160.554
165.824 203.526 162.779
166.350 196.978 164.258
170.566 192.350 166.231
177.019 191.331 169.002
181.484 193.531 173.313
182.293 196.509 179.537
180.034 199.480 184.864
175.510 199.086 190.292
170.853 196.231 193.748
165.715 191.190 194.164
164.261 185.332 192.780
165.668 179.407 189.835
171.237 175.670 188.015
177.752 174.280 189.573
182.321 173.844 194.751
183.460 172.125 200.690
181.862 168.993 206.271
178.047 164.546 209.188
173.684 159.512 208.949
169.339 155.464 205.893
167.236 152.242 200.473
167.488 150.985 193.822
171.437 151.543 188.207
177.582 149.332 186.640
183.352 146.250 188.214
186.179 140.798 190.604
185.672 134.254 191.710
182.099 128.898 191.858
176.361 125.530 189.842
171.675 124.337 185.723
168.119 126.068 180.032
168.019 129.593 174.544
170.867 131.961 169.489
176.311 132.519 165.771
182.338 129.677 163.721
184.435 124.330 160.992
183.888 117.961 159.172
180.589 113.457 156.369
176.236 111.327 152.558
170.895 111.044 148.991
165.311 114.099 146.107
162.643 119.507 144.238
162.742 126.397 143.681
167.519 131.341 143.090
173.687 132.997 140.318
177.593 132.327 135.146
178.225 131.107 128.658
175.600 129.938 122.820
170.511 129.878 118.370
165.105 132.904 116.319
159.968 137.131 117.045
156.355 141.482 120.621
156.796 146.671 124.483
160.684 151.150 127.502
166.436 154.979 127.074
169.692 158.891 122.890
170.298 161.750 116.723
167.103 164.662 112.077
161.727 167.405 109.292
156.095 170.446 109.516
150.631 172.821 112.888
147.496 174.590 118.243
147.565 175.616 124.709
151.573 176.187 129.855
156.973 180.091 131.928
161.846 184.676 130.703
162.572 191.107 128.606
159.597 196.805 127.863
154.505 201.171 127.648
149.076 203.350 130.737
143.766 202.316 135.325
142.131 199.588 140.726
143.001 194.562 145.439
147.000 193.071 150.029
153.330 192.757 152.549
157.588 196.917 155.627
158.209 202.823 159.041
156.287 206.581 162.281
151.342 208.850 167.028
146.162 208.433 170.756
141.321 205.263 173.970
138.212 199.781 175.948
137.426 192.573 175.011
140.023 187.655 175.695
145.696 183.950 176.154
151.678 183.255 178.820
155.244 184.030 184.309
156.195 186.817 190.337
153.792 186.212 196.383
149.900 183.641 200.771
144.429 179.996 203.172
141.995 174.295 202.673
138.706 169.557 198.782
140.373 165.232 193.772
145.718 162.193 190.960
151.931 159.436 191.577
157.496 158.153 195.776
158.912 155.042 200.918
157.800 149.945 205.167
154.363 144.555 206.534
148.586 140.504 206.265
145.682 136.909 202.030
141.766 136.994 196.204
142.025 137.619 189.852
145.828 139.499 184.558
151.770 138.139 181.413
157.230 133.970 180.605
159.780 127.655 181.256
157.959 121.260 181.361
153.429 116.622 180.142
147.766 114.408 177.010
143.032 115.592 172.867
139.885 119.264 168.143
140.071 123.476 163.419
143.815 128.028 159.547
149.719 127.669 156.008
154.395 123.283 153.317
154.999 118.351 149.123
152.633 114.204 144.521
148.236 112.000 140.289
141.783 112.715 137.710
137.448 117.261 135.438
134.836 124.002 135.810
136.453 129.560 134.112
140.434 135.305 133.069
145.786 136.804 129.495
150.990 135.797 125.549
152.780 133.465 119.967
151.521 129.374 115.247
147.068 127.592 110.719
141.529 129.379 107.443
136.639 133.244 105.976
135.083 139.659 104.956
136.257 145.946 104.663
140.939 150.271 102.500
146.079 151.934 99.280
151.381 150.402 94.202
153.141 145.967 89.257
150.853 143.369 84.565
145.006 142.698 81.309
140.324 144.264 76.529
138.259 150.655 74.200
138.245 157.585 74.778
143.472 162.604 75.965
149.068 164.998 76.841
155.048 165.635 74.499
160.425 163.217 70.767
163.001 159.897 65.496
162.886 159.155 58.878
159.048 161.322 53.592
153.974 164.840 50.953
152.404 171.748 50.696
153.248 178.230 52.190
171.311 173.678 54.479
168.813 175.214 60.624
163.649 177.496 64.052
156.872 178.224 63.398
151.028 175.234 60.651
147.317 169.518 57.919
147.376 162.658 57.262
148.979 156.086 58.842
151.508 152.318 63.075
155.516 151.848 68.924
158.585 154.143 75.521
155.678 155.779 80.822
150.698 159.487 83.925
143.975 159.626 85.014
137.650 156.671 85.741
136.328 150.797 87.680
137.313 144.513 88.601
139.881 138.924 90.684
146.363 136.446 92.121
151.117 137.796 96.536
153.112 141.109 101.916
151.587 144.555 107.367
147.127 146.249 111.965
141.606 144.468 115.276
136.695 140.658 116.772
135.230 134.181 117.839
137.804 127.200 118.668
142.917 121.398 117.933
149.260 120.644 121.974
152.975 122.864 126.903
153.903 126.546 132.385
151.564 130.068 137.765
146.255 131.567 142.079
140.002 129.640 143.915
135.962 125.346 146.218
135.187 118.230 147.817
137.933 112.768 150.332
143.148 109.580 153.600
148.002 109.728 157.804
153.706 112.699 160.801
156.842 118.213 162.700
156.004 124.668 164.411
151.843 129.122 166.566
145.508 130.366 169.379
141.468 128.187 174.154
140.478 124.330 179.989
142.606 121.761 185.429
148.126 122.012 190.119
154.400 124.900 193.357
157.531 130.312 193.911
159.271 136.058 192.585
157.363 142.118 189.936
152.193 145.871 188.367
145.565 147.415 190.134
141.430 147.664 195.265
140.067 149.088 201.839
141.519 152.207 206.588
145.967 156.890 209.723
150.129 161.639 209.256
155.014 165.502 205.943
156.913 168.433 200.362
155.891 170.512 194.007
151.913 170.267 188.616
145.242 171.775 187.290
140.158 175.564 188.558
136.935 180.825 191.677
137.834 187.141 192.777
141.752 192.625 192.708
146.122 196.185 190.433
151.377 197.814 185.996
154.491 196.405 180.263
154.887 192.034 174.597
151.641 189.868 170.231
145.938 189.144 166.524
140.392 191.970 164.386
137.801 197.505 161.852
138.120 203.693 160.165
141.606 208.939 157.783
146.243 210.971 153.773
150.815 210.514 149.292
156.980 207.714 147.016
159.315 202.156 144.715
158.942 195.485 144.394
153.978 190.472 143.653
147.993 188.912 140.905
143.519 189.667 135.940
142.670 190.901 129.640
145.212 192.464 123.578
149.666 191.582 118.965
155.646 189.059 116.671
160.387 184.765 117.165
164.319 180.461 120.870
163.901 175.336 124.376
159.988 170.927 127.830
154.356 167.051 127.355
150.872 163.321 122.987
150.215 160.174 117.639
153.249 157.443 112.183
158.139 154.529 109.400
164.310 151.791 109.555
169.452 149.069 112.239
173.312 147.634 117.746
173.094 146.383 123.939
169.293 145.864 129.405
164.193 141.903 131.657
159.167 137.317 130.501
158.450 131.011 128.578
161.332 125.068 127.298
166.207 120.713 127.281
172.160 118.436 129.931
176.588 118.657 134.665
179.364 121.761 140.123
179.122 126.015 144.562
174.984 129.045 149.122
168.651 128.971 151.937
164.162 125.042 155.131
163.711 120.155 159.390
166.304 115.040 162.815
170.567 113.202 166.782
176.269 113.876 170.288
181.096 116.892 173.141
185.319 121.673 174.351
185.775 128.226 174.505
182.481 134.555 173.876
177.243 137.574 175.555
171.118 138.275 178.434
167.910 136.714 183.755
167.617 135.249 190.380
170.353 134.484 196.400
174.600 137.069 200.747
179.907 141.276 202.575
183.156 146.804 201.005
184.471 151.913 198.207
182.834 156.252 193.316
177.541 159.092 190.125
171.299 162.080 191.235
166.241 163.226 195.597
164.749 166.295 200.965
165.743 171.434 204.617
169.483 176.628 206.785
174.652 180.961 205.856
179.673 183.483 201.619
181.135 184.908 196.114
181.376 184.021 189.467
177.078 181.914 184.126
171.258 183.512 181.230
165.754 187.621 180.664
163.194 193.674 181.524
164.362 200.240 182.058
169.711 204.800 180.568
175.964 207.082 177.486
180.038 205.968 172.551
182.883 202.659 167.312
182.733 197.772 162.855
178.131 193.775 159.121
171.975 194.336 156.276
167.934 198.368 152.669
167.004 204.258 149.366
169.979 209.217 144.772
174.274 210.279 139.790
180.526 208.805 136.464
185.221 203.551 136.317
186.866 198.186 135.012
184.763 191.996 134.852
181.045 187.542 132.314
175.593 184.911 128.940
169.907 186.253 125.465
168.171 188.333 119.472
62.395 1.437 9.755
60.635 -3.321 6.258
56.260 -6.581 2.505
51.270 -6.322 -1.641
46.230 -2.649 -5.231
44.333 2.982 -8.474
46.857 7.836 -12.159
51.472 12.403 -14.513
57.368 12.065 -17.362
63.015 8.796 -19.773
65.135 3.300 -22.887
64.065 -2.468 -26.227
59.929 -6.644 -29.749
55.043 -6.255 -33.652
48.877 -4.644 -35.719
46.263 0.695 -39.192
46.646 6.435 -42.687
49.637 10.946 -46.121
55.082 11.128 -50.002
52.491 -7.493 -52.304
58.871 -5.693 -49.810
62.666 -0.751 -46.872
63.543 4.267 -43.397
61.202 9.017 -39.198
56.810 11.054 -34.950
50.740 10.533 -31.733
46.670 5.958 -28.707
46.708 0.479 -25.126
49.344 -5.492 -22.121
54.449 -6.811 -18.244
60.218 -5.623 -14.865
63.343 -0.990 -11.170
63.590 4.587 -8.277
60.618 10.219 -5.125
55.120 11.836 -1.871
49.269 11.600 0.514
44.961 7.560 4.306
43.715 1.332 7.156
41.929 38.450 22.257
46.749 35.838 18.802
48.980 31.849 14.859
47.705 26.862 10.092
43.016 22.416 7.157
37.210 21.554 4.245
32.559 24.774 0.847
29.475 29.959 -2.556
30.975 35.425 -6.152
35.681 39.490 -9.535
41.196 39.416 -12.860
46.514 36.654 -15.777
49.107 31.450 -19.007
47.492 25.928 -22.187
44.413 20.640 -24.807
39.046 19.619 -28.598
33.271 21.542 -32.012
30.065 26.062 -35.362
30.935 32.462 -38.486
47.829 26.644 -40.684
47.351 32.125 -37.002
43.936 36.818 -34.176
38.640 38.298 -30.961
33.853 36.295 -27.347
30.624 32.371 -23.656
30.730 26.560 -19.766
33.728 22.031 -16.060
39.190 20.807 -12.277
45.373 22.157 -9.696
48.660 27.397 -6.739
48.774 34.018 -4.488
45.371 38.408 -1.339
40.270 40.846 2.159
34.403 39.657 5.486
31.524 34.783 8.898
30.163 29.104 11.578
32.558 24.109 14.763
38.235 20.832 17.718
94.195 18.255 81.440
90.029 21.816 84.571
87.476 28.360 85.419
85.620 33.966 82.502
82.707 36.344 77.048
79.394 36.051 71.270
75.743 32.941 66.902
72.090 27.367 65.715
68.529 21.827 66.624
64.835 18.246 70.507
60.225 18.625 75.334
57.592 21.533 80.886
55.091 27.547 81.941
54.162 33.940 81.176
52.329 38.432 77.050
48.734 23.897 64.495
52.205 28.548 62.116
57.000 32.452 64.108
59.989 36.872 68.562
62.224 37.991 74.620
64.328 34.777 80.221
67.182 29.843 83.347
69.236 23.419 84.985
73.084 19.253 81.973
77.092 17.742 76.861
80.153 17.456 70.884
84.342 21.274 67.809
87.607 26.876 65.783
90.762 31.743 69.183
92.348 35.773 74.292
0.363 19.089 39.750
2.998 17.552 34.991
6.448 18.811 29.544
11.088 22.609 27.104
13.855 29.053 25.962
15.950 34.586 28.931
18.913 36.962 34.100
22.498 36.289 39.415
25.965 33.375 44.417
29.073 27.601 46.007
32.371 21.936 45.120
35.956 18.136 41.257
40.510 18.397 36.251
43.120 21.376 30.664
45.424 27.264 29.221
46.800 33.719 30.434
51.958 23.307 46.640
48.833 27.307 48.981
44.389 31.770 47.607
41.459 36.403 43.262
39.190 37.551 37.158
36.990 34.625 31.513
34.020 29.853 28.424
31.427 23.754 26.768
26.972 19.969 29.780
23.587 17.938 34.722
20.466 18.027 40.634
16.492 22.148 43.923
13.600 28.042 45.656
10.924 33.232 42.404
9.375 36.926 37.046
6.751 37.140 31.246
0.542 19.250 41.027
3.248 17.520 35.168
6.225 18.710 29.529
11.052 22.478 26.963
13.923 28.908 26.061
16.090 34.329 29.197
18.716 36.767 34.592
22.101 36.126 40.021
25.793 32.930 44.649
28.992 27.302 46.007
32.231 21.595 45.144
35.860 17.812 41.296
40.606 17.715 36.409
43.612 20.843 31.107
45.775 26.899 29.660
46.874 33.550 30.607
51.786 23.110 46.853
48.817 27.124 49.305
44.390 31.781 47.986
41.527 36.126 43.342
39.387 37.233 37.137
37.566 34.350 31.418
34.599 29.508 28.172
31.842 23.275 26.639
27.980 19.000 29.532
23.914 17.775 34.671
20.782 17.514 40.512
16.642 21.431 43.992
13.649 27.226 45.674
11.150 32.719 42.646
9.744 36.607 37.426
6.615 36.623 31.581
4.709 -48.361 -34.026
-1.040 -46.822 -37.743
-6.903 -44.757 -38.753
-10.913 -40.051 -41.062
-12.563 -33.330 -41.906
-8.498 -27.612 -44.237
-2.881 -25.246 -47.464
1.943 -27.268 -52.161
-12.795 -38.991 -56.607
-6.778 -42.919 -54.674
-1.558 -42.415 -52.445
3.896 -39.249 -49.032
5.362 -34.124 -44.924
3.537 -30.442 -40.006
2.261 -30.287 -33.620
0.140 -31.978 -28.532
14.401 5.625 2.556
11.448 3.158 7.848
8.304 0.467 12.737
3.186 -3.771 15.022
4.135 -10.238 17.548
8.179 -15.891 17.722
14.173 -19.035 16.592
20.494 -19.702 16.367
24.937 -5.381 25.421
22.196 -3.773 20.365
23.559 -6.578 14.743
20.880 -9.617 10.011
16.315 -13.505 7.508
11.825 -13.440 2.885
7.385 -12.011 -0.494
1.634 -85.099 -51.644
4.888 -85.070 -45.816
9.616 -82.866 -41.641
11.322 -78.417 -37.349
12.117 -71.830 -35.694
7.925 -66.911 -35.292
3.931 -67.265 -31.122
-0.229 -65.870 -33.527
-7.093 -76.773 -38.999
-4.169 -72.552 -43.645
-0.002 -68.215 -45.937
4.181 -68.228 -50.561
8.813 -69.540 -54.013
13.669 -37.084 -87.221
17.264 -34.977 -91.345
21.900 -37.473 -93.812
27.836 -41.970 -93.216
28.990 -48.046 -94.641
27.247 -54.587 -96.200
21.179 -56.505 -99.570
18.256 -60.191 -103.675
29.394 -43.727 -111.778
23.585 -41.671 -110.260
16.986 -42.931 -108.203
12.842 -45.873 -103.813
11.786 -49.418 -98.945
12.978 -51.448 -93.082
13.986 -51.414 -86.925
16.385 -50.047 -81.753
11.792 -17.157 22.586
6.277 -16.735 18.219
5.439 -15.695 11.603
6.457 -11.434 6.420
11.596 -10.353 2.315
17.813 -11.046 -0.848
22.769 -15.145 -2.116
24.253 -20.337 -4.927
23.928 -24.334 -9.658
20.584 -27.479 -14.779
15.063 -29.603 -18.196
9.205 -26.276 -20.750
6.271 -20.687 -22.823
6.352 -13.496 -22.488
11.082 -8.974 -24.096
16.639 -6.582 -26.254
21.084 -7.331 -31.566
22.458 -9.361 -37.594
19.305 -10.062 -43.770
13.909 -9.008 -47.490
7.351 -6.863 -49.089
3.672 -1.301 -48.853
2.928 4.804 -46.606
5.060 10.332 -43.431
20.943 5.161 -47.080
19.309 6.868 -41.112
15.039 5.001 -36.627
9.259 2.447 -34.253
3.258 -0.914 -35.423
2.156 -7.370 -36.903
4.702 -13.964 -37.580
8.888 -18.223 -39.494
14.331 -20.929 -36.801
19.472 -21.285 -32.629
22.776 -18.930 -27.612
22.511 -15.831 -22.086
18.709 -12.295 -16.979
11.903 -11.939 -14.749
7.476 -16.558 -13.087
6.721 -20.308 -7.962
7.206 -24.821 -2.616
10.279 -27.849 2.567
15.909 -27.595 6.233
20.068 -23.623 9.707
22.562 -17.313 10.214
21.936 -10.333 8.182
17.239 -6.335 9.662
10.412 -4.601 10.041
32.338 117.156 10.398
30.856 112.230 14.100
31.947 105.463 15.557
33.206 100.742 13.081
30.350 101.351 7.986
28.399 104.269 2.472
62.136 147.783 28.529
68.612 149.993 27.891
74.892 148.442 26.250
79.633 147.239 28.688
78.982 150.164 33.844
76.027 151.991 39.480
77.136 118.860 37.275
72.025 118.551 41.690
69.322 118.602 48.092
70.303 117.716 53.420
69.969 111.594 50.820
71.243 105.941 47.301
62.061 167.385 -4.898
61.648 162.266 -0.060
61.733 159.580 6.134
62.724 160.400 11.553
68.805 160.511 8.707
74.512 162.508 4.759
54.949 115.311 114.454
60.052 115.662 111.255
64.971 114.457 107.101
64.127 109.369 101.641
60.280 105.192 98.822
55.847 105.297 94.177
50.526 107.276 90.301
45.069 112.597 89.581
46.394 118.224 85.051
49.546 123.852 82.949
54.904 126.666 80.615
60.464 126.319 77.248
65.526 122.494 74.198
68.273 117.600 72.079
67.974 111.159 69.113
63.179 105.860 67.854
56.877 105.100 65.454
52.458 106.832 60.632
51.963 109.718 54.737
54.334 113.320 49.182
58.559 112.777 44.552
64.102 110.290 40.875
68.140 105.360 40.832
71.125 98.648 42.246
69.224 93.209 44.510
63.914 89.385 46.640
57.875 87.465 45.129
52.623 86.687 40.232
51.097 84.944 34.200
52.735 80.941 29.090
56.976 76.353 26.333
62.253 72.353 26.340
66.229 68.447 29.741
68.846 65.270 34.929
68.382 64.410 41.235
64.807 63.650 46.862
58.328 62.097 48.948
52.485 59.474 47.679
50.107 53.512 44.181
50.920 46.197 42.641
54.601 41.397 43.943
59.455 37.394 46.245
64.984 37.199 50.399
66.896 37.424 55.809
68.793 41.144 61.301
65.257 44.365 66.113
59.508 45.085 70.106
53.622 42.210 71.661
51.040 37.015 74.180
50.473 31.479 77.340
53.780 26.495 80.606
58.800 23.492 83.566
64.422 23.927 86.972
69.783 27.712 89.165
71.934 32.919 91.238
72.207 39.987 91.920
67.293 44.618 93.066
60.979 46.548 95.924
57.514 45.425 100.666
56.194 45.417 107.293
59.246 44.610 113.576
63.860 43.973 118.171
68.516 47.249 119.873
73.933 50.780 119.488
76.890 55.291 115.625
76.803 59.857 110.271
73.173 64.910 109.132
67.759 69.186 108.833
65.010 73.172 112.798
63.498 77.006 118.351
66.878 79.638 123.958
71.762 82.464 126.300
78.610 84.192 126.532
84.279 85.990 123.693
86.452 88.469 117.506
86.186 88.968 111.017
82.862 90.480 106.692
77.495 94.755 103.408
73.431 99.670 104.097
72.728 106.097 106.462
75.524 111.755 108.599
80.321 116.204 108.143
86.835 117.516 105.067
91.610 115.370 100.782
93.105 112.553 95.321
92.320 109.362 90.552
88.610 107.025 85.167
81.843 107.499 82.574
78.585 111.737 78.963
77.110 117.395 75.746
79.924 121.107 71.766
84.750 123.789 68.475
90.175 122.840 65.395
94.474 118.873 62.250
97.463 113.946 60.506
97.965 107.403 59.422
94.717 101.112 61.510
89.959 97.887 58.607
83.644 97.589 56.810
80.340 98.609 51.251
80.362 99.084 44.876
83.347 100.621 38.688
87.607 98.011 34.217
92.292 93.616 32.632
95.494 88.228 33.392
98.402 82.960 37.261
95.520 79.349 42.078
91.000 75.580 44.521
84.680 72.411 43.618
78.953 71.017 39.460
78.497 67.420 34.318
80.332 62.845 30.170
85.036 58.425 27.212
89.076 53.939 29.083
93.789 50.869 33.266
95.659 49.770 39.363
95.272 50.881 45.999
91.557 52.852 51.374
85.690 50.784 54.021
80.508 46.265 54.234
78.109 40.564 53.841
79.519 34.056 55.156
84.641 28.968 55.040
89.405 27.144 59.385
94.666 28.321 63.878
97.094 30.800 69.100
96.358 36.390 73.025
92.381 40.220 76.965
86.500 39.679 80.845
82.810 36.560 85.623
97.210 27.588 86.878
94.735 23.329 80.957
88.976 23.328 77.597
82.495 26.139 76.195
79.389 31.033 73.867
80.849 36.888 70.955
84.951 41.799 69.544
91.243 43.543 66.767
95.715 41.224 62.217
96.375 37.462 56.469
94.350 35.072 50.030
89.543 34.977 44.466
84.223 37.671 41.286
80.704 42.889 41.051
78.499 47.923 42.606
79.352 54.520 45.166
84.931 58.343 47.141
91.230 60.305 45.495
96.212 61.418 40.829
97.889 62.669 34.441
96.407 66.780 29.569
92.002 71.515 27.135
85.760 74.428 26.351
82.171 79.255 29.247
79.644 82.515 34.778
80.783 83.576 41.304
84.619 83.718 46.664
90.810 86.218 48.766
97.097 88.789 47.429
99.083 94.710 45.526
97.879 101.278 43.044
94.277 106.303 42.982
89.723 110.724 45.679
83.860 112.026 49.386
81.381 110.133 54.834
80.195 106.210 60.407
83.692 104.102 65.061
88.915 103.485 69.059
95.214 105.970 71.122
97.551 111.415 73.462
96.759 117.354 76.465
93.750 123.324 78.835
87.244 126.310 81.600
82.610 125.330 84.994
78.374 121.803 88.615
75.890 116.288 89.999
75.806 109.337 90.194
80.453 104.822 91.983
86.925 103.329 94.308
90.566 103.893 99.642
91.140 105.066 105.981
89.498 105.978 112.736
84.507 104.480 117.144
78.272 103.698 119.279
73.957 99.478 119.222
70.228 94.873 114.682
70.697 89.849 110.000
74.950 84.616 108.246
80.444 80.763 108.633
82.730 76.749 113.159
83.067 73.355 119.326
79.314 71.181 124.040
74.618 68.556 126.710
68.521 65.359 126.299
63.270 63.607 123.854
60.382 62.406 117.551
60.819 60.878 111.523
64.699 58.964 106.126
70.078 54.950 104.025
75.261 50.051 105.377
74.603 43.579 107.179
72.744 38.037 110.037
68.024 33.809 108.769
60.938 32.306 106.731
57.464 33.193 102.001
54.830 37.270 96.781
55.453 40.210 91.177
60.201 42.494 86.422
66.453 41.923 83.552
69.958 37.808 80.231
70.842 32.235 76.571
68.462 27.015 73.748
62.479 24.025 70.811
58.670 25.791 66.471
54.632 29.667 62.894
51.232 34.684 61.784
50.726 40.942 60.161
53.195 47.073 61.608
58.986 50.242 59.331
65.403 50.700 57.576
68.166 49.378 51.702
68.655 47.564 45.122
65.271 48.268 39.612
61.781 49.553 34.930
55.968 54.026 33.490
53.205 59.095 33.786
50.690 64.323 37.817
53.073 69.312 41.923
58.096 71.973 44.728
64.205 75.271 43.641
69.891 76.022 39.286
70.254 80.139 34.571
69.055 84.145 29.466
65.787 89.159 27.264
60.689 93.962 28.652
56.453 96.732 32.704
53.283 97.879 38.241
53.566 97.010 45.301
57.383 94.732 50.186
63.285 96.964 53.226
68.465 101.273 53.432
71.478 107.667 53.171
69.381 113.811 53.436
64.458 118.875 53.959
60.472 120.953 57.570
55.324 119.929 62.031
52.012 116.106 66.003
52.103 111.510 71.144
55.370 107.618 75.686
61.291 108.236 79.171
66.018 111.837 82.469
66.031 116.993 86.363
63.594 122.206 89.401
58.728 124.167 93.226
52.302 123.765 95.371
46.962 119.316 98.451
45.681 113.622 100.292
47.705 107.664 102.430
50.599 104.070 106.111
56.193 99.145 106.898
-3.758 37.457 -25.277
-5.768 31.062 -25.047
-3.014 24.694 -26.130
1.243 20.916 -22.440
7.576 19.441 -20.745
14.126 20.623 -17.500
14.962 22.696 -11.313
13.836 26.305 -6.052
9.457 27.083 -1.159
4.694 24.624 2.916
-1.327 20.792 3.225
-0.962 13.666 5.112
0.157 7.635 3.924
4.387 1.503 3.048
9.917 -0.049 6.444
14.868 0.558 10.216
16.981 3.076 15.834
16.542 4.310 22.193
12.929 6.665 27.550
0.032 -3.813 19.331
-0.915 2.557 20.406
1.566 8.945 20.177
6.770 13.764 19.841
11.337 15.302 15.583
15.439 13.947 10.275
17.056 11.427 4.452
14.972 8.234 -1.375
9.039 8.774 -4.880
2.844 10.152 -6.714
-1.496 15.210 -7.800
-4.355 21.336 -6.393
-2.022 27.601 -7.610
2.277 32.308 -9.630
7.493 34.318 -13.207
13.262 33.226 -17.089
13.532 30.628 -23.280
11.491 27.040 -28.310
6.170 25.683 -33.278
20.573 39.751 -20.095
26.943 39.374 -21.986
32.621 39.179 -22.451
37.965 38.867 -18.778
41.887 38.678 -14.379
43.100 37.112 -8.155
42.273 34.441 -3.154
40.425 30.164 0.225
38.929 24.621 0.878
38.370 18.763 -0.851
38.340 14.327 -5.807
40.743 12.362 -10.495
45.470 12.418 -14.926
50.729 12.645 -17.218
56.562 13.368 -16.683
61.780 13.506 -14.167
65.836 11.828 -9.719
67.462 10.359 -3.444
66.028 7.008 1.281
49.347 4.590 -4.435
50.527 8.081 0.581
54.090 12.524 3.798
57.959 17.724 2.762
54.304 22.332 -1.364
54.115 25.867 -6.530
53.217 28.011 -12.315
48.714 27.922 -16.884
42.438 26.371 -17.729
36.555 22.748 -18.379
31.331 21.025 -15.210
28.302 27.250 -13.025
26.168 30.769 -8.408
26.309 35.057 -3.326
29.155 40.335 -1.833
31.751 45.605 -3.250
34.256 50.072 -8.279
36.027 51.890 -14.035
34.456 53.259 -20.217
21.810 30.827 41.633
26.332 33.163 36.424
30.858 32.499 30.979
32.596 29.250 25.943
32.123 26.426 19.442
28.298 24.528 14.059
9.789 23.113 33.496
11.877 29.461 33.864
15.017 35.429 35.323
19.794 38.814 31.533
22.742 40.281 26.005
24.465 40.792 19.689
21.196 12.637 29.147
15.015 16.106 28.328
10.159 20.148 27.399
8.785 25.878 23.927
9.249 32.339 21.115
12.141 38.054 19.018
31.449 22.764 36.184
30.883 17.907 31.502
27.419 16.198 26.388
22.117 16.041 21.863
18.642 19.261 17.269
14.424 23.170 13.730
-15.510 -22.125 -0.866
-12.242 -22.076 -3.456
-8.270 -17.011 -1.201
-6.126 -18.548 5.068
-3.264 -23.392 7.692
1.394 -26.330 10.211
4.005 -22.126 13.262
-1.905 -18.764 13.543
-4.199 -13.338 10.083
-10.182 -11.967 7.476
-15.967 -12.756 8.562
-22.034 -14.655 10.247
-11.959 15.837 15.462
-9.497 18.433 10.869
-11.753 14.248 5.693
-18.339 14.997 5.139
-22.427 19.718 4.711
-27.876 21.387 1.870
-27.743 17.942 -3.663
-27.288 12.236 0.301
-22.156 7.545 0.421
-18.397 5.052 5.339
-19.363 3.893 11.009
-20.528 0.673 16.818
10.073 21.902 -1.436
8.722 17.423 2.259
7.594 10.586 1.597
13.648 7.468 1.161
18.922 7.389 4.006
23.698 4.269 6.481
23.217 -0.971 4.523
20.525 0.944 -1.471
14.187 0.856 -3.604
10.772 4.978 -7.566
11.497 8.545 -12.142
13.257 12.642 -17.139
0.131 -15.264 -22.171
-7.106 -15.382 -22.091
-8.142 -9.041 -19.458
-9.118 -5.062 -24.662
-12.628 -4.963 -29.782
-16.550 -1.008 -33.413
-17.435 2.772 -29.110
-12.154 5.914 -27.580
-8.406 5.358 -21.619
-2.927 1.604 -20.271
1.675 0.207 -23.588
7.986 -0.192 -25.482
168.505 195.408 290.677
171.593 188.331 290.223
172.076 182.974 287.811
172.173 179.339 281.278
172.011 179.732 274.951
172.584 183.221 269.418
174.758 187.435 265.753
179.236 192.583 264.347
185.663 195.272 266.718
190.686 194.279 268.585
195.938 191.227 271.647
198.871 185.849 273.584
200.601 179.976 271.607
199.914 174.338 268.730
203.572 173.262 263.363
206.167 171.127 258.247
233.720 195.438 226.426
237.329 199.625 222.500
234.230 202.768 224.990
237.011 208.090 225.567
239.134 213.330 229.320
240.238 216.841 233.765
239.469 217.846 240.041
238.858 215.404 246.403
239.562 210.381 250.746
242.738 204.723 252.445
247.505 200.266 251.218
253.129 198.239 248.678
259.142 199.705 246.295
263.711 204.093 246.447
267.287 209.724 246.972
268.154 214.068 251.420
266.792 217.890 256.460
266.121 217.528 263.218
266.232 214.092 268.368
138.328 230.218 244.272
142.968 226.879 242.657
147.978 222.813 240.426
153.384 221.200 238.154
160.261 220.420 239.547
165.404 215.715 241.229
171.953 217.477 243.506
176.993 216.287 243.582
183.361 216.540 242.011
186.540 211.751 238.670
188.299 206.724 234.662
193.651 207.836 234.927
200.366 208.327 234.117
205.915 206.826 234.833
210.885 204.405 232.645
213.917 202.589 227.837
214.983 201.979 222.179
214.256 203.616 216.582
212.786 206.874 212.100
211.723 213.093 210.952
211.538 218.145 210.484
276.294 203.144 262.467
270.692 199.365 260.395
264.030 200.132 262.409
259.181 203.064 263.365
256.115 209.078 263.363
254.363 214.213 259.585
254.459 217.158 254.640
255.796 217.589 248.415
256.578 214.435 241.867
255.060 209.081 237.455
250.846 204.406 235.869
246.244 199.884 237.618
241.385 198.381 241.506
235.976 200.592 244.278
231.194 204.648 243.896
227.328 209.408 242.099
225.310 213.689 238.297
223.963 215.882 232.700
222.251 215.676 227.027
218.263 218.508 227.835
213.147 220.246 227.876
207.542 219.468 225.787
203.306 216.911 222.592
200.094 213.049 219.878
198.717 206.977 218.391
199.915 200.598 217.510
201.853 195.523 220.510
203.603 191.936 225.548
204.394 191.113 231.823
203.266 192.597 237.720
198.239 193.947 240.836
196.182 192.938 246.661
193.955 189.346 251.871
196.426 184.425 252.128
191.371 181.654 254.319
187.749 178.985 258.836
186.695 176.502 264.915
187.304 175.881 271.532
187.972 179.107 277.046
188.410 184.601 280.565
186.647 190.829 281.417
182.256 195.490 279.670
178.571 198.609 276.181
172.273 196.817 272.632
166.411 193.597 272.600
163.827 187.480 272.993
159.707 185.239 278.010
326.724 322.307 208.460
333.528 322.312 210.723
336.618 328.523 211.028
336.394 335.024 213.354
335.933 338.722 217.606
334.473 340.463 224.042
330.679 338.813 229.594
329.781 334.341 234.981
329.774 328.263 237.673
332.543 322.864 239.906
338.688 319.884 241.611
342.996 321.015 245.328
345.271 323.769 250.205
344.547 326.254 255.482
341.173 327.954 259.626
336.391 330.187 263.322
330.122 331.996 264.572
324.165 330.219 263.881
319.309 325.345 260.963
317.670 320.751 255.828
320.079 315.664 251.186
324.066 310.240 251.909
327.582 305.067 255.057
327.324 301.653 260.547
326.496 300.486 267.051
321.896 299.474 271.165
315.962 298.386 273.028
309.463 298.082 272.612
303.614 297.552 268.361
301.464 294.218 262.089
303.743 288.781 258.905
302.737 282.064 257.809
305.076 275.550 259.525
306.431 271.283 264.403
305.463 269.245 270.643
301.811 269.421 276.265
295.960 270.476 279.157
289.377 271.488 278.596
283.697 270.451 275.480
279.806 266.319 271.933
278.373 260.248 269.183
280.044 253.599 269.740
283.340 248.658 272.842
285.396 245.569 278.020
286.578 244.859 284.628
286.173 247.684 290.978
280.996 250.457 294.388
274.767 250.358 295.146
268.294 248.229 294.429
263.814 243.848 291.462
262.187 236.363 291.869
264.441 230.447 294.130
265.068 226.375 298.084
267.983 224.454 304.253
267.922 226.984 310.755
264.305 229.568 316.333
258.348 231.319 318.197
253.015 232.391 320.146
246.505 230.615 318.421
242.770 227.068 316.690
241.956 221.119 313.367
242.680 216.326 311.823
246.511 210.004 312.628
250.821 207.368 316.947
252.608 205.890 323.698
252.531 204.483 328.876
248.397 204.453 334.518
243.230 204.220 336.703
238.625 201.944 338.094
240.387 191.617 328.951
239.174 194.138 322.927
234.834 199.236 323.990
234.131 205.198 326.201
235.567 210.548 329.331
241.551 213.294 331.995
245.796 214.727 331.956
252.052 216.467 330.745
256.818 215.409 325.127
256.983 213.314 318.507
254.880 213.968 312.544
250.986 217.480 308.491
249.996 222.792 305.289
247.747 229.182 304.247
249.787 234.995 305.897
255.102 238.852 308.411
261.647 239.719 309.496
267.128 240.029 308.158
273.275 237.289 305.830
275.801 233.937 301.063
274.848 230.610 295.442
270.913 232.160 289.988
269.959 237.174 284.797
270.726 243.265 282.365
271.411 250.716 283.154
273.721 257.416 285.381
280.037 259.107 287.852
287.100 256.979 287.506
291.305 255.395 282.844
293.861 254.666 277.122
295.046 257.260 270.914
293.320 259.552 264.586
290.806 265.332 262.041
289.031 271.537 262.103
289.731 277.405 265.731
292.044 280.723 271.182
297.607 282.249 275.280
303.988 282.659 276.071
309.941 282.058 273.373
314.033 282.420 267.364
315.048 285.996 262.913
313.634 289.792 256.961
311.997 296.711 256.485
308.453 302.399 257.455
309.412 306.697 262.712
313.377 308.968 267.763
319.118 310.384 270.400
325.088 310.937 271.844
331.096 312.028 268.089
333.905 313.397 262.479
333.817 316.008 256.626
330.926 317.816 250.279
327.155 322.329 247.692
326.061 328.967 247.826
328.261 335.076 247.953
333.051 338.501 246.881
338.424 340.476 245.365
342.814 339.366 240.867
347.066 337.450 237.668
348.151 333.080 233.524
346.444 328.009 229.434
342.698 322.133 227.702
335.850 318.965 227.616
329.769 320.425 227.788
326.431 323.380 224.580
323.133 329.468 224.954
322.065 335.020 222.743
325.085 340.162 217.967
327.839 340.505 213.247
313.797 336.368 208.021
316.564 330.406 208.520
321.238 326.422 208.182
326.663 324.812 209.715
333.230 326.722 210.068
337.212 330.506 212.223
339.244 335.609 214.473
338.072 338.506 220.598
333.581 338.155 226.730
331.039 334.825 233.210
330.572 328.553 237.502
333.160 323.156 239.534
338.657 320.432 241.686
343.759 321.211 244.981
345.763 323.941 249.674
344.961 326.718 254.831
342.453 327.296 259.249
337.442 329.600 263.074
331.725 331.582 264.468
325.690 329.757 263.791
320.899 324.804 261.097
319.163 320.950 255.862
321.478 315.462 251.390
325.519 310.186 251.354
328.632 304.949 254.341
328.488 301.383 259.747
327.459 299.928 266.122
322.244 298.264 269.398
315.986 299.543 272.317
309.785 300.741 268.319
305.596 297.384 264.791
302.289 293.979 262.667
301.569 288.651 257.842
303.685 282.190 256.731
305.919 275.542 258.705
307.390 271.133 263.420
306.546 268.934 269.590
303.088 269.008 275.356
297.333 270.047 278.442
290.726 271.056 278.050
284.971 270.240 275.118
280.936 266.241 271.582
279.453 260.219 268.871
280.975 253.580 269.055
284.348 248.509 271.909
286.475 245.285 276.970
287.837 244.392 283.520
287.917 247.076 290.067
282.595 249.791 293.578
276.388 249.734 294.511
269.886 247.690 293.932
265.265 243.400 291.033
263.571 235.955 291.237
265.827 229.959 293.281
266.522 225.780 297.107
269.590 223.672 303.139
269.739 226.032 309.705
266.312 228.505 315.448
260.510 230.304 317.541
255.165 231.340 319.654
248.557 229.706 318.127
244.649 226.217 316.635
243.546 220.339 313.288
244.126 215.552 311.615
247.914 209.192 312.057
252.260 206.125 315.111
256.267 202.090 320.261
256.560 201.171 325.700
252.976 202.269 331.603
248.027 202.890 334.189
243.357 201.340 336.213
243.051 189.913 327.365
241.847 192.444 321.342
237.265 197.333 322.368
236.254 203.234 324.624
237.389 208.608 327.835
243.190 211.586 330.647
247.368 213.207 330.709
253.572 215.228 329.648
258.642 214.176 324.463
258.888 212.325 317.506
256.456 213.246 311.716
252.826 216.489 307.315
251.737 221.790 304.436
249.827 228.603 303.142
251.691 234.626 305.200
257.130 238.245 307.672
263.271 239.081 309.523
268.899 239.637 307.672
275.055 236.010 305.376
276.944 233.712 299.971
276.334 229.722 294.284
272.817 231.198 288.462
271.080 236.249 283.565
270.645 243.305 281.782
272.255 250.426 282.626
274.897 257.184 284.743
281.738 258.656 287.580
288.823 256.072 286.451
292.774 255.323 281.572
295.385 254.017 275.612
296.032 256.759 269.459
294.510 259.698 263.615
292.141 265.572 261.023
290.116 271.900 262.027
290.415 277.442 265.725
293.170 280.893 270.875
298.441 281.965 274.718
304.959 281.571 275.743
311.519 282.167 272.315
315.425 282.706 266.047
316.005 284.730 261.212
315.164 289.864 256.413
312.889 295.770 255.319
310.440 302.526 256.169
310.322 306.596 261.655
313.325 308.361 267.090
318.572 309.925 271.196
325.558 310.314 271.822
331.398 311.908 267.322
334.930 313.177 261.488
334.951 315.771 255.239
331.901 317.999 249.667
328.541 323.106 247.672
327.543 329.040 247.028
329.184 334.913 247.729
333.881 338.951 246.805
338.523 340.199 243.873
343.080 339.737 240.507
347.549 337.129 236.937
348.971 332.652 233.164
346.735 327.713 228.735
343.347 322.090 227.025
336.421 319.145 227.477
330.349 320.677 226.144
325.250 324.167 225.799
323.693 330.334 224.932
323.467 335.235 221.880
327.287 340.160 218.674
328.623 341.184 213.522
330.605 340.411 207.720
331.665 336.028 202.794
-20.386 19.964 -9.163
-14.694 20.753 -12.584
-8.868 21.178 -12.357
-3.518 18.630 -10.969
1.374 15.252 -9.439
4.517 10.255 -9.461
5.616 5.721 -13.676
6.150 2.639 -18.982
10.040 1.521 -24.254
31.105 5.026 -11.876
27.555 9.361 -10.268
24.167 13.655 -7.082
19.189 12.343 -3.161
17.309 12.292 2.809
10.966 11.535 3.235
6.625 15.151 6.965
3.203 20.439 5.983
0.282 26.104 2.987
9.545 -8.477 -14.417
12.278 -12.091 -10.196
18.371 -14.111 -7.619
25.004 -13.004 -6.753
29.672 -8.783 -5.131
31.622 -3.739 -2.288
32.045 2.471 -0.045
28.180 6.996 3.160
22.810 7.252 7.439
16.713 4.562 9.415
14.425 0.116 12.982
14.380 -3.997 17.581
16.141 -8.788 22.148
21.011 -9.435 26.990
26.029 -6.033 30.321
29.999 -0.530 30.500
30.279 5.724 30.715
27.921 11.111 32.350
23.816 15.322 35.672
18.655 17.091 39.329
16.128 15.357 44.959
13.453 10.635 49.017
16.234 5.356 52.141
20.775 2.482 55.035
25.704 2.212 59.016
31.443 3.925 62.656
34.198 8.913 66.049
32.781 14.664 68.144
27.493 19.646 69.400
20.969 20.586 70.245
16.050 19.941 73.457
18.659 4.279 80.062
16.230 3.679 74.120
14.132 8.057 69.273
14.745 13.700 65.618
19.150 18.143 62.515
25.256 20.307 60.844
31.097 18.858 57.863
33.961 15.166 53.089
33.088 10.114 48.876
30.261 3.964 47.407
24.950 0.665 45.930
18.605 -0.098 43.980
12.864 1.988 40.600
10.315 7.073 36.833
11.136 7.169 30.284
15.937 9.414 26.041
22.643 9.579 23.414
27.925 6.073 21.111
31.922 0.593 20.982
32.517 -5.345 19.577
31.047 -9.317 14.513
25.107 -10.704 11.196
18.807 -9.390 8.802
15.090 -5.627 4.603
13.542 0.051 1.642
15.316 4.481 -2.682
19.070 5.839 -8.019
22.505 2.776 -13.014
27.128 -1.545 -15.872
28.940 -7.838 -16.190
25.979 -13.996 -16.196
28.141 68.344 61.234
22.848 64.258 63.571
21.229 58.961 66.801
23.667 54.534 71.228
29.168 51.149 74.073
34.142 52.486 78.369
36.179 56.853 83.147
35.876 62.528 86.645
32.555 68.110 88.566
21.862 53.304 93.801
16.318 56.130 91.115
16.088 60.136 85.923
18.323 65.482 82.572
23.582 69.174 80.592
30.425 70.229 79.955
35.824 67.172 78.479
39.288 62.092 75.256
38.741 56.478 71.723
35.938 52.360 67.320
40.631 56.153 63.746
36.752 51.216 60.688
32.952 48.768 56.121
30.430 51.350 50.057
29.133 56.426 46.004
30.816 62.544 43.765
35.414 67.080 42.978
41.817 68.492 41.959
48.057 67.165 42.072
52.638 64.571 38.567
