27.261 25.580 29.561
29.613 27.303 23.105
27.684 30.297 17.916
22.755 33.425 14.179
16.835 35.920 13.407
12.672 40.526 16.156
9.064 43.903 20.675
9.832 49.030 24.794
13.889 52.904 29.261
20.098 55.117 30.200
25.175 57.840 27.294
28.270 60.997 22.264
29.343 63.303 16.140
25.922 67.098 11.638
20.766 70.605 10.395
14.696 73.405 10.820
11.165 76.638 15.077
10.396 81.032 19.934
11.780 83.420 26.391
16.792 86.360 28.450
22.059 89.955 27.915
26.327 93.900 24.610
27.903 97.436 18.442
25.443 101.416 14.051
20.965 104.410 10.467
13.959 104.996 27.431
9.543 100.731 23.806
8.583 98.387 17.348
11.334 96.210 11.624
16.630 92.573 10.174
20.925 88.518 10.775
26.773 85.712 12.947
28.081 82.692 18.341
26.957 79.082 23.385
23.665 75.133 27.819
18.362 71.309 28.263
13.019 68.333 26.166
10.816 64.749 20.645
11.108 61.373 16.074
14.727 57.019 11.837
20.352 54.358 10.490
25.490 50.504 13.272
27.814 49.469 19.361
27.282 48.874 26.151
23.935 45.749 30.525
19.371 41.143 32.706
15.294 36.578 31.158
10.614 33.176 27.395
10.315 29.338 22.023
13.532 24.857 18.383
187.171 192.400 116.519
184.044 197.278 117.348
178.374 201.110 119.195
172.259 201.291 122.148
167.901 198.773 126.797
167.259 195.331 132.551
169.685 191.745 137.721
174.993 190.956 142.242
181.291 193.090 143.650
185.289 197.828 145.675
186.939 204.534 147.767
184.086 208.662 150.810
179.358 212.860 153.524
173.171 212.633 157.430
168.564 208.948 160.554
165.824 203.526 162.779
166.350 196.978 164.258
170.566 192.350 166.231
177.019 191.331 169.002
181.484 193.531 173.313
182.293 196.509 179.537
180.034 199.480 184.864
175.510 199.086 190.292
170.853 196.231 193.748
165.715 191.190 194.164
164.261 185.332 192.780
165.668 179.407 189.835
171.237 175.670 188.015
177.752 174.280 189.573
182.321 173.844 194.751
183.460 172.125 200.690
181.862 168.993 206.271
178.047 164.546 209.188
173.684 159.512 208.949
169.339 155.464 205.893
167.236 152.242 200.473
167.488 150.985 193.822
171.437 151.543 188.207
177.582 149.332 186.640
183.352 146.250 188.214
186.179 140.798 190.604
185.672 134.254 191.710
182.099 128.898 191.858
176.361 125.530 189.842
171.675 124.337 185.723
168.119 126.068 180.032
168.019 129.593 174.544
170.867 131.961 169.489
176.311 132.519 165.771
182.338 129.677 163.721
184.435 124.330 160.992
183.888 117.961 159.172
180.589 113.457 156.369
176.236 111.327 152.558
170.895 111.044 148.991
165.311 114.099 146.107
162.643 119.507 144.238
162.742 126.397 143.681
167.519 131.341 143.090
173.687 132.997 140.318
177.593 132.327 135.146
178.225 131.107 128.658
175.600 129.938 122.820
170.511 129.878 118.370
165.105 132.904 116.319
159.968 137.131 117.045
156.355 141.482 120.621
156.796 146.671 124.483
160.684 151.150 127.502
166.436 154.979 127.074
169.692 158.891 122.890
170.298 161.750 116.723
167.103 164.662 112.077
161.727 167.405 109.292
156.095 170.446 109.516
150.631 172.821 112.888
147.496 174.590 118.243
147.565 175.616 124.709
151.573 176.187 129.855
156.973 180.091 131.928
161.846 184.676 130.703
162.572 191.107 128.606
159.597 196.805 127.863
154.505 201.171 127.648
149.076 203.350 130.737
143.766 202.316 135.325
142.131 199.588 140.726
143.001 194.562 145.439
147.000 193.071 150.029
153.330 192.757 152.549
157.588 196.917 155.627
158.209 202.823 159.041
156.287 206.581 162.281
151.342 208.850 167.028
146.162 208.433 170.756
141.321 205.263 173.970
138.212 199.781 175.948
137.426 192.573 175.011
140.023 187.655 175.695
145.696 183.950 176.154
151.678 183.255 178.820
155.244 184.030 184.309
156.195 186.817 190.337
153.792 186.212 196.383
149.900 183.641 200.771
144.429 179.996 203.172
141.995 174.295 202.673
138.706 169.557 198.782
140.373 165.232 193.772
145.718 162.193 190.960
151.931 159.436 191.577
157.496 158.153 195.776
158.912 155.042 200.918
157.800 149.945 205.167
154.363 144.555 206.534
148.586 140.504 206.265
145.682 136.909 202.030
141.766 136.994 196.204
142.025 137.619 189.852
145.828 139.499 184.558
151.770 138.139 181.413
157.230 133.970 180.605
159.780 127.655 181.256
157.959 121.260 181.361
153.429 116.622 180.142
147.766 114.408 177.010
143.032 115.592 172.867
139.885 119.264 168.143
140.071 123.476 163.419
143.815 128.028 159.547
149.719 127.669 156.008
154.395 123.283 153.317
154.999 118.351 149.123
152.633 114.204 144.521
148.236 112.000 140.289
141.783 112.715 137.710
137.448 117.261 135.438
134.836 124.002 135.810
136.453 129.560 134.112
140.434 135.305 133.069
145.786 136.804 129.495
150.990 135.797 125.549
152.780 133.465 119.967
151.521 129.374 115.247
147.068 127.592 110.719
141.529 129.379 107.443
136.639 133.244 105.976
135.083 139.659 104.956
136.257 145.946 104.663
140.939 150.271 102.500
146.079 151.934 99.280
151.381 150.402 94.202
153.141 145.967 89.257
150.853 143.369 84.565
145.006 142.698 81.309
140.324 144.264 76.529
138.259 150.655 74.200
138.245 157.585 74.778
143.472 162.604 75.965
149.068 164.998 76.841
155.048 165.635 74.499
160.425 163.217 70.767
163.001 159.897 65.496
162.886 159.155 58.878
159.048 161.322 53.592
153.974 164.840 50.953
152.404 171.748 50.696
153.248 178.230 52.190
171.311 173.678 54.479
168.813 175.214 60.624
163.649 177.496 64.052
156.872 178.224 63.398
151.028 175.234 60.651
147.317 169.518 57.919
147.376 162.658 57.262
148.979 156.086 58.842
151.508 152.318 63.075
155.516 151.848 68.924
158.585 154.143 75.521
155.678 155.779 80.822
150.698 159.487 83.925
143.975 159.626 85.014
137.650 156.671 85.741
136.328 150.797 87.680
137.313 144.513 88.601
139.881 138.924 90.684
146.363 136.446 92.121
151.117 137.796 96.536
153.112 141.109 101.916
151.587 144.555 107.367
147.127 146.249 111.965
141.606 144.468 115.276
136.695 140.658 116.772
135.230 134.181 117.839
137.804 127.200 118.668
142.917 121.398 117.933
149.260 120.644 121.974
152.975 122.864 126.903
153.903 126.546 132.385
151.564 130.068 137.765
146.255 131.567 142.079
140.002 129.640 143.915
135.962 125.346 146.218
135.187 118.230 147.817
137.933 112.768 150.332
143.148 109.580 153.600
148.002 109.728 157.804
153.706 112.699 160.801
156.842 118.213 162.700
156.004 124.668 164.411
151.843 129.122 166.566
145.508 130.366 169.379
141.468 128.187 174.154
140.478 124.330 179.989
142.606 121.761 185.429
148.126 122.012 190.119
154.400 124.900 193.357
157.531 130.312 193.911
159.271 136.058 192.585
157.363 142.118 189.936
152.193 145.871 188.367
145.565 147.415 190.134
141.430 147.664 195.265
140.067 149.088 201.839
141.519 152.207 206.588
145.967 156.890 209.723
150.129 161.639 209.256
155.014 165.502 205.943
156.913 168.433 200.362
155.891 170.512 194.007
151.913 170.267 188.616
145.242 171.775 187.290
140.158 175.564 188.558
136.935 180.825 191.677
137.834 187.141 192.777
141.752 192.625 192.708
146.122 196.185 190.433
151.377 197.814 185.996
154.491 196.405 180.263
154.887 192.034 174.597
151.641 189.868 170.231
145.938 189.144 166.524
140.392 191.970 164.386
137.801 197.505 161.852
138.120 203.693 160.165
141.606 208.939 157.783
146.243 210.971 153.773
150.815 210.514 149.292
156.980 207.714 147.016
159.315 202.156 144.715
158.942 195.485 144.394
153.978 190.472 143.653
147.993 188.912 140.905
143.519 189.667 135.940
142.670 190.901 129.640
145.212 192.464 123.578
149.666 191.582 118.965
155.646 189.059 116.671
160.387 184.765 117.165
164.319 180.461 120.870
163.901 175.336 124.376
159.988 170.927 127.830
154.356 167.051 127.355
150.872 163.321 122.987
150.215 160.174 117.639
153.249 157.443 112.183
158.139 154.529 109.400
164.310 151.791 109.555
169.452 149.069 112.239
173.312 147.634 117.746
173.094 146.383 123.939
169.293 145.864 129.405
164.193 141.903 131.657
159.167 137.317 130.501
158.450 131.011 128.578
161.332 125.068 127.298
166.207 120.713 127.281
172.160 118.436 129.931
176.588 118.657 134.665
179.364 121.761 140.123
179.122 126.015 144.562
174.984 129.045 149.122
168.651 128.971 151.937
164.162 125.042 155.131
163.711 120.155 159.390
166.304 115.040 162.815
170.567 113.202 166.782
176.269 113.876 170.288
181.096 116.892 173.141
185.319 121.673 174.351
185.775 128.226 174.505
182.481 134.555 173.876
177.243 137.574 175.555
171.118 138.275 178.434
167.910 136.714 183.755
167.617 135.249 190.380
170.353 134.484 196.400
174.600 137.069 200.747
179.907 141.276 202.575
183.156 146.804 201.005
184.471 151.913 198.207
182.834 156.252 193.316
177.541 159.092 190.125
171.299 162.080 191.235
166.241 163.226 195.597
164.749 166.295 200.965
165.743 171.434 204.617
169.483 176.628 206.785
174.652 180.961 205.856
179.673 183.483 201.619
181.135 184.908 196.114
181.376 184.021 189.467
177.078 181.914 184.126
171.258 183.512 181.230
165.754 187.621 180.664
163.194 193.674 181.524
164.362 200.240 182.058
169.711 204.800 180.568
175.964 207.082 177.486
180.038 205.968 172.551
182.883 202.659 167.312
182.733 197.772 162.855
178.131 193.775 159.121
171.975 194.336 156.276
167.934 198.368 152.669
167.004 204.258 149.366
169.979 209.217 144.772
174.274 210.279 139.790
180.526 208.805 136.464
185.221 203.551 136.317
186.866 198.186 135.012
184.763 191.996 134.852
181.045 187.542 132.314
175.593 184.911 128.940
169.907 186.253 125.465
168.171 188.333 119.472
62.395 1.437 9.755
60.635 -3.321 6.258
56.260 -6.581 2.505
51.270 -6.322 -1.641
46.230 -2.649 -5.231
44.333 2.982 -8.474
46.857 7.836 -12.159
51.472 12.403 -14.513
57.368 12.065 -17.362
63.015 8.796 -19.773
65.135 3.300 -22.887
64.065 -2.468 -26.227
59.929 -6.644 -29.749
55.043 -6.255 -33.652
48.877 -4.644 -35.719
46.263 0.695 -39.192
46.646 6.435 -42.687
49.637 10.946 -46.121
55.082 11.128 -50.002
52.491 -7.493 -52.304
58.871 -5.693 -49.810
62.666 -0.751 -46.872
63.543 4.267 -43.397
61.202 9.017 -39.198
56.810 11.054 -34.950
50.740 10.533 -31.733
46.670 5.958 -28.707
46.708 0.479 -25.126
49.344 -5.492 -22.121
54.449 -6.811 -18.244
60.218 -5.623 -14.865
63.343 -0.990 -11.170
63.590 4.587 -8.277
60.618 10.219 -5.125
55.120 11.836 -1.871
49.269 11.600 0.514
44.961 7.560 4.306
43.715 1.332 7.156
41.929 38.450 22.257
46.749 35.838 18.802
48.980 31.849 14.859
47.705 26.862 10.092
43.016 22.416 7.157
37.210 21.554 4.245
32.559 24.774 0.847
29.475 29.959 -2.556
30.975 35.425 -6.152
35.681 39.490 -9.535
41.196 39.416 -12.860
46.514 36.654 -15.777
49.107 31.450 -19.007
47.492 25.928 -22.187
44.413 20.640 -24.807
39.046 19.619 -28.598
33.271 21.542 -32.012
30.065 26.062 -35.362
30.935 32.462 -38.486
47.829 26.644 -40.684
47.351 32.125 -37.002
43.936 36.818 -34.176
38.640 38.298 -30.961
33.853 36.295 -27.347
30.624 32.371 -23.656
30.730 26.560 -19.766
33.728 22.031 -16.060
39.190 20.807 -12.277
45.373 22.157 -9.696
48.660 27.397 -6.739
48.774 34.018 -4.488
45.371 38.408 -1.339
40.270 40.846 2.159
34.403 39.657 5.486
31.524 34.783 8.898
30.163 29.104 11.578
32.558 24.109 14.763
38.235 20.832 17.718
94.195 18.255 81.440
90.029 21.816 84.571
87.476 28.360 85.419
85.620 33.966 82.502
82.707 36.344 77.048
79.394 36.051 71.270
75.743 32.941 66.902
72.090 27.367 65.715
68.529 21.827 66.624
64.835 18.246 70.507
60.225 18.625 75.334
57.592 21.533 80.886
55.091 27.547 81.941
54.162 33.940 81.176
52.329 38.432 77.050
48.734 23.897 64.495
52.205 28.548 62.116
57.000 32.452 64.108
59.989 36.872 68.562
62.224 37.991 74.620
64.328 34.777 80.221
67.182 29.843 83.347
69.236 23.419 84.985
73.084 19.253 81.973
77.092 17.742 76.861
80.153 17.456 70.884
84.342 21.274 67.809
87.607 26.876 65.783
90.762 31.743 69.183
92.348 35.773 74.292
0.363 19.089 39.750
2.998 17.552 34.991
6.448 18.811 29.544
11.088 22.609 27.104
13.855 29.053 25.962
15.950 34.586 28.931
18.913 36.962 34.100
22.498 36.289 39.415
25.965 33.375 44.417
29.073 27.601 46.007
32.371 21.936 45.120
35.956 18.136 41.257
40.510 18.397 36.251
43.120 21.376 30.664
45.424 27.264 29.221
46.800 33.719 30.434
51.958 23.307 46.640
48.833 27.307 48.981
44.389 31.770 47.607
41.459 36.403 43.262
39.190 37.551 37.158
36.990 34.625 31.513
34.020 29.853 28.424
31.427 23.754 26.768
26.972 19.969 29.780
23.587 17.938 34.722
20.466 18.027 40.634
16.492 22.148 43.923
13.600 28.042 45.656
10.924 33.232 42.404
9.375 36.926 37.046
6.751 37.140 31.246
0.542 19.250 41.027
3.248 17.520 35.168
6.225 18.710 29.529
11.052 22.478 26.963
13.923 28.908 26.061
16.090 34.329 29.197
18.716 36.767 34.592
22.101 36.126 40.021
25.793 32.930 44.649
28.992 27.302 46.007
32.231 21.595 45.144
35.860 17.812 41.296
40.606 17.715 36.409
43.612 20.843 31.107
45.775 26.899 29.660
46.874 33.550 30.607
51.786 23.110 46.853
48.817 27.124 49.305
44.390 31.781 47.986
41.527 36.126 43.342
39.387 37.233 37.137
37.566 34.350 31.418
34.599 29.508 28.172
31.842 23.275 26.639
27.980 19.000 29.532
23.914 17.775 34.671
20.782 17.514 40.512
16.642 21.431 43.992
13.649 27.226 45.674
11.150 32.719 42.646
9.744 36.607 37.426
6.615 36.623 31.581
4.709 -48.361 -34.026
-1.040 -46.822 -37.743
-6.903 -44.757 -38.753
-10.913 -40.051 -41.062
-12.563 -33.330 -41.906
-8.498 -27.612 -44.237
-2.881 -25.246 -47.464
1.943 -27.268 -52.161
-12.795 -38.991 -56.607
-6.778 -42.919 -54.674
-1.558 -42.415 -52.445
3.896 -39.249 -49.032
5.362 -34.124 -44.924
3.537 -30.442 -40.006
2.261 -30.287 -33.620
0.140 -31.978 -28.532
14.401 5.625 2.556
11.448 3.158 7.848
8.304 0.467 12.737
3.186 -3.771 15.022
4.135 -10.238 17.548
8.179 -15.891 17.722
14.173 -19.035 16.592
20.494 -19.702 16.367
24.937 -5.381 25.421
22.196 -3.773 20.365
23.559 -6.578 14.743
20.880 -9.617 10.011
16.315 -13.505 7.508
11.825 -13.440 2.885
7.385 -12.011 -0.494
1.634 -85.099 -51.644
4.888 -85.070 -45.816
9.616 -82.866 -41.641
11.322 -78.417 -37.349
12.117 -71.830 -35.694
7.925 -66.911 -35.292
3.931 -67.265 -31.122
-0.229 -65.870 -33.527
-7.093 -76.773 -38.999
-4.169 -72.552 -43.645
-0.002 -68.215 -45.937
4.181 -68.228 -50.561
8.813 -69.540 -54.013
13.669 -37.084 -87.221
17.264 -34.977 -91.345
21.900 -37.473 -93.812
27.836 -41.970 -93.216
28.990 -48.046 -94.641
27.247 -54.587 -96.200
21.179 -56.505 -99.570
18.256 -60.191 -103.675
29.394 -43.727 -111.778
23.585 -41.671 -110.260
16.986 -42.931 -108.203
12.842 -45.873 -103.813
11.786 -49.418 -98.945
12.978 -51.448 -93.082
13.986 -51.414 -86.925
16.385 -50.047 -81.753
11.792 -17.157 22.586
6.277 -16.735 18.219
5.439 -15.695 11.603
6.457 -11.434 6.420
11.596 -10.353 2.315
17.813 -11.046 -0.848
22.769 -15.145 -2.116
24.253 -20.337 -4.927
23.928 -24.334 -9.658
20.584 -27.479 -14.779
15.063 -29.603 -18.196
9.205 -26.276 -20.750
6.271 -20.687 -22.823
6.352 -13.496 -22.488
11.082 -8.974 -24.096
16.639 -6.582 -26.254
21.084 -7.331 -31.566
22.458 -9.361 -37.594
19.305 -10.062 -43.770
13.909 -9.008 -47.490
7.351 -6.863 -49.089
3.672 -1.301 -48.853
2.928 4.804 -46.606
5.060 10.332 -43.431
20.943 5.161 -47.080
19.309 6.868 -41.112
15.039 5.001 -36.627
9.259 2.447 -34.253
3.258 -0.914 -35.423
2.156 -7.370 -36.903
4.702 -13.964 -37.580
8.888 -18.223 -39.494
14.331 -20.929 -36.801
19.472 -21.285 -32.629
22.776 -18.930 -27.612
22.511 -15.831 -22.086
18.709 -12.295 -16.979
11.903 -11.939 -14.749
7.476 -16.558 -13.087
6.721 -20.308 -7.962
7.206 -24.821 -2.616
10.279 -27.849 2.567
15.909 -27.595 6.233
20.068 -23.623 9.707
22.562 -17.313 10.214
21.936 -10.333 8.182
17.239 -6.335 9.662
10.412 -4.601 10.041
32.338 117.156 10.398
30.856 112.230 14.100
31.947 105.463 15.557
33.206 100.742 13.081
30.350 101.351 7.986
28.399 104.269 2.472
62.136 147.783 28.529
68.612 149.993 27.891
74.892 148.442 26.250
79.633 147.239 28.688
78.982 150.164 33.844
76.027 151.991 39.480
77.136 118.860 37.275
72.025 118.551 41.690
69.322 118.602 48.092
70.303 117.716 53.420
69.969 111.594 50.820
71.243 105.941 47.301
62.061 167.385 -4.898
61.648 162.266 -0.060
61.733 159.580 6.134
62.724 160.400 11.553
68.805 160.511 8.707
74.512 162.508 4.759
54.949 115.311 114.454
60.052 115.662 111.255
64.971 114.457 107.101
64.127 109.369 101.641
60.280 105.192 98.822
55.847 105.297 94.177
50.526 107.276 90.301
45.069 112.597 89.581
46.394 118.224 85.051
49.546 123.852 82.949
54.904 126.666 80.615
60.464 126.319 77.248
65.526 122.494 74.198
68.273 117.600 72.079
67.974 111.159 69.113
63.179 105.860 67.854
56.877 105.100 65.454
52.458 106.832 60.632
51.963 109.718 54.737
54.334 113.320 49.182
58.559 112.777 44.552
64.102 110.290 40.875
68.140 105.360 40.832
71.125 98.648 42.246
69.224 93.209 44.510
63.914 89.385 46.640
57.875 87.465 45.129
52.623 86.687 40.232
51.097 84.944 34.200
52.735 80.941 29.090
56.976 76.353 26.333
62.253 72.353 26.340
66.229 68.447 29.741
68.846 65.270 34.929
68.382 64.410 41.235
64.807 63.650 46.862
58.328 62.097 48.948
52.485 59.474 47.679
50.107 53.512 44.181
50.920 46.197 42.641
54.601 41.397 43.943
59.455 37.394 46.245
64.984 37.199 50.399
66.896 37.424 55.809
68.793 41.144 61.301
65.257 44.365 66.113
59.508 45.085 70.106
53.622 42.210 71.661
51.040 37.015 74.180
50.473 31.479 77.340
53.780 26.495 80.606
58.800 23.492 83.566
64.422 23.927 86.972
69.783 27.712 89.165
71.934 32.919 91.238
72.207 39.987 91.920
67.293 44.618 93.066
60.979 46.548 95.924
57.514 45.425 100.666
56.194 45.417 107.293
59.246 44.610 113.576
63.860 43.973 118.171
68.516 47.249 119.873
73.933 50.780 119.488
76.890 55.291 115.625
76.803 59.857 110.271
73.173 64.910 109.132
67.759 69.186 108.833
65.010 73.172 112.798
63.498 77.006 118.351
66.878 79.638 123.958
71.762 82.464 126.300
78.610 84.192 126.532
84.279 85.990 123.693
86.452 88.469 117.506
86.186 88.968 111.017
82.862 90.480 106.692
77.495 94.755 103.408
73.431 99.670 104.097
72.728 106.097 106.462
75.524 111.755 108.599
80.321 116.204 108.143
86.835 117.516 105.067
91.610 115.370 100.782
93.105 112.553 95.321
92.320 109.362 90.552
88.610 107.025 85.167
81.843 107.499 82.574
78.585 111.737 78.963
77.110 117.395 75.746
79.924 121.107 71.766
84.750 123.789 68.475
90.175 122.840 65.395
94.474 118.873 62.250
97.463 113.946 60.506
97.965 107.403 59.422
94.717 101.112 61.510
89.959 97.887 58.607
83.644 97.589 56.810
80.340 98.609 51.251
80.362 99.084 44.876
83.347 100.621 38.688
87.607 98.011 34.217
92.292 93.616 32.632
95.494 88.228 33.392
98.402 82.960 37.261
95.520 79.349 42.078
91.000 75.580 44.521
84.680 72.411 43.618
78.953 71.017 39.460
78.497 67.420 34.318
80.332 62.845 30.170
85.036 58.425 27.212
89.076 53.939 29.083
93.789 50.869 33.266
95.659 49.770 39.363
95.272 50.881 45.999
91.557 52.852 51.374
85.690 50.784 54.021
80.508 46.265 54.234
78.109 40.564 53.841
79.519 34.056 55.156
84.641 28.968 55.040
89.405 27.144 59.385
94.666 28.321 63.878
97.094 30.800 69.100
96.358 36.390 73.025
92.381 40.220 76.965
86.500 39.679 80.845
82.810 36.560 85.623
97.210 27.588 86.878
94.735 23.329 80.957
88.976 23.328 77.597
82.495 26.139 76.195
79.389 31.033 73.867
80.849 36.888 70.955
84.951 41.799 69.544
91.243 43.543 66.767
95.715 41.224 62.217
96.375 37.462 56.469
94.350 35.072 50.030
89.543 34.977 44.466
84.223 37.671 41.286
80.704 42.889 41.051
78.499 47.923 42.606
79.352 54.520 45.166
84.931 58.343 47.141
91.230 60.305 45.495
96.212 61.418 40.829
97.889 62.669 34.441
96.407 66.780 29.569
92.002 71.515 27.135
85.760 74.428 26.351
82.171 79.255 29.247
79.644 82.515 34.778
80.783 83.576 41.304
84.619 83.718 46.664
90.810 86.218 48.766
97.097 88.789 47.429
99.083 94.710 45.526
97.879 101.278 43.044
94.277 106.303 42.982
89.723 110.724 45.679
83.860 112.026 49.386
81.381 110.133 54.834
80.195 106.210 60.407
83.692 104.102 65.061
88.915 103.485 69.059
95.214 105.970 71.122
97.551 111.415 73.462
96.759 117.354 76.465
93.750 123.324 78.835
87.244 126.310 81.600
82.610 125.330 84.994
78.374 121.803 88.615
75.890 116.288 89.999
75.806 109.337 90.194
80.453 104.822 91.983
86.925 103.329 94.308
90.566 103.893 99.642
91.140 105.066 105.981
89.498 105.978 112.736
84.507 104.480 117.144
78.272 103.698 119.279
73.957 99.478 119.222
70.228 94.873 114.682
70.697 89.849 110.000
74.950 84.616 108.246
80.444 80.763 108.633
82.730 76.749 113.159
83.067 73.355 119.326
79.314 71.181 124.040
74.618 68.556 126.710
68.521 65.359 126.299
63.270 63.607 123.854
60.382 62.406 117.551
60.819 60.878 111.523
64.699 58.964 106.126
70.078 54.950 104.025
75.261 50.051 105.377
74.603 43.579 107.179
72.744 38.037 110.037
68.024 33.809 108.769
60.938 32.306 106.731
57.464 33.193 102.001
54.830 37.270 96.781
55.453 40.210 91.177
60.201 42.494 86.422
66.453 41.923 83.552
69.958 37.808 80.231
70.842 32.235 76.571
68.462 27.015 73.748
62.479 24.025 70.811
58.670 25.791 66.471
54.632 29.667 62.894
51.232 34.684 61.784
50.726 40.942 60.161
53.195 47.073 61.608
58.986 50.242 59.331
65.403 50.700 57.576
68.166 49.378 51.702
68.655 47.564 45.122
65.271 48.268 39.612
61.781 49.553 34.930
55.968 54.026 33.490
53.205 59.095 33.786
50.690 64.323 37.817
53.073 69.312 41.923
58.096 71.973 44.728
64.205 75.271 43.641
69.891 76.022 39.286
70.254 80.139 34.571
69.055 84.145 29.466
65.787 89.159 27.264
60.689 93.962 28.652
56.453 96.732 32.704
53.283 97.879 38.241
53.566 97.010 45.301
57.383 94.732 50.186
63.285 96.964 53.226
68.465 101.273 53.432
71.478 107.667 53.171
69.381 113.811 53.436
64.458 118.875 53.959
60.472 120.953 57.570
55.324 119.929 62.031
52.012 116.106 66.003
52.103 111.510 71.144
55.370 107.618 75.686
61.291 108.236 79.171
66.018 111.837 82.469
66.031 116.993 86.363
63.594 122.206 89.401
58.728 124.167 93.226
52.302 123.765 95.371
46.962 119.316 98.451
45.681 113.622 100.292
47.705 107.664 102.430
50.599 104.070 106.111
56.193 99.145 106.898
-3.758 37.457 -25.277
-5.768 31.062 -25.047
-3.014 24.694 -26.130
1.243 20.916 -22.440
7.576 19.441 -20.745
14.126 20.623 -17.500
14.962 22.696 -11.313
13.836 26.305 -6.052
9.457 27.083 -1.159
4.694 24.624 2.916
-1.327 20.792 3.225
-0.962 13.666 5.112
0.157 7.635 3.924
4.387 1.503 3.048
9.917 -0.049 6.444
14.868 0.558 10.216
16.981 3.076 15.834
16.542 4.310 22.193
12.929 6.665 27.550
0.032 -3.813 19.331
-0.915 2.557 20.406
1.566 8.945 20.177
6.770 13.764 19.841
11.337 15.302 15.583
15.439 13.947 10.275
17.056 11.427 4.452
14.972 8.234 -1.375
9.039 8.774 -4.880
2.844 10.152 -6.714
-1.496 15.210 -7.800
-4.355 21.336 -6.393
-2.022 27.601 -7.610
2.277 32.308 -9.630
7.493 34.318 -13.207
13.262 33.226 -17.089
13.532 30.628 -23.280
11.491 27.040 -28.310
6.170 25.683 -33.278
20.573 39.751 -20.095
26.943 39.374 -21.986
32.621 39.179 -22.451
37.965 38.867 -18.778
41.887 38.678 -14.379
43.100 37.112 -8.155
42.273 34.441 -3.154
40.425 30.164 0.225
38.929 24.621 0.878
38.370 18.763 -0.851
38.340 14.327 -5.807
40.743 12.362 -10.495
45.470 12.418 -14.926
50.729 12.645 -17.218
56.562 13.368 -16.683
61.780 13.506 -14.167
65.836 11.828 -9.719
67.462 10.359 -3.444
66.028 7.008 1.281
49.347 4.590 -4.435
50.527 8.081 0.581
54.090 12.524 3.798
57.959 17.724 2.762
54.304 22.332 -1.364
54.115 25.867 -6.530
53.217 28.011 -12.315
48.714 27.922 -16.884
42.438 26.371 -17.729
36.555 22.748 -18.379
31.331 21.025 -15.210
28.302 27.250 -13.025
26.168 30.769 -8.408
26.309 35.057 -3.326
29.155 40.335 -1.833
31.751 45.605 -3.250
34.256 50.072 -8.279
36.027 51.890 -14.035
34.456 53.259 -20.217
21.810 30.827 41.633
26.332 33.163 36.424
30.858 32.499 30.979
32.596 29.250 25.943
32.123 26.426 19.442
28.298 24.528 14.059
9.789 23.113 33.496
11.877 29.461 33.864
15.017 35.429 35.323
19.794 38.814 31.533
22.742 40.281 26.005
24.465 40.792 19.689
21.196 12.637 29.147
15.015 16.106 28.328
10.159 20.148 27.399
8.785 25.878 23.927
9.249 32.339 21.115
12.141 38.054 19.018
31.449 22.764 36.184
30.883 17.907 31.502
27.419 16.198 26.388
22.117 16.041 21.863
18.642 19.261 17.269
14.424 23.170 13.730
-15.510 -22.125 -0.866
-12.242 -22.076 -3.456
-8.270 -17.011 -1.201
-6.126 -18.548 5.068
-3.264 -23.392 7.692
1.394 -26.330 10.211
4.005 -22.126 13.262
-1.905 -18.764 13.543
-4.199 -13.338 10.083
-10.182 -11.967 7.476
-15.967 -12.756 8.562
-22.034 -14.655 10.247
-11.959 15.837 15.462
-9.497 18.433 10.869
-11.753 14.248 5.693
-18.339 14.997 5.139
-22.427 19.718 4.711
-27.876 21.387 1.870
-27.743 17.942 -3.663
-27.288 12.236 0.301
-22.156 7.545 0.421
-18.397 5.052 5.339
-19.363 3.893 11.009
-20.528 0.673 16.818
10.073 21.902 -1.436
8.722 17.423 2.259
7.594 10.586 1.597
13.648 7.468 1.161
18.922 7.389 4.006
23.698 4.269 6.481
23.217 -0.971 4.523
20.525 0.944 -1.471
14.187 0.856 -3.604
10.772 4.978 -7.566
11.497 8.545 -12.142
13.257 12.642 -17.139
0.131 -15.264 -22.171
-7.106 -15.382 -22.091
-8.142 -9.041 -19.458
-9.118 -5.062 -24.662
-12.628 -4.963 -29.782
-16.550 -1.008 -33.413
-17.435 2.772 -29.110
-12.154 5.914 -27.580
-8.406 5.358 -21.619
-2.927 1.604 -20.271
1.675 0.207 -23.588
7.986 -0.192 -25.482
168.505 195.408 290.677
171.593 188.331 290.223
172.076 182.974 287.811
172.173 179.339 281.278
172.011 179.732 274.951
172.584 183.221 269.418
174.758 187.435 265.753
179.236 192.583 264.347
185.663 195.272 266.718
190.686 194.279 268.585
195.938 191.227 271.647
198.871 185.849 273.584
200.601 179.976 271.607
199.914 174.338 268.730
203.572 173.262 263.363
206.167 171.127 258.247
233.720 195.438 226.426
237.329 199.625 222.500
234.230 202.768 224.990
237.011 208.090 225.567
239.134 213.330 229.320
240.238 216.841 233.765
239.469 217.846 240.041
238.858 215.404 246.403
239.562 210.381 250.746
242.738 204.723 252.445
247.505 200.266 251.218
253.129 198.239 248.678
259.142 199.705 246.295
263.711 204.093 246.447
267.287 209.724 246.972
268.154 214.068 251.420
266.792 217.890 256.460
266.121 217.528 263.218
266.232 214.092 268.368
138.328 230.218 244.272
142.968 226.879 242.657
147.978 222.813 240.426
153.384 221.200 238.154
160.261 220.420 239.547
165.404 215.715 241.229
171.953 217.477 243.506
176.993 216.287 243.582
183.361 216.540 242.011
186.540 211.751 238.670
188.299 206.724 234.662
193.651 207.836 234.927
200.366 208.327 234.117
205.915 206.826 234.833
210.885 204.405 232.645
213.917 202.589 227.837
214.983 201.979 222.179
214.256 203.616 216.582
212.786 206.874 212.100
211.723 213.093 210.952
211.538 218.145 210.484
276.294 203.144 262.467
270.692 199.365 260.395
264.030 200.132 262.409
259.181 203.064 263.365
256.115 209.078 263.363
254.363 214.213 259.585
254.459 217.158 254.640
255.796 217.589 248.415
256.578 214.435 241.867
255.060 209.081 237.455
250.846 204.406 235.869
246.244 199.884 237.618
241.385 198.381 241.506
235.976 200.592 244.278
231.194 204.648 243.896
227.328 209.408 242.099
225.310 213.689 238.297
223.963 215.882 232.700
222.251 215.676 227.027
218.263 218.508 227.835
213.147 220.246 227.876
207.542 219.468 225.787
203.306 216.911 222.592
200.094 213.049 219.878
198.717 206.977 218.391
199.915 200.598 217.510
201.853 195.523 220.510
203.603 191.936 225.548
204.394 191.113 231.823
203.266 192.597 237.720
198.239 193.947 240.836
196.182 192.938 246.661
193.955 189.346 251.871
196.426 184.425 252.128
191.371 181.654 254.319
187.749 178.985 258.836
186.695 176.502 264.915
187.304 175.881 271.532
187.972 179.107 277.046
188.410 184.601 280.565
186.647 190.829 281.417
182.256 195.490 279.670
178.571 198.609 276.181
172.273 196.817 272.632
166.411 193.597 272.600
163.827 187.480 272.993
159.707 185.239 278.010
326.724 322.307 208.460
333.528 322.312 210.723
336.618 328.523 211.028
336.394 335.024 213.354
335.933 338.722 217.606
334.473 340.463 224.042
330.679 338.813 229.594
329.781 334.341 234.981
329.774 328.263 237.673
332.543 322.864 239.906
338.688 319.884 241.611
342.996 321.015 245.328
345.271 323.769 250.205
344.547 326.254 255.482
341.173 327.954 259.626
336.391 330.187 263.322
330.122 331.996 264.572
324.165 330.219 263.881
319.309 325.345 260.963
317.670 320.751 255.828
320.079 315.664 251.186
324.066 310.240 251.909
327.582 305.067 255.057
327.324 301.653 260.547
326.496 300.486 267.051
321.896 299.474 271.165
315.962 298.386 273.028
309.463 298.082 272.612
303.614 297.552 268.361
301.464 294.218 262.089
303.743 288.781 258.905
302.737 282.064 257.809
305.076 275.550 259.525
306.431 271.283 264.403
305.463 269.245 270.643
301.811 269.421 276.265
295.960 270.476 279.157
289.377 271.488 278.596
283.697 270.451 275.480
279.806 266.319 271.933
278.373 260.248 269.183
280.044 253.599 269.740
283.340 248.658 272.842
285.396 245.569 278.020
286.578 244.859 284.628
286.173 247.684 290.978
280.996 250.457 294.388
274.767 250.358 295.146
268.294 248.229 294.429
263.814 243.848 291.462
262.187 236.363 291.869
264.441 230.447 294.130
265.068 226.375 298.084
267.983 224.454 304.253
267.922 226.984 310.755
264.305 229.568 316.333
258.348 231.319 318.197
253.015 232.391 320.146
246.505 230.615 318.421
242.770 227.068 316.690
241.956 221.119 313.367
242.680 216.326 311.823
246.511 210.004 312.628
250.821 207.368 316.947
252.608 205.890 323.698
252.531 204.483 328.876
248.397 204.453 334.518
243.230 204.220 336.703
238.625 201.944 338.094
240.387 191.617 328.951
239.174 194.138 322.927
234.834 199.236 323.990
234.131 205.198 326.201
235.567 210.548 329.331
241.551 213.294 331.995
245.796 214.727 331.956
252.052 216.467 330.745
256.818 215.409 325.127
256.983 213.314 318.507
254.880 213.968 312.544
250.986 217.480 308.491
249.996 222.792 305.289
247.747 229.182 304.247
249.787 234.995 305.897
255.102 238.852 308.411
261.647 239.719 309.496
267.128 240.029 308.158
273.275 237.289 305.830
275.801 233.937 301.063
274.848 230.610 295.442
270.913 232.160 289.988
269.959 237.174 284.797
270.726 243.265 282.365
271.411 250.716 283.154
273.721 257.416 285.381
280.037 259.107 287.852
287.100 256.979 287.506
291.305 255.395 282.844
293.861 254.666 277.122
295.046 257.260 270.914
293.320 259.552 264.586
290.806 265.332 262.041
289.031 271.537 262.103
289.731 277.405 265.731
292.044 280.723 271.182
297.607 282.249 275.280
303.988 282.659 276.071
309.941 282.058 273.373
314.033 282.420 267.364
315.048 285.996 262.913
313.634 289.792 256.961
311.997 296.711 256.485
308.453 302.399 257.455
309.412 306.697 262.712
313.377 308.968 267.763
319.118 310.384 270.400
325.088 310.937 271.844
331.096 312.028 268.089
333.905 313.397 262.479
333.817 316.008 256.626
330.926 317.816 250.279
327.155 322.329 247.692
326.061 328.967 247.826
328.261 335.076 247.953
333.051 338.501 246.881
338.424 340.476 245.365
342.814 339.366 240.867
347.066 337.450 237.668
348.151 333.080 233.524
346.444 328.009 229.434
342.698 322.133 227.702
335.850 318.965 227.616
329.769 320.425 227.788
326.431 323.380 224.580
323.133 329.468 224.954
322.065 335.020 222.743
325.085 340.162 217.967
327.839 340.505 213.247
313.797 336.368 208.021
316.564 330.406 208.520
321.238 326.422 208.182
326.663 324.812 209.715
333.230 326.722 210.068
337.212 330.506 212.223
339.244 335.609 214.473
338.072 338.506 220.598
333.581 338.155 226.730
331.039 334.825 233.210
330.572 328.553 237.502
333.160 323.156 239.534
338.657 320.432 241.686
343.759 321.211 244.981
345.763 323.941 249.674
344.961 326.718 254.831
342.453 327.296 259.249
337.442 329.600 263.074
331.725 331.582 264.468
325.690 329.757 263.791
320.899 324.804 261.097
319.163 320.950 255.862
321.478 315.462 251.390
325.519 310.186 251.354
328.632 304.949 254.341
328.488 301.383 259.747
327.459 299.928 266.122
322.244 298.264 269.398
315.986 299.543 272.317
309.785 300.741 268.319
305.596 297.384 264.791
302.289 293.979 262.667
301.569 288.651 257.842
303.685 282.190 256.731
305.919 275.542 258.705
307.390 271.133 263.420
306.546 268.934 269.590
303.088 269.008 275.356
297.333 270.047 278.442
290.726 271.056 278.050
284.971 270.240 275.118
280.936 266.241 271.582
279.453 260.219 268.871
280.975 253.580 269.055
284.348 248.509 271.909
286.475 245.285 276.970
287.837 244.392 283.520
287.917 247.076 290.067
282.595 249.791 293.578
276.388 249.734 294.511
269.886 247.690 293.932
265.265 243.400 291.033
263.571 235.955 291.237
265.827 229.959 293.281
266.522 225.780 297.107
269.590 223.672 303.139
269.739 226.032 309.705
266.312 228.505 315.448
260.510 230.304 317.541
255.165 231.340 319.654
248.557 229.706 318.127
244.649 226.217 316.635
243.546 220.339 313.288
244.126 215.552 311.615
247.914 209.192 312.057
252.260 206.125 315.111
256.267 202.090 320.261
256.560 201.171 325.700
252.976 202.269 331.603
248.027 202.890 334.189
243.357 201.340 336.213
243.051 189.913 327.365
241.847 192.444 321.342
237.265 197.333 322.368
236.254 203.234 324.624
237.389 208.608 327.835
243.190 211.586 330.647
247.368 213.207 330.709
253.572 215.228 329.648
258.642 214.176 324.463
258.888 212.325 317.506
256.456 213.246 311.716
252.826 216.489 307.315
251.737 221.790 304.436
249.827 228.603 303.142
251.691 234.626 305.200
257.130 238.245 307.672
263.271 239.081 309.523
268.899 239.637 307.672
275.055 236.010 305.376
276.944 233.712 299.971
276.334 229.722 294.284
272.817 231.198 288.462
271.080 236.249 283.565
270.645 243.305 281.782
272.255 250.426 282.626
274.897 257.184 284.743
281.738 258.656 287.580
288.823 256.072 286.451
292.774 255.323 281.572
295.385 254.017 275.612
296.032 256.759 269.459
294.510 259.698 263.615
292.141 265.572 261.023
290.116 271.900 262.027
290.415 277.442 265.725
293.170 280.893 270.875
298.441 281.965 274.718
304.959 281.571 275.743
311.519 282.167 272.315
315.425 282.706 266.047
316.005 284.730 261.212
315.164 289.864 256.413
312.889 295.770 255.319
310.440 302.526 256.169
310.322 306.596 261.655
313.325 308.361 267.090
318.572 309.925 271.196
325.558 310.314 271.822
331.398 311.908 267.322
334.930 313.177 261.488
334.951 315.771 255.239
331.901 317.999 249.667
328.541 323.106 247.672
327.543 329.040 247.028
329.184 334.913 247.729
333.881 338.951 246.805
338.523 340.199 243.873
343.080 339.737 240.507
347.549 337.129 236.937
348.971 332.652 233.164
346.735 327.713 228.735
343.347 322.090 227.025
336.421 319.145 227.477
330.349 320.677 226.144
325.250 324.167 225.799
323.693 330.334 224.932
323.467 335.235 221.880
327.287 340.160 218.674
328.623 341.184 213.522
330.605 340.411 207.720
331.665 336.028 202.794
-20.386 19.964 -9.163
-14.694 20.753 -12.584
-8.868 21.178 -12.357
-3.518 18.630 -10.969
1.374 15.252 -9.439
4.517 10.255 -9.461
5.616 5.721 -13.676
6.150 2.639 -18.982
10.040 1.521 -24.254
31.105 5.026 -11.876
27.555 9.361 -10.268
24.167 13.655 -7.082
19.189 12.343 -3.161
17.309 12.292 2.809
10.966 11.535 3.235
6.625 15.151 6.965
3.203 20.439 5.983
0.282 26.104 2.987
9.545 -8.477 -14.417
12.278 -12.091 -10.196
18.371 -14.111 -7.619
25.004 -13.004 -6.753
29.672 -8.783 -5.131
31.622 -3.739 -2.288
32.045 2.471 -0.045
28.180 6.996 3.160
22.810 7.252 7.439
16.713 4.562 9.415
14.425 0.116 12.982
14.380 -3.997 17.581
16.141 -8.788 22.148
21.011 -9.435 26.990
26.029 -6.033 30.321
29.999 -0.530 30.500
30.279 5.724 30.715
27.921 11.111 32.350
23.816 15.322 35.672
18.655 17.091 39.329
16.128 15.357 44.959
13.453 10.635 49.017
16.234 5.356 52.141
20.775 2.482 55.035
25.704 2.212 59.016
31.443 3.925 62.656
34.198 8.913 66.049
32.781 14.664 68.144
27.493 19.646 69.400
20.969 20.586 70.245
16.050 19.941 73.457
18.659 4.279 80.062
16.230 3.679 74.120
14.132 8.057 69.273
14.745 13.700 65.618
19.150 18.143 62.515
25.256 20.307 60.844
31.097 18.858 57.863
33.961 15.166 53.089
33.088 10.114 48.876
30.261 3.964 47.407
24.950 0.665 45.930
18.605 -0.098 43.980
12.864 1.988 40.600
10.315 7.073 36.833
11.136 7.169 30.284
15.937 9.414 26.041
22.643 9.579 23.414
27.925 6.073 21.111
31.922 0.593 20.982
32.517 -5.345 19.577
31.047 -9.317 14.513
25.107 -10.704 11.196
18.807 -9.390 8.802
15.090 -5.627 4.603
13.542 0.051 1.642
15.316 4.481 -2.682
19.070 5.839 -8.019
22.505 2.776 -13.014
27.128 -1.545 -15.872
28.940 -7.838 -16.190
25.979 -13.996 -16.196
28.141 68.344 61.234
22.848 64.258 63.571
21.229 58.961 66.801
23.667 54.534 71.228
29.168 51.149 74.073
34.142 52.486 78.369
36.179 56.853 83.147
35.876 62.528 86.645
32.555 68.110 88.566
21.862 53.304 93.801
16.318 56.130 91.115
16.088 60.136 85.923
18.323 65.482 82.572
23.582 69.174 80.592
30.425 70.229 79.955
35.824 67.172 78.479
39.288 62.092 75.256
38.741 56.478 71.723
35.938 52.360 67.320
40.631 56.153 63.746
36.752 51.216 60.688
32.952 48.768 56.121
30.430 51.350 50.057
29.133 56.426 46.004
30.816 62.544 43.765
35.414 67.080 42.978
41.817 68.492 41.959
48.057 67.165 42.072
52.638 64.571 38.567
35.741 -35.482 156.739
37.915 -33.942 151.638
41.177 -27.866 151.552
42.641 -22.083 152.875
41.872 -16.654 155.809
43.024 -13.780 161.163
44.124 -14.839 167.069
45.513 -18.526 171.722
49.754 -22.167 173.338
53.248 -27.548 171.993
58.320 -30.907 169.988
63.048 -30.859 165.332
67.804 -28.169 162.198
72.328 -22.579 162.087
74.245 -17.140 164.764
75.319 -13.392 170.188
76.447 -12.214 176.478
76.600 -14.561 182.815
77.332 -20.414 186.724
79.855 -26.283 188.316
85.021 -29.757 187.895
90.812 -30.540 186.841
97.057 -28.942 183.290
101.333 -23.622 184.367
102.927 -18.405 188.089
102.521 -14.289 193.488
100.013 -12.137 199.126
95.915 -12.634 204.012
92.592 -17.095 207.585
92.525 -24.175 208.860
96.493 -27.634 212.736
102.296 -28.939 215.478
107.853 -26.945 218.790
110.880 -22.750 222.749
110.541 -18.122 227.267
106.643 -14.088 231.132
100.831 -11.351 233.095
94.547 -13.376 232.963
90.136 -18.605 233.775
89.520 -24.817 236.787
92.138 -29.376 240.578
94.580 -31.023 246.705
94.092 -29.423 252.965
91.351 -25.615 257.658
88.084 -20.312 260.038
83.009 -16.018 260.059
77.178 -14.075 257.365
72.683 -15.332 252.664
70.287 -19.218 247.260
66.720 -24.833 247.743
64.986 -30.362 250.696
61.732 -32.741 255.596
57.241 -32.144 260.718
52.785 -28.365 263.466
48.367 -23.279 263.266
46.216 -17.382 260.474
43.402 -14.930 255.468
43.998 -13.895 248.782
43.212 -17.289 243.121
41.297 -22.765 239.890
37.114 -28.036 239.807
31.050 -30.062 240.642
24.533 -28.663 241.710
19.372 -25.799 241.515
15.073 -21.460 239.879
14.223 -14.985 237.980
15.588 -9.741 233.990
19.582 -7.954 229.011
25.497 -8.669 225.832
28.019 -13.540 221.604
27.692 -19.453 218.593
23.731 -22.962 214.617
19.931 -22.867 209.857
15.633 -20.258 205.329
13.609 -15.526 201.511
14.948 -9.828 198.080
18.753 -4.757 196.739
24.518 -1.561 197.949
31.075 -2.436 198.606
36.152 -6.551 198.101
38.533 -12.576 195.487
40.097 -14.614 189.767
39.512 -15.401 183.073
39.289 -11.979 177.295
39.914 -6.549 173.767
42.010 -0.025 172.861
45.276 5.152 175.448
50.635 7.440 177.941
55.651 7.152 181.923
58.823 3.258 186.409
63.217 -2.004 185.661
66.141 -7.004 181.918
69.872 -7.745 176.398
74.939 -4.624 172.887
78.290 0.237 170.790
80.294 6.927 171.438
81.635 11.310 176.354
82.438 13.076 182.782
83.344 11.893 188.928
84.809 7.796 194.022
85.135 1.115 195.874
90.541 -3.114 195.215
96.851 -4.726 194.478
102.855 -2.751 197.169
106.385 2.059 199.506
107.854 6.757 202.274
106.742 12.067 206.745
103.176 15.048 211.160
98.824 14.992 215.791
92.284 12.907 217.380
90.877 7.555 220.688
91.712 1.062 221.948
95.651 -2.105 226.426
100.545 -2.757 230.581
103.387 -0.649 236.348
104.300 3.003 241.324
102.159 7.941 245.398
97.227 12.138 247.106
91.250 13.599 247.565
84.829 12.036 246.235
80.782 7.202 245.194
78.420 0.749 246.913
79.686 -5.072 250.462
79.237 -6.529 256.250
77.893 -5.897 262.696
74.889 -2.676 267.422
71.250 2.492 269.856
66.057 6.622 267.321
61.559 9.545 264.167
58.927 10.526 258.027
58.743 6.933 251.979
55.157 1.186 250.495
51.505 -4.377 251.843
46.991 -7.606 256.103
41.576 -5.909 259.526
36.739 -1.723 260.740
33.162 4.217 259.899
31.770 9.710 256.180
30.732 12.690 250.718
32.099 13.619 243.932
34.408 10.251 238.326
31.615 4.901 235.332
26.779 0.013 234.786
21.350 0.205 233.315
15.109 2.741 232.667
11.291 6.198 230.667
9.612 11.536 226.696
11.490 17.965 224.392
15.730 20.725 220.852
20.668 21.253 217.357
25.412 18.278 213.744
28.307 13.623 210.854
26.019 7.807 207.491
22.552 3.421 204.752
17.074 1.760 201.266
11.149 4.186 198.572
7.977 9.108 194.962
8.865 15.478 191.102
12.799 20.621 188.747
19.773 21.320 185.582
25.077 18.318 183.287
27.870 13.457 178.400
25.978 6.454 176.288
20.834 3.565 171.326
17.255 3.867 167.033
13.627 6.484 162.650
13.724 12.977 158.434
16.240 15.960 154.168
22.246 20.001 151.618
21.008 21.682 163.713
14.952 21.224 168.263
10.793 16.601 171.352
10.306 9.687 174.337
13.980 4.721 178.391
18.700 3.752 182.079
24.736 6.090 185.778
25.578 10.477 189.160
26.648 16.376 191.873
21.471 20.787 194.966
16.605 21.382 199.114
10.350 18.111 200.324
8.376 14.646 205.231
8.621 8.252 207.874
12.153 4.308 211.399
17.288 2.076 215.102
23.516 3.437 217.977
27.524 8.224 221.096
28.388 12.951 224.981
25.625 18.251 228.026
21.569 21.129 231.809
18.063 19.587 237.060
16.033 15.327 241.010
15.604 10.360 244.295
17.421 3.767 245.780
22.180 -0.495 246.610
28.263 -3.258 246.044
34.355 -2.536 243.864
39.629 1.930 242.923
40.885 8.861 244.468
41.947 11.490 250.337
43.028 11.033 257.192
44.239 8.699 262.733
46.109 3.618 266.869
50.543 -1.017 267.699
54.758 -5.541 264.906
59.573 -6.768 260.427
62.239 -4.816 254.504
65.149 0.678 251.536
67.969 7.039 253.078
70.057 11.367 257.661
75.505 11.885 261.393
81.453 9.652 263.851
86.489 4.899 263.146
89.253 -0.325 259.813
90.814 -3.418 254.754
91.217 -4.214 248.089
88.697 -2.703 242.575
85.478 1.594 238.220
86.702 7.923 236.493
90.421 13.337 236.773
96.456 15.799 235.933
102.878 14.660 233.619
106.975 10.725 230.341
108.190 5.725 225.859
106.262 0.231 222.512
103.029 -1.231 217.335
96.087 -1.960 215.896
91.820 1.923 213.150
90.100 7.555 209.994
91.459 12.977 206.449
94.202 15.372 201.319
97.106 15.053 195.689
100.433 12.443 190.855
100.009 8.651 185.986
98.321 2.876 183.343
94.111 -2.402 182.799
87.952 -4.369 183.577
83.247 -3.858 188.635
78.147 1.353 189.852
75.645 7.393 188.761
73.788 11.314 184.001
70.530 12.066 178.152
67.889 9.812 172.456
65.461 5.147 168.305
61.663 -0.124 167.853
58.617 -5.358 170.239
57.533 -9.342 175.833
55.537 -8.663 182.086
52.982 -5.034 187.006
50.042 0.933 188.951
44.007 3.246 187.870
38.034 4.115 184.711
33.253 2.195 181.703
29.440 -2.981 181.100
27.699 -9.651 181.308
27.080 -15.150 185.214
27.307 -17.823 191.264
29.568 -18.195 197.345
33.110 -14.565 201.857
30.720 -9.698 206.646
26.200 -4.750 208.292
19.744 -3.502 209.768
14.652 -6.026 212.913
10.667 -10.928 214.860
10.137 -17.246 216.725
13.688 -22.797 219.137
18.867 -25.152 222.212
24.862 -24.396 224.735
28.893 -21.022 228.674
30.922 -14.726 230.579
29.041 -10.935 235.781
26.431 -9.570 241.455
25.133 -11.611 247.263
25.735 -16.403 251.176
27.024 -22.632 253.302
30.740 -28.102 253.261
36.683 -30.768 252.525
42.497 -31.382 249.746
47.240 -29.283 245.033
50.762 -23.536 244.923
51.987 -17.146 246.764
54.778 -14.622 251.972
57.020 -14.600 258.360
59.547 -17.104 263.621
64.526 -21.366 265.969
68.247 -26.580 265.093
72.220 -30.223 261.133
75.108 -31.652 255.891
76.081 -30.143 249.196
77.800 -24.966 245.432
80.472 -18.635 244.558
82.985 -13.105 248.154
88.895 -12.446 251.339
94.977 -13.880 251.883
100.654 -17.147 250.294
103.750 -21.960 246.463
102.768 -27.076 241.917
101.380 -28.419 236.216
97.222 -28.087 230.846
92.187 -23.940 228.343
93.194 -18.364 224.328
96.188 -12.733 222.427
101.929 -9.635 220.340
107.025 -11.704 216.521
109.914 -16.107 212.319
109.901 -21.110 208.004
106.810 -26.412 205.116
102.036 -28.860 201.376
95.077 -28.560 200.635
89.311 -24.115 200.579
88.304 -18.379 197.276
90.549 -12.893 193.391
92.426 -12.279 187.122
93.065 -14.195 181.187
92.672 -18.680 176.124
89.917 -24.217 173.668
84.621 -28.508 173.489
79.565 -31.715 176.740
73.619 -30.060 179.040
69.332 -25.411 181.805
66.456 -19.933 180.041
64.634 -14.469 176.186
63.387 -12.398 170.048
62.416 -13.159 163.939
61.121 -18.141 158.549
59.383 -25.282 158.350
56.068 -30.585 159.686
51.155 -31.661 163.603
45.583 -30.994 166.348
41.402 -26.891 170.647
37.552 -20.543 170.452
34.006 -15.735 166.050
32.757 -16.331 159.818
31.224 -17.903 154.670
28.404 -22.868 149.509
27.420 -30.419 148.422
25.337 -35.521 149.526
21.433 -39.698 153.666
16.503 -41.212 158.627
13.470 -38.776 165.083
11.557 -33.080 169.645
6.829 -30.460 168.403
5.525 -24.479 165.651
2.645 -21.055 161.167
1.903 -21.667 153.987
-0.226 -25.842 148.790
-3.070 -31.948 147.680
-7.004 -36.353 149.571
-11.259 -39.533 152.396
-16.352 -39.319 156.695
-21.650 -36.228 158.978
-26.221 -30.824 158.164
-28.568 -25.931 154.672
-29.391 -22.569 149.244
-29.580 -22.401 142.530
-28.725 -25.290 136.647
-29.463 -30.830 133.225
-32.123 -36.977 132.504
-37.601 -40.075 132.425
-43.573 -41.923 133.266
-50.001 -39.924 134.505
-54.379 -34.838 134.207
-55.880 -29.756 130.665
-55.440 -25.577 125.228
-52.185 -23.328 120.008
-48.137 -24.156 115.431
-44.438 -28.548 111.640
-44.314 -35.739 110.865
-48.309 -39.623 107.384
-53.855 -40.865 103.985
-59.387 -39.412 100.506
-62.101 -35.474 96.008
-61.942 -30.866 91.363
-57.892 -26.762 87.796
-52.014 -24.379 85.862
-45.613 -25.935 85.268
-40.935 -30.928 85.418
-40.265 -37.541 83.385
-42.538 -42.424 79.514
-44.123 -44.775 73.636
-43.473 -43.353 67.336
-40.793 -39.719 62.471
-37.615 -34.536 59.556
-32.579 -30.356 59.798
-26.742 -28.018 62.486
-22.645 -28.316 67.452
-20.251 -31.818 72.897
-17.015 -37.557 73.379
-14.892 -43.361 70.841
-10.911 -45.878 66.491
-6.643 -45.726 61.488
-1.931 -41.998 59.213
2.163 -36.696 58.823
4.530 -30.890 61.082
6.805 -28.051 66.086
5.456 -26.468 72.605
6.129 -29.178 78.404
7.855 -34.769 82.076
12.268 -39.714 83.024
18.253 -41.832 82.831
24.527 -40.517 82.309
29.922 -37.780 81.988
34.016 -32.825 82.655
34.837 -26.545 84.850
33.175 -21.139 88.125
29.530 -18.905 93.307
23.325 -19.260 96.307
20.208 -23.819 100.408
20.561 -29.581 103.867
24.194 -32.891 108.215
28.372 -32.878 113.106
32.249 -29.727 117.765
33.928 -24.815 121.227
32.715 -18.856 123.965
28.273 -14.336 125.531
22.803 -10.855 123.617
16.493 -11.546 122.480
11.118 -15.612 123.157
8.480 -21.318 126.059
7.265 -23.531 131.862
7.640 -23.996 138.530
7.532 -20.701 144.042
6.261 -15.049 147.310
3.953 -8.665 147.589
0.549 -3.887 145.762
-5.051 -1.376 142.756
-9.254 -1.839 137.799
-11.528 -6.517 133.354
-16.575 -11.517 134.171
-19.496 -16.319 138.052
-23.771 -16.902 143.076
-28.641 -13.707 146.340
-32.099 -8.692 148.534
-35.043 -2.683 146.907
-35.825 1.930 141.761
-36.637 3.280 135.418
-36.416 1.351 129.063
-37.587 -2.925 124.432
-37.954 -9.596 122.934
-43.158 -13.832 122.958
-49.155 -15.596 123.086
-55.159 -14.036 120.621
-58.739 -9.562 117.981
-60.521 -4.923 114.759
-59.560 0.680 110.822
-55.949 3.216 106.103
-51.360 3.209 101.682
-44.787 1.161 100.302
-42.859 -4.323 97.276
-43.609 -11.178 96.663
-46.788 -14.634 91.935
-51.453 -15.621 87.403
-54.631 -13.863 81.906
-55.482 -10.051 76.857
-53.224 -5.639 72.610
-48.271 -1.783 70.260
-42.138 -0.379 69.749
-35.891 -1.039 72.190
-31.466 -5.868 73.206
-29.126 -12.362 72.125
-30.278 -18.468 69.048
-29.806 -20.442 63.129
-27.791 -19.903 56.848
-24.739 -16.874 51.947
-20.631 -12.029 49.688
-15.577 -7.891 51.200
-11.269 -4.608 54.766
-8.992 -3.198 61.065
-9.004 -6.069 67.525
-5.838 -11.721 69.552
-1.903 -17.080 68.758
2.805 -20.845 65.543
8.551 -19.463 62.415
13.272 -15.610 60.595
16.901 -9.869 61.511
18.475 -3.852 64.325
18.860 -0.218 69.369
16.659 1.052 75.817
14.009 -1.912 81.441
16.772 -6.840 85.222
21.414 -11.624 86.836
27.341 -11.577 88.056
33.257 -8.832 88.910
36.992 -5.273 91.012
38.657 0.349 94.137
36.521 6.560 96.810
32.050 9.920 99.505
26.699 10.045 102.760
22.403 8.131 106.741
19.139 3.155 109.304
21.673 -1.895 113.227
24.986 -6.008 116.276
30.065 -7.215 120.426
35.989 -5.075 123.576
38.984 1.311 126.603
37.778 8.212 129.490
33.194 13.341 130.590
26.660 13.523 133.691
21.555 11.076 136.342
19.329 5.587 140.506
19.973 0.917 144.331
23.154 -1.654 148.559
26.133 -1.113 152.788
29.993 2.040 157.548
32.078 7.174 159.892
32.549 13.148 161.064
28.104 18.490 162.740
30.717 18.587 149.141
34.154 14.403 148.552
36.502 7.790 147.636
36.317 1.567 145.898
32.899 -2.881 143.754
26.635 -3.865 139.832
22.503 -2.268 135.692
20.975 1.295 132.780
21.874 6.449 127.955
24.639 10.509 124.415
31.116 11.817 121.857
36.677 9.819 119.824
38.892 5.059 116.464
38.719 -1.208 113.018
35.404 -6.096 109.799
30.047 -8.636 106.211
23.993 -7.285 103.226
20.609 -2.571 99.362
19.757 2.578 95.520
22.704 7.277 91.987
26.399 9.215 87.493
31.274 8.233 83.142
31.723 3.483 79.504
33.076 -1.983 77.223
31.338 -8.138 75.634
26.931 -12.873 75.085
20.982 -15.550 75.192
14.698 -14.884 77.181
9.486 -10.326 77.427
7.888 -3.773 75.283
7.178 -1.243 69.218
6.359 -1.674 62.937
6.139 -4.899 57.110
4.410 -10.303 53.712
0.049 -15.554 52.896
-4.679 -19.322 55.788
-9.761 -20.236 59.891
-13.045 -17.886 65.270
-15.469 -12.296 67.880
-18.340 -5.955 66.283
-20.977 -2.475 61.503
-26.029 -1.844 57.948
-32.000 -4.070 55.803
-36.695 -8.754 55.592
-40.416 -13.392 58.692
-41.837 -16.782 64.091
-41.959 -17.700 70.855
-39.671 -15.620 76.345
-36.422 -11.073 80.243
-38.183 -5.047 82.172
-41.922 0.596 81.963
-47.726 2.842 82.501
-54.196 1.827 84.273
-58.274 -2.138 87.778
-60.045 -7.062 91.863
-58.367 -12.111 95.793
-55.051 -13.415 100.840
-48.433 -13.978 102.988
-44.131 -10.000 105.709
-42.382 -3.894 108.284
-43.875 1.519 111.608
-47.333 4.097 116.356
-50.433 4.120 121.648
-53.705 1.703 126.602
-54.141 -2.024 131.666
-51.742 -7.253 135.073
-47.421 -12.421 135.847
-41.174 -14.301 134.972
-35.799 -14.312 130.754
-31.329 -9.457 129.238
-29.102 -2.994 130.093
-27.394 1.350 134.542
-24.420 2.393 140.397
-22.426 0.772 146.497
-19.801 -3.280 150.768
-16.161 -8.640 151.745
-12.227 -13.536 149.462
-11.149 -18.211 144.460
-8.507 -17.873 138.292
-6.238 -14.458 133.350
-3.078 -8.446 131.627
2.356 -5.580 132.864
8.032 -4.366 136.058
13.239 -6.698 138.993
17.361 -11.690 140.191
19.688 -17.503 139.616
19.877 -23.582 136.551
19.759 -27.020 130.902
17.639 -27.427 124.760
14.569 -23.864 119.932
17.074 -19.287 115.164
21.382 -14.476 113.595
27.873 -13.557 111.906
33.465 -16.346 109.756
37.476 -21.175 107.885
38.172 -27.336 105.712
34.862 -33.143 103.557
29.379 -35.589 100.856
23.686 -35.158 97.995
19.727 -31.785 93.813
17.703 -25.582 91.469
19.683 -22.455 86.153
22.725 -21.349 80.785
24.109 -24.008 74.939
24.855 -29.339 71.392
22.989 -35.322 69.536
19.204 -40.913 69.748
13.456 -43.635 70.777
7.197 -43.822 72.692
2.619 -41.251 77.385
-1.430 -36.196 76.765
-2.169 -29.730 74.405
-4.848 -27.531 68.817
-6.797 -27.744 62.511
-9.546 -30.706 57.553
-13.717 -35.279 54.665
-17.859 -40.369 56.179
-22.111 -43.819 59.868
-24.673 -45.048 65.288
-25.914 -43.179 71.814
-27.678 -37.812 75.056
-30.611 -31.671 75.345
-33.603 -26.443 72.113
-39.554 -25.752 69.446
-45.525 -27.545 68.095
-51.010 -31.165 69.424
-54.241 -35.862 72.726
-54.012 -40.098 77.891
-52.687 -41.293 83.855
-48.225 -40.938 89.082
-43.504 -36.481 91.905
-44.248 -30.326 94.941
-47.736 -25.072 96.750
-53.484 -22.054 98.853
-58.516 -23.773 102.471
-61.725 -27.808 106.861
-61.561 -32.860 111.095
-58.768 -37.969 114.585
-53.870 -40.194 118.301
-47.120 -39.729 119.241
-41.617 -35.488 119.219
-40.703 -29.607 122.206
-41.939 -24.245 126.202
-43.660 -23.293 132.324
-45.587 -24.659 138.169
-45.959 -28.951 143.394
-43.339 -34.385 146.213
-38.209 -38.710 146.202
-32.436 -41.343 143.685
-26.685 -39.607 141.403
-21.804 -35.351 139.126
-18.946 -29.772 140.789
-17.969 -23.957 144.008
-16.842 -21.486 150.048
-17.282 -21.376 156.767
-15.868 -25.012 162.079
-13.019 -30.624 164.446
-9.583 -36.873 162.473
-3.949 -38.796 158.731
0.014 -39.254 153.721
5.042 -34.967 151.248
7.990 -30.626 148.617
11.725 -24.679 151.401
13.588 -22.027 157.472
17.757 -22.808 163.090
19.514 -25.412 168.193
25.171 -28.197 167.958
25.762 -35.026 166.799
29.166 -38.403 162.797
41.260 74.488 55.505
44.588 72.780 53.670
50.932 70.697 51.971
52.736 64.703 48.739
50.496 59.974 45.780
47.228 56.254 41.416
42.076 57.241 36.902
37.988 62.362 32.987
37.292 67.552 29.631
40.453 72.120 26.731
45.246 74.501 23.972
51.332 74.529 22.137
56.491 71.169 19.864
58.898 65.438 17.270
57.835 59.871 14.099
54.369 55.773 10.483
49.357 54.208 6.427
43.991 55.981 2.874
40.968 60.905 -0.470
41.887 66.415 -4.211
45.531 69.896 -8.270
49.964 70.463 -13.228
54.998 67.361 -17.204
57.099 62.101 -20.477
55.496 56.141 -22.899
51.174 51.306 -24.620
45.309 48.547 -25.417
38.839 49.041 -24.875
33.468 53.358 -25.198
32.384 60.147 -27.037
31.843 62.999 -33.122
32.991 63.328 -39.325
33.608 60.047 -45.267
31.767 55.204 -49.321
27.976 50.020 -50.724
22.783 46.001 -48.978
17.853 44.273 -45.212
13.487 46.361 -40.672
10.342 51.958 -38.133
7.736 58.160 -40.081
6.007 61.882 -45.398
2.462 63.035 -50.658
-3.393 60.866 -53.061
-8.251 56.625 -53.635
-12.129 51.255 -51.502
-14.956 47.885 -46.484
-16.076 47.122 -39.821
-14.659 48.597 -33.852
-12.386 53.217 -29.148
-14.379 59.309 -27.348
-17.818 64.894 -28.276
-23.863 66.826 -28.904
-30.549 66.027 -28.559
-34.881 62.823 -25.106
-37.037 57.209 -21.776
-35.987 52.537 -17.263
-33.667 51.381 -11.814
-27.622 50.387 -8.517
-23.951 54.243 -4.811
-22.224 60.284 -2.323
-24.428 65.940 0.383
-27.683 68.577 5.167
-32.650 67.853 9.460
-36.422 66.095 13.705
-37.183 62.460 18.869
-35.690 56.566 21.942
-31.815 51.533 24.116
-25.391 49.551 24.180
-19.477 49.648 20.733
-14.601 54.363 20.109
-12.432 60.769 21.563
-11.350 65.120 26.168
-9.595 66.004 32.161
-8.684 64.486 38.705
-6.564 60.178 42.987
-3.057 54.771 44.513
1.171 50.044 42.898
3.106 45.596 38.381
6.348 45.426 32.501
9.637 49.130 27.964
12.875 55.051 26.560
18.203 57.952 28.756
23.316 59.163 32.854
27.928 56.724 36.285
31.247 51.511 38.559
33.737 45.676 37.814
34.640 40.092 35.005
35.416 36.492 29.446
34.392 35.752 22.984
32.013 39.005 17.631
35.110 43.798 13.791
39.865 48.686 12.514
46.354 49.677 11.729
52.153 46.683 10.836
56.063 41.589 9.733
57.315 35.324 7.693
54.133 29.996 4.770
49.324 27.437 0.874
44.050 28.179 -3.223
40.713 31.579 -7.429
39.369 37.900 -9.815
42.160 41.326 -14.531
45.516 42.239 -19.764
48.083 39.677 -25.312
48.299 34.183 -29.049
47.409 28.896 -31.279
43.289 23.386 -32.196
37.804 20.321 -31.442
31.526 20.097 -30.375
26.342 22.639 -26.133
22.493 27.754 -27.767
22.192 34.379 -29.813
20.052 36.636 -35.702
18.820 36.339 -42.045
16.707 33.767 -47.582
13.214 29.270 -50.892
8.805 24.357 -50.718
4.802 20.121 -47.128
1.140 19.095 -42.316
-1.151 20.993 -36.372
-3.196 26.369 -33.051
-6.109 32.818 -33.299
-8.542 38.211 -36.859
-13.890 38.971 -40.060
-19.764 37.692 -42.607
-24.897 33.909 -42.665
-28.516 29.070 -39.904
-29.445 25.403 -34.109
-29.220 23.844 -28.074
-26.193 24.049 -22.545
-21.558 27.835 -18.886
-22.514 34.014 -15.748
-25.880 39.918 -14.705
-31.213 43.745 -13.190
-37.739 42.544 -11.472
-41.332 38.511 -7.502
-42.395 32.791 -3.583
-39.835 27.751 0.394
-36.085 25.760 4.602
-29.814 24.713 7.227
-24.008 28.393 8.620
-23.184 34.255 11.673
-24.884 39.959 15.204
-27.523 40.944 20.838
-30.582 39.221 26.343
-31.124 35.875 31.183
-29.696 30.639 34.579
-25.651 25.125 35.886
-20.542 22.174 34.553
-14.929 22.222 33.669
-9.512 24.916 31.831
-5.460 28.931 30.181
-3.750 34.929 33.402
-3.657 40.031 36.558
-3.453 42.125 42.854
-3.499 41.626 49.190
-3.094 37.469 54.626
-1.255 30.832 56.373
3.134 25.044 54.153
8.392 21.359 51.052
13.828 22.869 46.553
19.480 26.891 44.027
22.930 31.971 46.410
25.050 35.208 51.813
27.438 34.697 55.952
30.412 31.153 62.088
32.050 26.488 65.382
33.892 19.217 65.010
37.096 13.666 60.918
23.963 16.148 56.712
21.720 18.181 61.088
19.529 24.952 64.099
17.469 31.533 62.025
15.870 36.514 56.654
15.208 38.876 50.868
12.927 35.417 44.537
10.832 30.605 41.004
5.951 25.044 41.939
0.461 23.523 45.609
-3.945 24.291 49.579
-8.768 27.865 51.251
-13.312 31.281 49.043
-15.491 36.882 45.709
-15.666 40.494 40.402
-15.103 41.469 33.652
-13.300 38.647 27.643
-13.726 32.864 24.002
-15.608 27.139 22.295
-21.153 23.821 21.648
-27.315 21.740 21.789
-33.065 21.914 23.428
-36.957 25.793 22.150
-39.737 30.473 20.587
-40.178 35.770 16.697
-38.059 39.877 12.090
-33.501 42.020 8.048
-28.676 40.591 3.992
-25.197 35.682 1.127
-25.328 28.552 -0.391
-29.049 25.338 -4.203
-34.087 24.773 -8.875
-38.601 27.255 -13.231
-40.623 30.978 -17.881
-39.216 35.979 -22.464
-34.394 40.143 -24.886
-27.969 41.014 -26.397
-21.759 38.676 -25.140
-17.833 33.544 -24.855
-16.922 26.875 -26.856
-18.752 22.307 -31.164
-18.867 20.814 -37.106
-17.856 21.679 -43.487
-14.752 25.485 -48.153
-10.529 30.248 -50.021
-5.700 34.754 -48.715
-0.441 36.722 -45.181
2.979 35.967 -39.772
4.656 32.222 -33.996
7.939 26.606 -33.220
10.296 20.626 -35.186
14.216 17.904 -39.385
19.570 18.622 -43.408
24.459 22.328 -45.168
28.467 27.504 -45.015
30.406 33.154 -42.045
32.025 35.926 -36.674
29.835 37.600 -30.586
29.960 34.675 -24.662
30.973 29.255 -20.855
34.859 24.125 -19.599
40.691 21.784 -18.601
47.270 22.574 -18.499
52.869 25.450 -18.699
56.350 30.300 -16.099
56.971 36.851 -14.167
54.693 42.012 -10.452
50.700 44.251 -6.448
44.218 43.978 -4.333
40.325 39.273 -0.673
40.129 33.417 2.659
43.010 30.068 7.576
46.833 29.625 12.831
49.177 33.045 18.111
50.845 38.159 21.835
49.062 43.828 24.544
45.113 49.026 25.045
39.737 52.465 22.589
33.397 51.974 20.877
28.297 47.642 20.448
25.122 41.951 22.929
23.159 39.829 28.590
22.159 39.640 35.270
21.196 43.030 40.607
19.794 48.620 43.932
16.944 54.559 43.739
14.495 60.123 41.441
9.101 62.232 37.543
5.987 61.903 31.848
4.276 57.123 27.335
-0.772 51.946 27.258
-4.387 47.340 30.694
-9.274 46.963 34.896
-14.309 50.080 37.691
-18.689 54.964 38.862
-20.835 61.166 36.777
-21.425 65.741 31.721
-20.097 67.279 25.401
-19.387 65.446 19.226
-20.120 60.841 14.170
-20.423 54.480 12.977
-25.540 50.354 12.230
-31.733 48.940 11.398
-37.126 50.699 7.820
-40.709 55.122 4.779
-41.327 60.902 1.386
-39.179 66.103 -2.426
-34.744 68.433 -6.603
-29.658 68.153 -10.211
-23.160 65.621 -10.672
-21.018 59.994 -13.351
-21.692 53.105 -14.268
-24.699 49.942 -18.792
-28.173 48.743 -24.448
-30.423 50.458 -30.174
-30.027 54.458 -35.893
-27.587 59.610 -39.103
-22.197 62.853 -40.952
-16.084 64.732 -39.780
-10.326 63.685 -36.607
-6.359 58.523 -35.246
-3.674 52.180 -36.020
-4.163 46.062 -39.307
-2.480 44.185 -44.947
0.539 44.841 -50.805
3.706 47.826 -55.742
8.015 52.899 -57.116
12.189 57.604 -54.643
15.781 60.373 -49.858
17.194 61.475 -43.402
16.715 58.019 -37.371
19.862 52.497 -35.097
23.563 47.069 -35.633
29.104 43.869 -38.115
35.083 45.564 -40.362
40.084 50.008 -41.186
43.563 55.084 -39.699
44.131 61.177 -36.367
43.844 64.733 -30.895
40.650 65.463 -25.033
37.290 61.939 -19.969
39.520 56.836 -16.177
43.525 51.787 -13.960
49.764 51.111 -11.928
55.136 53.802 -9.223
59.267 59.103 -6.901
59.657 64.912 -4.653
56.135 69.779 -1.328
50.587 72.885 1.189
45.585 71.387 5.112
41.087 67.781 8.270
40.668 62.476 12.249
43.083 57.139 16.107
47.689 55.653 20.569
52.973 57.064 24.305
56.921 61.964 27.118
56.334 67.773 30.436
51.789 73.452 31.993
46.327 75.951 35.241
39.773 73.695 37.430
35.967 69.045 40.022
35.277 61.886 42.606
38.736 57.384 47.588
43.617 55.004 51.322
46.778 55.472 56.572
48.788 59.783 61.807
49.616 66.804 62.782
45.882 68.494 66.546
40.715 69.473 68.366
32.965 68.260 72.933
29.486 65.328 71.239
27.082 61.812 74.248
25.394 55.265 75.612
27.877 49.963 77.117
32.838 47.043 80.183
38.287 47.439 83.385
42.582 50.007 87.076
43.408 55.312 91.103
41.312 59.388 95.356
37.037 62.187 99.230
31.303 61.521 102.249
27.926 58.688 106.282
26.000 53.639 109.533
27.816 47.281 111.811
32.561 43.606 114.243
38.195 41.851 116.331
44.354 43.563 118.440
48.225 48.837 120.635
48.699 54.336 124.256
46.769 57.611 129.727
43.238 58.411 135.291
40.447 54.923 140.866
39.323 49.758 144.209
41.383 43.600 146.135
46.087 38.825 146.749
52.114 36.097 145.256
57.987 36.479 142.719
62.800 40.869 141.268
65.096 47.299 143.103
67.174 50.505 148.317
68.578 50.545 154.781
69.477 47.080 160.718
72.143 42.162 163.909
76.660 37.676 164.374
80.334 32.935 161.024
84.675 31.281 155.895
86.955 33.387 150.079
89.448 38.924 146.853
92.138 45.191 147.918
95.648 48.943 152.020
100.761 49.678 156.290
106.865 47.225 157.411
111.831 42.997 155.607
114.668 37.787 152.404
116.090 34.758 146.608
114.889 33.515 140.050
111.324 35.617 134.904
107.900 40.184 131.351
109.357 46.467 129.109
112.966 51.774 129.153
118.747 53.404 127.042
124.756 52.680 124.627
128.492 48.961 120.896
129.319 44.392 116.315
126.830 39.557 112.343
122.611 38.061 107.710
115.854 37.291 107.214
111.281 41.381 104.926
109.236 47.598 102.768
110.129 52.916 99.179
112.436 55.447 93.889
115.491 54.915 88.015
117.625 52.647 82.960
117.016 48.911 78.098
114.312 43.241 75.149
110.059 38.510 74.618
103.830 36.529 76.633
98.981 36.879 81.618
94.753 41.919 83.553
92.416 48.198 83.218
90.175 52.362 78.960
86.529 53.357 73.862
83.508 52.055 67.878
80.093 47.547 64.409
76.327 42.074 63.669
72.847 37.474 66.950
72.554 32.803 71.913
71.283 33.244 78.590
69.435 36.667 83.894
66.510 42.415 86.428
60.830 45.401 85.658
54.668 46.578 83.575
49.214 44.176 81.629
45.445 39.084 80.109
43.095 33.269 81.844
43.638 27.341 84.681
44.488 24.203 90.532
47.475 23.719 96.055
51.054 26.903 100.587
49.426 31.655 105.408
45.434 36.569 107.848
39.203 37.578 110.153
33.995 34.674 113.110
30.302 29.812 115.248
29.832 23.393 117.890
33.892 17.971 119.490
39.730 15.221 121.458
45.941 16.037 123.524
50.356 19.191 126.870
52.468 25.336 128.987
51.480 28.775 134.145
50.106 29.691 140.302
49.165 27.524 146.408
50.426 22.571 150.301
52.708 17.349 151.923
55.290 10.820 150.909
60.621 7.910 149.317
66.249 7.537 145.882
69.902 9.896 140.293
73.747 15.228 140.524
75.287 21.574 142.566
79.230 23.473 147.688
81.556 23.553 153.848
85.437 20.740 157.868
89.639 15.939 160.080
93.644 10.776 158.352
96.656 6.773 153.652
99.168 6.179 147.782
99.099 8.439 141.334
100.170 13.435 137.806
103.018 19.846 136.880
106.579 25.144 139.672
112.365 25.830 141.708
118.747 24.442 141.456
123.914 20.315 140.435
126.783 15.992 136.022
125.210 11.866 130.629
123.481 10.707 124.708
118.241 10.790 120.564
113.123 14.938 118.548
113.343 20.899 115.246
116.244 26.631 113.033
121.644 30.133 110.738
126.349 28.811 106.131
128.503 24.761 101.432
128.194 19.019 97.329
124.537 14.408 93.820
119.558 12.001 91.384
112.695 11.677 90.910
107.058 15.779 92.026
105.444 21.457 89.113
106.221 26.949 84.902
107.191 27.878 79.243
107.485 26.002 72.911
107.314 22.586 67.862
104.558 17.267 64.905
99.830 12.367 65.055
95.012 9.430 67.753
90.320 9.094 71.364
85.505 11.394 74.392
82.945 16.459 77.518
80.562 22.266 74.568
79.182 27.355 71.448
77.222 29.678 65.535
76.467 29.085 59.186
75.037 23.300 54.438
69.807 18.323 53.113
65.860 13.444 54.981
60.909 11.461 60.167
56.279 14.300 64.136
52.543 20.304 66.384
49.824 26.006 65.393
48.365 30.342 59.898
45.532 30.999 56.025
41.617 28.872 49.687
39.680 23.055 46.640
35.589 17.486 47.260
30.604 14.716 51.842
43.958 11.571 54.954
45.365 14.139 49.544
50.667 18.610 47.420
53.906 24.349 48.680
56.123 28.710 54.056
58.199 30.961 59.439
59.236 28.203 66.465
61.048 22.438 69.410
63.699 16.397 70.139
67.859 12.095 65.688
72.818 11.218 61.607
76.795 14.150 56.338
82.180 17.511 56.200
86.030 23.347 58.645
88.622 27.227 63.567
90.691 28.363 70.416
91.180 25.848 76.583
92.725 20.195 80.105
95.131 14.612 81.310
100.171 10.727 80.221
105.964 8.985 78.297
110.119 8.276 74.054
114.440 12.023 74.938
117.764 17.129 74.964
119.244 22.454 78.687
119.433 26.262 83.754
117.086 28.563 89.617
113.117 27.352 94.611
110.599 22.843 98.880
111.096 15.660 99.621
115.777 12.149 102.103
121.756 11.337 104.676
127.152 13.113 108.266
130.806 17.272 112.008
131.265 22.168 116.322
127.523 26.297 120.217
121.895 27.330 123.756
115.653 25.562 124.585
111.398 20.387 125.445
111.211 13.876 127.619
113.716 9.072 131.224
116.663 7.634 136.865
117.391 8.481 143.382
114.953 11.955 148.540
112.155 17.041 151.788
106.966 20.968 152.072
100.913 23.414 150.515
96.204 22.783 146.096
93.085 19.390 140.892
89.911 13.701 141.076
87.935 7.794 144.223
85.275 5.082 149.287
81.315 5.619 154.345
78.028 9.732 157.999
74.254 15.074 158.918
71.614 20.729 156.721
68.120 23.325 152.157
68.358 24.815 145.297
66.251 21.919 139.965
63.871 16.603 136.680
59.058 11.632 136.180
53.792 9.271 137.823
47.224 10.266 139.303
42.247 13.321 141.870
37.865 17.726 139.909
36.326 23.711 137.435
38.515 29.597 134.327
40.723 31.711 128.987
46.316 31.623 125.160
48.826 27.078 120.452
47.950 21.129 117.111
43.644 18.037 113.436
38.687 17.668 109.105
34.058 21.330 105.749
31.817 25.957 102.069
32.636 31.673 99.188
36.683 36.476 97.045
42.384 40.306 97.994
48.847 39.341 97.823
53.994 35.010 96.441
56.298 29.405 93.499
56.411 27.456 87.376
55.346 27.296 80.821
54.433 30.619 75.338
54.955 36.142 71.883
57.159 42.242 70.884
61.180 47.342 72.249
66.659 49.827 74.517
71.465 49.123 78.876
74.623 44.560 82.844
79.367 39.485 81.353
81.676 34.792 76.925
85.386 34.367 71.245
89.371 37.166 67.152
92.372 42.419 64.250
95.578 48.352 65.756
97.138 52.955 70.413
98.762 54.198 76.878
99.651 52.573 83.171
101.949 48.414 87.603
102.458 41.610 88.870
107.623 37.620 88.099
113.718 35.721 86.975
119.909 37.348 88.237
124.151 42.145 89.760
125.930 47.969 92.502
125.418 52.478 97.019
122.902 54.502 102.846
118.651 54.575 107.656
112.451 52.422 110.253
111.278 46.974 113.560
112.141 40.374 113.987
116.216 37.000 117.861
121.889 35.629 121.474
125.516 37.136 126.282
127.204 41.063 131.746
125.312 46.253 135.533
120.968 49.411 138.912
114.954 50.980 140.566
108.495 50.057 139.162
103.798 45.405 139.286
101.779 39.022 140.255
103.473 32.991 143.101
104.124 30.909 149.330
103.103 31.690 155.863
101.075 35.307 161.214
97.416 40.134 163.932
92.631 44.841 162.929
88.078 47.632 159.635
84.760 48.561 154.075
82.950 45.082 148.193
79.042 39.556 146.822
75.948 34.184 148.365
71.683 30.917 153.106
66.120 32.797 156.450
61.479 36.773 158.935
57.876 42.436 158.407
55.992 48.355 155.455
54.705 51.971 150.134
56.315 52.713 143.671
57.631 49.301 137.670
54.288 44.415 134.730
49.819 39.378 133.743
43.596 38.951 133.463
37.506 41.352 133.268
33.048 46.508 132.341
31.959 52.766 130.626
34.023 57.238 126.116
38.616 60.209 121.796
42.230 59.249 116.496
45.787 55.155 112.139
44.946 50.305 108.000
41.376 44.931 105.327
35.837 43.507 102.093
30.037 45.193 99.429
25.594 49.380 96.898
25.365 56.199 95.153
28.746 62.197 92.775
33.889 63.620 89.533
39.285 63.908 87.084
42.815 59.471 82.961
44.231 54.529 79.715
42.294 50.337 75.756
37.946 48.062 72.061
33.421 49.690 67.131
29.868 53.509 63.951
28.809 58.683 62.153
29.854 64.636 61.436
32.965 70.524 58.893
