27.261 25.580 29.561
29.613 27.303 23.105
27.684 30.297 17.916
22.755 33.425 14.179
16.835 35.920 13.407
12.672 40.526 16.156
9.064 43.903 20.675
9.832 49.030 24.794
13.889 52.904 29.261
20.098 55.117 30.200
25.175 57.840 27.294
28.270 60.997 22.264
29.343 63.303 16.140
25.922 67.098 11.638
20.766 70.605 10.395
14.696 73.405 10.820
11.165 76.638 15.077
10.396 81.032 19.934
11.780 83.420 26.391
16.792 86.360 28.450
22.059 89.955 27.915
26.327 93.900 24.610
27.903 97.436 18.442
25.443 101.416 14.051
20.965 104.410 10.467
13.959 104.996 27.431
9.543 100.731 23.806
8.583 98.387 17.348
11.334 96.210 11.624
16.630 92.573 10.174
20.925 88.518 10.775
26.773 85.712 12.947
28.081 82.692 18.341
26.957 79.082 23.385
23.665 75.133 27.819
18.362 71.309 28.263
13.019 68.333 26.166
10.816 64.749 20.645
11.108 61.373 16.074
14.727 57.019 11.837
20.352 54.358 10.490
25.490 50.504 13.272
27.814 49.469 19.361
27.282 48.874 26.151
23.935 45.749 30.525
19.371 41.143 32.706
15.294 36.578 31.158
10.614 33.176 27.395
10.315 29.338 22.023
13.532 24.857 18.383
187.171 192.400 116.519
184.044 197.278 117.348
178.374 201.110 119.195
172.259 201.291 122.148
167.901 198.773 126.797
167.259 195.331 132.551
169.685 191.745 137.721
174.993 190.956 142.242
181.291 193.090 143.650
185.289 197.828 145.675
186.939 204.534 147.767
184.086 208.662 150.810
179.358 212.860 153.524
173.171 212.633 157.430
168.564 208.948 160.554
165.824 203.526 162.779
166.350 196.978 164.258
170.566 192.350 166.231
177.019 191.331 169.002
181.484 193.531 173.313
182.293 196.509 179.537
180.034 199.480 184.864
175.510 199.086 190.292
170.853 196.231 193.748
165.715 191.190 194.164
164.261 185.332 192.780
165.668 179.407 189.835
171.237 175.670 188.015
177.752 174.280 189.573
182.321 173.844 194.751
183.460 172.125 200.690
181.862 168.993 206.271
178.047 164.546 209.188
173.684 159.512 208.949
169.339 155.464 205.893
167.236 152.242 200.473
167.488 150.985 193.822
171.437 151.543 188.207
177.582 149.332 186.640
183.352 146.250 188.214
186.179 140.798 190.604
185.672 134.254 191.710
182.099 128.898 191.858
176.361 125.530 189.842
171.675 124.337 185.723
168.119 126.068 180.032
168.019 129.593 174.544
170.867 131.961 169.489
176.311 132.519 165.771
182.338 129.677 163.721
184.435 124.330 160.992
183.888 117.961 159.172
180.589 113.457 156.369
176.236 111.327 152.558
170.895 111.044 148.991
165.311 114.099 146.107
162.643 119.507 144.238
162.742 126.397 143.681
167.519 131.341 143.090
173.687 132.997 140.318
177.593 132.327 135.146
178.225 131.107 128.658
175.600 129.938 122.820
170.511 129.878 118.370
165.105 132.904 116.319
159.968 137.131 117.045
156.355 141.482 120.621
156.796 146.671 124.483
160.684 151.150 127.502
166.436 154.979 127.074
169.692 158.891 122.890
170.298 161.750 116.723
167.103 164.662 112.077
161.727 167.405 109.292
156.095 170.446 109.516
150.631 172.821 112.888
147.496 174.590 118.243
147.565 175.616 124.709
151.573 176.187 129.855
156.973 180.091 131.928
161.846 184.676 130.703
162.572 191.107 128.606
159.597 196.805 127.863
154.505 201.171 127.648
149.076 203.350 130.737
143.766 202.316 135.325
142.131 199.588 140.726
143.001 194.562 145.439
147.000 193.071 150.029
153.330 192.757 152.549
157.588 196.917 155.627
158.209 202.823 159.041
156.287 206.581 162.281
151.342 208.850 167.028
146.162 208.433 170.756
141.321 205.263 173.970
138.212 199.781 175.948
137.426 192.573 175.011
140.023 187.655 175.695
145.696 183.950 176.154
151.678 183.255 178.820
155.244 184.030 184.309
156.195 186.817 190.337
153.792 186.212 196.383
149.900 183.641 200.771
144.429 179.996 203.172
141.995 174.295 202.673
138.706 169.557 198.782
140.373 165.232 193.772
145.718 162.193 190.960
151.931 159.436 191.577
157.496 158.153 195.776
158.912 155.042 200.918
157.800 149.945 205.167
154.363 144.555 206.534
148.586 140.504 206.265
145.682 136.909 202.030
141.766 136.994 196.204
142.025 137.619 189.852
145.828 139.499 184.558
151.770 138.139 181.413
157.230 133.970 180.605
159.780 127.655 181.256
157.959 121.260 181.361
153.429 116.622 180.142
147.766 114.408 177.010
143.032 115.592 172.867
139.885 119.264 168.143
140.071 123.476 163.419
143.815 128.028 159.547
149.719 127.669 156.008
154.395 123.283 153.317
154.999 118.351 149.123
152.633 114.204 144.521
148.236 112.000 140.289
141.783 112.715 137.710
137.448 117.261 135.438
134.836 124.002 135.810
136.453 129.560 134.112
140.434 135.305 133.069
145.786 136.804 129.495
150.990 135.797 125.549
152.780 133.465 119.967
151.521 129.374 115.247
147.068 127.592 110.719
141.529 129.379 107.443
136.639 133.244 105.976
135.083 139.659 104.956
136.257 145.946 104.663
140.939 150.271 102.500
146.079 151.934 99.280
151.381 150.402 94.202
153.141 145.967 89.257
150.853 143.369 84.565
145.006 142.698 81.309
140.324 144.264 76.529
138.259 150.655 74.200
138.245 157.585 74.778
143.472 162.604 75.965
149.068 164.998 76.841
155.048 165.635 74.499
160.425 163.217 70.767
163.001 159.897 65.496
162.886 159.155 58.878
159.048 161.322 53.592
153.974 164.840 50.953
152.404 171.748 50.696
153.248 178.230 52.190
171.311 173.678 54.479
168.813 175.214 60.624
163.649 177.496 64.052
156.872 178.224 63.398
151.028 175.234 60.651
147.317 169.518 57.919
147.376 162.658 57.262
148.979 156.086 58.842
151.508 152.318 63.075
155.516 151.848 68.924
158.585 154.143 75.521
155.678 155.779 80.822
150.698 159.487 83.925
143.975 159.626 85.014
137.650 156.671 85.741
136.328 150.797 87.680
137.313 144.513 88.601
139.881 138.924 90.684
146.363 136.446 92.121
151.117 137.796 96.536
153.112 141.109 101.916
151.587 144.555 107.367
147.127 146.249 111.965
141.606 144.468 115.276
136.695 140.658 116.772
135.230 134.181 117.839
137.804 127.200 118.668
142.917 121.398 117.933
149.260 120.644 121.974
152.975 122.864 126.903
153.903 126.546 132.385
151.564 130.068 137.765
146.255 131.567 142.079
140.002 129.640 143.915
135.962 125.346 146.218
135.187 118.230 147.817
137.933 112.768 150.332
143.148 109.580 153.600
148.002 109.728 157.804
153.706 112.699 160.801
156.842 118.213 162.700
156.004 124.668 164.411
151.843 129.122 166.566
145.508 130.366 169.379
141.468 128.187 174.154
140.478 124.330 179.989
142.606 121.761 185.429
148.126 122.012 190.119
154.400 124.900 193.357
157.531 130.312 193.911
159.271 136.058 192.585
157.363 142.118 189.936
152.193 145.871 188.367
145.565 147.415 190.134
141.430 147.664 195.265
140.067 149.088 201.839
141.519 152.207 206.588
145.967 156.890 209.723
150.129 161.639 209.256
155.014 165.502 205.943
156.913 168.433 200.362
155.891 170.512 194.007
151.913 170.267 188.616
145.242 171.775 187.290
140.158 175.564 188.558
136.935 180.825 191.677
137.834 187.141 192.777
141.752 192.625 192.708
146.122 196.185 190.433
151.377 197.814 185.996
154.491 196.405 180.263
154.887 192.034 174.597
151.641 189.868 170.231
145.938 189.144 166.524
140.392 191.970 164.386
137.801 197.505 161.852
138.120 203.693 160.165
141.606 208.939 157.783
146.243 210.971 153.773
150.815 210.514 149.292
156.980 207.714 147.016
159.315 202.156 144.715
158.942 195.485 144.394
153.978 190.472 143.653
147.993 188.912 140.905
143.519 189.667 135.940
142.670 190.901 129.640
145.212 192.464 123.578
149.666 191.582 118.965
155.646 189.059 116.671
160.387 184.765 117.165
164.319 180.461 120.870
163.901 175.336 124.376
159.988 170.927 127.830
154.356 167.051 127.355
150.872 163.321 122.987
150.215 160.174 117.639
153.249 157.443 112.183
158.139 154.529 109.400
164.310 151.791 109.555
169.452 149.069 112.239
173.312 147.634 117.746
173.094 146.383 123.939
169.293 145.864 129.405
164.193 141.903 131.657
159.167 137.317 130.501
158.450 131.011 128.578
161.332 125.068 127.298
166.207 120.713 127.281
172.160 118.436 129.931
176.588 118.657 134.665
179.364 121.761 140.123
179.122 126.015 144.562
174.984 129.045 149.122
168.651 128.971 151.937
164.162 125.042 155.131
163.711 120.155 159.390
166.304 115.040 162.815
170.567 113.202 166.782
176.269 113.876 170.288
181.096 116.892 173.141
185.319 121.673 174.351
185.775 128.226 174.505
182.481 134.555 173.876
177.243 137.574 175.555
171.118 138.275 178.434
167.910 136.714 183.755
167.617 135.249 190.380
170.353 134.484 196.400
174.600 137.069 200.747
179.907 141.276 202.575
183.156 146.804 201.005
184.471 151.913 198.207
182.834 156.252 193.316
177.541 159.092 190.125
171.299 162.080 191.235
166.241 163.226 195.597
164.749 166.295 200.965
165.743 171.434 204.617
169.483 176.628 206.785
174.652 180.961 205.856
179.673 183.483 201.619
181.135 184.908 196.114
181.376 184.021 189.467
177.078 181.914 184.126
171.258 183.512 181.230
165.754 187.621 180.664
163.194 193.674 181.524
164.362 200.240 182.058
169.711 204.800 180.568
175.964 207.082 177.486
180.038 205.968 172.551
182.883 202.659 167.312
182.733 197.772 162.855
178.131 193.775 159.121
171.975 194.336 156.276
167.934 198.368 152.669
167.004 204.258 149.366
169.979 209.217 144.772
174.274 210.279 139.790
180.526 208.805 136.464
185.221 203.551 136.317
186.866 198.186 135.012
184.763 191.996 134.852
181.045 187.542 132.314
175.593 184.911 128.940
169.907 186.253 125.465
168.171 188.333 119.472
62.395 1.437 9.755
60.635 -3.321 6.258
56.260 -6.581 2.505
51.270 -6.322 -1.641
46.230 -2.649 -5.231
44.333 2.982 -8.474
46.857 7.836 -12.159
51.472 12.403 -14.513
57.368 12.065 -17.362
63.015 8.796 -19.773
65.135 3.300 -22.887
64.065 -2.468 -26.227
59.929 -6.644 -29.749
55.043 -6.255 -33.652
48.877 -4.644 -35.719
46.263 0.695 -39.192
46.646 6.435 -42.687
49.637 10.946 -46.121
55.082 11.128 -50.002
52.491 -7.493 -52.304
58.871 -5.693 -49.810
62.666 -0.751 -46.872
63.543 4.267 -43.397
61.202 9.017 -39.198
56.810 11.054 -34.950
50.740 10.533 -31.733
46.670 5.958 -28.707
46.708 0.479 -25.126
49.344 -5.492 -22.121
54.449 -6.811 -18.244
60.218 -5.623 -14.865
63.343 -0.990 -11.170
63.590 4.587 -8.277
60.618 10.219 -5.125
55.120 11.836 -1.871
49.269 11.600 0.514
44.961 7.560 4.306
43.715 1.332 7.156
41.929 38.450 22.257
46.749 35.838 18.802
48.980 31.849 14.859
47.705 26.862 10.092
43.016 22.416 7.157
37.210 21.554 4.245
32.559 24.774 0.847
29.475 29.959 -2.556
30.975 35.425 -6.152
35.681 39.490 -9.535
41.196 39.416 -12.860
46.514 36.654 -15.777
49.107 31.450 -19.007
47.492 25.928 -22.187
44.413 20.640 -24.807
39.046 19.619 -28.598
33.271 21.542 -32.012
30.065 26.062 -35.362
30.935 32.462 -38.486
47.829 26.644 -40.684
47.351 32.125 -37.002
43.936 36.818 -34.176
38.640 38.298 -30.961
33.853 36.295 -27.347
30.624 32.371 -23.656
30.730 26.560 -19.766
33.728 22.031 -16.060
39.190 20.807 -12.277
45.373 22.157 -9.696
48.660 27.397 -6.739
48.774 34.018 -4.488
45.371 38.408 -1.339
40.270 40.846 2.159
34.403 39.657 5.486
31.524 34.783 8.898
30.163 29.104 11.578
32.558 24.109 14.763
38.235 20.832 17.718
94.195 18.255 81.440
90.029 21.816 84.571
87.476 28.360 85.419
85.620 33.966 82.502
82.707 36.344 77.048
79.394 36.051 71.270
75.743 32.941 66.902
72.090 27.367 65.715
68.529 21.827 66.624
64.835 18.246 70.507
60.225 18.625 75.334
57.592 21.533 80.886
55.091 27.547 81.941
54.162 33.940 81.176
52.329 38.432 77.050
48.734 23.897 64.495
52.205 28.548 62.116
57.000 32.452 64.108
59.989 36.872 68.562
62.224 37.991 74.620
64.328 34.777 80.221
67.182 29.843 83.347
69.236 23.419 84.985
73.084 19.253 81.973
77.092 17.742 76.861
80.153 17.456 70.884
84.342 21.274 67.809
87.607 26.876 65.783
90.762 31.743 69.183
92.348 35.773 74.292
0.363 19.089 39.750
2.998 17.552 34.991
6.448 18.811 29.544
11.088 22.609 27.104
13.855 29.053 25.962
15.950 34.586 28.931
18.913 36.962 34.100
22.498 36.289 39.415
25.965 33.375 44.417
29.073 27.601 46.007
32.371 21.936 45.120
35.956 18.136 41.257
40.510 18.397 36.251
43.120 21.376 30.664
45.424 27.264 29.221
46.800 33.719 30.434
51.958 23.307 46.640
48.833 27.307 48.981
44.389 31.770 47.607
41.459 36.403 43.262
39.190 37.551 37.158
36.990 34.625 31.513
34.020 29.853 28.424
31.427 23.754 26.768
26.972 19.969 29.780
23.587 17.938 34.722
20.466 18.027 40.634
16.492 22.148 43.923
13.600 28.042 45.656
10.924 33.232 42.404
9.375 36.926 37.046
6.751 37.140 31.246
0.542 19.250 41.027
3.248 17.520 35.168
6.225 18.710 29.529
11.052 22.478 26.963
13.923 28.908 26.061
16.090 34.329 29.197
18.716 36.767 34.592
22.101 36.126 40.021
25.793 32.930 44.649
28.992 27.302 46.007
32.231 21.595 45.144
35.860 17.812 41.296
40.606 17.715 36.409
43.612 20.843 31.107
45.775 26.899 29.660
46.874 33.550 30.607
51.786 23.110 46.853
48.817 27.124 49.305
44.390 31.781 47.986
41.527 36.126 43.342
39.387 37.233 37.137
37.566 34.350 31.418
34.599 29.508 28.172
31.842 23.275 26.639
27.980 19.000 29.532
23.914 17.775 34.671
20.782 17.514 40.512
16.642 21.431 43.992
13.649 27.226 45.674
11.150 32.719 42.646
9.744 36.607 37.426
6.615 36.623 31.581
4.709 -48.361 -34.026
-1.040 -46.822 -37.743
-6.903 -44.757 -38.753
-10.913 -40.051 -41.062
-12.563 -33.330 -41.906
-8.498 -27.612 -44.237
-2.881 -25.246 -47.464
1.943 -27.268 -52.161
-12.795 -38.991 -56.607
-6.778 -42.919 -54.674
-1.558 -42.415 -52.445
3.896 -39.249 -49.032
5.362 -34.124 -44.924
3.537 -30.442 -40.006
2.261 -30.287 -33.620
0.140 -31.978 -28.532
14.401 5.625 2.556
11.448 3.158 7.848
8.304 0.467 12.737
3.186 -3.771 15.022
4.135 -10.238 17.548
8.179 -15.891 17.722
14.173 -19.035 16.592
20.494 -19.702 16.367
24.937 -5.381 25.421
22.196 -3.773 20.365
23.559 -6.578 14.743
20.880 -9.617 10.011
16.315 -13.505 7.508
11.825 -13.440 2.885
7.385 -12.011 -0.494
1.634 -85.099 -51.644
4.888 -85.070 -45.816
9.616 -82.866 -41.641
11.322 -78.417 -37.349
12.117 -71.830 -35.694
7.925 -66.911 -35.292
3.931 -67.265 -31.122
-0.229 -65.870 -33.527
-7.093 -76.773 -38.999
-4.169 -72.552 -43.645
-0.002 -68.215 -45.937
4.181 -68.228 -50.561
8.813 -69.540 -54.013
13.669 -37.084 -87.221
17.264 -34.977 -91.345
21.900 -37.473 -93.812
27.836 -41.970 -93.216
28.990 -48.046 -94.641
27.247 -54.587 -96.200
21.179 -56.505 -99.570
18.256 -60.191 -103.675
29.394 -43.727 -111.778
23.585 -41.671 -110.260
16.986 -42.931 -108.203
12.842 -45.873 -103.813
11.786 -49.418 -98.945
12.978 -51.448 -93.082
13.986 -51.414 -86.925
16.385 -50.047 -81.753
