201.218 143.288 113.986
200.470 145.834 110.208
197.372 148.005 106.002
192.748 146.836 102.018
187.852 144.535 100.626
182.951 142.478 100.304
179.150 143.444 104.772
179.491 145.207 100.326
178.445 148.854 96.101
172.255 152.157 94.418
168.714 154.214 98.742
168.285 157.300 103.469
168.363 157.239 110.020
161.947 156.503 113.518
160.065 155.731 118.090
154.824 153.800 121.982
152.910 147.000 121.106
146.648 147.922 121.678
140.996 147.179 123.188
136.395 145.076 125.888
134.376 143.175 130.253
135.576 142.752 135.680
137.576 144.627 140.989
140.364 147.710 144.354
143.764 148.286 149.933
149.391 144.116 151.236
151.795 141.951 157.663
150.065 146.833 155.692
149.460 150.428 158.929
143.980 154.491 157.030
140.594 153.561 162.893
136.721 152.828 165.861
134.270 151.566 171.656
130.793 150.879 176.092
125.121 150.249 177.419
119.806 148.232 174.119
117.112 144.994 170.636
117.198 140.538 167.079
121.363 135.471 166.034
125.534 132.219 161.410
129.536 128.988 161.072
133.384 127.892 165.428
138.320 129.888 167.815
139.523 124.538 166.913
145.116 121.195 165.695
147.559 121.179 171.842
149.161 123.928 175.370
149.288 121.104 181.240
148.813 117.510 185.911
148.694 112.362 187.840
149.945 106.835 186.806
152.299 101.897 183.092
156.126 100.832 180.044
161.363 100.910 179.212
165.519 101.011 173.562
168.458 99.390 168.119
165.936 99.468 161.680
162.686 102.824 158.354
162.230 109.452 157.807
163.304 115.023 158.622
166.550 119.614 160.246
171.787 122.001 161.686
177.402 122.314 162.425
182.904 120.427 161.134
186.969 117.788 157.956
188.709 115.316 152.880
187.954 114.748 147.016
188.247 113.840 141.137
185.284 113.893 135.616
180.193 117.066 132.276
176.007 120.934 131.712
174.520 125.911 132.044
177.541 131.062 131.190
180.726 133.168 127.664
181.678 127.585 125.938
185.744 123.538 127.848
189.830 121.660 131.695
192.673 121.377 136.933
192.653 122.176 142.707
189.870 123.347 147.725
184.510 124.393 150.702
179.050 124.037 151.975
173.911 121.317 151.669
170.503 116.833 149.989
171.799 111.149 149.141
174.500 106.897 151.658
176.688 104.543 156.267
178.666 105.133 162.545
178.560 106.137 167.738
174.655 109.177 171.947
170.566 112.584 174.835
163.883 113.634 174.120
158.185 114.584 170.744
153.532 109.888 170.569
147.720 108.244 170.171
142.590 107.340 172.951
138.104 108.593 176.834
135.049 112.710 180.347
133.076 118.242 181.497
132.290 123.161 179.408
134.464 129.567 178.058
127.135 130.612 179.356
128.008 137.511 179.670
133.220 140.189 176.197
136.609 141.252 170.589
136.188 142.762 164.023
132.463 144.718 158.946
126.985 149.053 158.007
122.387 152.033 156.590
126.590 152.866 160.317
122.435 156.601 162.173
120.873 161.293 166.224
122.475 165.141 169.805
128.102 168.624 171.061
134.303 171.099 169.158
140.056 169.933 167.517
144.968 169.762 166.580
175.323 129.593 169.303
180.895 126.809 171.803
185.952 123.601 173.306
188.343 117.264 171.467
188.748 111.763 169.988
188.418 109.362 163.600
185.757 109.216 158.263
189.190 106.184 154.632
189.962 104.090 149.413
186.112 104.718 143.611
182.554 106.661 139.764
178.115 110.011 136.516
172.881 114.239 135.493
170.610 121.063 136.715
169.147 126.155 139.886
173.571 129.266 136.868
178.011 132.944 139.473
182.054 136.127 141.550
187.961 137.973 141.581
192.889 137.986 138.057
196.562 136.713 133.504
197.325 135.625 127.965
197.079 135.317 122.907
193.336 133.939 118.576
186.756 135.158 117.186
190.092 131.694 112.511
190.730 129.646 105.762
197.021 130.843 102.742
201.719 131.508 100.618
187.044 178.482 170.406
179.797 177.770 169.882
180.264 178.645 163.065
186.262 179.745 160.021
192.511 179.291 158.685
197.675 173.991 158.552
197.664 169.247 154.804
194.578 166.505 149.391
190.839 164.598 145.749
186.044 167.688 141.930
181.699 170.943 138.814
180.323 176.108 135.810
177.014 180.598 137.771
181.877 184.631 134.809
187.118 187.899 132.913
191.945 188.428 130.156
195.168 186.302 126.225
195.244 182.894 121.436
198.224 181.836 116.125
198.255 179.686 110.740
195.574 177.781 105.538
191.038 178.088 101.908
185.729 180.972 99.623
182.202 186.061 100.166
183.272 192.522 102.253
183.701 197.264 103.791
187.241 202.858 102.517
191.574 200.913 100.372
195.345 195.512 103.112
199.632 194.166 108.025
196.350 192.464 113.662
189.124 193.200 115.359
185.873 188.963 114.623
181.689 184.299 114.772
178.395 178.604 112.271
180.346 172.900 114.515
184.615 170.299 113.273
189.424 167.045 114.392
194.281 166.527 118.521
196.437 168.051 123.876
197.088 170.456 128.900
197.540 171.156 135.008
197.392 176.291 139.237
196.213 180.384 143.058
192.649 183.945 146.381
187.201 184.348 148.840
181.949 181.866 150.684
179.073 176.863 152.530
178.427 171.394 154.562
179.213 166.564 157.504
183.023 161.328 160.336
181.033 156.234 159.959
175.287 158.025 156.146
171.104 157.149 151.529
167.589 152.995 147.959
165.069 147.569 146.475
161.055 143.579 149.191
160.354 139.836 154.862
162.560 141.948 160.716
168.693 141.855 161.635
174.309 139.136 158.266
174.221 138.394 153.527
176.622 140.067 148.440
180.895 144.229 145.797
184.484 148.721 145.626
188.297 151.515 150.460
191.151 153.640 154.628
195.046 157.927 158.186
188.849 160.624 160.508
191.795 163.659 166.235
194.798 168.891 169.279
148.796 153.078 132.626
149.894 146.758 134.858
147.772 143.695 129.619
151.084 138.908 132.111
149.141 132.089 130.334
144.603 128.877 126.981
141.784 129.228 120.575
313.077 105.845 194.573
307.363 105.177 191.751
300.612 106.203 191.478
295.192 109.359 193.913
292.943 114.589 197.337
293.963 120.713 199.993
297.463 126.408 199.748
300.906 130.745 196.269
302.357 133.167 190.117
300.646 134.147 183.926
295.689 134.178 179.334
289.237 134.226 177.798
283.316 135.975 179.801
278.954 139.202 183.791
278.548 144.127 188.520
280.173 149.159 191.623
284.400 154.557 192.149
288.518 158.768 189.202
291.051 161.824 183.797
290.491 163.438 177.315
286.684 164.047 171.873
280.741 164.539 169.020
274.382 165.942 169.507
269.194 168.576 172.538
266.691 172.800 176.761
266.910 178.368 180.002
269.986 184.020 181.387
273.671 189.374 179.363
276.719 192.816 174.425
277.118 194.114 167.957
274.369 194.241 161.861
268.928 193.767 157.869
262.123 193.959 157.405
256.293 195.659 160.022
252.949 199.725 163.911
252.372 205.376 167.234
254.050 211.704 167.958
256.512 217.244 165.293
258.379 220.612 159.694
258.039 221.320 153.136
254.967 220.224 147.366
249.444 219.023 144.308
242.775 218.601 143.945
236.895 220.525 146.273
233.218 224.582 150.000
232.588 230.136 153.677
234.705 236.159 155.340
238.276 241.664 154.009
241.527 245.577 149.460
242.632 247.176 142.964
240.575 246.895 136.621
235.593 245.459 132.312
229.077 244.904 131.232
222.869 246.241 133.092
218.588 250.359 136.031
217.262 256.416 138.307
218.792 262.864 138.561
222.190 267.892 136.060
225.255 270.602 131.055
226.144 271.111 124.552
223.886 270.787 118.486
218.887 270.968 114.322
212.595 272.500 113.008
206.721 275.193 115.290
203.488 279.877 118.562
202.490 285.909 118.926
202.587 291.675 115.751
202.835 295.198 111.076
202.549 296.635 105.757
199.651 295.398 101.182
197.484 293.565 95.761
193.533 288.686 94.005
188.498 283.960 95.268
185.227 278.657 98.183
183.455 276.255 104.237
182.333 276.837 110.857
181.546 280.896 116.381
181.070 287.263 119.263
178.665 293.073 119.787
175.459 298.345 115.976
166.935 283.211 113.396
169.291 284.818 107.476
173.322 288.586 103.620
178.484 293.583 102.754
183.775 295.866 106.474
188.159 294.031 111.320
191.802 289.180 114.466
194.353 283.251 113.638
196.630 278.424 110.476
199.191 275.993 105.817
203.801 276.807 101.903
208.669 279.685 102.176
214.110 282.024 102.970
217.388 284.245 107.468
219.953 287.092 112.227
220.355 288.659 117.796
219.511 285.447 124.080
215.464 283.078 128.453
210.937 278.618 129.817
207.820 273.028 128.298
207.583 267.272 125.098
210.852 262.302 121.997
216.678 259.241 120.123
223.389 258.799 120.736
228.973 260.262 124.116
231.899 262.110 129.755
231.913 262.498 136.280
229.875 260.232 142.084
226.922 255.341 145.690
224.569 249.131 145.917
224.518 242.876 143.287
227.471 238.432 139.445
233.019 236.016 136.914
239.671 235.471 137.165
245.304 235.864 140.820
247.968 235.968 146.877
247.555 234.563 153.372
244.823 231.136 158.309
241.875 225.699 160.323
240.179 219.232 159.499
241.062 213.490 156.284
245.354 209.858 152.776
250.671 208.358 149.639
257.341 208.919 149.365
263.043 210.471 152.334
266.616 211.279 157.860
267.402 210.414 164.543
265.529 207.376 170.223
262.255 202.386 173.177
259.405 196.313 172.976
258.853 190.229 169.891
261.566 185.662 165.702
266.983 183.043 162.977
273.713 182.378 163.001
279.432 182.411 166.306
282.757 182.200 172.057
282.973 180.403 178.411
280.800 176.898 183.654
276.935 172.123 185.996
273.618 166.454 185.323
272.222 161.097 181.838
273.887 156.580 177.459
278.443 153.269 174.096
284.813 151.448 173.251
290.841 150.533 175.878
294.702 149.819 181.093
295.365 148.286 187.589
293.034 145.449 193.118
289.130 140.996 195.928
285.756 135.500 195.683
284.841 129.382 192.511
285.162 125.318 187.254
289.787 122.342 183.461
296.280 121.183 181.690
302.787 121.296 183.537
307.524 121.877 188.280
309.052 122.084 194.824
307.283 120.673 201.226
303.436 117.229 205.459
299.801 111.696 206.780
-37.682 37.003 -17.591
-39.981 33.422 -22.964
-43.706 28.384 -23.955
-46.529 22.221 -22.632
-48.549 17.871 -17.900
-53.192 18.480 -13.131
-57.471 21.589 -9.067
-61.021 26.832 -6.597
-63.463 33.073 -7.547
-67.188 37.251 -11.015
-70.967 38.233 -16.797
-68.586 20.441 -19.457
-66.486 24.605 -24.239
-62.305 29.176 -24.650
-59.874 35.327 -22.994
-56.754 37.922 -17.606
-53.487 36.194 -11.846
-50.075 32.843 -7.192
-46.095 27.605 -5.810
-46.066 27.373 -6.148
-43.878 22.147 -7.844
-41.661 22.647 -8.191
-38.683 19.184 -11.686
-35.219 18.866 -18.236
8.381 24.093 -34.193
6.400 28.698 -29.512
2.256 33.639 -29.593
-0.289 39.755 -32.575
-3.074 41.000 -38.583
-6.446 37.906 -43.708
-9.778 32.908 -46.821
-13.496 27.303 -46.511
-16.682 22.116 -43.307
-22.716 22.393 -40.453
-25.439 22.719 -34.024
-22.766 40.525 -36.662
-20.081 37.484 -31.467
-16.162 32.716 -29.697
-14.627 25.894 -29.372
-11.752 21.245 -33.379
-6.953 21.357 -38.198
-3.549 23.630 -43.501
-0.459 28.849 -46.963
2.781 34.604 -46.995
7.340 38.521 -44.186
10.604 41.286 -38.738
55.180 -24.778 -238.580
58.826 -29.658 -239.345
59.405 -35.511 -236.419
60.069 -39.838 -230.735
57.548 -41.158 -224.671
52.096 -41.837 -221.028
45.473 -41.305 -219.859
39.968 -43.813 -222.692
36.202 -45.343 -228.345
35.952 -48.183 -234.465
49.371 -58.426 -224.636
51.355 -55.801 -230.032
51.222 -51.488 -235.192
48.373 -46.581 -238.551
45.452 -40.619 -237.716
42.633 -35.509 -234.704
43.408 -31.809 -229.319
46.628 -31.418 -223.261
52.878 -29.725 -220.753
59.562 -29.576 -221.119
18.381 -7.833 44.849
23.848 -3.594 46.050
24.820 1.861 49.439
22.299 5.732 54.607
18.229 8.209 59.091
14.406 6.456 64.080
11.502 2.360 68.569
11.657 -3.853 70.063
13.924 -10.151 70.622
19.351 -13.238 72.717
25.033 -13.239 75.993
29.583 -10.282 79.406
33.849 -5.798 81.982
33.622 -1.204 86.598
15.101 1.430 87.686
18.892 4.745 83.519
23.864 6.846 79.718
27.508 4.321 74.625
31.515 0.180 70.997
31.059 -4.894 66.928
26.805 -8.206 62.991
20.867 -11.456 61.624
14.966 -11.052 60.313
9.119 -7.468 58.355
5.829 -2.031 56.641
7.372 3.422 52.933
11.028 8.157 49.965
16.110 9.501 45.858
6.434 1.207 -3.582
9.777 -4.295 -1.421
15.140 -5.566 2.039
19.820 -3.093 6.231
23.032 0.891 10.142
22.599 6.060 14.365
19.567 10.657 18.112
13.167 11.803 19.919
6.787 10.708 21.399
3.324 6.208 25.023
2.723 1.389 29.055
5.557 -3.334 32.763
9.999 -7.963 34.604
16.342 -8.586 37.883
18.614 9.873 38.367
21.522 5.763 33.946
23.210 -0.041 30.648
19.547 -3.972 26.640
14.422 -7.744 24.456
8.989 -7.331 20.723
6.192 -3.259 16.116
3.848 2.723 13.589
5.211 8.432 11.202
9.514 12.873 8.304
15.099 14.552 5.677
20.018 11.751 2.245
23.872 6.578 -0.132
24.023 0.710 -3.207
-18.643 7.886 44.745
-23.802 3.298 45.852
-24.760 -2.124 49.247
-21.935 -5.938 54.479
-18.018 -8.169 58.850
-14.126 -6.522 63.940
-11.264 -2.388 68.351
-11.593 3.906 69.812
-13.935 10.176 70.435
-19.420 13.165 72.585
-25.088 13.073 75.765
-29.649 10.027 79.122
-33.888 5.535 81.660
-33.624 0.745 86.076
-14.994 -1.487 87.488
-18.822 -4.767 83.332
-23.645 -6.972 79.347
-27.567 -4.548 74.443
-31.355 -0.371 70.709
-30.929 4.772 66.674
-26.765 8.016 62.700
-20.770 11.270 61.354
-14.685 11.051 60.160
-8.999 7.621 58.005
-5.766 2.059 56.252
-7.005 -3.441 52.638
-10.716 -8.184 49.515
-16.028 -9.513 45.444
-6.309 -0.693 -4.267
-10.352 5.023 -1.957
-15.689 5.739 1.957
-19.891 2.851 6.348
-23.105 -1.246 9.861
-22.519 -6.203 14.376
-19.257 -10.700 17.962
-13.127 -11.659 19.489
-6.046 -9.923 20.891
-2.969 -5.720 24.418
-2.498 -0.407 28.853
-5.366 3.969 32.464
-10.285 8.177 34.586
-16.149 8.443 37.740
-17.670 -9.681 38.461
-21.131 -5.956 34.023
-23.057 -0.111 30.679
-19.908 3.893 26.753
-14.609 8.136 24.366
-9.273 7.692 20.592
-6.369 3.839 15.834
-3.771 -2.306 13.733
-4.940 -8.288 11.432
-8.838 -12.340 7.913
-14.697 -14.442 5.165
-19.965 -11.663 2.023
-23.919 -6.706 -0.155
-24.311 -0.752 -3.252
-18.274 -7.501 -44.551
-23.574 -3.126 -45.841
-24.390 2.461 -49.159
-21.852 6.010 -54.345
-17.698 8.480 -58.874
-13.684 6.458 -63.736
-10.970 2.280 -68.155
-11.350 -4.143 -69.465
-13.656 -10.344 -70.154
-19.101 -13.269 -72.299
-24.801 -13.290 -75.374
-29.397 -10.347 -78.855
-33.661 -5.935 -81.436
-33.341 -1.164 -86.078
-14.831 0.945 -87.071
-18.595 4.388 -83.010
-23.401 6.642 -79.236
-27.246 4.298 -74.200
-31.117 0.142 -70.506
-30.596 -4.833 -66.330
-26.465 -8.274 -62.356
-20.624 -11.290 -60.729
-14.584 -10.883 -59.424
-8.763 -7.464 -57.620
-5.480 -1.899 -56.078
-6.797 3.659 -52.386
-10.594 8.314 -49.426
-15.680 9.846 -45.478
-6.416 0.793 4.067
-10.070 -4.153 1.712
-15.516 -5.363 -1.849
-19.889 -2.524 -6.075
-23.305 1.862 -9.901
-22.540 7.102 -13.796
-19.153 11.047 -17.721
-12.753 11.936 -19.715
-6.477 10.712 -20.930
-3.026 6.262 -24.467
-2.540 1.399 -28.604
-5.625 -3.117 -32.410
-10.037 -8.172 -34.171
-15.955 -8.196 -37.654
-18.106 10.037 -38.150
-21.163 6.324 -33.576
-22.994 0.489 -30.485
-19.549 -3.553 -26.378
-14.513 -7.468 -24.224
-9.151 -7.134 -20.356
-6.325 -3.309 -15.701
-3.749 2.751 -13.391
-5.065 8.221 -10.509
-9.132 12.997 -7.828
-14.727 14.857 -5.232
-19.839 12.066 -1.717
-23.816 7.080 0.448
-24.149 1.282 3.433
-18.461 -8.094 -45.025
-23.851 -3.754 -46.235
-24.857 1.677 -49.593
-22.219 5.443 -54.779
-17.831 8.017 -59.146
-14.023 6.058 -64.088
-11.315 2.017 -68.686
-11.633 -4.289 -70.243
-13.921 -10.489 -70.961
-19.391 -13.517 -73.112
-25.215 -13.497 -76.132
-29.690 -10.363 -79.514
-33.886 -5.873 -82.136
-33.662 -1.178 -86.602
-15.170 1.575 -87.909
-18.913 4.722 -83.504
-23.755 6.637 -79.752
-27.613 4.156 -74.715
-31.485 -0.080 -71.102
-31.085 -5.111 -67.008
-26.782 -8.462 -63.042
-20.964 -11.474 -61.295
-15.085 -11.303 -59.672
-9.127 -7.962 -58.378
-5.761 -2.280 -56.872
-7.178 2.839 -52.981
-10.850 7.750 -50.038
-16.035 9.171 -45.937
-6.321 1.043 3.539
-9.731 -4.613 1.435
-15.054 -5.803 -2.135
-19.710 -3.213 -6.567
-23.076 1.226 -10.114
-22.351 6.379 -14.203
-19.120 10.409 -18.306
-12.879 11.438 -20.187
-6.475 10.352 -21.667
-2.969 6.169 -24.923
-2.736 0.638 -29.242
-5.437 -4.001 -32.909
-10.169 -8.276 -35.010
-16.275 -9.024 -37.897
-18.029 9.359 -38.523
-21.377 5.511 -34.132
-23.166 -0.240 -30.710
-19.460 -4.323 -26.846
-14.346 -8.223 -24.592
-9.044 -7.753 -20.926
-6.030 -3.795 -16.220
-3.689 2.132 -13.775
-4.887 7.868 -11.154
-9.120 12.482 -8.321
-14.782 14.340 -5.944
-19.776 11.486 -2.332
-23.751 6.411 -0.259
-24.069 0.616 2.953
148.179 239.514 193.532
162.448 277.458 193.270
133.330 141.644 218.544
138.163 139.317 220.125
144.286 135.151 220.219
149.051 134.386 217.209
153.463 134.730 213.105
155.395 136.918 207.029
154.830 141.573 201.379
153.326 148.455 199.889
153.844 154.505 202.669
156.765 157.682 207.238
160.817 160.010 210.826
165.643 157.813 215.027
171.865 155.730 215.638
177.676 153.471 212.302
199.635 170.757 190.749
204.384 175.450 190.707
207.223 181.261 192.100
208.246 187.035 195.108
207.680 190.273 201.250
205.503 190.413 208.435
204.907 186.127 214.453
206.305 179.857 217.793
210.385 175.858 218.694
216.689 172.650 217.500
222.741 172.659 216.065
228.232 175.083 215.960
231.808 180.821 216.406
233.182 187.011 219.912
231.808 191.287 226.089
230.915 190.308 232.087
228.453 187.080 237.931
230.279 182.172 242.150
233.426 175.484 243.319
239.690 172.778 243.168
246.414 174.241 240.635
251.395 178.188 239.178
254.947 183.960 242.457
102.242 200.863 198.164
107.520 198.437 196.518
112.903 193.823 195.849
117.731 191.416 193.638
124.430 191.174 196.192
129.417 186.722 195.777
135.901 189.162 198.500
142.179 189.371 198.193
148.583 189.421 198.570
154.573 186.190 199.063
155.202 180.353 196.467
162.045 182.244 195.844
167.925 180.878 194.740
173.706 179.676 197.714
179.107 177.097 194.843
182.692 174.845 191.074
184.472 174.079 185.447
184.504 175.270 179.673
183.735 178.662 175.143
182.946 184.375 173.163
182.968 189.628 172.357
240.916 178.967 256.625
241.199 185.334 253.787
242.020 189.870 248.980
243.924 191.403 242.324
245.388 187.855 236.815
245.232 182.401 232.024
241.511 176.883 230.219
235.961 172.326 230.939
229.164 172.892 232.510
223.552 177.159 233.151
220.169 182.597 231.510
219.102 187.399 226.850
219.685 190.561 221.233
221.977 190.355 214.756
223.001 186.627 209.352
221.337 181.186 205.961
217.218 176.006 204.826
211.332 172.718 205.701
204.569 172.886 208.014
199.112 176.721 208.111
194.992 181.655 206.669
192.907 185.740 202.096
191.881 187.789 196.406
191.029 187.508 190.850
187.166 190.847 191.059
181.930 192.741 190.516
176.194 191.132 187.411
172.305 188.604 183.842
169.181 184.845 180.652
168.464 178.450 180.109
169.035 172.318 179.989
170.887 166.725 182.812
172.577 163.557 188.454
172.908 164.350 194.926
170.042 164.801 199.731
169.496 158.464 197.194
170.049 151.714 198.415
170.414 146.331 202.322
169.432 144.831 208.641
165.608 144.193 213.538
161.067 147.317 217.874
155.374 150.758 217.111
149.456 152.084 213.925
144.806 150.834 209.560
143.166 146.310 204.915
143.251 140.409 201.230
143.337 133.869 203.076
144.793 128.637 207.848
8.832 6.360 4.817
9.345 1.933 9.717
8.420 -4.042 12.987
6.863 -10.335 11.266
6.636 -15.007 6.903
-8.966 -7.745 1.085
-4.377 -9.938 -3.158
1.917 -10.929 -5.736
8.205 -10.773 -3.405
12.338 -11.167 1.461
7.652 4.866 -2.037
3.218 5.534 -6.574
-3.384 5.402 -8.056
-9.123 6.251 -4.594
-12.337 8.351 0.505
-7.890 -6.117 7.922
-7.822 -1.122 11.889
-6.122 5.374 12.729
-5.112 10.663 8.649
-5.800 13.629 3.039
170.988 199.945 228.292
167.254 199.234 222.670
167.262 200.490 215.798
170.961 200.178 209.940
176.246 197.581 206.593
180.813 192.437 206.164
183.196 186.554 208.472
181.509 180.601 210.426
176.924 176.554 213.357
170.867 174.259 212.678
165.643 172.782 209.153
162.530 172.489 203.178
162.350 171.485 197.137
165.473 169.895 191.693
170.127 166.724 188.393
175.242 162.747 187.738
179.258 158.162 190.403
181.384 154.026 195.026
179.326 149.779 199.871
174.289 145.755 202.029
168.436 142.398 199.244
165.944 138.423 194.395
167.673 135.289 188.175
172.924 131.901 185.530
179.537 130.026 184.944
185.955 129.809 187.844
189.537 129.876 194.016
189.523 127.643 200.325
188.394 123.014 204.913
185.555 113.731 189.265
179.283 115.172 191.551
175.182 117.952 196.261
175.042 122.914 201.028
177.953 128.662 203.123
183.034 133.505 201.466
185.631 137.148 195.652
184.062 140.734 190.491
180.372 142.774 185.053
174.498 146.310 183.357
168.487 149.029 185.264
164.224 151.457 190.162
163.531 153.623 196.822
166.008 155.756 202.695
171.611 158.775 204.943
176.927 162.049 204.494
180.547 166.393 200.866
181.234 171.385 197.069
178.543 176.836 196.010
173.418 181.111 194.882
168.296 184.382 197.484
165.181 186.338 203.172
163.682 185.469 209.502
166.559 185.007 215.403
171.692 184.867 219.721
177.702 187.191 221.586
182.803 191.506 220.483
184.821 197.661 218.193
182.912 203.835 215.659
295.674 329.765 197.916
292.053 335.231 199.040
285.898 337.144 197.235
280.260 337.193 193.316
275.981 333.437 189.784
273.171 327.738 187.909
272.053 321.548 190.574
272.102 317.369 195.521
271.051 317.020 202.544
269.398 318.877 208.419
264.250 320.650 211.244
258.333 323.071 212.767
253.861 320.001 212.067
249.603 316.173 211.661
248.397 310.625 210.698
248.980 304.705 209.708
251.191 299.585 208.474
256.298 295.347 209.935
262.945 295.132 211.909
269.313 297.462 213.170
272.018 302.070 217.154
271.884 306.788 221.941
269.255 308.174 227.737
265.483 306.750 233.439
262.481 302.313 237.419
262.268 294.984 238.583
265.420 288.901 239.236
269.891 284.365 238.774
277.269 283.248 237.778
284.398 285.069 238.146
286.841 290.618 242.566
288.514 295.364 247.757
288.951 295.707 255.336
286.239 294.525 261.259
283.480 290.262 265.528
282.220 283.933 267.355
283.954 277.556 267.160
288.577 272.881 265.616
294.528 271.029 264.637
301.040 271.348 267.094
305.802 273.457 271.516
306.168 275.764 277.770
303.895 277.407 283.464
300.414 276.316 289.150
296.349 271.351 293.531
292.385 266.659 293.302
289.623 261.313 290.561
290.129 256.194 287.494
295.766 251.540 287.266
301.401 249.735 289.673
307.278 250.411 293.305
309.108 251.687 300.591
307.128 251.883 306.783
302.281 248.897 311.585
298.341 244.179 313.128
294.865 237.940 312.992
293.166 231.875 310.682
294.562 226.456 308.769
299.339 221.776 308.924
306.063 221.310 308.717
312.411 223.335 310.452
317.462 227.565 311.661
319.398 227.418 317.517
318.677 229.000 324.012
317.181 227.987 331.215
311.626 224.529 334.465
320.007 212.809 322.122
314.157 210.943 321.717
307.937 213.449 322.943
304.399 218.449 324.263
303.643 224.764 326.528
304.683 230.727 325.311
307.075 235.456 321.819
310.235 237.058 315.880
311.979 235.475 309.719
311.495 232.819 303.500
307.146 231.294 298.198
301.379 233.089 296.187
296.211 237.581 297.151
291.659 241.123 299.294
289.693 246.864 302.691
292.869 252.594 306.268
298.521 257.513 306.486
304.888 260.712 303.366
309.779 260.970 297.567
309.625 260.968 290.508
307.169 260.047 284.665
301.954 259.003 280.177
296.447 260.253 278.169
289.835 264.020 278.993
287.743 269.696 280.478
289.821 276.190 282.922
291.920 280.922 280.713
294.298 285.300 276.042
298.888 287.540 271.378
300.370 285.980 264.790
299.493 283.235 259.017
294.706 280.080 255.113
288.471 277.506 254.369
281.500 278.585 254.942
276.561 282.778 255.160
273.925 289.070 255.007
276.837 295.859 253.284
279.012 298.561 247.747
281.400 299.961 242.217
282.095 299.408 236.138
281.016 296.129 231.085
276.953 292.174 227.690
270.648 289.777 226.602
264.056 289.572 227.291
258.834 293.611 226.527
255.250 300.275 227.235
255.509 305.886 224.127
258.511 310.544 220.120
263.362 312.472 215.893
266.240 310.994 210.205
266.577 308.685 204.948
263.767 308.772 199.612
260.068 311.710 195.972
257.464 316.204 194.272
257.211 321.974 194.285
257.367 328.081 195.026
259.404 332.450 197.986
264.551 335.500 201.322
269.849 334.904 205.764
274.598 330.590 208.051
278.493 325.316 206.927
282.008 321.100 202.674
283.778 318.703 196.534
283.982 319.929 189.720
283.767 324.346 184.581
285.027 330.596 182.658
288.271 336.537 183.073
310.341 213.538 330.693
311.499 210.222 334.238
313.699 203.768 333.728
319.206 203.027 330.694
325.113 203.447 330.645
330.236 205.331 334.474
332.338 204.764 341.174
333.259 201.956 346.102
330.932 197.910 351.018
329.073 192.990 353.486
325.111 187.009 352.558
325.527 181.785 350.063
327.988 179.082 344.042
332.733 175.480 341.810
339.913 173.482 341.846
343.688 171.227 344.857
347.123 168.733 348.795
344.721 161.919 350.422
343.836 158.462 356.530
340.817 160.385 362.297
340.219 155.459 365.137
334.917 154.153 369.313
328.280 154.313 366.847
323.976 152.847 363.220
323.069 149.461 357.003
323.768 144.785 353.848
325.180 138.995 352.156
328.281 133.258 353.102
329.623 129.065 358.144
327.881 126.059 363.383
324.779 123.892 368.154
319.699 125.783 372.986
314.039 127.222 373.590
308.242 128.948 371.812
304.976 129.433 366.565
302.926 126.939 361.624
304.283 120.381 358.408
302.332 115.193 358.052
300.883 109.101 361.377
296.339 106.822 366.781
291.094 106.606 368.659
285.426 110.022 371.022
281.034 113.182 370.761
278.884 119.986 369.762
280.908 123.517 363.812
279.573 124.561 358.353
277.741 122.897 352.315
274.627 119.136 348.210
269.434 115.150 347.160
263.648 114.345 346.997
257.480 115.040 350.630
253.415 119.647 353.294
252.031 125.881 354.850
255.497 132.313 355.704
257.303 137.248 354.072
261.549 140.971 350.437
263.123 142.421 344.325
261.223 142.137 337.901
257.463 144.576 334.093
251.491 146.610 332.118
246.564 150.245 334.701
244.841 155.033 339.147
247.182 159.935 343.468
249.340 164.501 344.942
256.172 166.606 347.223
261.876 167.480 344.204
266.336 168.512 339.454
266.982 170.622 332.774
265.165 175.478 328.973
262.346 181.201 327.635
259.522 187.121 329.529
259.067 191.529 334.893
262.201 193.149 340.898
267.389 192.182 345.045
273.514 190.291 346.894
279.318 186.742 345.788
284.276 186.217 341.308
288.698 189.326 337.183
291.833 193.882 335.715
295.361 199.729 336.336
297.413 203.860 340.708
299.023 206.059 346.992
299.975 204.578 353.440
300.719 200.074 358.529
300.310 193.302 359.841
301.947 187.502 358.304
306.133 183.376 354.969
312.409 183.302 352.552
318.651 184.790 353.458
323.636 187.382 356.897
326.190 189.519 362.676
326.263 189.577 369.270
325.156 186.740 375.013
321.174 182.792 379.182
317.075 177.174 378.882
315.818 171.452 376.116
317.900 166.149 372.843
322.702 162.836 369.752
328.769 159.907 370.904
332.948 157.863 375.568
334.692 156.329 381.749
333.105 154.099 387.692
328.608 151.769 392.114
322.386 150.077 393.464
316.151 149.179 391.808
311.484 147.676 387.234
310.814 144.256 381.439
312.984 138.406 378.728
314.308 132.227 379.531
313.440 126.732 382.912
309.991 123.208 387.129
305.886 122.793 392.367
300.988 123.423 395.278
296.050 126.796 397.763
291.350 130.957 396.581
288.828 135.351 391.995
286.293 135.268 386.633
284.292 132.768 381.345
283.282 127.427 377.377
279.784 122.140 377.099
275.686 117.519 380.212
270.776 116.644 384.147
266.017 119.454 388.268
262.103 125.115 389.371
259.355 130.032 388.945
260.641 136.509 386.653
260.936 139.276 380.702
259.817 139.376 373.796
257.410 136.155 368.408
252.060 133.705 365.685
245.880 133.782 365.017
239.618 136.075 366.549
236.172 140.749 369.893
236.419 146.901 373.110
239.799 152.545 373.605
245.471 155.148 372.091
248.756 158.161 369.255
253.020 159.974 364.434
252.999 161.311 357.707
249.402 163.574 352.889
244.153 166.522 350.303
239.902 171.630 351.861
238.554 176.301 356.298
239.597 181.332 358.698
241.421 184.456 364.372
246.991 184.691 368.196
253.139 184.797 369.298
259.876 184.296 367.931
263.825 185.220 362.536
266.168 189.190 358.307
265.295 194.638 354.330
263.540 200.853 355.013
262.715 206.390 358.145
263.707 210.607 363.327
267.727 212.038 368.509
272.642 210.337 372.674
277.958 206.687 374.463
283.396 203.112 372.587
287.703 200.891 367.984
291.270 201.891 362.408
293.802 206.122 357.960
295.146 212.418 356.282
289.116 218.187 373.103
285.620 219.801 367.943
285.380 219.335 361.060
282.515 215.034 356.878
281.844 208.813 354.586
279.187 202.653 356.655
279.270 197.376 361.113
276.428 195.891 366.852
272.609 196.879 372.011
266.921 198.673 374.524
260.502 200.671 373.263
255.724 201.429 368.702
252.777 200.083 363.148
251.372 196.875 357.472
252.399 191.245 353.059
254.685 185.640 351.933
258.177 180.067 354.464
258.007 177.158 360.650
254.069 175.864 366.102
248.028 175.621 368.978
241.958 174.097 369.204
237.197 171.075 366.942
233.828 166.954 362.755
234.302 161.351 359.974
236.918 155.985 357.346
240.640 151.267 356.201
247.256 148.630 356.821
251.922 149.572 361.504
252.949 151.459 368.631
251.031 150.375 374.780
247.547 147.046 379.214
243.976 142.376 381.451
242.340 135.713 381.652
243.785 129.581 379.449
247.933 125.180 376.388
253.858 123.911 373.406
260.175 126.016 371.767
265.417 130.078 372.916
269.342 134.478 376.838
271.048 134.689 383.267
271.493 133.490 389.566
271.979 127.977 394.015
275.451 123.238 395.004
279.430 117.855 392.019
284.464 116.888 388.958
289.433 117.820 384.852
292.713 122.171 381.028
294.865 128.057 379.838
296.219 134.065 382.146
297.161 138.355 386.801
299.766 139.079 393.836
304.121 136.864 397.233
309.807 134.472 398.401
315.468 132.913 397.219
320.805 132.493 393.608
324.366 134.320 388.215
325.727 138.244 383.141
324.034 142.670 378.456
318.688 146.760 376.675
315.107 151.745 379.612
314.954 156.586 384.111
317.710 160.822 388.283
322.936 164.692 389.764
328.203 167.781 388.008
332.339 170.435 383.670
334.000 172.316 377.615
332.583 172.668 370.800
327.770 171.842 365.890
321.044 171.819 365.089
315.134 174.370 366.648
311.128 178.825 369.845
310.628 185.143 371.875
312.352 191.425 371.194
314.493 196.314 367.473
316.075 198.979 361.642
316.066 199.035 355.180
314.245 197.248 349.276
310.590 192.663 345.239
305.027 189.054 345.672
299.392 186.929 348.310
293.466 189.587 352.209
290.433 194.914 355.060
287.642 200.749 353.010
285.926 204.884 348.596
284.064 206.122 342.084
282.439 203.542 336.209
280.183 198.766 332.136
277.231 193.141 330.594
277.283 186.133 330.943
275.253 182.062 336.590
271.852 182.446 342.997
265.975 183.874 346.074
259.111 184.637 345.387
253.790 183.408 341.331
251.138 179.919 336.174
251.460 175.467 331.237
253.969 168.960 328.174
257.834 163.633 329.743
261.677 160.006 333.587
262.587 158.312 340.692
260.650 158.456 346.704
254.277 156.453 349.552
248.948 152.497 349.224
245.597 147.468 347.083
244.821 141.646 345.039
248.073 136.671 340.760
252.679 132.138 338.789
258.454 130.381 338.472
265.082 131.936 341.400
266.767 132.783 347.545
266.429 131.997 353.830
262.731 129.677 359.218
260.250 124.415 362.064
260.421 117.895 362.641
263.482 112.194 361.359
268.435 108.798 358.048
274.350 108.437 355.980
280.203 110.380 353.125
283.560 117.066 353.327
286.027 121.629 356.290
287.395 125.242 362.699
289.332 124.801 367.940
291.511 121.454 374.116
295.571 116.886 376.189
300.711 113.841 376.115
305.880 110.318 372.205
309.924 111.398 368.105
312.220 113.607 362.100
312.464 118.678 358.492
312.231 124.625 357.093
312.084 131.948 358.753
313.707 135.903 362.991
317.277 138.357 367.978
322.876 137.646 371.369
329.060 136.353 370.884
334.187 135.179 366.733
337.509 136.996 362.225
337.020 140.366 355.555
335.540 145.181 351.406
331.925 150.398 349.572
327.589 155.297 352.860
326.462 161.776 356.253
329.170 164.336 361.801
333.770 167.456 366.321
336.120 170.927 365.031
334.941 174.833 362.089
338.677 180.040 359.566
342.482 182.449 355.935
345.154 185.699 350.857
344.376 185.938 344.242
339.996 184.660 339.268
333.220 183.795 337.108
328.533 185.717 336.557
322.337 187.844 339.615
319.581 191.839 341.835
317.768 196.144 347.017
321.029 202.304 348.828
323.589 207.559 348.163
327.477 211.275 343.191
328.156 213.378 337.874
327.383 215.824 333.224
124.776 -4.551 167.221
122.144 -0.398 169.779
120.506 6.695 170.940
119.075 12.012 167.620
117.415 14.937 161.319
115.971 14.963 154.048
113.057 11.306 149.314
110.025 5.441 147.552
105.208 1.250 148.911
100.407 -1.217 153.040
95.412 -0.094 157.197
90.336 3.758 159.215
86.146 9.049 158.488
83.862 14.501 155.059
82.829 17.031 149.444
83.396 18.150 142.742
84.021 15.017 136.915
83.694 9.105 133.642
81.204 3.139 132.848
75.594 -0.323 132.505
69.375 -1.714 133.230
62.731 0.221 134.977
58.511 5.161 133.872
56.767 10.472 130.734
57.243 14.495 125.426
60.634 16.997 120.308
64.750 15.843 115.377
68.186 11.180 111.724
68.461 4.086 111.014
64.452 0.341 107.324
58.890 -0.686 103.838
53.272 1.168 100.712
50.393 4.912 96.441
50.444 9.447 91.657
54.566 13.374 87.797
60.438 15.577 86.205
67.033 14.278 85.629
71.409 9.006 85.576
72.164 2.380 83.622
69.894 -2.371 79.569
68.074 -4.424 73.738
68.433 -2.852 67.009
71.123 0.832 62.190
74.507 5.887 59.279
79.796 9.557 59.503
85.190 12.329 62.337
89.612 11.703 67.259
92.138 8.274 72.813
95.415 2.553 73.061
97.145 -3.522 70.839
101.096 -5.686 66.160
104.938 -5.503 60.721
109.507 -2.013 58.047
114.022 3.080 58.386
116.322 8.942 60.401
118.857 11.757 65.695
117.317 13.456 72.237
118.325 10.384 77.975
120.159 5.046 81.566
124.530 0.127 82.343
130.460 -2.398 81.675
136.547 -1.364 80.835
141.889 1.668 80.283
146.081 6.588 81.223
147.427 12.568 84.820
145.440 18.110 87.824
141.786 20.325 92.672
135.509 19.949 95.507
132.593 15.345 99.863
133.018 9.447 103.297
136.537 6.194 107.678
140.709 5.905 112.757
144.471 9.029 117.208
147.410 14.376 120.460
145.023 19.541 123.604
140.940 24.621 124.943
135.581 28.419 123.296
128.893 27.684 122.264
123.755 23.439 122.943
120.861 17.807 125.667
119.598 15.916 131.838
120.632 15.198 138.378
121.017 18.855 143.719
120.050 24.611 147.003
117.221 30.012 147.648
113.247 35.381 146.292
108.428 38.551 142.615
103.981 37.541 138.224
101.539 33.182 133.414
96.763 27.973 134.353
93.560 23.218 138.247
89.510 22.799 143.560
84.932 25.783 147.324
80.615 30.668 148.626
78.101 37.021 147.494
76.856 41.516 142.504
76.775 43.004 135.962
76.826 41.238 129.716
75.468 36.842 124.877
74.969 30.140 123.322
69.949 25.927 123.460
63.828 24.666 123.391
57.844 26.116 121.476
54.123 30.371 118.474
52.265 36.311 116.055
53.521 40.879 111.441
56.696 43.192 106.270
61.683 43.420 102.047
68.282 41.304 100.544
70.028 35.716 97.676
69.463 28.901 97.021
66.062 25.678 92.476
61.537 24.900 87.586
57.463 26.551 82.758
56.723 30.513 77.433
59.175 34.851 73.186
64.220 37.983 70.385
70.421 40.131 70.123
76.990 39.454 72.656
81.145 34.466 73.768
83.468 28.197 72.372
82.706 22.113 69.217
83.450 20.418 62.943
84.868 21.304 56.807
87.371 24.617 51.313
91.112 30.006 49.475
95.640 34.662 51.325
99.856 37.063 55.376
102.542 37.720 61.636
103.386 34.326 67.791
106.786 28.670 69.420
110.307 23.506 68.423
115.004 19.851 64.769
120.289 21.221 61.105
125.102 25.406 59.873
128.779 31.146 60.638
129.717 36.993 63.506
130.846 40.332 69.044
129.051 41.099 75.740
126.489 37.740 81.364
129.054 33.023 84.996
133.676 28.285 86.844
140.148 28.502 87.753
145.827 30.772 88.257
150.561 35.236 89.582
152.290 40.878 92.090
150.086 45.733 96.953
145.366 49.850 99.500
139.804 49.773 102.817
134.551 46.151 104.552
131.876 39.763 107.589
133.117 35.505 112.428
137.682 32.886 116.481
143.319 31.175 119.372
149.308 33.645 122.422
151.812 38.803 125.760
150.892 43.673 130.122
146.151 47.701 133.753
139.961 48.341 136.086
134.543 45.603 138.745
131.331 39.764 140.989
132.895 33.675 143.656
136.174 29.555 147.360
141.427 28.118 151.431
145.736 29.859 155.514
147.993 32.890 160.152
147.650 37.652 165.188
144.169 42.121 168.133
145.903 45.289 153.168
149.920 41.157 150.651
150.370 35.222 147.127
147.335 31.231 143.110
142.371 29.657 139.068
136.091 30.933 135.976
132.849 35.484 132.350
132.465 41.916 130.079
135.420 46.862 128.070
141.296 49.645 125.134
147.389 48.513 121.040
150.889 44.324 117.067
151.222 38.796 113.019
148.447 33.609 109.584
143.876 31.725 105.782
137.338 32.161 102.652
133.441 36.315 99.357
132.717 42.229 96.308
134.893 47.230 92.829
138.844 49.137 87.906
142.688 47.236 83.107
144.713 43.431 79.133
144.666 37.768 75.961
143.273 31.717 74.355
138.702 26.967 73.646
132.975 24.040 75.127
126.586 24.872 76.256
121.463 29.388 76.617
120.239 36.278 75.350
118.489 39.034 69.626
117.653 39.044 63.062
117.465 36.295 56.965
115.358 31.827 53.039
111.949 25.260 52.206
107.606 22.453 55.490
103.674 19.899 61.319
98.973 22.584 65.131
96.664 28.353 67.983
94.191 34.688 66.562
91.207 38.371 61.896
86.666 39.191 57.414
80.641 36.701 55.159
75.479 32.611 56.011
71.860 27.491 58.531
70.115 24.333 63.870
70.519 22.627 70.341
72.753 24.603 76.262
76.149 29.166 80.326
74.319 35.125 82.408
71.001 40.914 82.124
64.877 42.682 83.370
58.341 41.979 84.397
54.185 38.504 87.670
52.854 33.937 92.563
54.182 28.720 96.400
57.901 27.011 101.441
64.520 26.212 103.344
68.785 30.241 106.312
70.662 36.185 108.688
69.141 41.507 112.271
65.902 44.612 116.887
62.618 44.518 122.107
59.986 42.377 127.267
59.709 38.358 132.477
61.544 32.701 135.730
65.465 27.408 136.482
71.627 25.434 135.735
76.909 25.348 131.299
81.686 30.183 129.736
84.030 36.580 130.517
86.062 40.882 134.994
89.191 42.222 140.668
91.067 40.282 146.780
92.931 35.815 151.511
97.329 31.030 151.797
101.021 25.901 149.654
102.324 21.408 144.730
104.182 21.476 138.180
106.773 25.301 133.333
110.026 30.972 131.151
115.933 33.570 132.353
121.275 35.253 135.953
126.175 32.476 139.158
129.988 27.156 140.644
132.236 21.619 139.243
133.179 15.750 135.904
132.351 11.703 130.470
130.512 11.661 124.430
126.909 15.082 119.609
129.720 19.762 114.877
134.171 24.733 113.106
140.638 25.616 111.694
146.305 22.945 109.549
149.919 18.075 106.788
150.776 11.454 104.958
147.416 6.064 102.455
141.809 3.435 99.873
136.022 4.096 96.957
131.924 7.596 92.977
130.146 13.890 90.781
132.004 17.477 85.560
134.748 18.043 79.880
136.283 15.597 74.076
135.920 10.494 70.227
135.072 4.095 68.496
130.794 -0.951 68.305
125.015 -3.742 69.258
119.039 -4.090 71.911
114.664 -1.479 76.843
110.848 3.803 76.243
110.021 10.338 74.273
107.194 12.472 68.826
104.668 12.151 62.629
102.295 9.556 57.125
98.276 4.791 54.670
93.967 -0.066 55.623
89.610 -3.290 59.331
86.849 -4.947 65.085
86.093 -3.100 71.894
84.705 2.456 75.120
81.653 8.545 75.482
78.532 13.850 72.395
72.548 14.557 69.907
66.581 12.878 68.624
60.862 9.084 69.166
58.153 3.896 72.613
58.180 0.036 78.119
60.039 -1.402 83.970
64.431 -0.971 89.220
69.063 3.524 92.146
68.252 9.600 95.074
65.145 14.701 97.052
59.406 17.998 99.229
54.006 16.553 102.630
51.339 12.752 107.160
50.980 7.548 111.588
53.721 2.290 114.437
58.535 -0.060 118.220
65.349 0.180 119.711
70.988 4.437 119.341
72.236 10.152 122.150
70.918 15.823 125.807
69.012 16.888 132.011
67.299 15.453 137.871
66.877 11.501 143.310
69.224 6.250 146.446
74.390 1.679 146.682
79.762 -1.319 143.757
85.489 0.260 141.054
90.575 4.149 139.455
93.659 10.157 140.324
95.377 15.316 143.929
96.687 17.896 149.949
97.611 18.077 156.481
98.341 14.423 162.144
99.454 8.198 164.569
102.558 2.411 163.925
106.901 -1.742 159.936
111.368 -2.048 155.032
116.391 0.601 151.675
120.664 6.061 150.530
123.557 11.351 153.899
126.870 14.187 159.049
129.973 13.303 165.303
131.953 9.654 169.841
134.923 5.026 172.118
137.230 -1.652 172.590
139.572 -7.649 169.053
146.829 -8.688 158.727
150.401 -4.592 154.989
154.060 1.193 154.250
157.895 5.433 157.191
160.756 7.243 163.231
162.330 6.414 170.380
164.563 1.965 174.789
166.650 -4.497 175.973
170.360 -9.492 173.821
174.686 -12.688 169.710
179.906 -12.411 165.610
184.889 -8.997 162.727
190.485 -4.570 163.890
192.995 1.010 166.947
194.277 3.677 172.465
193.996 4.815 179.187
193.539 1.677 185.029
193.946 -4.281 188.240
196.457 -10.261 188.862
202.057 -13.762 188.891
208.260 -15.009 188.096
214.826 -12.988 186.086
218.999 -7.967 186.924
220.793 -2.642 190.004
220.624 1.277 195.371
217.612 3.766 200.700
213.738 2.657 205.833
210.343 -2.010 209.523
210.000 -9.113 210.157
214.118 -12.897 213.691
219.762 -13.990 216.965
225.443 -12.253 220.012
228.432 -8.652 224.303
228.679 -4.100 229.065
224.740 0.005 232.957
218.921 2.310 234.706
212.355 0.988 235.544
207.963 -4.265 235.742
207.273 -10.943 237.599
209.723 -15.729 241.520
211.831 -17.878 247.183
211.436 -16.667 253.961
208.746 -13.050 258.913
205.562 -7.980 262.031
200.359 -4.179 262.064
194.908 -1.266 259.484
190.290 -1.751 254.722
187.489 -5.119 249.249
184.189 -10.847 249.117
182.508 -16.915 251.376
178.630 -19.144 256.076
174.893 -19.009 261.600
170.409 -15.500 264.415
165.896 -10.398 264.177
163.637 -4.497 262.201
160.941 -1.629 257.040
162.270 0.022 250.456
161.073 -2.981 244.726
159.033 -8.273 241.159
154.506 -13.070 240.463
148.565 -15.549 241.199
142.474 -14.526 242.085
137.139 -11.456 242.760
133.029 -6.414 242.123
131.778 -0.204 238.968
133.750 5.384 236.072
137.125 7.630 231.064
143.306 7.182 228.072
146.015 2.626 223.556
145.414 -3.223 220.039
141.586 -6.438 215.851
137.452 -6.554 210.696
133.148 -3.374 206.717
130.454 2.022 203.627
132.818 7.152 200.393
137.002 12.138 198.959
142.556 15.718 200.442
149.223 14.789 201.232
154.274 10.544 200.342
157.170 5.024 197.415
158.223 3.211 191.193
156.886 2.502 184.699
156.336 6.184 179.388
157.241 11.975 176.142
160.077 17.366 175.477
164.144 22.669 176.798
169.046 25.739 180.448
173.572 24.590 184.726
176.160 20.104 189.327
180.953 14.987 188.189
184.083 10.263 184.196
188.092 9.950 178.831
192.470 13.016 174.902
196.680 17.942 173.470
199.251 24.270 174.582
200.737 28.686 179.583
201.071 30.083 186.138
201.209 28.215 192.356
202.677 23.721 197.059
203.244 16.999 198.475
208.344 12.859 198.214
214.517 11.731 198.090
220.816 13.563 199.039
224.372 17.782 201.983
226.306 23.466 204.854
225.286 27.670 209.841
222.250 29.855 215.128
217.312 30.066 219.398
210.730 27.939 220.981
209.047 22.299 223.813
209.678 15.494 224.397
213.148 12.258 228.850
217.762 11.347 233.598
221.892 12.764 238.419
222.882 16.662 243.751
220.703 21.080 248.046
215.798 24.257 251.045
209.596 26.362 251.653
202.910 25.739 249.478
198.729 20.808 248.284
196.493 14.471 249.488
197.548 8.246 252.267
197.056 6.095 258.366
195.488 6.375 264.476
192.648 9.077 270.110
188.725 14.039 272.428
183.959 18.585 271.316
179.704 21.609 267.784
177.266 23.363 261.558
176.523 20.446 255.081
173.126 14.846 253.194
169.486 9.728 253.931
164.590 6.019 257.234
159.292 7.069 260.953
154.366 11.097 262.322
150.820 16.984 262.142
150.165 23.155 259.795
148.991 26.839 254.470
150.561 27.802 247.722
152.942 24.457 241.977
150.047 19.861 238.335
145.246 15.203 236.734
138.772 15.526 235.926
133.120 17.817 235.433
128.443 22.211 233.796
126.788 27.723 230.917
128.879 32.808 226.824
133.646 36.994 224.419
139.428 36.780 221.378
144.523 33.949 218.252
146.625 27.103 216.065
145.278 23.038 211.165
140.750 20.360 207.117
135.168 18.892 203.832
129.590 21.407 200.832
126.728 27.119 198.471
127.573 32.985 195.523
132.167 37.812 192.796
138.188 38.942 190.213
143.366 36.734 186.701
146.348 31.481 183.140
144.679 26.151 179.133
140.924 23.151 174.656
135.840 23.987 169.910
131.676 27.187 166.657
129.881 32.127 163.705
129.499 38.166 160.959
133.467 43.886 158.819
131.812 41.111 173.300
127.955 35.649 175.445
127.515 28.908 176.503
130.475 23.731 178.902
136.004 21.369 182.395
142.220 21.763 186.395
145.364 25.678 190.735
145.601 31.558 194.190
142.420 35.929 198.000
136.709 38.286 200.992
130.590 35.963 202.999
127.334 31.629 207.382
127.237 25.899 211.127
130.354 20.727 214.283
135.056 18.835 217.822
141.596 19.197 220.937
145.528 23.344 224.211
146.242 29.243 227.302
144.013 34.168 230.870
140.019 36.076 235.737
136.198 34.272 240.541
134.280 30.537 244.628
134.580 24.786 247.791
136.166 18.762 249.153
140.692 13.918 249.542
146.319 10.954 247.731
152.716 11.719 246.551
157.925 16.121 246.255
159.325 22.956 247.747
161.097 25.405 253.641
161.816 24.861 260.245
161.853 21.410 266.007
163.972 16.388 269.319
167.963 11.216 270.134
173.144 7.649 267.352
177.173 6.223 262.526
180.541 8.338 257.113
182.921 14.065 254.236
185.801 20.203 255.665
189.294 23.654 260.039
194.467 24.324 263.289
200.367 22.386 266.391
205.392 18.050 265.569
208.682 12.976 262.598
210.180 10.137 257.021
209.590 8.782 250.494
207.036 11.056 244.806
203.442 15.763 241.139
205.210 21.768 239.131
208.611 27.508 239.419
214.702 29.210 237.978
221.193 28.411 236.733
225.176 24.852 233.363
226.326 20.350 228.412
224.903 15.186 224.558
221.017 13.550 219.620
214.323 12.893 218.006
209.983 16.984 215.276
208.118 22.970 213.040
209.632 28.392 209.615
212.707 31.541 204.916
215.672 31.406 199.479
218.046 29.324 194.180
218.122 25.395 188.879
216.214 19.710 185.693
212.278 14.408 185.114
206.115 12.436 185.979
200.963 12.375 190.572
196.247 17.179 192.317
193.878 23.575 191.652
191.726 27.932 187.308
188.303 29.324 181.827
186.177 27.484 175.764
184.206 23.064 171.032
179.855 18.234 170.820
176.350 13.021 173.062
175.109 8.569 178.025
173.352 8.643 184.587
171.004 12.411 189.551
167.701 17.950 191.968
161.807 20.591 190.889
156.377 22.410 187.546
151.292 19.793 184.507
147.376 14.552 182.985
145.216 8.940 184.292
144.495 3.011 187.572
145.508 -1.058 192.947
147.413 -1.077 198.955
151.105 2.309 203.713
148.573 7.039 208.478
144.222 12.005 210.510
137.823 12.945 212.123
132.053 10.465 214.145
128.347 5.526 217.215
127.567 -1.109 218.971
131.019 -6.537 221.235
136.722 -9.190 223.537
142.581 -8.626 226.236
146.909 -5.319 230.132
148.861 0.909 232.348
147.169 4.468 237.618
144.623 4.977 243.373
143.132 2.503 249.158
143.547 -2.603 252.948
144.399 -8.996 254.641
148.656 -14.044 254.685
154.350 -16.895 253.575
160.224 -17.346 250.716
164.546 -14.808 245.698
168.540 -9.652 246.238
169.634 -3.165 248.224
172.470 -1.147 253.705
174.850 -1.501 259.911
177.492 -4.066 265.265
181.750 -8.698 267.493
186.112 -13.445 266.426
190.417 -16.630 262.641
193.001 -18.330 256.816
193.522 -16.556 249.966
194.863 -11.009 246.680
197.938 -4.924 246.272
201.111 0.359 249.347
207.192 1.031 251.594
213.203 -0.675 252.611
218.872 -4.443 251.801
221.547 -9.528 248.209
221.432 -13.316 242.677
219.398 -14.712 236.882
214.812 -14.269 231.817
210.079 -9.747 229.080
210.777 -3.639 226.171
213.836 1.495 224.077
219.599 4.696 221.742
224.893 3.113 218.226
227.346 -0.667 213.567
227.444 -5.758 208.988
224.560 -10.928 206.139
219.546 -13.271 202.644
212.672 -13.048 201.466
207.069 -8.781 201.925
205.745 -3.052 199.164
206.979 2.624 195.468
208.623 3.654 189.178
210.034 2.138 183.244
210.211 -1.914 177.857
207.719 -7.220 174.938
202.449 -11.657 174.854
197.068 -14.564 177.848
191.421 -12.895 180.712
186.542 -8.830 182.592
183.695 -2.652 181.906
182.107 2.650 178.408
181.061 5.545 172.418
180.229 5.959 165.925
178.279 2.901 160.329
175.245 -2.554 157.779
170.894 -7.395 158.662
166.782 -11.397 162.903
162.905 -11.581 168.308
158.587 -8.422 171.915
156.228 -2.115 174.336
154.343 3.302 172.291
151.533 7.666 168.037
148.508 8.755 161.778
145.769 6.459 156.720
141.400 2.868 153.899
136.129 -1.687 153.963
131.961 -6.148 157.981
28.981 6.175 -17.002
32.886 6.671 -22.880
34.908 1.767 -26.384
35.193 -5.602 -26.274
30.906 -1.971 -27.167
27.059 -0.322 -22.230
25.957 0.677 -14.996
27.581 -0.687 -8.958
31.437 -4.379 -4.186
37.157 -1.489 -1.028
42.639 -1.464 -4.247
46.885 -2.226 -8.350
45.093 -8.615 -10.271
38.006 -11.606 -10.335
33.971 -13.897 -12.419
32.446 -15.832 -17.943
37.429 -13.550 -18.187
43.192 -11.177 -18.139
47.440 -4.939 -16.973
47.859 1.973 -17.463
156.335 227.613 241.465
119.365 219.711 254.119
149.239 179.798 149.293
151.985 184.342 145.788
156.070 185.727 140.626
156.081 183.484 134.059
157.359 177.414 130.828
154.786 171.911 129.308
149.996 169.935 125.613
143.339 169.052 126.102
138.621 172.590 123.263
136.520 178.473 120.552
135.618 183.948 118.558
138.024 188.466 114.482
142.793 191.055 110.970
149.551 191.233 109.801
153.619 187.009 107.068
155.107 181.502 103.480
152.204 177.912 98.225
148.507 176.144 93.850
145.567 179.000 88.391
144.216 183.072 84.245
145.503 189.122 81.368
149.719 193.366 79.603
155.336 196.910 80.518
161.021 197.303 84.382
166.512 193.544 84.460
170.436 188.190 82.795
171.331 183.165 78.484
172.512 182.048 72.207
175.226 184.649 67.047
176.667 189.112 62.227
180.224 194.511 62.277
182.665 200.434 65.028
185.188 203.150 70.322
187.491 203.020 76.428
189.469 198.878 81.003
193.006 193.366 82.816
198.009 188.948 81.051
204.208 189.034 77.867
209.244 191.128 75.087
212.948 197.105 74.611
214.895 203.005 77.816
214.527 207.517 82.290
211.830 209.078 88.204
209.684 208.041 94.305
209.303 203.437 99.126
211.852 197.352 101.276
217.731 193.647 101.001
224.127 193.012 101.708
230.130 196.189 103.054
232.383 201.173 106.630
232.118 207.212 109.971
228.806 210.144 114.517
224.200 211.034 118.978
218.369 208.271 121.183
216.235 203.887 125.092
216.204 198.463 128.704
219.829 193.631 131.355
225.500 191.931 134.779
229.912 195.109 138.190
234.971 199.729 138.108
235.540 205.315 141.555
233.599 211.282 144.425
229.012 212.715 148.852
222.363 213.036 150.136
217.237 209.527 153.491
217.806 203.881 157.685
220.722 199.153 160.879
224.119 197.553 166.222
230.240 198.681 169.484
232.000 203.023 173.631
232.763 207.755 178.671
227.567 210.969 181.824
222.192 209.970 184.944
215.523 212.119 183.908
210.914 207.581 181.309
186.218 171.818 188.445
179.512 172.672 188.208
174.550 176.617 186.084
173.802 181.375 181.001
175.604 185.537 176.174
179.151 186.041 170.657
186.114 184.250 169.938
187.681 181.625 164.661
189.795 175.765 163.762
188.120 170.308 160.907
183.422 165.236 159.333
186.468 166.622 153.466
187.656 168.982 147.550
188.654 174.872 142.836
190.281 181.329 142.066
195.516 184.087 144.539
200.525 185.452 146.808
205.910 185.643 150.962
211.117 181.058 150.783
214.250 175.657 150.732
215.611 170.876 146.205
216.446 168.744 140.505
215.430 169.165 134.106
211.961 172.467 129.443
214.052 178.560 126.451
217.097 184.741 126.148
223.452 187.023 125.523
229.558 185.226 124.268
233.935 181.031 121.150
236.299 176.590 117.854
234.336 171.098 114.139
229.812 168.072 110.116
223.912 168.132 107.024
219.324 171.860 104.130
216.418 177.780 102.900
218.138 182.588 98.696
222.102 185.222 93.997
224.730 183.220 88.627
226.614 179.622 84.166
224.330 174.281 80.819
222.034 169.055 78.743
216.527 165.316 78.941
211.395 163.209 80.820
205.598 163.908 83.633
201.203 168.417 84.488
198.942 174.635 84.094
196.610 177.403 78.127
195.965 178.888 72.288
193.717 176.001 66.553
191.215 172.168 62.716
188.228 165.963 62.009
183.578 161.725 64.263
180.528 159.057 69.400
179.564 158.756 76.348
175.833 162.618 79.927
171.922 168.097 81.500
167.873 172.898 78.617
162.297 173.155 75.060
157.222 169.955 73.181
152.877 165.029 71.183
151.416 158.703 73.586
151.733 154.358 78.469
152.102 152.128 84.658
155.041 152.625 90.719
158.453 156.841 95.305
208.000 227.292 224.471
203.701 229.136 219.685
202.062 223.623 217.915
198.848 218.703 218.815
198.691 214.787 213.805
203.739 212.425 210.318
201.591 206.632 207.454
200.606 201.140 205.847
198.373 198.738 200.297
198.444 192.384 197.588
200.084 186.690 197.824
201.528 181.677 200.879
202.009 178.430 205.756
200.852 176.931 211.186
196.798 177.530 215.791
192.399 177.985 218.810
140.189 158.810 93.562
143.248 164.250 90.487
148.295 167.711 89.416
155.026 168.372 90.132
160.819 164.246 89.755
162.858 158.293 87.437
163.538 155.490 82.130
164.059 154.157 75.730
164.311 155.451 69.015
166.560 160.539 65.672
168.099 167.030 64.103
171.341 172.518 65.992
176.285 175.025 69.316
179.951 174.175 74.527
182.368 170.476 79.893
186.512 165.437 79.392
189.139 160.346 75.590
193.213 160.024 72.350
198.945 162.063 69.253
202.653 166.756 67.005
206.616 170.677 68.484
207.793 176.404 71.751
208.876 178.927 77.528
206.158 179.258 83.881
207.492 175.636 88.792
209.695 169.903 91.111
214.509 166.073 92.016
221.261 164.269 90.546
226.523 166.723 91.795
231.786 170.387 92.239
234.153 174.483 95.174
234.276 180.081 99.103
231.173 184.357 103.330
226.718 185.149 107.910
220.196 183.757 109.822
218.212 177.580 112.408
219.077 171.323 114.515
222.993 167.666 118.324
226.540 167.944 123.990
229.136 169.742 128.930
230.150 174.625 133.414
226.362 178.766 136.868
222.573 183.119 138.071
216.588 185.337 137.323
210.877 183.796 134.628
206.805 178.466 134.198
203.873 172.443 135.921
203.021 169.264 140.991
201.570 168.926 146.834
202.631 170.479 153.444
199.544 174.948 157.920
198.399 181.932 157.100
192.103 184.033 156.526
186.541 185.059 154.149
180.874 183.622 153.081
175.629 181.377 154.463
173.057 178.363 159.027
172.699 174.965 164.271
175.146 169.889 168.304
180.179 169.279 171.908
186.251 170.913 174.332
189.819 175.841 176.558
190.824 182.843 177.081
186.434 187.435 179.769
184.653 189.002 185.372
182.500 188.170 190.885
183.249 185.801 196.042
185.156 182.396 200.473
184.769 185.576 204.044
185.511 189.638 207.861
188.703 191.849 212.340
194.024 191.735 215.129
199.749 192.038 216.801
205.972 190.755 215.193
211.008 188.458 212.050
214.059 188.530 206.219
214.710 190.871 200.262
212.758 194.871 195.028
210.827 199.106 191.877
216.586 198.149 192.942
221.312 196.942 187.924
218.966 192.929 182.507
216.695 196.274 177.324
211.526 200.597 175.578
213.341 205.702 171.844
216.202 210.602 173.804
221.789 214.827 173.452
226.670 215.622 170.176
231.669 213.546 166.215
234.061 209.186 161.852
234.821 202.667 159.337
231.556 198.548 156.187
225.223 195.995 155.246
219.854 198.087 150.163
218.062 202.795 146.203
219.523 210.086 144.413
221.421 211.240 138.099
227.344 211.597 135.151
232.936 207.872 133.663
233.829 204.801 128.380
233.010 199.210 125.335
230.454 192.975 124.277
225.505 191.731 119.873
219.306 193.685 117.711
215.158 198.743 115.888
215.419 204.821 113.578
217.827 209.738 109.738
221.217 212.262 105.457
224.678 210.893 100.063
227.738 206.428 95.553
226.385 200.794 92.424
223.609 195.305 91.222
217.970 192.439 91.485
211.576 192.239 92.062
206.500 196.657 93.424
203.778 201.485 89.969
203.590 206.497 85.051
203.639 206.967 78.165
203.770 205.046 72.341
201.405 199.831 68.367
198.784 194.649 66.736
195.402 188.700 68.358
190.614 186.620 72.191
186.433 187.034 77.319
184.263 192.478 80.882
179.364 197.414 79.824
175.493 201.103 75.781
171.218 202.241 70.915
166.064 199.028 68.540
162.546 193.646 66.099
160.178 188.212 69.218
159.298 183.299 72.382
159.232 180.496 77.994
160.894 180.758 84.048
161.856 184.881 89.139
158.699 190.248 92.313
154.522 194.727 93.209
147.719 194.560 93.741
142.039 192.465 94.110
138.232 188.423 96.204
137.657 183.312 100.245
139.944 177.104 102.847
144.032 174.804 106.876
149.428 175.481 109.940
152.570 179.728 114.093
153.121 184.338 117.561
149.419 188.994 121.395
144.969 188.558 125.849
140.900 186.682 130.049
140.664 181.573 134.391
141.424 175.505 136.440
145.265 170.143 137.030
151.564 169.239 138.083
157.228 171.483 137.540
162.835 175.640 137.073
253.983 206.197 241.959
8.350 20.246 37.614
7.383 18.479 43.966
7.146 21.359 49.364
8.448 24.834 54.672
3.795 21.308 57.051
3.314 14.487 54.998
1.675 7.978 56.603
1.652 4.398 62.097
0.631 5.383 68.152
-3.032 3.004 73.641
-6.522 13.267 -40.065
-2.419 9.212 -36.281
-0.277 7.085 -30.090
-3.168 3.121 -25.374
-8.312 -0.031 -22.511
-13.785 -3.803 -22.207
-17.388 -8.133 -25.050
-20.891 -10.579 -30.604
-18.936 -14.255 -35.909
-14.243 -17.073 -40.379
-8.237 -20.256 -39.619
-2.733 -22.143 -36.239
-1.349 -26.981 -31.941
-17.805 -27.457 -24.967
-13.232 -23.022 -22.241
-7.162 -19.811 -22.065
-2.754 -16.956 -26.237
-1.279 -13.069 -31.273
-3.628 -9.379 -36.306
-8.613 -7.474 -40.681
-13.889 -3.924 -41.014
-17.808 0.124 -36.928
-20.638 2.721 -30.801
-17.747 6.305 -26.032
-13.228 9.172 -22.275
-8.628 13.543 -21.821
-12.209 38.055 -16.449
-14.825 43.401 -12.465
-20.480 45.645 -9.535
-25.744 45.594 -6.801
-30.275 41.453 -3.898
-31.011 35.402 -1.637
-29.225 29.068 1.766
-23.524 26.251 5.089
-18.172 27.427 9.213
-13.198 31.363 12.463
-13.431 36.815 15.863
-16.861 42.278 18.713
-22.201 44.118 22.829
-27.057 42.420 27.119
-30.802 37.923 29.989
-20.413 25.255 26.579
-26.266 26.801 23.024
-30.763 31.040 20.320
-31.172 36.577 16.608
-28.194 41.532 12.889
-22.828 43.671 10.812
-16.678 42.872 7.262
-13.640 37.949 4.111
-13.810 32.423 -0.282
-17.713 28.078 -4.232
-23.454 27.594 -7.904
-27.783 30.442 -12.194
-30.364 36.022 -16.071
-28.617 42.051 -19.097
-23.776 45.838 -22.443
1.386 -1.451 -92.785
-5.934 -3.182 -92.117
-10.070 -8.561 -89.732
-11.440 -14.683 -86.401
-9.792 -18.032 -81.008
-7.937 -17.378 -74.648
-4.600 -14.023 -69.766
-3.351 -7.988 -67.027
-5.624 -2.176 -64.985
-10.306 0.927 -62.867
-17.223 2.372 -61.590
-22.793 -0.082 -60.194
-26.476 -3.833 -57.090
-28.655 -9.604 -53.825
-27.471 -15.571 -50.213
-22.699 -18.366 -46.640
-15.862 -17.771 -45.066
-12.633 -12.439 -42.251
-12.630 -5.790 -39.753
-15.533 -2.682 -34.453
-21.019 -1.965 -30.453
-25.442 -5.189 -26.333
-26.278 -9.661 -21.584
-23.732 -13.145 -16.231
-18.434 -17.244 -14.962
-12.311 -18.390 -13.927
-5.753 -16.957 -16.068
-2.148 -11.328 -15.842
-1.451 -4.576 -14.684
-1.900 -0.383 -9.299
-2.229 1.075 -2.781
-0.637 -0.742 3.200
2.828 -4.648 7.344
7.633 -9.242 7.830
11.908 -13.906 5.274
16.396 -15.150 0.388
18.876 -13.520 -5.703
21.207 -9.278 -9.872
22.839 -3.025 -12.362
27.185 1.589 -10.311
30.700 4.995 -6.006
35.947 4.403 -2.375
41.561 1.458 -1.304
45.912 -3.578 -2.655
48.771 -8.235 -6.070
49.327 -13.009 -11.648
46.982 -13.773 -17.028
44.390 -11.176 -23.156
45.017 -5.390 -27.435
47.827 0.431 -28.991
53.180 4.167 -29.785
59.536 4.150 -30.928
64.920 1.427 -32.717
68.184 -2.547 -36.437
70.119 -8.349 -39.352
68.199 -13.606 -42.866
63.468 -17.950 -45.177
57.000 -18.329 -46.430
51.983 -14.559 -49.332
50.717 -8.827 -52.755
52.012 -4.397 -57.782
54.900 -3.991 -63.461
57.453 -6.370 -69.248
58.514 -11.491 -73.324
56.811 -17.473 -75.671
52.791 -22.697 -75.873
48.337 -26.813 -72.737
42.158 -26.392 -70.610
36.873 -22.802 -68.728
32.757 -17.727 -70.447
29.912 -14.619 -75.904
28.866 -14.714 -82.471
27.313 -18.334 -87.722
24.994 -23.654 -90.269
22.129 -29.737 -90.538
18.797 -34.575 -88.019
16.714 -38.820 -82.820
13.691 -37.718 -77.038
12.071 -33.476 -72.122
7.379 -28.465 -71.107
2.950 -23.745 -73.680
-2.671 -23.200 -77.375
-8.165 -26.328 -79.341
-12.359 -31.314 -78.923
-14.605 -37.650 -77.796
-15.195 -41.698 -72.754
-14.823 -43.198 -66.458
-10.945 -42.336 -60.985
-9.417 -37.992 -56.076
-9.888 -31.513 -54.041
-14.257 -27.032 -51.998
-19.554 -25.660 -48.564
-24.704 -27.950 -44.962
-27.456 -32.860 -41.159
-28.462 -38.803 -38.881
-26.434 -43.742 -35.950
-21.288 -46.402 -31.976
-15.379 -46.062 -29.725
-9.122 -43.456 -29.899
-6.307 -37.968 -28.147
-7.033 -31.138 -26.154
-10.277 -27.463 -21.160
-13.276 -27.322 -15.020
-13.439 -29.750 -9.060
-12.105 -33.800 -3.999
-8.451 -38.811 -1.302
-3.130 -42.267 -0.850
3.050 -44.374 -3.353
8.031 -42.692 -8.301
10.885 -37.038 -9.863
13.593 -31.142 -7.636
13.813 -26.102 -2.983
15.414 -24.172 3.013
19.817 -25.110 7.817
24.390 -28.322 11.742
29.703 -32.543 10.753
32.691 -37.824 7.652
34.468 -40.439 1.522
35.682 -39.352 -4.836
35.333 -35.475 -10.153
37.177 -29.764 -13.363
41.081 -24.160 -13.338
46.788 -21.728 -11.963
53.390 -22.106 -10.780
58.824 -26.472 -10.607
60.863 -33.033 -10.347
60.252 -38.741 -13.918
57.861 -41.382 -19.736
55.227 -40.765 -25.852
52.772 -37.432 -30.555
53.429 -31.519 -35.134
57.464 -27.530 -37.959
63.393 -24.501 -39.519
68.246 -27.559 -43.561
70.831 -32.709 -47.080
71.257 -38.880 -48.820
68.636 -44.232 -52.039
62.377 -46.648 -54.180
55.788 -46.006 -55.742
52.139 -41.834 -59.222
50.960 -36.558 -62.851
52.951 -31.513 -66.884
56.400 -29.754 -72.064
60.709 -31.212 -77.382
63.926 -35.784 -81.225
53.996 -48.202 -73.402
61.307 -48.845 -72.725
66.709 -44.780 -71.886
69.420 -38.860 -69.660
68.224 -32.836 -66.932
64.613 -29.327 -62.641
60.000 -28.237 -58.099
55.067 -30.826 -53.878
52.579 -36.178 -50.684
53.620 -40.863 -46.680
57.947 -45.229 -42.796
63.268 -44.578 -39.054
67.156 -42.079 -35.253
70.846 -37.303 -31.974
70.146 -31.566 -28.328
66.433 -26.854 -26.291
60.414 -23.562 -26.617
53.850 -25.718 -26.344
49.333 -30.884 -25.898
47.966 -36.891 -22.662
49.052 -39.861 -16.588
51.899 -40.068 -10.539
52.452 -37.109 -4.614
50.030 -32.630 0.057
46.639 -26.807 1.357
41.238 -23.686 1.058
35.077 -21.436 -2.402
30.980 -24.669 -6.424
28.154 -30.567 -8.081
26.679 -36.997 -6.286
25.104 -41.074 -1.378
22.667 -42.467 4.532
18.676 -41.018 9.585
13.198 -37.613 10.906
8.764 -32.642 9.974
4.874 -29.553 5.661
3.910 -27.031 -0.733
3.351 -27.772 -7.079
4.513 -31.120 -13.196
2.145 -36.974 -15.272
-0.477 -43.052 -14.343
-6.273 -45.885 -12.772
-12.736 -45.175 -12.024
-18.202 -41.613 -14.079
-21.059 -36.883 -17.980
-21.352 -31.049 -21.354
-19.314 -28.974 -26.280
-13.866 -27.959 -30.845
-10.529 -32.127 -35.322
-9.489 -37.795 -38.577
-11.022 -43.557 -41.522
-15.598 -45.874 -45.498
-21.352 -45.436 -48.624
-25.230 -42.378 -52.389
-27.518 -38.478 -56.395
-26.314 -34.013 -61.041
-22.578 -29.207 -64.066
-16.915 -25.974 -63.584
-10.385 -26.340 -61.729
-5.563 -31.130 -62.172
-3.096 -37.508 -63.469
-2.712 -41.750 -68.267
-2.073 -43.040 -74.805
-1.548 -40.855 -81.008
-0.927 -36.437 -86.003
2.708 -31.323 -87.931
6.346 -25.857 -86.927
9.079 -21.244 -82.323
13.544 -21.822 -77.663
17.172 -25.147 -73.183
21.256 -30.842 -72.230
25.481 -34.488 -75.704
30.311 -34.728 -80.305
34.621 -31.601 -84.007
37.990 -26.434 -86.560
40.749 -20.858 -85.724
41.417 -14.329 -83.715
40.583 -10.502 -78.341
40.855 -10.452 -71.992
40.746 -14.035 -66.195
44.630 -18.693 -62.848
49.546 -23.312 -62.666
56.285 -23.529 -63.131
61.883 -20.300 -62.489
66.349 -15.019 -62.644
66.852 -8.996 -60.234
65.271 -4.252 -55.732
60.650 -1.415 -51.675
55.620 -2.095 -47.194
51.549 -6.480 -43.878
52.228 -12.464 -40.446
56.514 -16.126 -36.987
61.113 -16.279 -32.273
63.332 -13.434 -26.719
63.949 -8.511 -22.488
62.835 -3.403 -19.295
58.253 1.430 -17.084
52.492 4.013 -17.022
46.256 4.525 -19.216
40.924 1.121 -19.997
37.620 -5.030 -19.549
37.135 -11.247 -16.567
37.005 -14.177 -10.651
35.853 -13.658 -4.371
34.516 -11.170 1.490
31.150 -6.324 4.696
26.803 -2.189 5.344
21.243 1.728 3.460
17.702 4.247 -2.334
15.136 1.241 -7.485
12.729 -4.380 -10.343
10.074 -10.638 -9.564
7.831 -15.787 -6.011
2.684 -17.347 -2.359
-2.651 -16.803 1.928
-8.028 -12.706 2.306
-11.744 -7.780 -0.213
-13.025 -2.744 -4.719
-13.160 -1.347 -11.221
-10.609 -1.937 -17.333
-6.611 -5.811 -21.727
-7.787 -11.895 -24.690
-11.302 -17.361 -26.133
-16.937 -21.007 -27.132
-23.198 -19.747 -29.690
-28.167 -15.013 -30.646
-29.482 -8.890 -33.207
-26.657 -3.745 -36.944
-22.423 -1.439 -41.560
-18.137 -2.025 -45.764
-12.461 -5.802 -48.616
-11.658 -10.900 -52.705
-14.242 -17.199 -54.418
-18.008 -17.824 -60.305
-21.314 -15.521 -65.447
-22.404 -11.096 -69.961
-20.801 -5.753 -73.973
-16.104 -0.660 -75.623
-9.826 2.337 -75.210
-3.594 0.211 -75.056
1.082 -4.431 -74.747
2.973 -10.760 -76.118
2.760 -15.934 -79.957
1.773 -18.881 -86.108
-1.380 -18.573 -92.277
-14.804 137.092 -3.437
-14.295 142.176 1.285
-17.860 142.628 6.440
-19.134 147.263 10.703
