201.218 143.288 113.986
200.470 145.834 110.208
197.372 148.005 106.002
192.748 146.836 102.018
187.852 144.535 100.626
182.951 142.478 100.304
179.150 143.444 104.772
179.491 145.207 100.326
178.445 148.854 96.101
172.255 152.157 94.418
168.714 154.214 98.742
168.285 157.300 103.469
168.363 157.239 110.020
161.947 156.503 113.518
160.065 155.731 118.090
154.824 153.800 121.982
152.910 147.000 121.106
146.648 147.922 121.678
140.996 147.179 123.188
136.395 145.076 125.888
134.376 143.175 130.253
135.576 142.752 135.680
137.576 144.627 140.989
140.364 147.710 144.354
143.764 148.286 149.933
149.391 144.116 151.236
151.795 141.951 157.663
150.065 146.833 155.692
149.460 150.428 158.929
143.980 154.491 157.030
140.594 153.561 162.893
136.721 152.828 165.861
134.270 151.566 171.656
130.793 150.879 176.092
125.121 150.249 177.419
119.806 148.232 174.119
117.112 144.994 170.636
117.198 140.538 167.079
121.363 135.471 166.034
125.534 132.219 161.410
129.536 128.988 161.072
133.384 127.892 165.428
138.320 129.888 167.815
139.523 124.538 166.913
145.116 121.195 165.695
147.559 121.179 171.842
149.161 123.928 175.370
149.288 121.104 181.240
148.813 117.510 185.911
148.694 112.362 187.840
149.945 106.835 186.806
152.299 101.897 183.092
156.126 100.832 180.044
161.363 100.910 179.212
165.519 101.011 173.562
168.458 99.390 168.119
165.936 99.468 161.680
162.686 102.824 158.354
162.230 109.452 157.807
163.304 115.023 158.622
166.550 119.614 160.246
171.787 122.001 161.686
177.402 122.314 162.425
182.904 120.427 161.134
186.969 117.788 157.956
188.709 115.316 152.880
187.954 114.748 147.016
188.247 113.840 141.137
185.284 113.893 135.616
180.193 117.066 132.276
176.007 120.934 131.712
174.520 125.911 132.044
177.541 131.062 131.190
180.726 133.168 127.664
181.678 127.585 125.938
185.744 123.538 127.848
189.830 121.660 131.695
192.673 121.377 136.933
192.653 122.176 142.707
189.870 123.347 147.725
184.510 124.393 150.702
179.050 124.037 151.975
173.911 121.317 151.669
170.503 116.833 149.989
171.799 111.149 149.141
174.500 106.897 151.658
176.688 104.543 156.267
178.666 105.133 162.545
178.560 106.137 167.738
174.655 109.177 171.947
170.566 112.584 174.835
163.883 113.634 174.120
158.185 114.584 170.744
153.532 109.888 170.569
147.720 108.244 170.171
142.590 107.340 172.951
138.104 108.593 176.834
135.049 112.710 180.347
133.076 118.242 181.497
132.290 123.161 179.408
134.464 129.567 178.058
127.135 130.612 179.356
128.008 137.511 179.670
133.220 140.189 176.197
136.609 141.252 170.589
136.188 142.762 164.023
132.463 144.718 158.946
126.985 149.053 158.007
122.387 152.033 156.590
126.590 152.866 160.317
122.435 156.601 162.173
120.873 161.293 166.224
122.475 165.141 169.805
128.102 168.624 171.061
134.303 171.099 169.158
140.056 169.933 167.517
144.968 169.762 166.580
175.323 129.593 169.303
180.895 126.809 171.803
185.952 123.601 173.306
188.343 117.264 171.467
188.748 111.763 169.988
188.418 109.362 163.600
185.757 109.216 158.263
189.190 106.184 154.632
189.962 104.090 149.413
186.112 104.718 143.611
182.554 106.661 139.764
178.115 110.011 136.516
172.881 114.239 135.493
170.610 121.063 136.715
169.147 126.155 139.886
173.571 129.266 136.868
178.011 132.944 139.473
182.054 136.127 141.550
187.961 137.973 141.581
192.889 137.986 138.057
196.562 136.713 133.504
197.325 135.625 127.965
197.079 135.317 122.907
193.336 133.939 118.576
186.756 135.158 117.186
190.092 131.694 112.511
190.730 129.646 105.762
197.021 130.843 102.742
201.719 131.508 100.618
187.044 178.482 170.406
179.797 177.770 169.882
180.264 178.645 163.065
186.262 179.745 160.021
192.511 179.291 158.685
197.675 173.991 158.552
197.664 169.247 154.804
194.578 166.505 149.391
190.839 164.598 145.749
186.044 167.688 141.930
181.699 170.943 138.814
180.323 176.108 135.810
177.014 180.598 137.771
181.877 184.631 134.809
187.118 187.899 132.913
191.945 188.428 130.156
195.168 186.302 126.225
195.244 182.894 121.436
198.224 181.836 116.125
198.255 179.686 110.740
195.574 177.781 105.538
191.038 178.088 101.908
185.729 180.972 99.623
182.202 186.061 100.166
183.272 192.522 102.253
183.701 197.264 103.791
187.241 202.858 102.517
191.574 200.913 100.372
195.345 195.512 103.112
199.632 194.166 108.025
196.350 192.464 113.662
189.124 193.200 115.359
185.873 188.963 114.623
181.689 184.299 114.772
178.395 178.604 112.271
180.346 172.900 114.515
184.615 170.299 113.273
189.424 167.045 114.392
194.281 166.527 118.521
196.437 168.051 123.876
197.088 170.456 128.900
197.540 171.156 135.008
197.392 176.291 139.237
196.213 180.384 143.058
192.649 183.945 146.381
187.201 184.348 148.840
181.949 181.866 150.684
179.073 176.863 152.530
178.427 171.394 154.562
179.213 166.564 157.504
183.023 161.328 160.336
181.033 156.234 159.959
175.287 158.025 156.146
171.104 157.149 151.529
167.589 152.995 147.959
165.069 147.569 146.475
161.055 143.579 149.191
160.354 139.836 154.862
162.560 141.948 160.716
168.693 141.855 161.635
174.309 139.136 158.266
174.221 138.394 153.527
176.622 140.067 148.440
180.895 144.229 145.797
184.484 148.721 145.626
188.297 151.515 150.460
191.151 153.640 154.628
195.046 157.927 158.186
188.849 160.624 160.508
191.795 163.659 166.235
194.798 168.891 169.279
148.796 153.078 132.626
149.894 146.758 134.858
147.772 143.695 129.619
151.084 138.908 132.111
149.141 132.089 130.334
144.603 128.877 126.981
141.784 129.228 120.575
313.077 105.845 194.573
307.363 105.177 191.751
300.612 106.203 191.478
295.192 109.359 193.913
292.943 114.589 197.337
293.963 120.713 199.993
297.463 126.408 199.748
300.906 130.745 196.269
302.357 133.167 190.117
300.646 134.147 183.926
295.689 134.178 179.334
289.237 134.226 177.798
283.316 135.975 179.801
278.954 139.202 183.791
278.548 144.127 188.520
280.173 149.159 191.623
284.400 154.557 192.149
288.518 158.768 189.202
291.051 161.824 183.797
290.491 163.438 177.315
286.684 164.047 171.873
280.741 164.539 169.020
274.382 165.942 169.507
269.194 168.576 172.538
266.691 172.800 176.761
266.910 178.368 180.002
269.986 184.020 181.387
273.671 189.374 179.363
276.719 192.816 174.425
277.118 194.114 167.957
274.369 194.241 161.861
268.928 193.767 157.869
262.123 193.959 157.405
256.293 195.659 160.022
252.949 199.725 163.911
252.372 205.376 167.234
254.050 211.704 167.958
256.512 217.244 165.293
258.379 220.612 159.694
258.039 221.320 153.136
254.967 220.224 147.366
249.444 219.023 144.308
242.775 218.601 143.945
236.895 220.525 146.273
233.218 224.582 150.000
232.588 230.136 153.677
234.705 236.159 155.340
238.276 241.664 154.009
241.527 245.577 149.460
242.632 247.176 142.964
240.575 246.895 136.621
235.593 245.459 132.312
229.077 244.904 131.232
222.869 246.241 133.092
218.588 250.359 136.031
217.262 256.416 138.307
218.792 262.864 138.561
222.190 267.892 136.060
225.255 270.602 131.055
226.144 271.111 124.552
223.886 270.787 118.486
218.887 270.968 114.322
212.595 272.500 113.008
206.721 275.193 115.290
203.488 279.877 118.562
202.490 285.909 118.926
202.587 291.675 115.751
202.835 295.198 111.076
202.549 296.635 105.757
199.651 295.398 101.182
197.484 293.565 95.761
193.533 288.686 94.005
188.498 283.960 95.268
185.227 278.657 98.183
183.455 276.255 104.237
182.333 276.837 110.857
181.546 280.896 116.381
181.070 287.263 119.263
178.665 293.073 119.787
175.459 298.345 115.976
166.935 283.211 113.396
169.291 284.818 107.476
173.322 288.586 103.620
178.484 293.583 102.754
183.775 295.866 106.474
188.159 294.031 111.320
191.802 289.180 114.466
194.353 283.251 113.638
196.630 278.424 110.476
199.191 275.993 105.817
203.801 276.807 101.903
208.669 279.685 102.176
214.110 282.024 102.970
217.388 284.245 107.468
219.953 287.092 112.227
220.355 288.659 117.796
219.511 285.447 124.080
215.464 283.078 128.453
210.937 278.618 129.817
207.820 273.028 128.298
207.583 267.272 125.098
210.852 262.302 121.997
216.678 259.241 120.123
223.389 258.799 120.736
228.973 260.262 124.116
231.899 262.110 129.755
231.913 262.498 136.280
229.875 260.232 142.084
226.922 255.341 145.690
224.569 249.131 145.917
224.518 242.876 143.287
227.471 238.432 139.445
233.019 236.016 136.914
239.671 235.471 137.165
245.304 235.864 140.820
247.968 235.968 146.877
247.555 234.563 153.372
244.823 231.136 158.309
241.875 225.699 160.323
240.179 219.232 159.499
241.062 213.490 156.284
245.354 209.858 152.776
250.671 208.358 149.639
257.341 208.919 149.365
263.043 210.471 152.334
266.616 211.279 157.860
267.402 210.414 164.543
265.529 207.376 170.223
262.255 202.386 173.177
259.405 196.313 172.976
258.853 190.229 169.891
261.566 185.662 165.702
266.983 183.043 162.977
273.713 182.378 163.001
279.432 182.411 166.306
282.757 182.200 172.057
282.973 180.403 178.411
280.800 176.898 183.654
276.935 172.123 185.996
273.618 166.454 185.323
272.222 161.097 181.838
273.887 156.580 177.459
278.443 153.269 174.096
284.813 151.448 173.251
290.841 150.533 175.878
294.702 149.819 181.093
295.365 148.286 187.589
293.034 145.449 193.118
289.130 140.996 195.928
285.756 135.500 195.683
284.841 129.382 192.511
285.162 125.318 187.254
289.787 122.342 183.461
296.280 121.183 181.690
302.787 121.296 183.537
307.524 121.877 188.280
309.052 122.084 194.824
307.283 120.673 201.226
303.436 117.229 205.459
299.801 111.696 206.780
-37.682 37.003 -17.591
-39.981 33.422 -22.964
-43.706 28.384 -23.955
-46.529 22.221 -22.632
-48.549 17.871 -17.900
-53.192 18.480 -13.131
-57.471 21.589 -9.067
-61.021 26.832 -6.597
-63.463 33.073 -7.547
-67.188 37.251 -11.015
-70.967 38.233 -16.797
-68.586 20.441 -19.457
-66.486 24.605 -24.239
-62.305 29.176 -24.650
-59.874 35.327 -22.994
-56.754 37.922 -17.606
-53.487 36.194 -11.846
-50.075 32.843 -7.192
-46.095 27.605 -5.810
-46.066 27.373 -6.148
-43.878 22.147 -7.844
-41.661 22.647 -8.191
-38.683 19.184 -11.686
-35.219 18.866 -18.236
8.381 24.093 -34.193
6.400 28.698 -29.512
2.256 33.639 -29.593
-0.289 39.755 -32.575
-3.074 41.000 -38.583
-6.446 37.906 -43.708
-9.778 32.908 -46.821
-13.496 27.303 -46.511
-16.682 22.116 -43.307
-22.716 22.393 -40.453
-25.439 22.719 -34.024
-22.766 40.525 -36.662
-20.081 37.484 -31.467
-16.162 32.716 -29.697
-14.627 25.894 -29.372
-11.752 21.245 -33.379
-6.953 21.357 -38.198
-3.549 23.630 -43.501
-0.459 28.849 -46.963
2.781 34.604 -46.995
7.340 38.521 -44.186
10.604 41.286 -38.738
55.180 -24.778 -238.580
58.826 -29.658 -239.345
59.405 -35.511 -236.419
60.069 -39.838 -230.735
57.548 -41.158 -224.671
52.096 -41.837 -221.028
45.473 -41.305 -219.859
39.968 -43.813 -222.692
36.202 -45.343 -228.345
35.952 -48.183 -234.465
49.371 -58.426 -224.636
51.355 -55.801 -230.032
51.222 -51.488 -235.192
48.373 -46.581 -238.551
45.452 -40.619 -237.716
42.633 -35.509 -234.704
43.408 -31.809 -229.319
46.628 -31.418 -223.261
52.878 -29.725 -220.753
59.562 -29.576 -221.119
18.381 -7.833 44.849
23.848 -3.594 46.050
24.820 1.861 49.439
22.299 5.732 54.607
18.229 8.209 59.091
14.406 6.456 64.080
11.502 2.360 68.569
11.657 -3.853 70.063
13.924 -10.151 70.622
19.351 -13.238 72.717
25.033 -13.239 75.993
29.583 -10.282 79.406
33.849 -5.798 81.982
33.622 -1.204 86.598
15.101 1.430 87.686
18.892 4.745 83.519
23.864 6.846 79.718
27.508 4.321 74.625
31.515 0.180 70.997
31.059 -4.894 66.928
26.805 -8.206 62.991
20.867 -11.456 61.624
14.966 -11.052 60.313
9.119 -7.468 58.355
5.829 -2.031 56.641
7.372 3.422 52.933
11.028 8.157 49.965
16.110 9.501 45.858
6.434 1.207 -3.582
9.777 -4.295 -1.421
15.140 -5.566 2.039
19.820 -3.093 6.231
23.032 0.891 10.142
22.599 6.060 14.365
19.567 10.657 18.112
13.167 11.803 19.919
6.787 10.708 21.399
3.324 6.208 25.023
2.723 1.389 29.055
5.557 -3.334 32.763
9.999 -7.963 34.604
16.342 -8.586 37.883
18.614 9.873 38.367
21.522 5.763 33.946
23.210 -0.041 30.648
19.547 -3.972 26.640
14.422 -7.744 24.456
8.989 -7.331 20.723
6.192 -3.259 16.116
3.848 2.723 13.589
5.211 8.432 11.202
9.514 12.873 8.304
15.099 14.552 5.677
20.018 11.751 2.245
23.872 6.578 -0.132
24.023 0.710 -3.207
-18.643 7.886 44.745
-23.802 3.298 45.852
-24.760 -2.124 49.247
-21.935 -5.938 54.479
-18.018 -8.169 58.850
-14.126 -6.522 63.940
-11.264 -2.388 68.351
-11.593 3.906 69.812
-13.935 10.176 70.435
-19.420 13.165 72.585
-25.088 13.073 75.765
-29.649 10.027 79.122
-33.888 5.535 81.660
-33.624 0.745 86.076
-14.994 -1.487 87.488
-18.822 -4.767 83.332
-23.645 -6.972 79.347
-27.567 -4.548 74.443
-31.355 -0.371 70.709
-30.929 4.772 66.674
-26.765 8.016 62.700
-20.770 11.270 61.354
-14.685 11.051 60.160
-8.999 7.621 58.005
-5.766 2.059 56.252
-7.005 -3.441 52.638
-10.716 -8.184 49.515
-16.028 -9.513 45.444
-6.309 -0.693 -4.267
-10.352 5.023 -1.957
-15.689 5.739 1.957
-19.891 2.851 6.348
-23.105 -1.246 9.861
-22.519 -6.203 14.376
-19.257 -10.700 17.962
-13.127 -11.659 19.489
-6.046 -9.923 20.891
-2.969 -5.720 24.418
-2.498 -0.407 28.853
-5.366 3.969 32.464
-10.285 8.177 34.586
-16.149 8.443 37.740
-17.670 -9.681 38.461
-21.131 -5.956 34.023
-23.057 -0.111 30.679
-19.908 3.893 26.753
-14.609 8.136 24.366
-9.273 7.692 20.592
-6.369 3.839 15.834
-3.771 -2.306 13.733
-4.940 -8.288 11.432
-8.838 -12.340 7.913
-14.697 -14.442 5.165
-19.965 -11.663 2.023
-23.919 -6.706 -0.155
-24.311 -0.752 -3.252
-18.274 -7.501 -44.551
-23.574 -3.126 -45.841
-24.390 2.461 -49.159
-21.852 6.010 -54.345
-17.698 8.480 -58.874
-13.684 6.458 -63.736
-10.970 2.280 -68.155
-11.350 -4.143 -69.465
-13.656 -10.344 -70.154
-19.101 -13.269 -72.299
-24.801 -13.290 -75.374
-29.397 -10.347 -78.855
-33.661 -5.935 -81.436
-33.341 -1.164 -86.078
-14.831 0.945 -87.071
-18.595 4.388 -83.010
-23.401 6.642 -79.236
-27.246 4.298 -74.200
-31.117 0.142 -70.506
-30.596 -4.833 -66.330
-26.465 -8.274 -62.356
-20.624 -11.290 -60.729
-14.584 -10.883 -59.424
-8.763 -7.464 -57.620
-5.480 -1.899 -56.078
-6.797 3.659 -52.386
-10.594 8.314 -49.426
-15.680 9.846 -45.478
-6.416 0.793 4.067
-10.070 -4.153 1.712
-15.516 -5.363 -1.849
-19.889 -2.524 -6.075
-23.305 1.862 -9.901
-22.540 7.102 -13.796
-19.153 11.047 -17.721
-12.753 11.936 -19.715
-6.477 10.712 -20.930
-3.026 6.262 -24.467
-2.540 1.399 -28.604
-5.625 -3.117 -32.410
-10.037 -8.172 -34.171
-15.955 -8.196 -37.654
-18.106 10.037 -38.150
-21.163 6.324 -33.576
-22.994 0.489 -30.485
-19.549 -3.553 -26.378
-14.513 -7.468 -24.224
-9.151 -7.134 -20.356
-6.325 -3.309 -15.701
-3.749 2.751 -13.391
-5.065 8.221 -10.509
-9.132 12.997 -7.828
-14.727 14.857 -5.232
-19.839 12.066 -1.717
-23.816 7.080 0.448
-24.149 1.282 3.433
-18.461 -8.094 -45.025
-23.851 -3.754 -46.235
-24.857 1.677 -49.593
-22.219 5.443 -54.779
-17.831 8.017 -59.146
-14.023 6.058 -64.088
-11.315 2.017 -68.686
-11.633 -4.289 -70.243
-13.921 -10.489 -70.961
-19.391 -13.517 -73.112
-25.215 -13.497 -76.132
-29.690 -10.363 -79.514
-33.886 -5.873 -82.136
-33.662 -1.178 -86.602
-15.170 1.575 -87.909
-18.913 4.722 -83.504
-23.755 6.637 -79.752
-27.613 4.156 -74.715
-31.485 -0.080 -71.102
-31.085 -5.111 -67.008
-26.782 -8.462 -63.042
-20.964 -11.474 -61.295
-15.085 -11.303 -59.672
-9.127 -7.962 -58.378
-5.761 -2.280 -56.872
-7.178 2.839 -52.981
-10.850 7.750 -50.038
-16.035 9.171 -45.937
-6.321 1.043 3.539
-9.731 -4.613 1.435
-15.054 -5.803 -2.135
-19.710 -3.213 -6.567
-23.076 1.226 -10.114
-22.351 6.379 -14.203
-19.120 10.409 -18.306
-12.879 11.438 -20.187
-6.475 10.352 -21.667
-2.969 6.169 -24.923
-2.736 0.638 -29.242
-5.437 -4.001 -32.909
-10.169 -8.276 -35.010
-16.275 -9.024 -37.897
-18.029 9.359 -38.523
-21.377 5.511 -34.132
-23.166 -0.240 -30.710
-19.460 -4.323 -26.846
-14.346 -8.223 -24.592
-9.044 -7.753 -20.926
-6.030 -3.795 -16.220
-3.689 2.132 -13.775
-4.887 7.868 -11.154
-9.120 12.482 -8.321
-14.782 14.340 -5.944
-19.776 11.486 -2.332
-23.751 6.411 -0.259
-24.069 0.616 2.953
148.179 239.514 193.532
162.448 277.458 193.270
133.330 141.644 218.544
138.163 139.317 220.125
144.286 135.151 220.219
149.051 134.386 217.209
153.463 134.730 213.105
155.395 136.918 207.029
154.830 141.573 201.379
153.326 148.455 199.889
153.844 154.505 202.669
156.765 157.682 207.238
160.817 160.010 210.826
165.643 157.813 215.027
171.865 155.730 215.638
177.676 153.471 212.302
199.635 170.757 190.749
204.384 175.450 190.707
207.223 181.261 192.100
208.246 187.035 195.108
207.680 190.273 201.250
205.503 190.413 208.435
204.907 186.127 214.453
206.305 179.857 217.793
210.385 175.858 218.694
216.689 172.650 217.500
222.741 172.659 216.065
228.232 175.083 215.960
231.808 180.821 216.406
233.182 187.011 219.912
231.808 191.287 226.089
230.915 190.308 232.087
228.453 187.080 237.931
230.279 182.172 242.150
233.426 175.484 243.319
239.690 172.778 243.168
246.414 174.241 240.635
251.395 178.188 239.178
254.947 183.960 242.457
102.242 200.863 198.164
107.520 198.437 196.518
112.903 193.823 195.849
117.731 191.416 193.638
124.430 191.174 196.192
129.417 186.722 195.777
135.901 189.162 198.500
142.179 189.371 198.193
148.583 189.421 198.570
154.573 186.190 199.063
155.202 180.353 196.467
162.045 182.244 195.844
167.925 180.878 194.740
173.706 179.676 197.714
179.107 177.097 194.843
182.692 174.845 191.074
184.472 174.079 185.447
184.504 175.270 179.673
183.735 178.662 175.143
182.946 184.375 173.163
182.968 189.628 172.357
240.916 178.967 256.625
241.199 185.334 253.787
242.020 189.870 248.980
243.924 191.403 242.324
245.388 187.855 236.815
245.232 182.401 232.024
241.511 176.883 230.219
235.961 172.326 230.939
229.164 172.892 232.510
223.552 177.159 233.151
220.169 182.597 231.510
219.102 187.399 226.850
219.685 190.561 221.233
221.977 190.355 214.756
223.001 186.627 209.352
221.337 181.186 205.961
217.218 176.006 204.826
211.332 172.718 205.701
204.569 172.886 208.014
199.112 176.721 208.111
194.992 181.655 206.669
192.907 185.740 202.096
191.881 187.789 196.406
191.029 187.508 190.850
187.166 190.847 191.059
181.930 192.741 190.516
176.194 191.132 187.411
172.305 188.604 183.842
169.181 184.845 180.652
168.464 178.450 180.109
169.035 172.318 179.989
170.887 166.725 182.812
172.577 163.557 188.454
172.908 164.350 194.926
170.042 164.801 199.731
169.496 158.464 197.194
170.049 151.714 198.415
170.414 146.331 202.322
169.432 144.831 208.641
165.608 144.193 213.538
161.067 147.317 217.874
155.374 150.758 217.111
149.456 152.084 213.925
144.806 150.834 209.560
143.166 146.310 204.915
143.251 140.409 201.230
143.337 133.869 203.076
144.793 128.637 207.848
