-19.817 45.871 -26.620
-18.856 48.045 -20.369
-21.381 49.226 -14.243
-26.032 48.306 -9.332
-30.143 44.556 -6.648
-33.413 38.483 -6.363
-34.481 32.436 -8.786
-30.763 26.759 -9.561
-25.013 23.016 -11.176
-19.504 21.152 -8.546
-20.064 15.675 -4.793
-24.246 11.582 -3.227
-11.955 36.016 -3.535
-15.851 34.683 -7.696
-17.721 32.422 -14.046
-22.474 30.604 -18.768
-28.699 33.387 -20.769
-33.050 37.513 -21.380
-37.229 42.489 -18.258
-36.161 49.338 -17.267
-32.133 54.815 -18.756
19.465 -44.900 -27.012
18.847 -46.916 -20.636
21.057 -47.863 -14.422
25.370 -47.452 -9.429
30.020 -43.696 -6.757
29.846 -43.279 -6.788
33.290 -37.585 -6.230
32.831 -37.160 -6.617
33.937 -31.265 -8.076
33.940 -31.025 -9.416
30.051 -25.637 -8.963
30.467 -25.510 -10.250
24.512 -21.755 -10.799
19.173 -19.793 -8.214
19.237 -14.882 -4.222
23.738 -11.073 -2.481
11.914 -35.123 -3.215
13.453 -35.458 -4.065
15.740 -34.086 -8.047
14.993 -34.480 -10.532
17.332 -31.666 -14.360
17.520 -32.042 -16.552
22.503 -29.587 -18.792
22.778 -30.127 -19.983
28.834 -32.096 -20.843
33.860 -36.335 -20.950
37.751 -41.442 -18.060
36.513 -48.080 -17.536
32.603 -53.543 -19.043
-20.247 44.801 -27.113
-19.108 47.171 -20.743
-21.566 48.217 -14.685
-25.990 47.702 -9.665
-30.349 43.361 -7.120
-34.082 37.589 -7.584
-33.970 31.409 -9.212
-30.600 25.288 -9.660
-24.840 21.578 -11.137
-19.233 19.828 -8.432
-19.538 14.728 -4.041
-12.202 35.758 -3.845
-15.753 33.765 -7.882
-17.462 31.864 -15.083
-22.583 30.437 -19.339
-28.687 32.298 -21.127
-33.590 36.633 -21.339
-37.733 41.586 -18.530
-36.563 48.440 -18.034
-32.492 53.669 -18.984
-24.538 44.984 -30.577
-20.318 46.697 -25.421
-20.006 47.770 -18.924
-22.470 48.586 -12.554
-27.027 46.548 -7.888
-31.458 41.497 -6.050
-34.873 35.799 -6.645
-34.373 29.092 -7.723
-30.587 23.759 -10.645
-24.209 21.961 -11.269
-19.125 21.074 -8.785
-19.102 15.380 -5.649
-12.239 36.412 -2.848
-16.067 34.347 -7.332
-17.257 32.322 -12.543
-21.613 31.932 -17.707
-27.922 30.732 -20.369
-33.203 34.446 -19.998
-36.708 39.658 -18.788
-37.991 45.553 -15.024
-35.537 51.467 -16.545
-31.791 56.010 -18.147
-25.608 40.373 -30.287
-20.972 42.605 -25.585
-21.115 43.699 -19.245
-23.425 44.532 -12.927
-28.119 42.534 -8.174
-32.122 37.564 -6.313
-35.255 31.466 -6.777
-33.932 24.908 -7.846
-29.635 19.748 -10.195
-22.686 18.324 -10.686
-17.897 17.659 -7.762
-17.512 11.977 -3.686
-11.810 33.799 -2.905
-16.321 31.361 -6.142
-16.982 29.038 -11.934
-21.118 27.950 -17.048
-27.381 26.154 -19.715
-32.853 29.715 -20.488
-36.725 34.639 -19.726
-39.194 40.310 -16.880
-36.559 46.897 -16.944
-32.393 51.778 -18.313
-10.248 -1.540 -31.810
-13.935 -3.391 -26.378
-13.993 -5.576 -20.105
-11.027 -6.333 -14.354
-6.297 -3.999 -10.082
-0.985 0.261 -9.196
1.674 6.347 -9.942
1.544 12.929 -11.974
-3.412 18.072 -13.003
-22.713 2.981 -2.204
-18.098 2.139 -4.634
-11.685 4.587 -2.604
-13.141 8.742 -0.921
-16.591 7.355 -6.756
-17.257 9.851 -12.922
-14.159 11.415 -18.616
-9.007 11.603 -23.024
-2.716 9.687 -24.672
2.287 5.840 -22.508
4.266 0.953 -20.879
4.319 -4.963 -17.935
1.184 -10.657 -18.937
-3.892 -14.645 -20.289
15.430 38.995 4.931
11.978 37.308 -0.902
5.821 35.178 -1.618
-0.216 33.121 -0.022
-5.534 34.789 3.661
-8.844 35.686 9.526
-10.087 40.719 13.422
-9.004 47.245 15.326
-6.611 53.336 14.210
-13.379 50.677 -0.476
-8.491 51.715 -3.435
-1.381 51.092 -3.119
2.205 51.861 2.591
3.471 51.583 9.374
3.588 48.008 14.813
3.790 42.093 17.483
3.521 35.848 17.260
1.856 29.558 15.266
2.968 25.835 10.145
18.449 27.122 -6.928
16.476 26.749 -0.257
11.058 24.394 2.529
5.252 21.482 3.222
1.578 16.301 0.905
-1.756 12.677 -3.704
-0.276 7.921 -7.883
4.266 3.644 -10.423
10.826 1.520 -10.866
7.515 0.495 9.220
12.776 4.975 8.398
16.986 8.466 4.482
18.511 8.947 -1.850
17.537 9.151 -8.678
13.756 11.183 -13.424
8.739 15.100 -15.449
4.302 19.499 -14.615
-0.260 23.701 -11.605
-0.637 27.821 -6.422
7.742 18.882 118.260
14.611 17.490 118.267
17.944 12.108 116.161
18.775 5.414 114.768
15.584 0.396 111.405
10.655 -2.385 107.330
5.211 -0.921 102.192
3.985 2.741 96.695
5.435 7.409 91.722
9.977 10.788 88.460
10.113 9.571 81.823
4.867 8.556 78.084
20.141 0.534 99.161
22.222 6.296 98.270
19.084 11.629 99.917
12.664 15.310 100.678
6.128 14.583 101.660
2.303 11.208 106.008
0.930 6.591 110.752
2.999 1.458 114.957
6.798 1.359 120.566
12.554 3.054 124.697
15.846 16.280 28.140
11.918 20.887 30.964
5.909 22.135 33.936
0.899 20.609 37.441
-1.254 17.103 42.608
-0.789 12.121 47.251
2.304 7.372 50.220
7.702 5.866 53.380
13.746 7.208 56.318
17.775 11.607 58.695
17.960 11.473 65.292
6.003 23.034 51.116
11.084 23.613 49.944
15.777 20.668 46.759
18.266 14.370 44.639
16.486 8.024 43.795
11.170 4.792 41.680
5.734 3.877 38.408
0.016 5.249 35.453
-2.773 10.167 30.667
-1.902 14.123 26.278
-32.959 -27.153 -24.054
-29.449 -21.986 -26.839
-26.835 -15.923 -26.206
-25.528 -10.706 -22.513
-23.166 -9.002 -16.463
-21.826 -10.381 -10.382
-19.975 -13.988 -5.099
-17.007 -19.363 -2.894
-12.633 -24.674 -4.166
-10.077 -30.232 -6.943
-5.167 -31.136 -11.448
-1.071 -28.587 -16.506
1.926 -23.797 -19.622
4.457 -17.557 -20.668
7.629 -12.699 -17.267
11.218 -10.945 -12.258
15.297 -12.503 -7.239
12.954 -30.250 -8.737
9.357 -27.382 -4.795
6.134 -22.105 -1.567
2.747 -16.569 -2.526
-0.342 -11.928 -6.316
-4.003 -11.740 -12.272
-5.055 -14.330 -18.383
-7.778 -19.267 -21.367
-12.887 -23.468 -21.366
-16.671 -28.425 -18.718
-20.493 -29.919 -13.897
-25.210 -27.960 -10.143
-29.437 -23.794 -7.826
-33.074 -18.556 -8.464
-35.617 -13.161 -10.786
-37.170 -9.463 -16.245
-38.496 -9.467 -22.711
-33.015 -27.329 -24.071
-29.392 -22.231 -26.777
-26.856 -16.179 -26.049
-25.672 -11.061 -22.363
-23.346 -8.997 -16.355
-21.962 -10.351 -10.200
-19.687 -13.825 -4.897
-16.570 -19.313 -2.815
-12.353 -24.579 -4.243
-9.947 -30.196 -7.011
-4.940 -31.164 -11.399
-0.964 -28.339 -16.566
1.470 -23.449 -20.087
4.218 -17.442 -20.628
7.734 -12.857 -17.148
11.220 -11.063 -12.130
15.359 -12.743 -7.209
13.002 -30.336 -8.776
9.500 -27.547 -4.697
6.292 -22.279 -1.400
2.925 -16.757 -2.343
-0.289 -12.135 -6.011
-4.151 -12.152 -11.830
-5.137 -14.459 -18.206
-7.920 -19.168 -21.314
-13.292 -22.988 -21.424
-16.775 -28.298 -18.779
-20.212 -29.849 -13.487
-24.691 -27.813 -9.414
-29.123 -23.713 -7.466
-33.129 -18.873 -8.199
-35.647 -13.171 -10.561
-37.377 -9.998 -16.283
-38.465 -9.775 -22.724
8.595 -16.707 17.735
8.073 -22.264 14.058
4.887 -26.552 10.469
-0.852 -30.309 8.860
-5.923 -29.082 5.330
-9.319 -24.762 1.059
-9.671 -19.428 -2.236
-7.445 -14.475 -5.793
-3.800 -11.365 -9.846
0.472 -12.551 -14.847
5.973 -16.004 -17.543
6.439 -22.115 -19.866
3.077 -27.623 -22.596
-2.199 -30.852 -24.047
-8.650 -30.376 -26.522
-13.196 -28.035 -29.936
-15.165 -24.981 -35.138
2.832 -24.963 -38.769
1.319 -18.850 -37.322
-2.430 -14.573 -33.734
-8.473 -13.030 -30.575
-11.784 -15.824 -25.840
-12.529 -20.610 -21.076
-10.565 -25.897 -17.127
-5.579 -29.347 -14.085
0.532 -29.583 -12.007
5.305 -26.638 -8.615
9.119 -21.256 -6.366
7.382 -16.163 -2.423
3.385 -13.113 1.858
-2.647 -11.640 4.894
-7.597 -13.815 8.724
-9.495 -17.584 13.200
-9.967 -23.224 16.411
16.063 -8.712 -14.075
18.505 -6.175 -10.872
23.277 -2.158 -10.548
23.281 -2.151 -10.524
28.804 0.759 -12.962
29.717 0.122 -12.434
31.969 1.982 -18.671
31.609 3.516 -24.662
28.523 4.734 -30.817
22.661 4.251 -34.391
16.072 5.227 -33.639
10.929 8.314 -30.921
21.555 16.345 -18.570
16.324 12.406 -16.749
13.900 6.327 -18.896
12.764 1.624 -23.427
14.894 -3.029 -26.637
20.063 -6.911 -29.382
26.456 -8.557 -28.412
31.332 -10.108 -24.466
34.834 -10.677 -19.526
-6.152 -18.407 -35.501
-2.432 -20.602 -33.245
-1.218 -24.164 -28.268
-2.441 -26.591 -22.244
-7.102 -28.681 -18.648
-13.160 -29.686 -16.406
-19.708 -30.948 -18.827
-24.046 -30.961 -24.213
-24.258 -32.643 -30.745
-21.382 -34.977 -36.310
-8.148 -42.889 -26.671
-7.275 -38.536 -31.891
-10.037 -33.345 -35.396
-14.879 -28.712 -35.695
-19.704 -24.829 -32.393
-21.440 -21.303 -26.900
-18.575 -17.937 -21.953
-13.715 -15.560 -18.462
-8.178 -14.758 -16.286
13.906 -13.072 -10.115
-2.824 -12.985 -39.368
87.833 11.018 3.893
86.889 16.767 2.718
83.463 22.465 2.950
77.719 25.341 5.743
72.954 25.021 10.523
73.717 26.460 16.824
74.695 32.521 20.177
79.116 36.193 23.689
84.953 36.489 27.113
91.293 35.032 28.551
97.253 36.470 25.521
101.165 39.513 21.121
87.241 49.698 14.570
87.424 44.243 10.409
91.656 38.807 8.782
93.664 33.068 10.512
94.952 28.062 14.798
92.160 24.647 19.823
90.313 24.854 26.191
87.956 20.615 21.858
83.506 14.464 20.722
77.599 12.504 18.420
73.049 12.633 13.516
71.558 12.720 7.023
204.218 176.503 196.722
209.140 181.171 194.960
209.542 184.482 189.269
208.803 186.510 183.225
190.794 160.124 222.589
191.400 167.257 223.502
193.042 171.941 221.808
192.066 175.483 217.166
192.210 180.108 211.932
194.429 180.903 206.410
191.672 187.781 207.961
186.818 191.656 206.218
180.547 192.397 202.366
175.831 191.505 200.394
170.059 187.669 198.367
165.809 182.867 200.710
163.173 179.383 204.503
162.092 176.714 211.105
163.436 177.573 217.531
161.641 181.667 222.701
160.432 188.437 224.420
158.317 193.016 225.171
153.831 197.627 224.180
149.014 199.648 220.682
146.057 196.337 215.205
140.601 192.986 213.975
142.727 189.606 232.798
144.517 184.680 229.061
145.891 181.844 223.192
147.011 181.803 217.037
148.674 184.662 210.708
151.950 188.350 207.803
157.212 192.882 207.830
161.410 196.059 212.162
166.544 194.534 214.777
169.707 190.902 218.692
176.045 187.543 216.668
176.886 181.089 215.308
176.130 176.548 211.268
177.067 174.656 205.254
177.567 175.605 198.323
180.848 178.215 194.337
186.132 181.827 191.792
190.944 184.074 190.963
190.977 181.681 186.019
192.443 179.272 181.199
198.079 176.965 178.377
203.435 173.614 178.938
36.447 7.997 -5.448
31.749 11.762 -3.391
25.416 13.783 -3.669
19.587 11.779 -1.662
16.478 7.867 2.645
12.577 13.244 -0.067
9.710 18.227 3.540
6.714 20.592 9.036
4.126 21.750 15.272
6.976 22.277 21.675
12.242 22.306 25.900
18.196 24.464 26.573
23.849 27.341 24.424
27.980 30.517 19.861
27.819 36.343 16.631
9.844 37.346 17.440
12.467 35.543 11.905
17.265 31.972 8.480
21.119 26.669 8.919
24.288 21.794 12.525
23.188 17.100 17.029
19.650 13.498 21.235
14.111 10.094 21.013
8.219 8.473 18.888
30.131 -1.740 8.062
26.552 -4.561 3.594
23.223 -4.218 -2.021
20.974 -1.103 -7.418
20.494 3.352 -12.378
5.190 5.003 14.720
3.872 2.740 13.669
3.616 1.064 16.264
36.483 8.025 -5.437
31.842 11.845 -3.678
25.347 13.786 -3.884
19.544 11.675 -1.710
16.402 8.009 2.636
12.716 13.372 -0.118
9.685 18.294 3.475
6.773 20.706 9.030
4.176 21.811 15.297
7.017 22.227 21.708
12.251 22.338 25.943
18.301 24.473 26.556
23.909 27.424 24.455
28.007 30.527 19.938
27.984 36.267 16.896
9.720 36.924 17.720
12.403 35.133 12.161
17.237 32.104 8.552
21.313 26.676 9.101
24.210 21.925 12.539
23.222 17.193 17.029
19.708 13.429 21.213
14.132 10.128 21.104
8.257 8.472 18.708
30.262 -1.704 8.022
26.667 -4.600 3.489
23.164 -4.291 -2.038
21.217 -1.499 -7.527
20.888 3.110 -12.500
5.128 5.080 14.722
3.843 2.745 13.750
3.970 1.136 16.413
36.182 8.610 -5.380
31.898 12.173 -2.983
24.878 13.669 -3.836
19.866 12.090 -1.414
16.308 8.211 2.736
12.585 13.473 -0.097
9.643 18.398 3.552
6.620 20.765 9.004
4.118 21.900 15.273
6.936 22.377 21.661
12.083 22.367 26.048
18.134 24.647 26.643
23.700 27.637 24.705
27.782 30.631 20.183
27.995 36.364 16.896
9.733 37.623 17.526
12.511 35.835 11.892
17.174 32.197 8.547
21.302 26.904 9.118
24.174 22.098 12.684
23.227 17.306 17.170
19.590 13.534 21.242
14.084 10.224 21.159
8.168 8.607 18.771
30.066 -1.748 8.185
26.544 -4.593 3.711
23.134 -4.317 -1.941
21.148 -1.355 -7.461
20.878 3.291 -12.476
5.011 5.234 14.665
3.854 2.827 13.742
3.942 1.355 16.480
36.423 7.894 -5.344
31.988 11.912 -3.042
25.163 14.399 -3.669
19.736 12.003 -1.448
16.435 7.997 2.702
12.544 13.319 -0.082
9.615 18.254 3.545
6.654 20.597 9.074
4.070 21.752 15.291
6.817 22.359 21.655
12.162 22.267 25.937
18.218 24.599 26.533
23.779 27.478 24.293
27.897 30.721 19.911
27.952 36.352 16.508
9.666 37.461 17.431
12.521 36.079 11.899
17.176 32.179 8.395
21.231 26.888 8.971
24.069 21.865 12.459
23.206 17.132 17.127
19.648 13.530 21.276
14.170 10.037 21.183
8.220 8.398 18.892
29.980 -1.856 8.286
26.484 -4.608 3.689
23.047 -4.130 -1.885
21.427 -1.233 -7.519
20.949 3.480 -12.354
5.097 5.079 14.889
3.835 2.742 13.858
3.403 1.054 16.236
61.862 44.021 9.795
62.232 48.162 11.170
64.477 52.571 16.196
66.637 52.261 22.894
70.299 48.308 26.995
74.604 44.466 27.621
78.114 38.703 26.798
82.014 34.839 22.807
86.983 35.129 18.623
89.489 37.355 12.797
94.142 42.252 12.274
96.083 48.749 13.036
98.367 53.101 18.702
101.685 53.246 25.534
104.324 48.351 30.008
104.473 38.126 14.777
104.055 34.515 18.973
101.635 34.565 25.561
98.402 38.669 29.552
96.734 45.279 31.009
93.049 50.289 27.887
88.694 52.467 22.854
86.812 53.170 16.127
82.467 50.632 12.900
78.518 45.288 10.379
75.729 38.946 11.008
71.666 36.027 13.950
68.066 35.132 19.882
65.910 37.729 26.193
62.852 43.604 28.119
49.108 -37.991 -37.996
46.492 -43.088 -33.845
47.701 -47.432 -28.883
49.823 -48.428 -23.049
52.263 -46.197 -16.844
47.532 -45.478 -11.911
45.657 -40.711 -8.749
41.232 -35.758 -7.186
36.199 -31.199 -8.327
29.987 -31.810 -12.056
25.444 -35.741 -15.004
22.716 -41.993 -16.415
23.350 -48.577 -14.225
24.974 -53.000 -9.332
26.977 -54.175 -3.660
26.859 -51.951 3.219
22.957 -48.274 8.396
16.671 -45.990 11.216
9.465 -48.096 10.476
5.630 -51.527 8.487
2.848 -56.527 9.925
0.459 -62.676 10.240
1.099 -69.478 8.749
5.837 -74.118 10.722
8.377 -62.079 25.523
13.816 -61.980 21.953
17.207 -65.055 16.902
17.041 -67.327 10.855
13.843 -68.321 4.725
15.796 -63.810 -0.139
12.567 -59.754 -3.451
10.179 -53.607 -4.879
9.017 -46.934 -3.836
12.510 -41.869 -0.080
18.077 -39.752 2.849
24.796 -40.491 4.320
29.935 -44.844 2.608
33.634 -48.351 -3.016
33.373 -50.385 -8.498
31.851 -49.135 -15.458
30.396 -44.144 -20.695
31.577 -37.713 -23.901
36.928 -32.493 -22.844
41.582 -30.794 -20.560
47.411 -30.617 -22.059
54.016 -31.545 -22.291
59.581 -35.662 -20.866
61.443 -41.884 -22.934
-53.661 39.985 -38.883
-48.238 41.493 -35.825
-47.511 46.744 -30.836
-49.556 48.580 -25.155
-52.300 46.506 -18.977
-47.713 45.793 -13.759
-45.923 40.763 -10.905
-41.939 34.760 -9.949
-35.959 32.506 -11.348
-29.923 32.485 -13.600
-25.148 36.631 -16.649
-22.791 42.751 -18.538
-22.748 48.548 -15.150
-25.373 53.234 -11.138
-27.196 53.966 -4.916
-27.143 52.707 1.633
-23.625 51.816 6.833
-18.444 49.422 10.209
-10.821 48.496 9.226
-5.970 52.151 7.827
-2.777 56.797 8.572
-0.223 63.153 8.998
-0.931 69.902 7.202
-5.312 74.598 8.373
-8.209 63.087 24.347
-12.579 62.974 20.312
-16.914 64.624 14.819
-17.298 67.264 9.061
-14.014 68.479 2.941
-15.839 64.200 -2.234
-12.386 60.167 -5.151
-8.990 53.813 -6.143
-9.746 47.693 -4.443
-13.413 42.008 -2.802
-19.248 39.564 0.002
-25.506 40.813 2.418
-30.836 44.389 0.307
-33.885 48.536 -5.114
-33.126 50.600 -11.045
-32.233 49.942 -17.676
-32.418 46.055 -22.952
-34.976 40.322 -26.269
-36.605 33.465 -24.851
-42.274 31.230 -23.753
-47.793 30.840 -24.896
-54.677 31.854 -25.538
-60.037 35.805 -23.131
-61.861 41.943 -24.656
-2.238 4.351 16.467
0.448 -1.524 16.438
5.058 -5.447 15.958
8.558 -10.542 14.712
8.608 -14.932 10.537
7.144 -20.295 7.429
7.909 -23.080 0.887
4.695 -21.296 -4.045
0.701 -18.251 -8.004
-3.313 -12.212 -9.132
-1.968 -5.833 -10.295
3.080 -1.912 -8.667
16.316 -15.457 -13.610
17.073 -12.031 -8.043
14.890 -7.730 -3.375
10.018 -4.357 -0.373
3.882 -2.905 1.341
-1.928 -6.071 2.673
-4.783 -11.529 0.949
-8.241 -15.885 3.820
-9.667 -18.511 10.099
-6.309 -20.804 14.926
-1.494 -21.501 19.449
3.423 -17.864 21.536
1.395 -0.939 2.243
5.243 -3.436 6.289
10.452 -4.020 11.034
12.642 -1.786 16.580
13.038 1.978 22.351
10.410 6.975 24.741
8.832 10.105 30.965
3.738 8.988 34.079
-1.730 6.637 36.315
-5.732 0.969 37.350
-6.178 -5.080 38.898
-2.657 -9.948 41.918
9.768 2.977 47.212
12.576 -0.882 42.637
11.536 -4.766 37.090
7.802 -9.487 33.627
2.475 -9.891 29.843
-0.749 -6.079 25.326
-3.647 -0.709 25.597
-5.003 4.106 22.243
-3.962 7.988 16.822
1.318 12.215 15.845
8.354 13.556 15.541
13.737 10.804 12.337
-11.094 21.723 39.724
-14.658 24.999 36.041
-16.434 30.261 31.893
-14.836 32.457 25.945
-10.392 32.722 20.538
-6.514 29.379 17.632
-4.182 27.779 10.978
-6.310 23.156 7.599
-9.841 18.337 5.163
-16.177 15.125 4.797
-22.414 16.294 3.614
-26.833 20.714 1.997
-12.356 31.729 -4.275
-14.814 34.000 0.874
-18.999 34.327 6.629
-23.866 30.856 10.037
-24.778 25.134 13.477
-21.525 20.612 17.348
-15.948 16.968 16.466
-11.873 14.540 19.570
-7.056 14.781 24.779
-2.365 20.324 25.798
0.312 26.453 26.074
-1.109 31.900 28.611
43.900 10.940 48.517
45.390 6.333 43.774
43.063 2.126 38.715
39.205 0.706 33.902
34.666 2.042 28.977
31.537 5.938 25.424
29.978 7.325 18.709
33.534 10.659 14.765
38.285 13.653 11.917
45.041 14.965 10.846
51.253 12.215 10.504
53.968 6.223 9.050
36.846 -0.046 3.894
38.964 -3.418 9.232
42.958 -3.503 14.963
47.835 -0.940 18.624
50.754 4.613 21.470
48.515 9.761 24.881
44.920 15.090 23.402
41.579 18.783 27.400
36.875 20.216 31.796
31.703 16.642 34.487
28.126 11.575 36.297
28.715 5.396 38.574
