-19.817 45.871 -26.620
-18.856 48.045 -20.369
-21.381 49.226 -14.243
-26.032 48.306 -9.332
-30.143 44.556 -6.648
-33.413 38.483 -6.363
-34.481 32.436 -8.786
-30.763 26.759 -9.561
-25.013 23.016 -11.176
-19.504 21.152 -8.546
-20.064 15.675 -4.793
-24.246 11.582 -3.227
-11.955 36.016 -3.535
-15.851 34.683 -7.696
-17.721 32.422 -14.046
-22.474 30.604 -18.768
-28.699 33.387 -20.769
-33.050 37.513 -21.380
-37.229 42.489 -18.258
-36.161 49.338 -17.267
-32.133 54.815 -18.756
19.465 -44.900 -27.012
18.847 -46.916 -20.636
21.057 -47.863 -14.422
25.370 -47.452 -9.429
30.020 -43.696 -6.757
29.846 -43.279 -6.788
33.290 -37.585 -6.230
32.831 -37.160 -6.617
33.937 -31.265 -8.076
33.940 -31.025 -9.416
30.051 -25.637 -8.963
30.467 -25.510 -10.250
24.512 -21.755 -10.799
19.173 -19.793 -8.214
19.237 -14.882 -4.222
23.738 -11.073 -2.481
11.914 -35.123 -3.215
13.453 -35.458 -4.065
15.740 -34.086 -8.047
14.993 -34.480 -10.532
17.332 -31.666 -14.360
17.520 -32.042 -16.552
22.503 -29.587 -18.792
22.778 -30.127 -19.983
28.834 -32.096 -20.843
33.860 -36.335 -20.950
37.751 -41.442 -18.060
36.513 -48.080 -17.536
32.603 -53.543 -19.043
-20.247 44.801 -27.113
-19.108 47.171 -20.743
-21.566 48.217 -14.685
-25.990 47.702 -9.665
-30.349 43.361 -7.120
-34.082 37.589 -7.584
-33.970 31.409 -9.212
-30.600 25.288 -9.660
-24.840 21.578 -11.137
-19.233 19.828 -8.432
-19.538 14.728 -4.041
-12.202 35.758 -3.845
-15.753 33.765 -7.882
-17.462 31.864 -15.083
-22.583 30.437 -19.339
-28.687 32.298 -21.127
-33.590 36.633 -21.339
-37.733 41.586 -18.530
-36.563 48.440 -18.034
-32.492 53.669 -18.984
-24.538 44.984 -30.577
-20.318 46.697 -25.421
-20.006 47.770 -18.924
-22.470 48.586 -12.554
-27.027 46.548 -7.888
-31.458 41.497 -6.050
-34.873 35.799 -6.645
-34.373 29.092 -7.723
-30.587 23.759 -10.645
-24.209 21.961 -11.269
-19.125 21.074 -8.785
-19.102 15.380 -5.649
-12.239 36.412 -2.848
-16.067 34.347 -7.332
-17.257 32.322 -12.543
-21.613 31.932 -17.707
-27.922 30.732 -20.369
-33.203 34.446 -19.998
-36.708 39.658 -18.788
-37.991 45.553 -15.024
-35.537 51.467 -16.545
-31.791 56.010 -18.147
-25.608 40.373 -30.287
-20.972 42.605 -25.585
-21.115 43.699 -19.245
-23.425 44.532 -12.927
-28.119 42.534 -8.174
-32.122 37.564 -6.313
-35.255 31.466 -6.777
-33.932 24.908 -7.846
-29.635 19.748 -10.195
-22.686 18.324 -10.686
-17.897 17.659 -7.762
-17.512 11.977 -3.686
-11.810 33.799 -2.905
-16.321 31.361 -6.142
-16.982 29.038 -11.934
-21.118 27.950 -17.048
-27.381 26.154 -19.715
-32.853 29.715 -20.488
-36.725 34.639 -19.726
-39.194 40.310 -16.880
-36.559 46.897 -16.944
-32.393 51.778 -18.313
-10.248 -1.540 -31.810
-13.935 -3.391 -26.378
-13.993 -5.576 -20.105
-11.027 -6.333 -14.354
-6.297 -3.999 -10.082
-0.985 0.261 -9.196
1.674 6.347 -9.942
1.544 12.929 -11.974
-3.412 18.072 -13.003
-22.713 2.981 -2.204
-18.098 2.139 -4.634
-11.685 4.587 -2.604
-13.141 8.742 -0.921
-16.591 7.355 -6.756
-17.257 9.851 -12.922
-14.159 11.415 -18.616
-9.007 11.603 -23.024
-2.716 9.687 -24.672
2.287 5.840 -22.508
4.266 0.953 -20.879
4.319 -4.963 -17.935
1.184 -10.657 -18.937
-3.892 -14.645 -20.289
15.430 38.995 4.931
11.978 37.308 -0.902
5.821 35.178 -1.618
-0.216 33.121 -0.022
-5.534 34.789 3.661
-8.844 35.686 9.526
-10.087 40.719 13.422
-9.004 47.245 15.326
-6.611 53.336 14.210
-13.379 50.677 -0.476
-8.491 51.715 -3.435
-1.381 51.092 -3.119
2.205 51.861 2.591
3.471 51.583 9.374
3.588 48.008 14.813
3.790 42.093 17.483
3.521 35.848 17.260
1.856 29.558 15.266
2.968 25.835 10.145
18.449 27.122 -6.928
16.476 26.749 -0.257
11.058 24.394 2.529
5.252 21.482 3.222
1.578 16.301 0.905
-1.756 12.677 -3.704
-0.276 7.921 -7.883
4.266 3.644 -10.423
10.826 1.520 -10.866
7.515 0.495 9.220
12.776 4.975 8.398
16.986 8.466 4.482
18.511 8.947 -1.850
17.537 9.151 -8.678
13.756 11.183 -13.424
8.739 15.100 -15.449
4.302 19.499 -14.615
-0.260 23.701 -11.605
-0.637 27.821 -6.422
7.742 18.882 118.260
14.611 17.490 118.267
17.944 12.108 116.161
18.775 5.414 114.768
15.584 0.396 111.405
10.655 -2.385 107.330
5.211 -0.921 102.192
3.985 2.741 96.695
5.435 7.409 91.722
9.977 10.788 88.460
10.113 9.571 81.823
4.867 8.556 78.084
20.141 0.534 99.161
22.222 6.296 98.270
19.084 11.629 99.917
12.664 15.310 100.678
6.128 14.583 101.660
2.303 11.208 106.008
0.930 6.591 110.752
2.999 1.458 114.957
6.798 1.359 120.566
12.554 3.054 124.697
15.846 16.280 28.140
11.918 20.887 30.964
5.909 22.135 33.936
0.899 20.609 37.441
-1.254 17.103 42.608
-0.789 12.121 47.251
2.304 7.372 50.220
7.702 5.866 53.380
13.746 7.208 56.318
17.775 11.607 58.695
17.960 11.473 65.292
6.003 23.034 51.116
11.084 23.613 49.944
15.777 20.668 46.759
18.266 14.370 44.639
16.486 8.024 43.795
11.170 4.792 41.680
5.734 3.877 38.408
0.016 5.249 35.453
-2.773 10.167 30.667
-1.902 14.123 26.278
-32.959 -27.153 -24.054
-29.449 -21.986 -26.839
-26.835 -15.923 -26.206
-25.528 -10.706 -22.513
-23.166 -9.002 -16.463
-21.826 -10.381 -10.382
-19.975 -13.988 -5.099
-17.007 -19.363 -2.894
-12.633 -24.674 -4.166
-10.077 -30.232 -6.943
-5.167 -31.136 -11.448
-1.071 -28.587 -16.506
1.926 -23.797 -19.622
4.457 -17.557 -20.668
7.629 -12.699 -17.267
11.218 -10.945 -12.258
15.297 -12.503 -7.239
12.954 -30.250 -8.737
9.357 -27.382 -4.795
6.134 -22.105 -1.567
2.747 -16.569 -2.526
-0.342 -11.928 -6.316
-4.003 -11.740 -12.272
-5.055 -14.330 -18.383
-7.778 -19.267 -21.367
-12.887 -23.468 -21.366
-16.671 -28.425 -18.718
-20.493 -29.919 -13.897
-25.210 -27.960 -10.143
-29.437 -23.794 -7.826
-33.074 -18.556 -8.464
-35.617 -13.161 -10.786
-37.170 -9.463 -16.245
-38.496 -9.467 -22.711
-33.015 -27.329 -24.071
-29.392 -22.231 -26.777
-26.856 -16.179 -26.049
-25.672 -11.061 -22.363
-23.346 -8.997 -16.355
-21.962 -10.351 -10.200
-19.687 -13.825 -4.897
-16.570 -19.313 -2.815
-12.353 -24.579 -4.243
-9.947 -30.196 -7.011
-4.940 -31.164 -11.399
-0.964 -28.339 -16.566
1.470 -23.449 -20.087
4.218 -17.442 -20.628
7.734 -12.857 -17.148
11.220 -11.063 -12.130
15.359 -12.743 -7.209
13.002 -30.336 -8.776
9.500 -27.547 -4.697
6.292 -22.279 -1.400
2.925 -16.757 -2.343
-0.289 -12.135 -6.011
-4.151 -12.152 -11.830
-5.137 -14.459 -18.206
-7.920 -19.168 -21.314
-13.292 -22.988 -21.424
-16.775 -28.298 -18.779
-20.212 -29.849 -13.487
-24.691 -27.813 -9.414
-29.123 -23.713 -7.466
-33.129 -18.873 -8.199
-35.647 -13.171 -10.561
-37.377 -9.998 -16.283
-38.465 -9.775 -22.724
