-19.817 45.871 -26.620
-18.856 48.045 -20.369
-21.381 49.226 -14.243
-26.032 48.306 -9.332
-30.143 44.556 -6.648
-33.413 38.483 -6.363
-34.481 32.436 -8.786
-30.763 26.759 -9.561
-25.013 23.016 -11.176
-19.504 21.152 -8.546
-20.064 15.675 -4.793
-24.246 11.582 -3.227
-11.955 36.016 -3.535
-15.851 34.683 -7.696
-17.721 32.422 -14.046
-22.474 30.604 -18.768
-28.699 33.387 -20.769
-33.050 37.513 -21.380
-37.229 42.489 -18.258
-36.161 49.338 -17.267
-32.133 54.815 -18.756
19.465 -44.900 -27.012
18.847 -46.916 -20.636
21.057 -47.863 -14.422
25.370 -47.452 -9.429
30.020 -43.696 -6.757
29.846 -43.279 -6.788
33.290 -37.585 -6.230
32.831 -37.160 -6.617
33.937 -31.265 -8.076
33.940 -31.025 -9.416
30.051 -25.637 -8.963
30.467 -25.510 -10.250
24.512 -21.755 -10.799
19.173 -19.793 -8.214
19.237 -14.882 -4.222
23.738 -11.073 -2.481
11.914 -35.123 -3.215
13.453 -35.458 -4.065
15.740 -34.086 -8.047
14.993 -34.480 -10.532
17.332 -31.666 -14.360
17.520 -32.042 -16.552
22.503 -29.587 -18.792
22.778 -30.127 -19.983
28.834 -32.096 -20.843
33.860 -36.335 -20.950
37.751 -41.442 -18.060
36.513 -48.080 -17.536
32.603 -53.543 -19.043
