37.125 39.258 59.446
42.358 41.980 57.150
48.035 40.776 53.501
51.317 35.878 49.658
52.418 30.337 47.595
50.083 24.710 45.122
45.600 20.655 42.562
40.791 20.228 38.430
34.603 22.242 35.590
32.594 28.219 32.853
34.194 33.988 30.380
38.128 37.200 25.787
44.006 38.098 22.137
47.495 34.123 17.923
48.208 29.193 13.882
46.719 23.438 10.735
40.643 20.252 7.913
35.599 37.888 8.338
30.357 33.753 10.588
30.108 27.971 13.834
31.904 21.497 14.761
36.752 18.900 18.623
42.536 20.085 21.817
48.251 22.776 23.893
50.435 27.344 28.352
49.678 33.695 31.445
44.942 37.385 34.502
38.992 37.605 37.421
35.268 34.867 42.227
32.698 29.495 45.788
35.344 25.310 50.155
40.676 23.269 54.557
47.274 23.000 56.853
51.670 27.086 59.740
7.079 33.698 -3.363
7.854 39.047 -0.175
7.302 45.473 0.626
8.125 21.015 57.952
7.388 27.113 56.702
7.936 33.185 58.643
7.127 33.898 -3.528
7.808 39.116 -0.477
7.226 45.428 0.485
7.487 26.907 56.833
8.002 33.095 58.531
7.184 34.006 -3.679
7.944 39.313 -0.576
7.300 45.665 0.466
8.217 20.982 58.246
7.427 26.988 56.945
8.019 33.107 58.643
