37.125 39.258 59.446
42.358 41.980 57.150
48.035 40.776 53.501
51.317 35.878 49.658
52.418 30.337 47.595
50.083 24.710 45.122
45.600 20.655 42.562
40.791 20.228 38.430
34.603 22.242 35.590
32.594 28.219 32.853
34.194 33.988 30.380
38.128 37.200 25.787
44.006 38.098 22.137
47.495 34.123 17.923
48.208 29.193 13.882
46.719 23.438 10.735
40.643 20.252 7.913
35.599 37.888 8.338
30.357 33.753 10.588
30.108 27.971 13.834
31.904 21.497 14.761
36.752 18.900 18.623
42.536 20.085 21.817
48.251 22.776 23.893
50.435 27.344 28.352
49.678 33.695 31.445
44.942 37.385 34.502
38.992 37.605 37.421
35.268 34.867 42.227
32.698 29.495 45.788
35.344 25.310 50.155
40.676 23.269 54.557
47.274 23.000 56.853
51.670 27.086 59.740
7.079 33.698 -3.363
7.854 39.047 -0.175
7.302 45.473 0.626
8.125 21.015 57.952
7.388 27.113 56.702
7.936 33.185 58.643
7.127 33.898 -3.528
7.808 39.116 -0.477
7.226 45.428 0.485
7.487 26.907 56.833
8.002 33.095 58.531
7.184 34.006 -3.679
7.944 39.313 -0.576
7.300 45.665 0.466
8.217 20.982 58.246
7.427 26.988 56.945
8.019 33.107 58.643
7.213 33.671 -3.353
7.739 39.045 -0.446
7.189 45.397 0.564
7.510 26.858 56.851
8.015 33.027 58.453
7.947 39.064 0.184
7.299 45.446 0.778
7.289 27.235 56.923
7.879 33.341 58.803
8.338 -10.240 9.856
10.630 -4.567 7.021
12.715 -1.741 1.317
12.181 -1.786 -5.313
9.380 -4.017 -10.857
4.416 -6.631 -14.245
-1.980 -8.161 -15.145
-8.272 -7.818 -13.222
-13.416 -5.196 -10.049
-16.211 0.297 -7.471
-16.419 7.090 -6.695
-14.116 13.340 -8.313
-7.701 6.878 -23.090
-3.408 8.675 -18.269
-2.033 9.772 -11.824
-3.545 8.682 -5.309
-4.380 4.115 -0.823
-5.707 -2.075 0.858
-5.532 -8.646 0.168
-2.549 -14.030 -2.448
2.754 -16.827 -5.029
9.085 -16.854 -6.844
15.373 -14.495 -6.552
20.009 -10.717 -3.190
5.751 -0.632 11.777
7.627 4.408 7.573
7.210 8.356 3.400
9.569 6.040 -2.820
2.822 -4.574 12.675
6.879 -0.266 10.020
6.666 5.663 8.818
10.873 8.461 5.034
-113.184 23.983 -27.056
-109.971 17.984 -27.148
-103.902 14.488 -28.286
-97.405 14.461 -31.200
-91.756 17.984 -32.337
-87.995 22.700 -30.488
-84.925 25.258 -25.512
-84.683 29.210 -20.352
-86.613 27.891 -13.781
-87.957 24.302 -8.136
-86.986 18.777 -5.076
-83.888 12.906 -4.304
-79.764 8.515 -5.946
-73.935 7.448 -8.718
-67.872 8.580 -10.566
-62.295 11.561 -9.636
-58.297 16.601 -7.991
-69.772 10.306 7.706
-70.989 16.935 5.880
-70.227 21.882 2.058
-70.037 24.513 -4.145
-68.007 24.023 -10.942
-70.197 19.895 -15.769
-74.135 14.861 -18.168
-78.783 10.048 -18.386
-85.142 9.262 -18.001
-91.276 11.564 -17.084
-95.969 15.913 -14.190
-97.685 21.919 -14.218
-98.887 27.782 -17.875
-97.053 32.623 -22.376
-97.193 32.445 -29.062
-98.228 29.918 -34.711
-99.786 25.501 -39.740
