36.893 8.030 -5.555
32.006 11.801 -3.934
25.489 13.511 -3.818
19.527 11.731 -1.667
16.385 8.253 2.704
12.590 13.355 -0.336
9.657 18.397 3.383
6.585 20.567 8.947
4.236 21.748 15.292
6.988 22.250 21.593
12.202 22.426 25.880
18.199 24.632 26.579
23.893 27.415 24.755
27.667 31.076 20.436
27.597 36.394 16.275
9.576 37.250 17.617
12.381 35.690 11.884
17.234 32.114 8.525
21.221 26.541 9.289
24.276 21.877 12.465
23.376 17.209 17.051
19.745 13.374 21.112
14.213 10.028 21.016
8.340 8.441 18.477
30.124 -1.975 8.138
26.592 -4.681 3.496
23.170 -4.390 -2.079
21.175 -1.527 -7.471
21.231 3.211 -12.412
4.966 5.093 14.656
3.911 2.776 13.678
4.006 1.089 16.287
