36.893 8.030 -5.555
32.006 11.801 -3.934
25.489 13.511 -3.818
19.527 11.731 -1.667
16.385 8.253 2.704
12.590 13.355 -0.336
9.657 18.397 3.383
6.585 20.567 8.947
4.236 21.748 15.292
6.988 22.250 21.593
12.202 22.426 25.880
18.199 24.632 26.579
23.893 27.415 24.755
27.667 31.076 20.436
27.597 36.394 16.275
9.576 37.250 17.617
12.381 35.690 11.884
17.234 32.114 8.525
21.221 26.541 9.289
24.276 21.877 12.465
23.376 17.209 17.051
19.745 13.374 21.112
14.213 10.028 21.016
8.340 8.441 18.477
30.124 -1.975 8.138
26.592 -4.681 3.496
23.170 -4.390 -2.079
21.175 -1.527 -7.471
21.231 3.211 -12.412
4.966 5.093 14.656
3.911 2.776 13.678
4.006 1.089 16.287
9.689 46.755 33.034
15.612 47.232 35.858
20.247 47.395 40.900
22.555 45.233 46.276
22.425 40.328 51.127
19.471 35.182 54.326
17.607 29.392 53.410
21.644 22.964 54.487
26.450 19.455 52.229
32.289 18.696 48.860
36.858 20.224 43.875
40.317 25.115 41.024
43.245 30.625 42.675
44.937 36.278 45.938
42.442 24.972 60.459
39.511 27.445 60.743
36.043 32.845 58.026
34.350 36.465 53.970
33.345 37.318 47.293
32.074 34.828 41.299
29.305 30.036 37.869
26.536 24.036 36.792
21.540 28.006 37.865
14.127 30.164 37.704
9.594 31.035 42.689
8.068 34.111 48.499
8.515 39.951 51.843
10.720 46.262 52.842
30.222 -1.707 8.073
26.690 -4.481 3.477
23.386 -4.048 -2.116
21.292 -1.247 -7.571
21.298 3.858 -12.227
9.135 37.439 17.351
12.148 35.154 11.807
16.743 32.409 8.428
21.061 26.922 9.036
24.061 21.879 12.140
23.334 17.348 16.948
19.833 13.539 21.022
14.331 10.140 21.096
8.364 8.460 18.705
37.134 7.296 -5.008
32.627 11.568 -3.846
26.417 13.671 -2.887
20.228 11.995 -1.588
16.534 8.210 2.568
12.649 13.568 -0.196
9.746 18.493 3.561
6.756 20.816 9.119
4.334 21.839 15.363
6.960 22.388 21.675
12.224 22.517 26.037
18.309 24.526 26.463
23.911 27.511 24.329
27.410 31.454 20.169
27.211 36.734 15.833
5.125 5.138 14.683
4.000 2.756 13.594
3.930 1.135 16.188
-13.261 40.645 -1.179
-16.666 40.046 -6.988
-17.443 40.542 -12.958
-15.561 42.172 -19.432
-11.797 45.766 -23.903
-5.581 45.725 -25.809
0.688 43.400 -25.472
4.847 38.525 -23.190
7.307 33.108 -21.242
-8.200 25.929 -19.885
-6.020 27.906 -13.466
-1.577 32.392 -11.573
2.760 37.525 -11.727
3.015 43.991 -12.657
-0.138 49.640 -13.006
-5.054 53.753 -13.857
-11.753 55.781 -14.723
-17.864 54.528 -12.223
7.476 32.371 -37.625
5.410 32.824 -43.939
5.364 31.551 -49.808
8.068 28.784 -55.666
13.158 25.936 -59.353
15.879 20.008 -59.333
17.418 13.827 -56.467
16.223 9.239 -51.598
12.771 6.010 -47.207
-0.514 10.843 -56.972
-1.715 14.683 -51.114
0.642 15.981 -44.811
6.939 15.442 -42.266
13.591 14.365 -42.006
19.238 17.004 -44.066
22.253 22.329 -46.704
23.017 27.792 -49.058
21.437 33.897 -52.387
17.140 38.869 -51.832
-34.804 6.263 -3.158
-31.405 6.930 2.595
-27.915 4.976 7.065
-24.533 0.181 10.877
-23.242 -6.303 12.771
-20.418 -11.482 10.009
-17.753 -14.868 4.670
-15.443 -14.629 -1.693
-13.426 -12.042 -7.449
-6.129 -0.354 4.327
-10.881 3.421 0.243
-16.030 3.442 -4.863
-19.413 -1.552 -7.389
-22.289 -7.702 -7.908
-26.211 -12.081 -4.816
-30.698 -13.116 -0.126
-34.134 -11.957 5.018
-36.512 -8.906 10.578
-38.691 -2.510 12.538
-33.103 32.072 -40.065
-30.736 31.434 -33.814
-30.601 29.299 -28.367
-33.102 25.800 -22.733
-37.851 22.083 -19.358
-40.681 16.298 -20.290
-42.246 10.891 -24.093
-40.834 6.987 -29.410
-37.278 4.225 -33.992
-22.895 10.138 -24.353
-22.931 12.922 -29.755
-25.519 14.872 -35.574
-31.735 14.645 -38.012
-38.373 13.403 -38.229
-44.144 15.443 -35.709
-47.394 20.088 -32.584
-48.228 25.342 -28.972
-46.697 30.831 -24.867
-42.531 36.377 -25.003
15.795 21.090 -14.078
10.063 23.958 -13.726
4.580 26.564 -16.254
0.796 26.818 -21.907
-1.871 23.462 -26.438
-4.013 19.774 -29.451
-7.559 15.095 -30.947
-10.898 10.746 -28.589
-9.912 5.230 -24.847
-10.319 2.555 -18.242
-8.823 2.894 -11.996
-9.237 6.339 -6.252
-13.097 20.715 -11.747
-6.460 18.342 -9.670
-2.457 13.323 -10.704
-0.145 7.997 -13.481
2.356 5.462 -18.512
8.023 8.075 -21.439
11.350 10.669 -26.715
12.343 15.965 -30.419
11.408 22.438 -32.551
10.172 28.658 -31.057
11.328 32.668 -25.946
13.299 34.648 -19.897
-53.304 -19.105 -75.067
-47.318 -18.364 -78.010
-41.882 -14.517 -78.637
-37.718 -10.286 -75.540
-35.093 -8.348 -69.868
-33.294 -7.673 -64.827
-30.060 -8.653 -59.754
-26.806 -12.768 -57.131
-27.669 -19.121 -54.546
-27.688 -25.685 -55.538
-26.891 -31.222 -58.988
-26.374 -34.997 -64.693
-22.358 -21.681 -72.898
-28.721 -24.727 -73.658
-34.093 -26.610 -69.322
-36.855 -27.378 -63.756
-40.098 -24.807 -59.950
-45.653 -20.596 -60.364
-48.872 -14.515 -59.607
-49.626 -8.456 -62.022
-48.080 -2.928 -65.770
-46.720 -0.745 -71.615
-48.074 -2.506 -78.503
-49.372 -5.730 -83.844
-18.136 15.370 -0.912
-25.020 17.811 -2.208
-30.478 16.178 -5.748
-35.097 11.437 -7.831
-36.929 5.414 -8.397
-38.539 0.565 -7.002
-41.498 -3.645 -4.300
-45.379 -4.602 0.242
-45.413 -3.844 6.939
-46.677 -0.457 12.698
-46.628 5.099 16.269
-47.279 11.511 15.839
-50.414 13.377 1.406
-44.354 15.251 4.763
-40.206 12.994 8.906
-36.593 8.393 11.535
-33.626 3.600 11.314
-27.557 3.114 7.684
-23.623 0.585 2.744
-22.406 -0.647 -3.540
-23.962 0.084 -10.126
-26.325 4.436 -14.879
-26.004 10.334 -16.384
-23.363 16.796 -16.038
-13.226 30.051 21.898
-8.054 30.882 26.104
-2.116 30.400 28.921
4.514 30.783 28.750
9.613 32.091 25.427
13.312 34.647 20.189
15.787 37.067 15.230
14.795 41.966 10.315
10.998 46.604 7.273
7.126 51.982 26.087
1.403 50.015 22.953
-0.939 47.665 17.174
-0.862 44.523 11.738
0.200 38.886 8.726
2.485 33.228 8.895
3.673 28.082 10.673
2.626 21.946 15.448
1.892 19.247 16.478
1.822 17.775 14.009
-13.265 30.255 21.826
-8.104 31.003 26.149
-2.197 30.457 28.921
4.420 30.910 28.825
9.478 32.151 25.423
13.187 34.831 20.226
15.629 37.338 15.265
14.781 42.246 10.359
10.929 46.827 7.287
6.660 52.112 26.228
1.391 50.113 22.988
-0.990 47.922 17.046
-0.829 44.664 11.763
0.166 39.136 8.704
2.403 33.410 8.965
3.555 28.260 10.647
2.552 22.045 15.372
1.998 19.384 16.451
1.850 17.860 14.044
-13.413 30.287 22.123
-7.473 31.741 25.788
-1.922 30.272 28.879
4.815 30.540 28.756
9.911 31.923 25.353
13.700 34.612 20.245
16.106 37.170 15.112
15.214 42.166 10.355
11.522 46.888 7.331
7.433 52.192 26.076
1.706 50.036 22.851
-0.745 47.860 17.103
-0.511 44.512 11.631
0.661 38.851 8.736
2.917 33.176 8.780
3.959 28.062 10.678
2.851 22.097 15.457
2.246 19.332 16.378
2.163 17.872 13.907
