34.605 21.923 -17.876
27.592 22.917 -18.435
21.795 19.465 -20.307
19.947 13.444 -18.902
20.232 6.442 -18.848
23.356 0.242 -17.696
25.918 -2.136 -12.050
28.668 -1.389 -5.834
28.300 1.537 -0.057
24.414 3.414 4.658
18.512 7.013 6.478
12.360 3.697 7.050
6.647 0.723 4.920
2.462 -3.913 1.648
3.244 -10.670 2.751
5.891 -16.967 4.169
8.346 -20.107 8.967
8.454 -21.709 15.228
9.456 -19.361 21.770
-3.821 -8.763 16.744
1.569 -6.234 19.252
8.247 -6.034 19.199
14.727 -8.499 18.076
17.538 -11.976 12.920
17.590 -13.750 5.974
14.727 -13.680 -0.111
12.076 -9.362 -4.937
11.324 -3.115 -5.926
10.453 3.317 -5.447
13.519 9.245 -4.739
18.387 13.389 -1.646
24.854 13.749 -3.062
30.829 12.210 -5.412
34.208 9.066 -10.121
34.707 4.210 -15.322
32.557 5.212 -21.584
28.568 7.003 -26.617
25.572 12.921 -29.734
