-17.195 9.145 9.951
-13.478 3.322 7.812
-10.699 -1.441 4.722
-6.484 -5.743 6.433
-3.310 -10.313 2.118
-0.818 -13.591 -2.505
-6.210 -11.005 -3.580
-10.759 -8.169 -6.583
-6.051 -5.042 -7.952
-0.243 -4.635 -10.456
6.890 -5.321 -10.716
12.652 -7.395 -8.285
14.816 -4.530 -2.467
15.450 0.168 2.221
13.522 4.221 7.610
10.418 7.275 3.433
8.144 10.438 -2.736
4.761 11.035 -8.424
-1.472 13.005 -9.213
-1.835 15.081 -2.440
0.298 10.896 2.873
2.711 8.269 8.577
2.417 1.508 11.846
0.777 -5.285 12.063
4.823 -11.155 10.207
-16.242 40.033 -4.828
-12.776 42.503 0.164
-11.477 42.550 6.627
-13.509 40.841 13.367
-18.117 36.760 16.893
-21.031 30.910 17.258
-20.582 24.186 15.497
-18.550 19.457 10.818
-22.421 16.941 8.359
-17.590 16.166 4.259
-14.723 15.881 9.095
-8.373 15.867 9.725
-2.080 16.530 10.022
3.137 17.057 14.197
5.821 18.728 19.823
6.038 20.219 26.379
1.801 20.073 32.021
-2.293 17.668 35.850
-6.587 13.701 38.336
-9.179 7.078 37.474
-7.674 1.258 34.104
-2.773 -3.081 32.884
2.892 -6.066 34.324
6.957 5.657 48.185
9.496 6.300 42.204
10.229 4.944 35.481
6.715 4.204 29.938
1.413 3.361 26.357
-4.110 5.517 24.201
-10.097 8.694 24.702
-11.790 15.147 25.988
-10.447 21.395 27.344
-6.775 26.708 26.256
-3.509 29.726 21.941
-1.554 30.784 15.507
-2.939 28.873 9.241
-6.792 25.430 4.527
-12.591 23.338 2.533
-18.829 26.265 2.546
-24.118 28.787 6.249
-26.419 34.159 9.836
-26.602 40.861 10.838
-25.132 46.700 9.247
