-8.540 83.573 -36.580
-2.832 80.765 -33.724
2.099 81.263 -29.004
6.518 84.607 -25.929
8.118 89.927 -22.057
6.198 95.213 -18.437
2.559 96.685 -13.341
-4.601 96.105 -11.013
-6.140 91.128 -6.341
-7.445 85.242 -3.969
-5.564 79.997 -1.346
-1.200 76.452 1.911
4.261 75.660 5.602
10.029 78.717 8.167
12.169 84.241 11.074
11.581 90.779 12.889
8.913 94.569 17.471
4.955 77.918 23.473
-1.476 79.248 20.724
-5.003 83.630 17.735
-6.001 88.425 12.733
-3.118 94.314 10.055
1.934 94.619 5.747
8.110 92.959 3.133
11.936 88.102 -0.133
10.789 85.337 -5.087
9.087 79.230 -8.284
3.523 77.059 -11.774
-2.586 78.769 -13.833
-7.535 82.527 -15.771
-10.009 87.956 -18.700
-9.615 94.572 -20.681
-5.369 98.240 -23.984
1.315 98.363 -26.932
40.893 28.930 12.361
39.989 35.017 9.587
42.028 40.668 6.372
46.498 44.601 4.554
52.252 46.175 1.616
57.831 44.286 -1.641
60.184 40.783 -6.922
59.657 35.021 -10.593
55.229 33.788 -15.678
49.674 34.195 -18.733
43.517 36.924 -20.540
41.648 42.400 -24.175
41.578 48.036 -26.624
45.572 53.499 -28.799
51.600 54.707 -31.305
57.024 53.302 -34.477
59.518 50.999 -39.785
42.310 50.322 -44.284
42.830 43.589 -42.441
46.546 39.100 -40.356
51.132 36.561 -35.979
57.717 37.678 -33.469
59.602 42.426 -29.042
59.289 47.956 -25.350
56.429 51.663 -20.832
51.851 52.045 -16.120
45.623 50.770 -13.372
42.365 45.524 -10.862
41.540 38.730 -9.676
44.537 32.966 -8.633
48.653 29.531 -4.771
55.189 28.626 -1.996
57.761 30.493 3.456
58.325 35.177 8.508
