-19.833 74.557 -29.583
-16.980 73.848 -34.497
-12.014 74.373 -37.407
-6.367 75.507 -37.360
-1.007 75.821 -35.162
2.512 74.290 -30.982
3.878 70.500 -26.543
2.978 65.487 -23.466
0.873 60.216 -21.802
-3.840 54.957 -22.225
-5.899 51.973 -26.997
-3.131 48.168 -24.920
-0.894 43.142 -24.922
0.072 37.864 -27.039
-0.991 32.153 -29.372
-2.580 28.165 -33.800
-4.730 24.988 -30.164
-5.818 20.827 -26.217
-6.004 14.862 -24.184
-3.109 9.615 -25.111
0.500 5.135 -27.068
2.377 1.651 -30.148
7.643 0.559 -32.456
13.606 2.086 -34.030
17.928 5.630 -33.161
21.128 8.946 -30.475
23.043 9.808 -26.739
21.649 10.288 -22.790
20.202 10.042 -17.871
19.676 4.551 -14.007
22.872 1.565 -11.845
22.679 -4.777 -11.450
25.219 -3.184 -15.045
20.515 -2.729 -20.290
14.911 1.474 -18.664
8.410 3.857 -20.032
6.377 9.806 -20.275
7.619 15.310 -22.121
9.261 18.764 -26.346
10.098 19.244 -32.058
9.148 16.365 -37.912
6.982 13.342 -41.441
1.443 10.106 -42.124
-4.285 9.041 -40.875
-9.818 9.451 -39.579
-14.890 11.702 -37.149
-16.719 18.320 -36.029
-17.775 22.958 -37.952
-17.538 27.278 -41.546
-15.491 29.134 -47.170
-13.053 28.304 -52.379
-11.487 25.728 -57.084
-12.755 22.212 -60.543
-15.151 16.664 -63.061
-19.183 11.584 -62.708
-24.965 10.328 -62.312
-30.863 11.856 -62.723
-35.496 15.330 -63.064
-37.296 19.860 -65.557
-37.006 23.939 -70.436
-35.054 25.532 -75.746
-32.596 24.695 -80.601
-29.534 21.356 -85.077
-28.827 16.256 -87.610
-31.679 11.460 -89.050
-36.575 8.426 -89.453
-41.473 5.680 -90.593
-44.327 2.245 -86.184
-45.724 -1.098 -81.494
-45.732 -1.034 -75.351
-48.085 -2.124 -70.753
-44.934 2.564 -70.389
-40.553 6.727 -71.334
-35.483 6.643 -74.588
-28.954 7.995 -73.826
-24.058 11.183 -73.866
-20.724 15.725 -72.897
-20.070 21.121 -70.442
-22.181 25.981 -67.084
-24.738 28.585 -63.425
-26.864 28.126 -58.340
-27.208 25.254 -53.675
-25.591 20.618 -50.191
-23.243 14.823 -48.421
-17.476 11.250 -49.309
-11.970 9.679 -49.076
-6.543 13.555 -47.496
-2.697 17.629 -47.451
-1.128 22.037 -45.236
-1.555 27.302 -41.461
-5.931 30.824 -37.221
-6.404 32.904 -41.936
-3.141 36.554 -46.968
-0.044 40.787 -49.710
5.430 42.853 -49.600
10.784 42.425 -49.302
15.860 39.205 -49.111
18.882 34.321 -49.484
20.070 28.796 -50.658
19.516 23.789 -53.034
16.693 20.007 -56.867
15.436 17.900 -61.488
15.247 21.904 -65.089
14.149 27.422 -67.259
9.637 32.000 -66.450
6.328 30.673 -60.115
2.785 29.099 -55.320
2.605 26.956 -49.363
4.531 26.368 -43.853
6.991 28.227 -39.042
8.553 32.642 -35.921
8.561 38.205 -33.938
5.592 43.141 -34.405
6.530 47.154 -35.467
1.400 49.598 -36.592
-4.760 50.147 -38.247
-10.083 47.136 -38.929
-14.500 42.146 -37.310
-16.134 37.531 -33.030
-16.034 35.435 -27.663
-15.095 36.371 -21.702
-14.574 39.223 -17.298
-15.690 44.384 -14.432
-20.135 39.883 -15.927
-22.046 45.486 -15.286
-25.624 49.746 -14.644
-29.838 52.378 -17.850
-25.952 50.193 -22.026
-25.281 45.989 -23.719
-24.068 40.701 -19.464
-27.453 43.056 -16.110
-31.457 44.191 -12.905
-35.796 41.031 -14.123
-40.972 42.310 -19.058
-45.516 37.685 -17.248
-47.617 35.695 -14.868
-54.018 37.149 -12.884
-59.036 38.451 -17.777
-62.367 36.632 -22.263
-66.947 34.121 -24.084
-72.141 32.349 -23.157
-76.857 32.273 -20.554
-80.448 34.384 -15.894
-82.876 37.447 -12.637
-82.194 44.225 -11.683
-81.842 50.206 -12.746
-80.758 53.932 -17.221
-80.328 54.834 -23.100
-81.937 51.222 -28.941
-81.474 46.230 -31.949
-83.263 40.136 -29.302
-77.032 38.099 -26.696
-71.036 41.149 -24.420
-67.788 44.571 -21.406
-67.294 46.185 -14.728
-69.753 43.999 -8.859
-70.495 39.844 -5.221
-70.616 33.648 -4.790
-70.234 28.329 -5.656
-68.444 23.544 -9.284
-65.479 21.182 -12.944
-60.478 21.281 -15.303
-54.859 23.468 -16.089
-38.699 28.238 70.981
-35.161 30.147 66.838
-32.674 29.250 61.671
-32.338 26.190 56.814
-34.239 22.811 52.538
-38.732 20.601 49.833
-44.566 20.784 48.554
-49.842 23.508 48.656
-54.092 27.591 49.459
-56.262 33.786 52.453
-51.452 37.753 49.613
-47.684 41.271 48.842
-45.552 46.255 49.741
-45.443 51.522 52.169
-47.242 57.196 54.007
-50.829 60.949 57.520
-51.699 64.149 53.425
-51.270 68.488 49.586
-50.590 74.517 47.885
-47.976 79.588 49.912
-45.053 83.799 53.173
-44.165 87.046 56.896
-39.953 87.836 60.891
-34.919 85.916 64.220
-30.642 82.205 64.640
-26.852 78.825 63.049
-23.845 77.986 60.069
-23.856 77.723 55.859
-23.597 78.187 50.781
-22.618 83.809 47.198
-18.718 86.744 46.368
-18.621 93.062 46.283
-17.472 91.256 50.332
-23.652 90.857 53.701
-28.546 86.964 50.224
-35.174 84.859 49.250
-37.411 79.030 48.488
-37.022 73.378 50.393
-36.997 69.756 54.752
-38.107 69.004 60.421
-40.908 71.755 65.717
-43.981 74.771 68.500
-49.329 78.224 67.442
-54.259 79.662 64.455
-59.060 79.621 61.404
-63.125 77.661 57.355
-63.984 70.829 55.194
-65.451 66.353 56.494
-66.599 61.978 59.837
-66.832 60.061 65.798
-66.562 60.759 71.519
-66.883 63.264 76.513
-69.363 66.730 79.271
-72.508 72.278 80.798
-76.117 77.365 78.998
-81.271 78.705 76.468
-86.890 77.219 74.574
-91.331 73.788 73.082
-93.949 69.264 74.601
-95.590 65.107 79.132
-95.806 63.417 84.782
-95.352 64.181 90.201
-94.202 67.418 95.602
-94.468 72.455 98.318
-97.716 77.283 98.593
-102.363 80.319 97.165
-107.308 83.114 96.367
-108.264 86.641 91.264
-107.760 90.052 86.410
-105.397 90.095 80.784
-105.819 91.269 75.664
-102.782 86.535 76.384
-99.109 82.319 78.939
-95.630 82.356 83.878
-89.335 80.928 85.649
-84.877 77.689 87.470
-81.465 73.088 87.691
-79.932 67.769 85.647
-80.564 62.937 81.693
-81.548 60.449 77.281
-81.586 60.981 71.761
-80.110 63.918 67.392
-77.292 68.602 64.873
-74.414 74.375 64.185
-69.415 77.865 67.269
-64.213 79.416 69.188
-58.610 75.531 69.752
-55.079 71.378 71.071
-52.784 67.006 69.575
-51.741 61.819 65.786
-54.553 58.501 60.221
-56.692 56.231 64.321
-55.413 52.153 69.917
-53.518 47.607 73.238
-48.394 45.260 74.805
-43.234 45.415 76.325
-38.298 48.393 78.062
-35.414 53.072 79.737
-34.516 58.452 81.631
-35.659 63.329 84.013
-39.493 67.053 86.950
-42.152 68.980 91.023
-43.651 64.787 94.072
-45.572 59.223 95.372
-49.700 54.945 92.804
-50.671 56.780 85.832
-52.358 58.792 80.252
-50.483 61.271 74.743
-46.804 62.059 70.237
-42.944 60.326 66.403
-40.581 56.023 63.681
-40.084 50.585 61.415
-43.187 45.804 60.528
-42.747 41.673 61.579
-48.042 39.445 60.758
-54.372 39.135 60.345
-59.419 42.204 59.219
-62.860 47.292 56.142
-62.725 51.993 51.667
-60.584 54.050 46.742
-57.528 53.229 41.554
-55.315 50.450 37.606
-55.291 45.049 34.496
-60.131 49.328 34.174
-61.484 43.652 33.024
-64.394 39.169 31.303
-69.417 36.496 32.766
-67.371 38.809 38.057
-67.518 43.063 39.753
-65.089 48.348 36.052
-67.006 45.806 31.792
-69.460 44.500 27.375
-74.037 47.436 26.879
-80.596 45.970 29.642
-84.251 50.350 25.908
-87.941 51.542 19.615
-91.201 47.323 17.626
-97.642 45.079 19.731
-102.564 45.980 22.817
-107.625 48.192 23.184
-112.101 50.332 20.693
-115.417 51.198 16.527
-116.748 50.273 10.478
-117.518 48.102 5.950
-116.166 41.679 3.897
-115.933 35.614 3.650
-116.510 30.958 7.266
-118.384 28.767 12.480
-122.347 31.048 17.840
-123.378 35.220 21.759
-124.308 41.831 20.044
-117.669 44.138 20.632
-111.110 41.439 20.314
-106.748 38.641 18.168
-103.574 38.524 12.056
-103.638 42.055 6.336
-103.095 46.956 3.693
-103.357 53.081 4.594
-103.664 58.083 6.715
-103.715 61.861 11.686
-102.554 63.234 16.655
-98.900 62.414 20.715
-93.926 59.903 23.130
-12.325 64.346 -32.787
-13.710 65.990 -27.606
-13.134 69.523 -23.254
-10.867 73.790 -19.296
-9.267 79.230 -19.908
-8.510 84.089 -22.780
-9.312 87.803 -26.868
-10.418 89.726 -33.480
-42.042 34.939 60.158
-45.389 31.581 63.174
-47.097 26.449 64.762
-48.130 20.315 64.897
-44.699 15.727 64.952
-39.666 13.083 64.968
-34.144 12.535 65.793
-27.563 14.731 65.780
138.042 135.147 157.621
138.646 141.186 158.261
139.556 146.546 158.461
144.127 151.878 160.371
147.375 153.622 165.959
145.074 150.726 172.398
146.048 145.246 175.032
148.079 138.681 177.242
153.906 141.446 176.829
156.450 147.316 177.462
161.230 152.728 177.680
164.825 156.472 172.648
171.511 156.321 172.768
175.028 153.474 177.118
177.854 148.520 173.126
175.576 141.467 172.839
171.122 141.900 168.639
167.021 144.501 163.551
163.395 150.131 161.758
156.103 149.856 161.416
159.648 146.047 158.650
159.553 140.955 161.011
155.372 136.577 162.067
148.421 135.829 161.541
-21.521 39.155 5.177
-23.234 35.083 10.033
-26.588 34.727 5.197
-29.567 38.353 0.928
-30.548 44.449 -2.851
-33.095 50.710 -1.974
-36.222 52.723 3.933
-36.700 55.760 9.439
-35.884 53.593 15.186
-40.858 50.305 12.274
-43.979 45.962 9.009
-41.661 44.051 13.755
-36.043 44.417 17.666
-30.563 48.253 19.788
70.254 -43.993 26.080
65.977 -44.503 30.952
63.989 -41.717 26.181
65.654 -37.430 21.801
70.407 -33.576 17.910
74.552 -28.128 18.723
74.733 -24.403 24.648
77.348 -22.444 30.051
75.860 -24.245 35.953
70.484 -21.591 33.065
65.136 -21.067 29.822
64.698 -24.042 34.599
67.859 -28.579 38.500
73.928 -31.500 40.593
-21.883 39.708 5.023
-23.613 35.589 9.702
-26.797 35.539 4.918
-29.889 38.854 0.864
-30.880 44.781 -3.003
-33.301 50.994 -1.832
-35.911 53.868 4.069
-35.655 54.362 13.942
-41.157 50.519 11.820
-44.419 46.484 8.971
-41.308 44.202 13.901
-36.448 44.270 17.590
-30.927 48.036 19.756
-16.214 -22.634 -46.123
-20.273 -18.228 -48.018
-26.216 -15.961 -46.155
-32.507 -16.200 -45.189
-36.749 -18.855 -39.949
-37.198 -19.963 -33.581
-34.528 -19.100 -28.126
-31.176 -16.236 -23.037
-27.500 -11.487 -19.244
-22.851 -7.171 -18.516
-28.066 -5.091 -17.570
-34.478 -4.473 -19.219
-39.292 -8.401 -22.101
-42.785 -9.200 -26.685
-40.045 -12.283 -30.695
-37.040 -7.908 -34.676
-31.233 -8.228 -37.983
-33.049 -0.867 -38.940
-35.320 3.731 -36.085
-29.949 3.417 -35.210
-24.572 0.794 -34.455
-21.021 -5.139 -36.146
-20.409 -11.458 -33.841
-20.086 -15.177 -28.997
-20.991 -21.736 -28.378
-23.216 -26.533 -32.005
-27.640 -30.434 -35.246
-33.007 -30.357 -39.483
-34.112 -28.791 -45.720
-35.037 -24.425 -50.123
231.399 240.778 133.388
229.138 245.233 129.041
227.747 249.696 131.544
224.023 252.443 136.078
220.270 254.919 139.752
218.347 255.894 145.135
219.474 256.114 150.832
220.890 257.604 156.225
221.237 263.184 158.165
220.843 264.671 153.249
223.903 264.029 148.102
228.553 262.069 144.727
233.400 258.731 143.631
235.743 253.766 143.973
235.182 248.185 145.554
230.895 244.085 147.395
226.419 240.872 148.908
220.739 239.607 147.544
216.093 239.628 143.908
213.967 240.200 138.402
213.824 239.767 133.321
213.920 235.029 130.908
213.928 229.005 130.491
213.638 223.508 132.162
210.560 220.117 136.156
206.291 219.384 140.461
200.556 220.826 143.704
196.061 224.237 145.572
192.994 226.059 143.072
189.385 226.119 137.170
187.927 226.155 131.683
188.823 222.450 127.704
190.007 218.472 123.337
193.637 214.189 121.881
199.121 211.514 120.991
204.903 210.422 120.690
210.609 210.642 121.817
213.330 210.125 127.493
212.123 208.635 132.830
209.677 206.343 136.867
210.292 209.754 140.854
215.330 209.528 145.663
218.416 207.913 149.434
218.355 202.827 154.672
214.784 197.514 155.497
210.790 192.255 153.233
206.094 189.646 148.338
202.185 186.493 146.792
200.547 185.187 141.654
202.685 184.541 136.223
206.738 184.950 131.924
212.799 185.964 130.435
211.046 179.551 131.969
209.644 176.084 125.726
212.148 172.628 120.547
214.870 168.942 118.255
219.953 165.960 121.108
220.724 166.603 127.745
226.272 167.711 128.692
227.464 174.481 129.062
226.431 180.148 128.680
224.718 184.503 131.933
222.058 186.646 136.629
225.930 190.361 134.122
224.558 193.724 130.271
220.791 198.034 129.251
217.968 201.256 133.234
217.732 204.218 138.520
219.758 207.132 143.030
225.024 206.745 147.384
227.186 208.475 151.504
232.711 207.636 151.464
237.484 207.927 147.908
239.054 204.058 143.402
240.837 202.126 137.076
239.196 203.525 130.963
243.973 204.357 127.544
248.402 202.707 124.668
252.138 198.292 123.625
254.278 192.771 124.440
254.155 187.315 125.221
249.583 183.084 125.065
243.597 181.058 124.006
237.487 180.555 124.276
234.833 181.370 121.109
234.187 181.001 115.540
236.205 178.899 110.926
239.657 174.453 109.051
243.711 170.976 113.010
245.363 174.177 117.930
248.861 179.900 117.744
251.963 184.312 116.332
249.555 188.146 113.198
245.915 192.226 114.615
242.344 195.505 118.586
239.454 196.224 123.885
240.261 194.331 129.907
240.906 193.492 134.902
245.100 193.477 139.251
250.676 195.242 140.151
254.734 198.326 139.972
255.195 203.802 139.923
251.826 208.680 141.588
246.430 212.373 142.402
241.097 213.370 142.078
239.602 218.632 143.094
238.720 222.962 146.772
239.005 225.238 152.217
240.950 226.082 157.117
244.184 226.448 161.784
239.418 221.827 162.014
245.438 221.062 164.165
252.045 218.785 166.485
251.540 212.325 165.460
249.509 207.698 163.286
252.660 201.641 162.926
253.906 198.463 158.354
256.687 201.553 152.891
261.764 198.807 150.251
267.254 198.203 147.891
271.852 194.920 146.801
271.992 188.920 146.598
267.598 186.643 149.725
267.675 184.407 154.715
269.005 184.437 159.838
271.620 189.542 162.356
272.147 195.296 163.543
270.503 200.958 164.024
267.382 206.229 160.580
265.783 207.693 154.835
261.823 210.665 151.721
258.365 215.062 150.644
256.372 219.649 151.267
254.163 226.009 151.041
251.042 221.236 147.462
247.662 216.637 151.214
246.156 211.360 152.977
244.392 208.307 157.306
239.283 209.571 159.730
233.080 211.760 158.357
228.548 213.523 155.316
225.574 213.988 150.371
224.927 212.217 144.960
228.744 214.390 140.095
232.853 215.954 136.090
232.088 214.615 129.522
229.426 211.565 124.652
226.355 205.459 125.005
230.130 201.663 129.135
233.187 200.127 133.988
234.266 198.906 139.206
231.560 195.299 142.747
226.666 192.011 144.126
220.054 190.987 146.992
222.852 194.341 150.159
227.077 195.429 154.135
231.756 193.820 157.156
230.199 193.493 151.943
231.711 188.332 147.961
229.940 181.503 149.441
227.608 177.930 154.206
224.882 179.432 159.269
221.312 182.852 162.352
217.134 186.398 162.880
212.966 185.623 158.439
210.956 186.606 151.819
211.744 192.208 148.183
213.311 197.090 145.992
215.641 196.007 141.457
211.949 198.813 137.991
207.002 200.540 136.012
201.549 201.435 137.730
199.351 201.399 144.085
198.869 202.767 149.315
199.832 205.742 153.808
202.096 210.463 154.476
202.713 215.703 153.394
204.311 219.642 150.334
204.759 214.353 147.211
206.435 213.994 140.726
203.531 208.429 139.156
197.754 204.804 137.187
195.287 198.673 135.160
197.960 193.815 134.201
198.380 192.416 129.422
199.956 189.293 125.188
204.190 186.915 121.886
207.863 187.384 116.073
209.975 190.503 111.674
213.789 192.359 111.904
219.054 192.130 114.149
222.106 189.760 118.530
223.037 185.687 122.294
222.680 180.554 122.836
221.915 175.186 121.094
221.555 172.688 116.268
220.365 176.290 112.524
215.474 178.099 110.749
209.288 179.995 110.865
206.202 181.523 116.848
205.952 182.938 122.187
207.151 187.340 125.729
208.648 191.866 127.727
212.709 196.583 131.063
213.429 200.146 126.257
210.667 201.542 120.715
206.157 201.821 116.871
199.656 204.392 118.273
196.557 207.550 123.144
194.713 210.431 127.067
195.953 214.769 130.639
198.117 218.968 132.515
203.441 223.169 133.490
206.814 224.946 130.713
207.904 226.369 125.532
207.280 226.771 119.427
203.685 226.203 113.977
199.214 226.295 111.000
194.389 229.040 111.513
191.601 233.234 114.482
186.667 233.036 117.279
184.368 230.391 121.298
185.758 230.579 125.427
188.559 233.723 131.473
192.338 234.930 137.034
196.216 237.272 140.477
199.501 242.007 142.368
201.104 247.724 142.480
201.093 252.904 142.541
205.719 254.461 139.679
210.913 253.690 137.725
215.335 250.007 136.246
209.386 252.529 133.680
204.481 254.321 132.430
197.801 254.894 134.009
194.517 258.450 136.396
189.426 260.411 140.787
184.982 259.260 145.830
182.579 256.793 150.526
184.005 255.379 155.790
187.734 256.090 160.377
194.460 255.868 162.820
198.204 251.624 164.962
196.938 245.693 162.556
194.442 242.608 158.783
199.511 241.664 154.031
202.875 240.725 150.376
209.077 240.199 148.072
212.570 244.376 151.824
214.765 249.631 153.050
214.195 255.574 153.464
207.742 257.188 154.865
201.481 258.306 154.580
197.698 259.291 157.303
195.137 262.827 159.792
192.776 263.386 155.563
192.096 260.542 150.446
196.492 259.289 146.629
197.555 254.805 145.824
197.954 249.000 148.673
194.720 245.413 149.618
189.891 243.196 147.087
186.323 243.470 142.596
184.616 245.073 137.074
187.122 247.996 131.518
191.511 249.465 128.557
197.312 248.861 127.239
202.333 246.267 127.258
205.176 241.369 126.997
203.131 235.809 124.442
198.186 231.823 122.943
201.023 227.843 125.917
204.625 231.445 130.516
207.147 234.748 136.324
206.445 236.945 142.238
209.521 235.388 145.920
214.227 232.078 148.062
218.440 228.720 148.193
223.302 228.046 144.912
226.830 228.866 140.238
228.830 231.684 135.585
234.778 231.877 136.324
237.704 233.643 139.479
241.155 238.398 138.762
244.552 244.210 138.514
247.115 248.522 142.666
249.283 250.534 148.921
250.691 251.491 153.598
245.890 252.817 156.850
241.344 253.604 158.476
239.118 250.316 158.140
242.881 248.426 158.422
248.670 248.002 159.352
254.146 247.501 161.127
253.516 243.415 165.188
258.354 244.623 161.945
263.908 243.382 159.756
268.153 239.741 157.806
270.400 235.039 155.948
270.209 228.782 155.417
269.164 225.322 150.429
265.506 223.037 146.511
263.999 227.965 142.851
263.479 232.035 138.956
265.853 236.180 135.383
270.264 241.771 135.335
271.844 245.417 140.617
276.901 243.150 141.581
281.169 242.411 137.601
285.173 251.699 161.860
288.277 256.401 166.168
282.772 257.548 168.749
279.379 261.341 172.388
277.596 255.475 170.619
273.934 251.711 174.550
274.294 247.208 178.290
276.887 244.454 182.340
280.168 244.327 187.229
282.904 247.262 191.828
282.226 253.443 194.422
280.094 258.073 196.166
278.119 264.751 195.736
278.598 269.743 194.684
273.560 272.222 195.585
268.127 271.218 198.100
266.050 268.187 203.601
266.180 265.919 208.729
269.091 265.143 213.926
272.846 266.340 218.008
273.899 271.212 220.653
273.197 276.336 222.658
269.741 281.341 222.117
263.927 284.072 220.873
258.271 284.241 218.895
254.535 281.795 215.186
255.985 279.906 208.996
256.725 276.775 204.187
255.234 274.414 199.505
250.792 274.865 196.758
245.989 278.448 192.984
245.235 282.207 196.982
242.400 281.782 202.453
241.401 277.653 207.282
241.642 272.251 210.200
244.971 267.305 211.443
249.367 265.131 212.660
255.191 265.969 216.084
259.109 269.619 219.754
260.508 267.669 214.629
262.758 270.717 209.801
266.046 274.599 206.640
270.094 277.864 205.297
275.960 277.443 204.732
280.847 275.178 205.717
283.004 269.841 205.570
282.343 264.080 205.131
279.258 259.326 201.683
277.108 254.822 198.268
273.023 254.399 192.893
271.743 255.597 187.782
270.377 260.118 184.659
273.523 266.299 182.484
269.714 270.338 179.022
272.479 274.781 175.819
275.534 272.141 171.464
269.612 274.006 172.044
270.655 271.899 165.615
272.845 268.567 163.025
272.453 261.655 161.638
275.162 257.042 162.389
275.619 251.595 163.523
272.506 247.121 163.361
267.595 250.192 163.786
263.359 252.079 167.473
261.669 253.068 172.813
266.343 254.753 176.895
271.589 257.277 178.594
275.663 261.573 180.107
281.667 261.824 179.331
287.202 259.854 179.817
290.527 255.949 179.140
291.680 250.826 176.374
290.555 245.809 173.347
287.633 242.995 169.623
283.015 244.351 165.510
279.176 245.939 161.661
281.383 242.396 157.561
281.490 240.142 152.665
278.449 238.207 146.740
274.179 240.998 148.908
268.563 241.801 151.112
263.362 240.264 153.008
260.153 236.441 155.716
257.748 233.518 162.000
253.999 228.731 159.526
257.234 226.284 163.422
261.750 228.010 168.122
265.748 230.690 171.239
267.506 235.862 173.535
267.140 241.361 175.235
262.558 245.471 176.403
262.386 248.810 179.903
259.380 249.146 185.052
255.548 246.963 188.930
255.002 242.352 191.837
256.773 238.133 195.053
259.584 234.999 198.189
264.117 237.063 201.543
268.309 240.549 203.251
270.411 245.750 203.687
269.232 251.694 203.616
266.332 256.584 203.736
261.899 261.386 202.274
257.677 262.863 198.344
253.372 261.761 195.037
249.082 257.494 193.958
245.112 254.559 193.963
241.442 252.692 198.112
240.060 253.690 203.679
239.038 257.369 207.697
238.074 263.076 209.145
237.046 269.050 207.511
232.824 271.890 203.451
228.543 272.695 200.044
224.051 271.010 197.509
225.519 266.296 199.684
228.910 262.215 199.387
234.871 260.558 198.245
238.903 256.971 194.235
241.645 263.156 193.233
243.958 267.636 191.898
246.369 269.203 195.406
250.302 267.659 199.420
253.657 264.032 202.680
255.649 259.108 204.105
256.145 253.092 202.961
257.051 248.435 200.359
258.542 245.731 195.832
261.103 247.932 191.039
264.367 249.672 187.902
269.071 247.731 187.600
271.537 242.579 186.900
272.462 237.491 186.355
268.873 233.426 183.798
263.646 230.861 182.290
257.977 231.925 179.667
256.022 233.475 175.540
253.793 239.432 172.385
249.380 243.336 172.902
249.487 248.238 168.591
252.640 253.250 170.392
254.701 251.117 165.090
257.422 257.303 165.462
253.144 259.184 161.117
255.063 253.015 159.762
255.780 250.123 153.797
261.637 249.810 153.705
266.773 248.424 151.080
270.340 247.652 146.945
270.009 253.651 143.227
268.324 257.821 138.917
264.952 261.738 135.894
258.993 263.400 132.852
260.265 265.096 127.286
253.605 262.839 128.219
250.099 259.468 133.133
247.266 260.127 136.686
242.773 259.605 141.269
241.856 265.116 144.675
242.677 267.860 149.909
246.514 268.130 155.206
251.640 266.143 156.867
252.643 265.734 150.684
252.031 259.958 146.857
251.328 256.035 142.127
253.560 250.676 138.567
256.118 246.437 135.970
256.880 241.641 138.494
256.567 237.396 142.432
255.440 235.173 147.584
253.390 233.639 152.477
247.944 234.527 154.669
242.587 236.815 154.709
237.788 239.089 153.949
232.776 240.758 151.649
233.435 243.023 157.490
233.308 243.930 163.037
232.468 242.802 168.401
230.916 237.803 171.316
236.711 241.657 170.348
239.387 238.514 173.984
238.462 232.778 175.136
238.451 227.400 176.395
240.127 222.263 174.419
244.508 220.025 171.928
250.161 220.492 171.092
253.944 223.106 176.341
256.432 225.954 180.063
256.054 229.999 186.327
249.837 228.719 188.499
243.657 232.007 188.117
242.075 235.128 182.119
244.968 237.587 176.824
248.251 237.818 171.980
247.830 236.412 167.116
244.776 234.755 162.954
238.813 233.734 161.879
232.019 233.088 160.987
226.669 230.810 160.493
221.429 232.031 161.230
217.854 236.446 161.235
216.373 241.882 160.140
217.176 246.891 157.378
220.993 250.860 153.273
224.951 252.917 158.462
230.320 253.689 160.686
235.239 256.089 160.394
238.481 260.616 158.447
238.855 265.995 155.975
236.721 271.506 154.360
233.364 276.025 154.977
229.498 279.365 157.917
226.178 280.765 162.506
225.574 280.454 168.166
228.723 279.221 173.094
232.733 279.530 176.000
236.031 276.073 177.380
239.458 281.534 176.065
243.089 285.748 175.108
244.542 291.066 173.342
243.106 296.459 171.674
239.426 300.898 172.453
233.624 302.286 175.901
226.913 301.747 175.869
223.614 306.573 175.373
222.564 301.521 178.076
225.542 295.767 181.224
226.880 297.191 188.209
230.275 299.181 193.468
232.409 302.820 196.074
227.776 306.293 194.860
222.854 308.503 195.359
217.068 308.656 195.556
211.760 306.031 195.056
208.658 300.110 195.650
206.769 295.015 196.392
208.040 294.834 200.895
205.043 293.106 204.066
199.418 294.069 204.391
194.031 295.646 202.370
190.301 296.515 197.995
188.991 295.462 192.477
190.066 292.422 187.193
192.647 286.271 185.579
194.362 281.305 184.936
193.783 276.268 188.318
191.276 272.943 192.358
186.903 271.358 195.314
181.346 270.967 194.740
176.675 271.578 191.672
180.258 274.321 187.173
182.690 280.477 185.213
186.173 278.912 181.796
191.018 278.057 178.088
195.934 278.914 175.635
201.000 280.205 176.174
204.004 279.829 180.720
207.621 285.254 179.486
211.137 290.162 176.505
204.522 289.982 174.967
202.414 291.300 179.775
199.776 294.163 184.917
196.622 296.876 181.104
193.379 294.541 177.555
190.047 294.537 173.063
190.733 298.161 178.980
185.177 300.907 176.490
181.248 295.912 178.786
178.235 296.612 184.830
174.420 292.876 184.773
171.455 290.894 181.595
173.647 289.303 174.919
179.424 289.532 175.673
175.135 284.169 176.111
177.024 279.350 176.426
175.634 275.787 179.533
171.531 273.108 182.952
166.252 272.141 183.996
160.814 272.533 181.827
156.694 273.876 177.683
156.014 274.720 170.902
156.501 275.058 165.660
158.982 273.784 160.756
161.304 280.569 160.719
165.400 280.497 164.550
167.892 285.149 160.490
165.406 283.776 155.976
169.066 281.932 150.884
173.660 282.935 156.203
177.257 281.716 161.975
179.420 280.166 167.070
178.913 276.694 172.286
185.322 275.171 170.420
190.633 273.557 169.126
195.932 274.574 165.881
199.632 277.457 162.929
195.870 273.564 160.598
198.713 277.423 156.801
198.359 284.006 155.469
197.362 289.199 153.769
197.395 293.670 157.270
199.686 296.197 161.935
205.440 294.755 165.660
209.280 293.898 169.482
214.466 293.936 170.058
219.469 292.611 167.108
215.626 298.428 168.049
220.868 300.184 166.255
226.087 298.974 160.733
226.713 293.385 156.400
224.589 287.940 152.577
220.293 284.997 148.939
217.098 284.310 143.136
219.073 284.083 136.907
222.356 284.112 132.333
228.679 282.660 131.297
234.432 280.980 132.271
239.081 278.745 135.303
241.366 275.154 139.478
239.499 269.857 142.741
238.119 271.779 136.375
233.450 269.212 139.885
229.286 271.318 143.207
226.262 273.517 147.876
229.353 279.448 149.520
232.459 284.317 148.997
234.183 289.037 146.523
239.613 293.075 146.996
244.145 297.060 149.784
246.999 301.732 148.136
249.251 298.570 142.997
247.599 293.534 141.272
242.953 288.994 139.109
238.018 289.890 143.596
232.427 294.248 142.352
228.578 297.636 140.479
222.450 297.557 141.679
215.958 299.438 139.192
214.063 299.857 145.798
212.060 299.266 150.800
213.879 302.544 154.993
217.023 306.621 157.702
220.648 310.494 156.875
219.243 313.805 152.456
213.215 315.498 153.378
208.897 318.309 155.725
206.933 321.297 160.484
207.752 323.671 166.317
212.499 323.045 163.242
216.231 319.317 160.181
221.089 316.897 162.101
221.682 313.963 166.446
217.363 311.066 169.437
212.001 308.691 169.623
207.231 306.359 167.048
205.373 303.369 162.248
208.565 298.742 159.023
212.181 294.728 158.720
210.421 289.924 155.669
210.552 284.920 154.033
210.423 280.423 159.507
210.012 277.626 163.653
207.140 276.474 167.591
202.443 278.473 166.164
200.867 280.404 169.885
196.703 281.406 170.074
191.159 281.695 168.305
186.086 283.597 164.065
189.624 287.463 166.664
184.745 290.125 165.149
182.520 287.396 160.364
182.310 282.626 156.453
184.029 277.646 153.764
184.846 272.409 152.697
183.822 267.350 155.251
180.396 264.140 159.233
174.793 264.628 160.855
169.327 267.025 161.516
164.815 268.962 160.329
165.850 266.980 166.510
171.757 268.760 170.503
173.862 275.183 170.499
172.136 279.876 169.177
168.619 284.367 171.085
164.956 287.415 174.730
162.945 288.388 180.436
164.898 288.745 185.810
169.239 287.814 190.086
174.535 286.099 192.136
179.541 285.622 192.296
180.965 288.054 194.956
182.165 284.969 200.851
188.566 282.914 204.130
193.559 281.331 205.120
198.811 283.488 201.030
203.176 285.093 197.959
205.111 288.784 193.686
206.076 293.715 190.601
204.583 299.386 189.323
202.807 304.525 190.792
201.771 308.296 195.157
201.859 310.368 199.891
205.622 310.142 205.625
209.116 308.002 209.793
212.470 313.954 211.777
213.378 319.419 207.447
208.751 319.072 202.555
203.097 317.505 202.873
198.186 319.705 203.692
194.347 324.123 204.126
191.920 328.630 203.761
196.020 330.624 198.592
199.033 332.034 195.000
205.850 331.878 194.700
207.408 333.995 200.265
209.110 333.472 205.561
207.486 332.896 211.300
204.548 330.185 215.857
202.013 325.454 218.733
200.774 320.182 220.340
198.031 315.392 212.764
198.468 314.303 207.776
196.167 312.535 202.221
191.428 307.859 200.053
188.008 303.912 204.653
184.678 299.055 202.919
179.539 298.519 205.746
175.033 301.043 207.783
171.178 305.106 206.621
168.870 309.375 203.540
169.040 312.489 198.352
170.261 313.926 192.739
169.680 312.756 188.533
167.492 308.904 184.788
165.485 304.014 184.622
165.478 303.685 190.035
168.928 301.856 193.809
172.406 297.814 198.148
176.820 297.269 198.719
181.674 301.169 195.521
185.470 304.415 193.661
185.315 308.494 194.766
184.983 313.493 198.196
183.940 316.044 203.014
183.069 316.326 208.392
184.379 313.408 213.217
187.477 310.182 216.398
190.389 305.360 217.171
193.990 302.900 213.670
197.899 299.648 213.473
203.243 298.396 213.985
207.130 300.251 209.608
212.585 303.511 211.225
215.129 300.871 206.847
217.903 296.747 202.598
219.788 291.554 199.996
222.152 288.242 196.955
220.292 288.886 189.924
219.478 293.938 185.713
217.825 298.177 181.936
218.270 303.848 179.519
219.774 309.249 178.767
222.838 315.016 179.052
217.714 319.050 176.368
212.564 316.373 179.823
211.866 311.742 182.970
210.820 308.647 187.225
207.420 310.520 191.675
202.693 313.914 193.211
197.710 317.319 192.158
192.867 318.847 187.469
189.660 319.204 182.661
187.382 316.665 177.646
185.854 312.804 173.840
184.313 307.645 172.768
181.653 304.561 175.233
175.839 304.620 176.946
176.519 308.598 180.948
179.810 308.843 184.769
185.543 307.372 188.076
189.314 304.388 191.319
195.608 302.760 188.882
196.738 303.055 183.119
199.195 304.942 178.255
201.370 309.904 174.721
202.790 315.743 174.143
203.671 321.276 176.369
205.314 324.955 180.327
208.730 326.267 184.837
213.103 325.651 188.328
217.832 322.659 188.250
223.599 319.947 188.627
228.247 316.153 188.818
231.961 312.120 187.240
235.217 311.154 181.649
239.739 307.055 181.782
241.394 302.259 181.048
240.544 296.663 178.920
239.170 289.939 180.119
236.082 286.911 182.582
231.443 285.308 181.337
226.965 286.610 177.247
226.502 289.531 171.040
227.673 291.360 166.294
231.747 290.501 161.991
236.554 288.106 159.602
240.813 284.308 159.021
241.114 277.620 160.267
240.617 272.254 162.596
237.386 267.967 164.291
232.140 265.375 164.248
226.562 263.371 165.064
222.703 265.063 163.303
217.640 269.360 161.030
216.441 271.659 167.820
221.751 273.751 169.241
221.026 274.219 175.812
218.712 268.128 174.233
219.151 264.051 171.295
221.252 258.699 170.575
224.730 254.601 173.653
226.060 250.476 176.921
225.209 246.374 181.174
221.950 243.373 184.984
217.799 241.561 187.177
214.137 237.602 186.566
211.079 235.434 182.265
209.897 234.151 176.994
212.494 231.330 172.975
216.726 228.555 170.002
222.266 226.517 169.021
227.707 225.033 170.926
231.571 223.535 175.215
233.206 221.471 180.292
231.926 217.696 183.812
230.854 211.588 184.029
225.464 207.601 182.735
220.363 205.606 181.790
220.676 202.333 175.611
220.978 201.596 169.535
223.809 202.173 164.350
228.707 201.836 161.499
233.804 199.987 160.125
238.309 196.370 161.567
240.115 191.435 164.413
240.673 193.278 157.570
247.762 191.470 159.548
249.817 187.526 162.156
251.456 182.114 165.064
251.256 175.527 166.955
251.434 169.889 164.828
249.723 166.017 160.483
249.943 160.369 157.436
250.442 154.558 154.493
248.909 150.501 150.477
245.752 145.999 145.902
246.097 146.767 140.052
249.858 146.253 134.461
247.198 147.514 129.491
245.762 153.887 130.246
241.998 158.529 134.362
238.302 160.335 139.907
235.875 160.674 145.270
235.776 163.612 149.282
239.995 166.423 153.862
238.724 170.226 157.842
235.100 174.730 161.323
234.262 181.015 164.806
237.836 183.612 169.341
236.126 190.426 170.574
229.837 188.576 173.337
228.972 192.564 178.053
233.025 196.204 177.648
236.168 201.620 176.109
236.362 206.987 173.418
235.180 211.727 170.929
230.813 215.635 168.884
225.411 217.590 168.908
220.504 219.038 170.147
219.956 221.596 175.197
217.567 221.186 181.797
216.929 223.243 186.022
220.437 228.057 187.047
224.011 232.669 185.743
226.665 236.571 182.135
227.076 239.718 177.255
225.194 242.204 171.943
221.111 244.772 168.137
214.693 246.442 167.872
208.641 246.151 171.767
211.003 252.445 173.274
211.785 256.569 178.687
212.917 257.081 184.349
215.554 258.448 188.584
220.404 259.951 190.240
226.238 261.799 188.063
231.268 262.030 183.469
234.822 262.063 179.647
235.986 263.906 174.261
236.561 266.836 170.598
238.783 272.172 170.846
238.097 268.774 176.170
235.035 266.833 181.005
236.459 269.395 185.513
241.851 268.527 181.492
240.545 262.378 178.324
239.644 258.031 175.415
241.984 252.654 174.788
244.691 247.816 176.112
247.461 244.072 179.181
249.105 242.398 184.753
244.809 242.860 190.158
241.353 244.763 194.563
236.632 247.027 196.801
230.604 247.017 196.091
230.184 248.217 190.988
231.712 250.226 185.490
233.241 253.864 180.986
238.016 257.467 184.089
242.670 259.310 186.785
248.245 258.912 188.325
253.382 258.288 187.062
257.048 257.473 182.872
258.074 258.184 176.767
256.095 259.569 171.029
253.452 263.701 167.796
248.091 265.336 163.679
243.335 265.822 165.564
247.160 271.238 166.514
248.906 276.740 168.204
252.245 280.465 171.181
249.726 284.632 166.606
255.610 285.861 164.505
256.976 286.214 170.627
226.794 154.652 272.804
232.838 155.048 269.094
235.741 160.543 266.454
236.102 166.342 264.459
234.429 170.905 269.742
234.632 172.648 275.483
238.213 173.408 279.928
239.935 172.274 286.674
246.359 176.235 288.230
252.235 179.030 285.891
254.945 183.986 283.586
251.963 189.600 282.924
248.591 194.200 281.405
247.838 199.361 283.935
247.444 203.332 288.830
248.930 204.964 294.655
253.260 205.616 298.250
258.921 205.065 299.116
263.996 204.961 296.889
265.279 201.811 291.788
269.111 199.707 287.871
273.155 197.663 283.873
276.600 197.019 278.882
278.999 191.247 278.278
284.145 191.405 275.828
286.387 192.520 271.094
285.929 194.067 265.528
282.783 197.175 262.365
279.976 201.428 261.724
278.324 205.174 255.711
276.102 202.238 249.669
272.938 198.121 253.400
275.261 194.577 255.979
279.317 190.853 258.789
285.283 192.844 257.359
287.588 197.970 255.899
290.460 202.011 253.566
289.918 208.435 251.650
288.885 213.718 250.431
283.184 217.040 252.833
281.781 221.322 258.122
277.292 221.752 259.473
270.353 221.261 259.176
266.287 223.263 262.402
263.621 224.969 267.739
257.628 227.758 267.209
251.203 227.660 269.282
247.442 226.291 265.543
243.226 224.825 261.143
238.194 221.314 260.188
233.197 218.635 261.272
228.467 219.183 264.701
224.863 222.478 267.225
222.467 228.239 266.734
225.460 224.597 263.556
229.308 223.950 260.521
234.158 228.089 260.695
237.470 233.353 261.197
238.971 233.100 267.171
238.486 229.752 272.046
239.019 225.469 274.291
242.709 224.323 277.694
246.854 219.382 278.920
251.923 223.056 280.024
252.971 220.923 286.285
251.603 222.040 293.217
244.857 221.812 294.356
239.290 220.298 294.334
234.033 222.447 296.230
230.938 227.228 296.711
230.841 232.933 295.273
228.758 227.057 292.577
228.027 231.707 289.085
228.780 237.238 288.176
231.444 242.355 286.091
234.520 242.039 280.297
234.687 240.725 274.920
231.897 239.075 270.738
226.804 240.085 269.332
223.767 237.758 273.245
223.208 231.083 274.906
225.976 225.601 276.020
232.330 225.043 278.733
237.265 226.043 281.440
239.363 227.911 286.434
242.921 230.349 291.327
245.611 234.045 295.135
246.015 235.828 299.988
244.825 233.020 304.712
245.727 228.907 307.915
244.328 221.876 307.656
247.694 217.977 307.028
249.819 211.188 306.747
253.163 208.055 305.764
254.326 202.985 304.178
251.066 197.471 302.675
248.740 191.427 301.583
243.210 189.678 297.467
237.569 193.574 296.444
234.292 193.055 292.373
236.154 187.880 289.784
236.719 183.301 285.892
239.367 180.246 280.000
239.114 181.198 273.422
237.897 188.002 273.799
238.592 191.699 277.313
242.934 194.353 279.760
244.199 193.156 274.192
246.181 188.594 273.673
251.307 184.836 275.478
257.331 183.809 272.855
257.869 188.992 271.111
257.801 189.712 264.660
257.853 186.041 260.541
255.802 183.795 255.550
252.911 186.587 251.276
252.747 190.677 248.015
256.235 194.639 245.710
258.621 195.501 251.142
258.515 198.839 255.487
256.991 201.106 260.551
251.010 199.490 262.521
246.766 196.132 263.544
246.353 191.295 265.851
244.847 185.580 268.529
244.303 180.662 271.674
246.211 173.732 271.036
247.105 170.171 274.853
246.282 166.555 280.789
243.448 163.961 285.158
246.890 161.678 289.931
252.310 161.400 287.789
255.918 158.905 285.179
258.351 157.472 280.111
256.671 153.653 284.995
253.276 150.448 280.898
249.043 149.383 277.191
245.124 146.624 280.566
238.920 148.079 283.357
239.397 154.971 283.102
234.567 157.953 280.053
229.365 159.342 276.192
224.615 161.437 274.977
222.489 165.901 272.184
221.022 168.387 268.156
221.102 169.455 262.703
221.563 164.926 259.666
220.759 159.045 258.879
219.587 153.375 258.963
218.107 149.049 262.581
215.071 152.898 257.688
210.136 156.663 256.790
205.458 158.716 254.518
200.144 157.531 251.177
199.972 164.414 249.624
198.709 167.028 255.506
198.670 173.872 256.201
200.658 175.947 261.413
203.619 170.086 263.877
200.047 170.268 268.523
195.361 169.543 271.975
191.794 167.097 273.832
190.941 160.998 273.633
189.705 155.559 273.948
194.164 155.852 270.926
198.028 157.327 267.286
197.750 161.602 263.497
195.199 163.830 258.964
190.230 164.210 256.321
187.043 167.618 257.339
186.774 173.702 258.497
188.836 178.838 260.005
193.348 182.147 259.266
199.956 182.365 260.019
203.666 186.015 262.620
206.372 189.225 266.024
207.603 195.190 266.185
207.650 200.389 263.489
207.690 205.548 260.863
201.676 205.745 259.450
200.160 200.649 261.059
199.433 195.378 259.891
202.795 190.191 258.747
206.351 190.168 255.568
206.757 187.495 250.538
207.150 193.018 247.572
213.307 191.831 250.811
217.744 192.150 253.734
220.139 187.779 255.642
221.243 182.485 256.768
219.822 180.453 261.858
220.373 178.024 267.312
223.216 176.873 272.106
226.649 179.791 275.534
228.946 184.577 277.296
228.594 190.229 277.210
227.124 194.905 276.800
221.688 198.146 277.848
222.338 201.631 283.319
225.253 206.052 285.990
225.547 212.021 288.939
224.127 218.122 291.317
218.775 221.286 293.819
212.737 221.257 294.227
208.854 216.389 296.122
206.933 212.121 299.189
207.572 208.397 303.712
210.480 206.299 308.645
214.340 208.152 313.631
216.949 211.893 316.786
217.322 217.589 318.827
214.604 223.279 318.538
218.579 227.762 317.410
221.333 221.609 315.600
223.377 217.513 312.492
228.367 215.966 310.086
233.452 219.887 307.301
231.418 226.134 307.938
230.207 229.723 302.283
224.455 229.898 300.773
218.511 230.182 301.647
213.746 231.353 305.078
207.911 228.944 307.739
210.500 223.174 304.920
216.260 223.022 303.534
221.338 219.886 303.130
224.382 215.009 302.387
224.521 209.486 300.546
222.472 204.884 297.601
219.161 202.421 293.565
216.841 203.608 288.423
219.961 204.652 283.954
221.648 207.159 277.908
226.173 204.547 273.345
229.347 201.687 269.731
231.112 201.266 264.073
231.557 202.443 258.584
234.390 206.737 254.634
236.035 210.605 250.116
239.360 215.880 251.744
243.819 218.739 253.851
249.016 219.938 256.610
254.038 218.283 259.050
258.150 214.787 258.160
260.211 209.526 254.208
260.840 206.634 249.649
260.508 205.464 243.676
261.737 203.884 237.612
259.390 198.735 235.823
256.464 200.256 232.292
254.588 205.279 229.855
256.411 209.491 228.177
261.125 212.768 227.301
266.996 213.957 227.707
272.649 212.850 228.357
276.548 209.115 226.497
278.673 203.724 224.448
276.038 198.667 220.751
272.855 194.771 217.899
269.497 192.877 214.483
266.504 193.289 209.021
268.769 190.435 204.973
267.130 190.388 199.317
264.918 193.065 194.707
263.492 197.869 192.140
262.354 202.368 195.807
266.849 206.014 194.665
267.532 209.044 201.408
262.051 212.146 204.741
257.632 207.383 206.748
255.858 203.074 204.967
252.711 198.184 204.444
251.784 192.685 205.354
254.643 188.505 208.804
256.649 187.040 213.396
258.627 187.444 219.155
257.262 192.925 222.289
253.434 196.315 224.051
247.326 197.219 224.235
241.782 198.304 220.053
236.830 196.339 218.852
232.990 191.811 218.261
230.567 187.016 218.684
230.486 182.645 222.243
231.271 179.888 226.862
230.480 182.048 232.348
232.811 185.330 238.113
235.599 178.878 238.709
240.118 177.354 234.847
242.745 180.888 236.810
243.081 185.924 238.504
243.773 191.242 236.095
244.887 190.019 229.170
246.815 185.770 224.908
246.884 182.167 220.401
247.968 184.254 214.653
246.527 187.607 209.366
244.096 191.870 206.875
246.930 196.496 208.239
251.321 200.149 207.998
257.069 201.334 208.744
261.883 199.235 208.608
263.320 205.698 207.741
263.212 210.100 213.414
261.046 207.688 218.107
258.968 203.709 221.755
259.736 199.660 225.741
263.330 196.953 229.949
266.518 196.145 233.999
269.060 198.682 238.163
269.092 203.501 241.255
267.161 208.751 243.128
263.365 213.306 243.607
259.316 215.601 244.172
254.867 216.981 247.761
247.667 218.587 249.041
249.776 223.784 245.099
253.633 220.499 240.635
256.549 218.374 237.051
255.899 216.618 231.275
253.402 216.168 226.685
248.465 214.725 225.186
241.790 215.623 225.214
238.765 213.165 230.323
240.799 211.268 234.537
243.448 207.237 235.365
247.515 204.888 238.660
250.575 204.511 243.456
247.687 198.731 243.870
243.214 199.161 239.260
242.285 204.557 242.287
239.839 210.268 239.195
238.037 213.936 244.445
243.466 211.191 247.696
244.042 206.465 250.918
245.488 202.770 254.664
246.453 202.587 260.197
246.039 205.186 265.271
243.436 209.191 268.028
239.729 213.557 269.163
239.563 206.612 269.314
234.899 207.514 265.795
231.158 211.573 267.436
226.021 213.891 265.802
221.548 213.168 263.267
215.608 211.296 260.712
215.835 206.774 259.196
214.957 201.301 259.776
214.859 196.632 263.283
215.172 193.943 268.529
214.524 193.725 273.492
215.024 187.549 276.877
208.958 188.464 279.377
203.679 188.104 281.103
198.516 189.813 282.976
194.780 194.078 284.154
192.843 199.462 283.728
192.557 204.507 281.151
193.902 206.921 275.912
193.156 211.011 271.607
192.805 215.347 268.646
194.064 220.290 264.362
198.437 225.536 262.753
202.522 229.424 262.373
207.746 230.892 261.276
213.271 229.938 259.121
216.123 224.770 258.619
212.560 219.696 257.229
208.492 215.851 255.077
210.026 213.897 261.186
211.972 215.335 267.024
212.213 218.881 271.593
209.301 222.034 275.354
203.916 224.509 277.468
197.830 223.278 277.806
194.692 218.668 278.875
194.589 213.132 280.734
196.775 208.726 283.353
198.778 207.489 287.824
199.312 206.789 293.516
197.737 209.859 298.813
194.988 215.141 301.337
191.424 219.571 302.017
186.276 222.099 300.301
182.002 224.377 295.127
180.715 222.664 288.326
179.822 220.926 283.675
176.251 219.563 279.886
170.935 220.456 278.078
165.758 219.910 282.648
161.282 224.139 279.288
160.527 230.311 277.327
163.820 235.116 276.111
168.183 237.793 273.765
170.489 238.100 269.365
167.429 241.474 265.101
168.622 244.014 260.434
165.565 243.941 255.413
164.903 241.054 248.962
163.907 236.182 253.448
163.613 230.925 255.804
166.827 228.129 259.899
166.020 222.636 262.148
168.493 218.546 265.382
173.084 220.429 270.198
177.084 223.046 273.714
178.432 225.697 278.190
176.880 225.440 283.193
173.315 223.200 286.646
171.500 219.920 291.997
166.955 215.848 293.184
168.974 210.693 291.830
172.387 206.418 290.310
178.924 206.451 290.516
185.237 208.358 289.381
187.337 213.433 285.850
189.930 218.514 285.274
194.316 222.351 286.264
199.529 223.621 288.773
204.223 223.290 290.699
208.777 220.354 288.042
212.045 217.126 285.455
211.377 214.226 280.566
210.435 211.334 274.621
206.605 209.987 270.033
203.489 210.964 266.071
203.224 215.702 262.596
200.874 212.727 259.521
195.689 210.329 256.750
190.888 207.717 253.189
185.330 205.970 251.904
179.809 206.507 252.466
176.033 210.694 253.041
174.576 216.170 253.521
175.835 221.178 251.720
180.459 222.763 246.830
184.666 223.950 243.215
188.028 223.038 239.183
188.262 219.264 235.243
181.921 218.176 236.165
181.081 213.109 237.734
184.595 209.875 242.491
186.804 206.512 245.575
191.249 207.703 247.983
193.816 211.109 249.659
194.826 215.940 252.818
193.702 220.582 256.163
189.560 220.102 261.426
185.768 218.349 265.289
183.012 214.282 267.915
182.359 208.526 268.803
183.554 202.881 267.979
187.281 198.968 266.713
192.463 196.733 265.866
197.122 196.833 268.008
192.941 192.190 268.592
190.429 187.722 267.694
186.274 184.194 265.213
181.773 182.810 261.894
178.923 183.745 256.829
179.261 186.165 251.403
184.434 182.874 254.744
188.935 186.820 256.552
190.796 192.918 257.673
185.838 196.433 255.682
181.972 200.310 259.236
177.976 199.387 260.784
175.203 197.125 265.427
174.920 194.629 270.472
177.898 193.909 275.169
182.218 191.980 278.845
185.159 189.117 282.608
187.457 183.078 279.681
188.983 177.024 279.825
187.602 172.254 280.279
183.991 170.210 278.452
178.101 168.447 279.525
173.967 172.405 276.146
169.257 176.027 275.012
166.725 181.131 273.150
168.100 186.622 269.068
169.293 190.441 265.834
170.873 190.707 260.341
170.771 186.318 256.344
170.482 186.160 249.954
164.635 184.082 247.220
160.281 185.445 241.655
158.446 188.733 236.452
156.311 185.840 232.305
154.955 188.228 226.175
151.711 191.801 222.987
148.879 194.209 217.964
144.677 195.284 214.462
139.569 193.098 210.640
137.143 190.096 207.135
132.168 192.962 203.495
132.522 197.356 199.310
133.426 201.791 195.617
131.577 206.434 190.734
130.750 213.096 189.298
131.167 217.286 187.737
137.665 214.274 189.341
138.987 218.864 190.875
139.585 223.608 190.934
142.332 227.041 189.586
148.256 228.773 187.949
152.202 229.500 185.144
155.492 226.506 182.900
150.041 225.300 184.570
146.049 221.973 188.019
146.218 219.369 193.294
141.851 215.830 194.363
146.415 216.891 198.408
152.625 217.629 198.858
152.002 222.449 202.598
149.873 227.713 205.262
145.485 232.037 206.647
139.647 228.646 208.392
134.476 226.557 207.679
133.216 221.564 205.074
126.817 221.913 203.777
123.139 218.182 200.878
120.017 213.372 200.853
117.477 208.391 202.742
122.778 208.168 207.407
128.124 210.698 205.527
132.531 212.875 203.686
135.263 216.768 202.678
141.666 218.277 201.458
143.752 214.530 206.908
148.125 211.038 208.348
152.991 207.448 205.915
156.360 205.365 199.985
157.024 205.685 193.920
156.250 210.041 189.878
152.754 212.951 189.921
147.707 213.941 189.740
143.045 208.801 189.770
142.508 201.953 190.451
145.408 196.917 194.742
141.894 197.345 200.162
140.082 198.528 206.607
137.510 201.319 210.748
133.625 204.593 213.031
128.858 204.356 212.379
124.460 200.632 211.055
121.839 195.993 209.485
123.406 191.825 213.367
126.132 188.934 218.695
132.608 191.010 221.196
135.343 192.887 225.154
139.689 195.283 227.918
142.551 199.131 224.505
146.707 198.678 229.363
150.606 199.775 232.230
155.248 197.978 228.930
161.013 198.094 227.424
166.300 197.169 229.906
171.863 192.502 230.001
175.594 189.349 227.452
181.993 189.734 228.470
187.057 187.159 228.600
193.757 185.191 229.820
191.397 179.165 228.535
186.196 181.480 232.044
182.767 181.987 236.687
181.151 179.598 243.034
176.692 175.115 241.964
172.762 171.858 241.084
167.054 170.528 241.787
161.418 170.443 243.023
159.539 171.986 246.550
156.824 169.325 251.267
157.199 170.436 256.758
155.609 174.013 262.040
155.354 179.080 265.463
161.457 177.246 268.638
167.419 175.311 268.757
173.201 175.669 267.942
177.086 179.559 268.586
181.157 182.056 273.487
181.340 187.901 276.443
178.480 189.273 279.751
175.939 187.208 284.428
174.790 182.865 288.348
175.695 178.611 291.547
179.630 179.902 294.172
183.544 182.526 296.313
187.658 187.505 295.680
190.132 191.322 291.542
191.336 188.848 286.915
194.215 187.709 280.358
195.686 193.895 276.890
200.054 198.049 273.632
204.002 199.438 272.507
208.039 202.641 274.543
208.667 205.021 279.982
208.137 204.716 285.725
207.105 202.269 290.913
207.163 197.592 294.245
208.536 191.750 295.761
211.972 186.025 294.649
215.180 182.434 292.062
221.314 181.703 292.321
226.847 181.415 292.039
231.055 182.871 294.512
233.812 185.204 299.139
233.178 186.717 304.433
230.677 185.515 309.146
227.066 182.599 312.324
225.993 176.306 311.078
226.310 171.417 308.147
225.657 167.629 302.532
219.803 169.256 299.163
218.485 174.914 295.650
216.877 181.391 297.882
215.474 186.447 300.783
216.015 191.604 303.111
220.001 196.054 299.787
222.998 197.927 295.800
225.347 198.069 290.565
230.490 195.784 286.509
226.233 193.282 282.635
222.771 190.354 281.117
221.226 184.646 277.406
217.291 183.432 272.441
218.124 186.764 268.606
220.782 189.353 262.641
223.392 194.212 259.813
226.263 189.386 258.676
229.488 189.701 261.078
234.167 186.543 261.587
236.978 181.536 262.539
236.229 175.578 262.029
233.898 170.930 260.757
228.956 167.993 257.740
224.406 167.684 252.961
221.725 168.421 248.507
222.947 170.981 243.394
223.946 164.758 246.558
227.626 163.636 241.492
228.532 166.957 237.368
232.592 169.636 233.923
237.538 169.133 232.738
242.187 166.264 232.281
248.908 164.151 233.485
250.893 160.187 229.293
248.655 154.875 228.028
248.770 149.294 227.214
250.966 144.123 227.948
255.636 141.395 230.785
260.380 141.881 234.088
264.328 147.903 234.080
267.072 149.843 228.148
264.879 150.655 221.708
261.555 152.152 217.105
257.412 155.469 214.151
255.343 160.509 212.874
254.617 166.556 213.067
255.312 172.113 214.318
258.745 176.372 215.787
256.598 176.184 221.152
261.526 176.108 225.948
266.859 174.629 228.413
272.482 175.269 229.989
275.414 180.815 232.222
275.928 186.545 233.694
273.186 190.166 236.646
269.904 190.364 241.138
268.172 187.202 245.583
269.014 184.216 250.018
268.642 177.296 251.113
266.678 170.645 249.679
264.493 169.729 243.031
267.198 164.736 240.880
267.334 158.631 244.190
267.859 154.305 247.956
266.261 151.795 252.438
261.564 151.074 255.853
256.859 151.654 257.896
252.348 152.247 254.654
248.272 154.504 256.003
246.368 159.479 255.465
246.563 164.183 253.247
246.905 165.231 247.846
248.766 165.938 241.069
244.455 162.580 244.129
246.886 158.173 245.657
251.067 154.084 245.663
256.112 151.350 244.956
260.326 157.244 242.707
258.078 162.661 239.922
255.711 166.081 244.086
254.690 169.738 250.624
259.159 168.378 255.013
263.200 167.872 258.692
269.092 166.592 259.700
274.390 165.376 257.727
278.620 165.029 254.610
281.507 168.319 249.281
280.474 168.722 242.286
283.388 175.014 240.833
288.346 178.530 243.083
292.088 181.901 238.311
289.556 184.479 232.585
285.622 187.372 231.494
284.653 193.025 234.268
285.676 196.354 239.967
287.221 197.958 244.810
292.066 202.273 243.141
298.394 203.642 241.111
296.677 209.647 242.693
297.748 216.194 241.637
299.174 221.410 239.783
297.984 223.471 233.281
297.779 222.654 227.189
295.620 220.568 222.490
292.450 218.989 219.081
289.861 215.524 214.652
286.428 213.075 208.591
285.226 206.848 209.759
282.869 201.769 209.579
279.291 199.017 205.877
286.312 199.151 207.002
290.055 204.128 204.263
288.491 207.709 198.824
285.643 210.783 196.347
280.947 214.526 196.100
276.956 216.892 198.759
274.021 218.881 204.119
269.407 217.081 209.412
273.027 217.988 215.187
279.243 216.662 217.611
278.304 210.276 220.030
284.574 208.579 220.288
290.154 207.602 224.375
296.976 206.385 224.562
303.146 209.082 226.395
307.848 212.149 227.569
311.587 212.971 231.852
313.284 212.307 237.383
313.609 209.771 242.360
312.683 204.607 245.147
311.497 199.422 245.657
311.489 193.036 245.726
308.171 188.018 246.064
302.573 184.641 245.115
296.267 182.513 245.510
291.411 182.851 248.854
285.815 183.426 249.131
280.946 182.402 247.776
279.387 177.723 244.336
276.296 175.620 238.589
273.073 172.555 237.119
267.310 172.376 235.495
261.141 175.074 236.901
261.073 180.187 241.265
259.504 185.231 242.648
255.196 188.980 243.203
248.501 187.032 243.057
251.684 182.489 244.114
253.032 176.048 243.439
251.814 176.847 237.155
248.637 177.086 232.008
249.992 181.839 228.017
252.146 186.374 226.982
257.213 188.918 226.530
262.382 190.016 225.859
266.737 191.203 222.744
271.171 188.634 219.128
273.540 184.560 216.300
273.636 180.200 213.875
269.956 177.272 209.782
264.414 176.600 209.123
265.832 169.643 209.711
268.587 165.701 214.660
269.889 165.333 221.400
267.101 166.067 224.971
261.609 165.836 228.308
255.165 164.067 228.999
248.954 166.122 226.734
244.002 165.198 227.032
242.630 161.231 229.528
241.242 156.175 227.606
237.216 152.183 225.968
231.871 150.980 224.285
227.824 153.176 220.575
224.253 159.391 220.054
222.727 163.289 220.445
220.688 168.804 219.487
222.813 174.205 219.859
227.451 177.546 219.355
232.811 178.607 217.318
236.911 177.598 213.500
237.016 174.985 207.701
235.861 174.058 202.425
231.132 173.824 197.858
225.568 173.109 195.475
223.791 173.794 191.078
223.240 179.004 190.750
223.921 183.939 191.404
225.088 188.989 196.072
220.701 192.135 199.818
216.486 189.996 202.945
215.565 191.090 207.582
217.228 194.268 211.680
220.495 195.807 207.245
225.263 195.543 204.708
231.054 194.020 208.468
233.519 189.660 210.184
237.310 186.012 209.550
238.971 183.141 205.642
240.959 182.303 199.569
241.220 183.960 193.783
241.813 190.728 192.715
240.462 197.240 193.829
239.347 202.864 191.891
236.457 208.166 192.394
233.813 212.541 195.166
233.083 215.955 199.829
234.331 218.238 204.852
238.212 219.033 208.740
244.101 218.835 210.420
246.400 214.490 209.199
248.309 209.125 208.844
250.823 205.129 211.609
251.493 204.657 217.861
249.205 205.646 223.386
245.823 206.099 227.342
241.676 202.680 229.373
243.969 198.063 228.575
238.460 200.067 229.363
236.811 200.030 224.767
237.377 202.208 220.351
240.776 203.839 215.708
240.188 210.233 213.348
239.536 216.499 215.492
241.369 217.983 220.215
246.920 220.317 219.946
252.064 221.129 217.385
256.137 221.557 214.368
257.967 225.948 209.968
256.388 230.469 207.775
253.779 235.534 209.149
252.148 239.539 213.358
252.622 242.248 218.162
255.110 243.865 223.330
259.452 244.166 227.094
264.759 244.946 227.373
270.515 245.207 230.164
274.283 239.872 231.730
276.240 236.059 236.816
276.041 229.208 239.125
272.877 225.350 234.783
269.977 224.818 229.565
267.545 228.856 226.050
273.560 225.664 226.137
277.571 229.241 224.754
275.514 233.007 220.624
271.267 238.335 218.311
266.511 238.748 214.961
266.455 232.381 214.772
266.152 229.784 219.557
262.739 228.490 224.098
257.564 228.474 227.235
251.836 229.089 227.682
247.052 227.798 223.040
244.186 226.030 218.715
243.279 223.190 213.323
247.169 222.854 207.284
249.578 227.074 203.321
250.752 228.544 198.173
247.482 231.901 195.817
244.555 236.148 196.026
243.517 239.638 201.988
242.024 242.105 206.096
239.544 245.540 207.716
238.599 249.061 211.818
238.266 251.309 216.989
235.965 254.522 222.683
233.844 252.286 226.538
235.125 249.040 230.357
239.268 246.649 232.780
245.151 245.498 232.782
250.298 246.921 230.827
254.032 251.057 228.682
253.809 258.260 228.271
248.008 261.975 228.993
245.999 261.407 222.309
240.167 259.677 222.882
242.529 255.397 218.409
244.063 250.443 216.341
244.285 245.298 215.699
241.795 240.248 213.860
245.341 237.539 217.916
239.808 236.723 220.709
235.052 235.022 223.326
229.662 236.912 219.477
225.586 240.271 215.962
223.395 242.466 210.491
216.570 242.488 210.056
210.875 243.856 209.571
206.116 246.498 207.456
203.293 249.171 203.204
202.120 250.413 198.469
203.915 247.749 193.798
199.910 245.993 191.247
199.508 239.044 190.821
204.538 239.154 195.601
208.915 237.559 199.186
213.550 239.964 198.414
216.580 246.074 196.528
219.423 250.112 194.929
218.391 255.502 197.328
216.505 259.223 201.471
214.975 260.730 206.731
214.864 260.162 212.214
218.745 258.512 216.438
223.088 256.233 218.856
228.905 253.938 217.989
228.899 252.619 212.415
226.956 250.666 207.540
225.097 245.103 205.398
226.120 240.744 202.284
229.109 238.782 199.362
231.208 234.585 196.107
231.331 228.622 196.173
228.364 223.606 197.785
223.347 220.555 199.454
221.114 217.978 204.647
227.690 216.206 205.993
224.195 217.383 210.509
220.422 222.964 212.071
216.646 219.819 213.672
212.172 218.442 211.059
208.170 219.128 206.616
213.470 214.834 207.510
213.192 215.307 202.008
210.260 216.862 196.597
209.341 216.961 192.102
212.313 213.548 188.044
215.579 209.605 185.928
218.885 204.709 186.430
220.228 200.262 188.235
216.060 197.398 188.075
212.507 201.253 190.299
211.508 203.498 194.915
213.324 207.294 199.389
218.036 209.592 202.795
222.513 209.170 202.789
226.033 211.971 199.382
227.278 216.070 195.689
226.544 220.575 192.921
223.545 225.812 193.736
222.290 229.204 197.198
218.167 233.470 201.339
216.642 229.046 204.371
216.826 231.333 208.206
218.629 234.071 214.388
223.081 230.283 210.914
228.838 230.410 212.487
233.315 233.896 210.999
238.765 234.700 210.198
241.211 231.973 215.885
238.495 226.872 214.549
236.332 226.738 209.106
234.640 224.606 204.747
235.449 220.871 199.660
238.648 217.419 195.172
243.891 215.658 193.220
246.460 211.584 194.257
246.851 207.214 197.989
245.127 204.409 203.212
244.635 203.570 210.008
239.498 203.301 209.612
234.634 203.255 211.423
229.112 203.734 209.880
226.400 201.366 204.203
224.691 199.225 198.894
225.729 196.728 193.322
227.263 193.709 188.864
228.810 188.898 187.842
230.594 183.853 190.764
233.149 180.525 196.485
228.903 178.174 201.212
226.364 180.560 206.795
221.178 180.486 208.070
215.548 178.765 206.517
211.373 176.178 203.259
215.455 174.493 208.360
219.734 169.634 210.315
223.017 164.669 209.319
227.062 161.775 210.356
232.249 160.685 213.764
235.922 161.853 217.977
237.566 164.528 222.917
236.632 167.475 227.579
231.045 167.427 229.990
226.542 164.936 231.221
225.661 160.490 234.418
228.046 156.455 238.132
232.007 154.003 241.080
235.049 156.112 244.407
237.155 161.215 247.927
238.299 166.289 249.707
234.386 170.487 249.041
232.780 176.588 249.081
230.203 181.614 248.668
225.410 184.826 248.757
220.025 183.471 251.124
216.233 182.200 254.014
215.512 177.410 256.120
213.127 171.920 256.706
209.841 168.564 252.626
204.986 167.465 249.684
201.828 170.758 245.430
200.077 175.196 240.704
196.195 178.135 237.532
191.875 181.787 236.583
188.463 185.810 238.413
188.183 189.794 242.929
190.395 192.970 247.130
193.938 195.579 249.951
198.758 193.209 247.446
198.424 193.618 241.571
198.315 186.973 243.391
201.253 180.794 243.423
198.807 179.694 247.775
195.578 177.975 253.278
190.759 178.547 253.665
185.879 176.476 251.931
183.238 173.087 248.050
185.152 168.824 243.462
188.564 165.580 239.950
192.925 162.373 240.365
196.179 158.239 242.940
202.030 159.873 245.297
207.550 160.918 246.695
213.377 161.233 245.438
217.562 162.797 240.269
220.751 163.306 235.747
220.690 166.528 231.283
218.896 172.334 229.300
216.754 177.297 228.788
210.920 181.554 229.248
208.294 183.914 233.462
207.651 185.033 239.528
209.777 185.280 244.932
212.564 188.346 243.198
216.822 186.990 244.237
221.674 187.975 245.996
225.044 191.337 246.792
226.006 196.642 248.460
222.540 201.307 247.405
223.285 204.414 243.383
222.900 208.619 238.922
218.772 211.652 237.634
216.019 214.934 240.760
215.390 217.382 246.225
217.034 219.054 251.317
219.522 217.824 257.606
224.959 220.158 258.557
229.368 219.079 255.944
234.242 219.867 251.413
237.511 220.511 246.609
239.323 222.290 241.648
239.352 226.400 237.830
237.927 232.200 236.361
236.200 238.373 239.250
231.284 238.209 242.282
231.333 239.647 246.614
233.713 241.118 251.591
237.348 242.882 254.423
243.501 243.913 252.704
249.881 241.710 253.563
253.556 238.452 254.013
257.501 239.219 250.297
260.111 242.463 245.381
260.348 247.603 241.963
258.697 253.304 241.357
257.307 257.385 245.461
257.781 260.502 250.391
258.945 261.483 255.843
262.858 260.507 259.771
268.368 258.074 261.563
273.290 257.285 260.352
278.058 259.320 257.081
280.176 264.684 254.584
280.443 270.043 250.655
278.123 274.544 248.661
264.531 278.635 258.192
264.008 276.520 253.259
263.361 271.769 249.608
264.126 266.879 246.159
266.006 262.171 244.103
267.027 256.178 246.835
269.146 251.970 244.443
269.030 247.022 246.350
267.586 243.393 250.968
263.089 243.378 255.744
258.579 244.292 258.758
252.859 246.248 258.712
248.156 248.445 257.140
244.938 248.285 251.915
243.557 247.427 246.411
243.534 244.826 241.309
244.594 238.913 239.132
245.406 233.235 240.317
246.811 228.500 244.069
244.928 227.670 249.664
241.754 226.348 252.877
235.893 224.810 253.808
229.990 224.556 253.560
223.930 224.983 251.873
219.726 225.741 248.615
215.562 224.840 249.993
210.305 222.449 250.302
206.166 220.057 248.295
202.025 221.435 242.957
203.078 215.543 241.707
207.399 218.069 243.924
211.027 222.723 242.804
211.944 227.320 240.020
209.456 231.028 236.684
205.524 233.550 237.421
203.908 235.976 242.452
204.428 237.393 248.475
204.006 234.981 254.999
200.768 236.490 258.737
195.288 238.429 260.320
189.689 239.568 259.886
184.445 238.842 257.616
180.443 236.406 255.093
179.606 230.346 255.248
181.495 224.547 255.314
178.610 228.113 260.149
175.096 233.526 260.579
175.457 233.752 267.148
180.163 233.020 267.152
185.837 232.586 265.964
190.149 230.378 263.064
192.106 228.355 258.976
195.538 227.927 253.987
197.359 227.405 249.288
194.009 225.130 244.892
191.090 230.216 242.817
189.654 235.599 241.171
189.792 242.403 243.083
191.239 247.828 245.193
196.099 249.868 249.006
199.972 251.727 252.685
204.611 253.702 256.250
201.445 259.697 256.501
197.219 264.378 255.677
196.420 268.232 259.020
196.797 271.367 264.125
198.465 272.248 270.444
199.722 268.689 276.503
195.050 263.887 276.999
201.215 263.490 276.156
202.352 259.364 281.200
203.663 256.321 286.180
201.098 251.624 290.194
196.467 247.794 291.828
192.744 242.783 290.736
189.122 239.210 287.240
189.354 236.372 280.922
189.533 234.816 275.542
193.427 233.219 271.936
196.502 231.147 266.017
197.118 230.221 272.434
200.062 231.619 276.224
204.173 235.559 277.370
207.247 240.287 275.673
203.062 245.018 273.461
198.352 248.259 272.790
193.194 250.603 274.550
189.258 252.921 277.629
187.678 254.364 283.822
185.097 256.190 287.932
187.554 260.057 291.845
191.315 264.186 293.755
195.235 268.564 292.953
196.216 272.016 287.532
192.585 274.604 285.205
187.489 277.799 282.626
187.191 259.728 273.787
187.761 258.153 269.020
186.745 254.783 264.707
187.092 250.621 261.299
193.005 246.996 262.616
198.207 246.300 262.339
201.960 251.016 261.842
206.218 248.226 265.210
211.870 246.731 267.495
215.028 244.769 271.927
219.499 243.518 274.399
225.074 244.999 274.173
228.329 249.649 271.903
229.044 255.139 270.288
228.476 260.390 271.199
227.303 263.827 275.371
223.736 260.433 278.096
217.863 259.235 280.611
212.386 257.643 276.744
211.609 256.383 270.019
213.235 255.284 264.309
214.840 252.601 260.179
212.287 248.418 256.392
215.822 244.567 253.358
213.930 239.712 256.171
211.933 238.293 250.651
209.733 235.344 256.409
208.016 236.750 260.820
211.875 234.000 261.227
217.030 234.609 261.067
222.547 237.233 263.314
223.413 238.626 257.767
224.656 237.501 252.798
224.276 232.382 248.005
222.493 230.101 242.884
222.569 225.936 239.133
223.773 220.457 237.278
225.977 214.710 237.408
229.510 215.671 233.545
229.530 210.546 236.014
228.469 208.585 241.898
228.821 205.856 246.899
226.674 204.632 252.345
221.851 203.360 254.752
215.331 203.381 252.948
210.635 203.200 251.174
205.336 204.272 249.400
204.446 211.229 248.941
206.346 208.794 243.580
206.467 208.064 237.372
206.722 206.277 232.539
203.993 202.348 232.218
200.507 197.567 232.864
196.097 195.683 236.141
191.569 197.668 238.857
187.311 200.584 237.482
183.798 204.468 234.108
184.844 210.844 231.333
185.301 213.183 226.720
185.854 211.030 221.886
183.758 206.887 217.846
181.228 201.830 215.436
177.260 198.080 215.399
171.536 198.093 215.995
165.841 201.633 217.572
162.172 204.577 217.743
160.656 209.078 214.488
161.748 215.808 212.772
164.223 218.030 207.032
168.354 218.256 202.374
169.591 214.043 197.554
169.206 209.058 194.518
164.792 213.018 196.647
161.202 213.206 199.794
162.509 210.971 204.152
163.860 204.449 204.616
165.670 199.530 204.743
170.588 199.222 206.388
175.300 202.916 207.917
177.937 206.968 210.141
177.093 211.481 214.475
176.201 215.815 218.588
173.928 218.631 222.397
172.326 214.048 225.866
172.490 209.046 229.784
173.055 203.475 232.050
178.050 199.168 232.285
183.267 197.856 232.239
189.034 198.321 231.956
194.332 197.689 227.631
197.319 200.482 225.682
200.281 205.557 226.295
201.428 210.809 228.807
199.061 213.142 234.781
197.965 213.941 239.427
201.011 211.830 243.615
200.847 206.243 247.826
202.721 201.221 248.645
206.795 199.352 249.157
211.548 199.361 247.075
216.077 199.996 248.934
217.147 194.281 246.903
213.221 193.766 242.581
214.008 193.064 237.568
211.373 194.554 231.505
210.817 196.591 225.921
208.021 196.327 221.519
208.524 192.619 216.170
210.289 187.832 213.442
210.901 182.721 213.170
208.442 178.482 215.539
204.514 176.368 218.226
198.357 178.190 219.545
193.682 178.697 222.211
188.767 181.551 222.813
184.841 185.329 221.052
181.545 190.870 218.673
183.655 192.172 213.769
185.999 191.451 208.202
184.899 187.833 204.890
183.588 182.875 202.599
182.070 177.692 201.204
177.959 176.597 202.397
172.111 178.091 203.114
167.594 182.840 202.526
165.309 187.737 200.601
164.905 193.118 198.147
167.306 197.787 194.939
172.433 198.351 196.065
171.401 196.060 190.177
172.076 190.722 189.628
176.650 188.033 190.531
181.757 188.343 192.673
184.929 193.227 195.365
181.899 194.831 200.978
179.142 196.359 205.718
176.159 195.885 210.207
175.487 191.451 214.123
176.212 186.436 216.649
179.232 181.871 217.917
183.898 178.943 217.507
189.559 176.458 217.758
193.766 176.219 214.624
198.547 179.057 211.652
201.651 182.660 208.459
202.614 188.123 206.948
208.188 186.440 204.401
212.738 187.561 201.469
215.551 193.670 202.618
218.212 198.064 202.899
219.319 202.603 205.976
218.627 205.930 210.483
214.935 200.954 210.885
209.873 197.532 213.404
203.497 198.163 214.327
201.971 202.401 210.649
202.459 204.655 205.431
203.151 204.719 200.107
203.616 201.214 194.708
202.994 196.915 191.441
200.156 192.060 190.932
195.398 188.233 192.525
190.918 185.010 195.117
192.298 189.000 199.202
195.081 192.530 202.716
198.804 192.253 208.543
197.166 193.665 212.754
196.828 195.840 217.952
197.410 195.438 223.724
199.633 192.682 228.274
203.036 188.594 230.791
205.260 194.823 229.454
204.397 193.378 224.874
207.890 190.584 227.775
212.384 188.037 228.650
216.541 185.781 231.186
218.977 180.072 230.037
220.682 184.946 226.473
223.580 187.873 222.687
224.603 193.132 222.197
224.249 198.754 218.152
223.169 203.004 217.703
220.785 207.306 222.252
217.734 208.662 226.514
222.032 208.454 228.535
228.266 210.915 229.076
232.898 212.994 229.449
235.635 215.668 225.858
235.582 218.759 220.544
233.265 221.868 216.288
229.503 225.602 214.475
225.674 229.435 216.710
222.969 232.274 221.335
222.699 234.347 226.384
226.459 235.720 230.331
230.815 232.678 228.209
233.659 227.544 229.425
232.964 222.522 231.727
227.735 219.377 231.558
222.758 217.736 228.513
216.557 219.610 226.187
213.657 218.706 221.304
217.721 215.019 218.428
221.101 211.245 215.370
226.033 208.365 212.469
228.955 203.722 215.060
229.457 199.650 219.735
228.816 197.937 224.864
229.328 192.772 225.486
226.645 187.262 228.476
226.681 183.624 231.589
224.607 178.292 234.317
222.669 172.607 235.877
218.825 170.971 240.310
214.806 169.987 242.870
209.300 169.414 242.459
204.428 168.940 239.735
203.224 168.118 234.035
204.033 166.116 228.635
206.625 162.815 224.558
202.365 162.504 224.686
198.568 159.718 222.991
197.067 162.447 217.864
193.187 163.426 212.473
191.216 164.224 208.864
188.270 169.457 205.503
187.976 174.192 202.469
189.184 177.644 197.095
190.340 179.560 191.665
190.481 178.603 185.694
189.026 175.736 180.627
185.785 172.785 177.256
180.603 173.659 176.202
175.727 176.076 178.370
181.271 177.291 174.809
176.247 180.957 173.514
170.878 183.323 177.054
167.812 186.387 178.790
167.885 191.659 180.164
168.396 195.813 175.755
173.461 194.340 171.783
179.021 191.340 174.729
184.110 190.165 176.545
185.111 186.227 181.334
183.207 182.059 185.100
180.359 178.361 189.236
177.305 177.944 194.021
178.878 171.307 193.630
179.772 165.813 192.256
183.847 162.361 190.273
189.465 161.595 188.606
195.424 163.215 187.824
200.260 167.223 189.886
202.199 171.263 194.695
203.758 173.763 199.767
204.649 173.529 205.531
204.703 169.831 210.001
204.794 164.496 212.272
206.013 159.114 212.211
211.099 155.890 208.851
214.839 153.321 205.161
219.019 151.117 200.254
219.191 154.028 196.055
219.435 158.201 191.481
222.578 162.249 192.188
225.877 165.369 195.861
228.824 165.989 201.369
231.159 159.212 202.204
229.276 153.140 204.963
223.990 149.894 206.777
219.261 154.452 208.761
216.591 159.806 209.319
213.875 164.994 206.087
214.337 170.402 201.407
212.079 168.027 195.297
208.472 164.099 194.166
203.854 160.497 195.085
198.767 159.385 197.239
194.085 160.542 200.606
190.670 162.942 203.683
184.377 162.425 204.421
181.732 166.544 206.502
178.010 171.659 208.931
176.430 176.052 212.185
171.647 180.041 215.554
166.672 182.814 212.102
161.929 182.349 206.926
158.543 180.316 202.758
152.591 177.088 204.923
147.404 174.010 206.244
143.710 173.801 210.347
141.290 174.947 214.732
139.927 179.482 219.585
141.661 183.451 223.936
138.220 183.288 217.659
140.681 178.809 212.647
142.577 178.718 208.295
148.468 179.324 207.688
152.790 178.408 209.391
155.028 178.703 214.687
160.051 177.728 219.132
156.400 178.345 223.826
156.689 171.596 222.082
155.809 166.462 221.435
158.391 164.772 215.180
159.754 163.500 209.865
165.319 165.191 207.459
170.900 167.937 208.027
166.921 166.001 213.133
172.764 162.301 214.059
175.807 158.864 212.949
176.994 155.325 216.449
181.077 154.810 221.435
183.276 150.844 217.152
188.073 147.965 214.011
194.959 146.745 214.026
200.113 146.405 216.831
200.851 143.987 222.175
199.588 140.368 226.446
199.111 135.728 231.580
205.269 136.292 231.466
210.098 132.110 233.065
215.576 134.068 235.441
221.199 136.956 235.246
226.361 139.817 232.166
229.022 140.893 226.951
229.013 142.612 221.468
226.277 145.414 217.145
222.231 149.138 215.302
215.453 151.589 215.508
215.463 154.119 219.740
218.935 157.384 224.036
222.345 153.774 227.188
222.352 149.886 231.175
217.541 146.885 232.753
213.000 145.188 229.424
211.495 142.632 225.086
212.544 138.068 221.380
215.548 133.485 219.556
219.041 129.431 220.573
221.327 128.866 214.916
106.274 267.851 259.900
107.560 263.105 262.340
111.227 259.061 264.649
116.618 256.987 266.034
121.765 256.959 267.274
126.619 261.836 267.871
129.906 266.064 270.668
133.453 269.784 267.181
134.620 271.828 262.778
135.577 266.946 262.993
135.987 262.039 266.123
135.846 258.818 271.739
138.914 257.475 274.229
136.533 260.098 278.369
140.109 274.446 283.704
142.870 273.005 278.042
147.774 270.382 275.249
150.509 267.265 270.872
150.134 266.574 264.035
148.757 271.085 259.485
149.082 275.920 256.772
151.346 281.428 255.651
154.898 286.086 256.355
160.255 287.138 257.032
165.389 285.792 256.381
168.630 282.974 253.317
169.117 279.968 248.763
163.906 280.682 248.193
159.466 277.124 250.090
157.156 273.265 253.580
158.679 271.556 259.160
160.348 271.362 264.668
161.473 275.303 268.768
160.976 280.418 271.305
157.256 284.835 272.072
150.357 285.176 271.536
144.785 285.109 270.338
139.490 283.713 269.846
136.248 279.263 270.916
130.914 275.957 273.394
127.983 272.648 271.247
124.922 276.607 275.412
120.451 277.721 279.850
118.116 275.774 285.130
123.859 258.644 280.438
118.045 259.652 278.959
113.320 262.450 276.039
111.826 266.137 271.500
113.407 276.666 268.134
117.861 275.126 263.278
121.062 272.661 259.190
122.596 268.626 255.274
121.785 263.589 252.290
118.596 258.950 250.421
113.433 256.226 249.421
108.000 258.982 246.988
208.029 272.282 144.729
204.491 267.304 142.412
204.722 271.171 136.455
201.912 276.055 132.081
200.657 272.885 126.456
197.423 278.370 122.869
190.929 280.883 120.859
184.349 281.676 123.028
179.018 284.972 122.771
175.818 288.277 119.391
173.985 290.209 113.946
220.979 268.204 261.720
227.024 270.400 261.221
231.469 272.960 258.342
233.490 276.453 253.547
232.354 280.285 248.778
226.922 282.391 245.127
222.835 282.448 241.030
219.924 285.616 238.941
214.304 285.464 235.564
216.824 279.663 235.282
222.439 278.006 235.066
228.732 279.261 235.638
232.420 284.374 237.484
234.617 289.732 239.374
233.568 296.821 241.133
228.984 301.045 243.473
222.657 302.245 240.017
221.706 297.903 235.691
224.516 295.827 230.480
226.584 292.254 225.934
225.047 287.047 222.632
220.288 282.931 221.372
214.695 281.825 221.716
210.033 284.685 220.917
207.194 289.539 218.454
208.176 294.297 214.790
226.430 290.276 215.452
225.486 295.595 217.847
221.907 299.258 221.659
217.392 300.044 225.768
213.225 298.982 229.671
211.143 295.024 234.150
213.218 289.594 237.060
215.614 289.602 243.850
219.744 286.050 246.793
213.287 286.971 248.058
209.804 288.211 253.157
209.926 289.623 258.512
213.240 293.233 261.550
216.916 296.847 264.125
220.787 301.216 262.728
226.533 304.683 260.942
224.081 303.963 254.758
223.187 299.358 250.525
223.821 292.252 249.255
228.013 290.377 252.928
229.072 286.440 256.748
225.999 283.086 260.877
220.562 280.150 261.854
215.923 277.362 260.995
214.553 274.340 255.737
213.817 272.274 250.327
217.277 270.609 246.013
222.082 269.089 243.047
227.884 267.377 242.582
230.629 264.323 247.382
231.310 261.993 252.910
226.134 257.494 255.020
221.520 254.249 256.928
224.726 250.142 259.019
226.245 245.693 260.529
209.594 344.693 206.992
207.269 343.144 206.858
175.989 184.569 165.335
175.554 187.141 164.763
176.984 189.629 164.773
