58.282 34.916 37.365
60.555 28.503 37.265
62.151 22.911 40.320
59.973 18.779 45.304
56.321 16.949 51.023
50.573 16.414 52.953
45.285 17.860 53.936
45.602 21.482 35.452
44.406 26.191 39.408
43.944 28.649 45.640
47.684 29.959 51.087
52.843 28.913 55.181
59.455 29.551 55.300
65.438 30.090 52.825
59.862 29.055 37.785
61.628 23.376 40.623
59.273 19.515 45.962
55.768 17.816 51.152
50.199 17.338 54.107
44.894 17.691 54.278
45.346 22.494 36.456
43.483 27.092 40.720
42.736 29.873 47.068
47.218 30.656 52.240
52.391 29.666 55.678
59.013 30.376 55.817
60.468 28.848 37.637
62.447 23.097 40.706
60.057 18.960 45.705
56.405 17.367 50.943
50.755 16.935 54.022
45.264 17.790 54.425
45.702 22.052 36.489
44.107 26.587 40.363
43.623 29.349 46.722
47.778 30.227 51.960
53.111 29.324 55.697
59.553 29.686 55.698
60.361 28.834 37.778
62.489 23.041 40.678
60.159 18.902 45.700
56.450 17.320 50.882
50.808 16.872 53.827
45.161 17.493 54.494
45.889 21.957 36.341
44.223 26.548 40.358
43.682 29.216 46.677
47.777 30.178 51.927
53.110 29.211 55.466
59.673 29.603 55.649
60.487 28.729 37.834
62.448 22.976 40.640
60.166 18.916 45.692
56.380 17.288 50.893
50.805 16.834 53.828
45.083 17.749 54.484
45.851 21.983 36.245
44.165 26.511 40.377
43.750 29.249 46.688
47.796 30.092 51.962
53.108 29.148 55.542
59.678 29.535 55.670
59.586 30.246 37.501
60.911 24.688 40.754
58.846 20.434 45.583
55.319 19.054 51.211
49.471 18.325 53.880
45.366 23.342 36.445
43.502 28.335 40.665
42.698 30.940 46.908
47.038 31.784 52.343
52.587 30.547 55.875
58.845 31.120 55.580
60.652 28.813 37.865
62.513 23.001 40.650
60.148 18.880 45.659
56.447 17.241 50.893
50.806 16.850 53.954
45.252 17.645 54.474
45.711 21.978 36.362
44.015 26.550 40.582
43.712 29.320 46.600
47.795 30.096 51.914
53.159 29.186 55.559
59.564 29.623 55.642
60.359 28.775 37.658
62.296 22.842 40.715
60.117 18.775 45.799
56.439 17.046 50.742
50.786 16.532 53.783
45.292 17.368 54.629
45.579 22.163 36.425
44.126 26.666 40.462
43.578 29.213 46.866
47.877 30.388 51.833
53.036 29.417 55.523
59.541 29.653 55.485
60.664 28.864 37.840
62.464 22.945 40.641
60.030 18.858 45.720
56.438 17.232 50.960
50.761 16.969 53.918
45.110 17.552 54.424
45.762 21.988 36.401
44.146 26.482 40.374
43.612 29.359 46.764
47.650 30.195 52.066
53.108 29.224 55.554
59.601 29.637 55.725
60.515 28.761 37.852
62.568 23.074 40.657
60.206 18.866 45.740
56.351 17.333 50.792
50.712 16.638 53.895
45.156 17.517 54.484
45.726 21.953 36.477
44.236 26.565 40.464
43.555 29.232 46.696
47.802 29.997 51.917
53.175 29.153 55.607
59.504 29.615 55.687
60.710 28.038 37.789
62.757 22.646 40.771
60.637 18.224 45.708
56.865 16.871 50.811
51.087 16.277 53.744
45.242 18.270 54.528
45.954 21.429 36.444
44.565 26.156 40.248
43.648 28.730 46.600
48.270 29.762 51.469
53.446 28.789 55.423
59.716 29.068 55.457
60.717 28.603 37.780
62.619 22.980 40.784
60.417 18.799 45.636
56.557 17.250 50.939
50.969 16.700 53.863
45.350 17.506 54.582
45.918 21.785 36.364
44.260 26.458 40.371
43.739 29.207 46.705
47.850 29.948 51.959
53.339 29.032 55.650
59.632 29.467 55.639
60.790 28.731 37.737
62.745 22.921 40.656
60.368 18.832 45.642
56.690 17.248 50.807
50.990 16.762 53.868
45.409 17.699 54.503
45.970 22.041 36.354
44.275 26.480 40.349
43.845 29.293 46.674
47.984 30.220 51.900
53.284 29.145 55.545
59.779 29.540 55.610
60.944 28.574 37.652
62.860 22.849 40.588
60.586 18.654 45.657
56.833 17.068 50.750
51.090 16.562 53.719
45.585 17.685 54.243
46.133 21.884 36.247
44.421 26.280 40.367
43.951 29.158 46.649
48.136 29.894 51.909
53.602 28.880 55.550
59.986 29.234 55.672
60.495 28.870 37.962
62.486 22.855 40.770
60.138 18.784 45.742
56.558 17.344 51.050
50.843 16.726 53.754
45.228 17.497 54.649
45.788 21.655 36.301
44.116 26.573 40.513
43.714 29.268 46.824
47.851 30.141 52.194
53.110 29.154 55.691
59.650 29.497 55.533
60.823 28.691 37.876
62.560 22.837 40.739
60.283 18.731 45.610
56.526 17.110 50.832
50.983 16.686 53.856
45.260 17.660 54.414
45.970 21.910 36.260
44.270 26.428 40.407
43.783 29.261 46.585
47.882 30.141 51.953
53.267 29.046 55.561
59.703 29.532 55.539
59.802 28.931 37.930
61.904 23.244 40.609
59.556 19.572 45.562
55.658 17.801 51.027
50.253 17.465 54.141
44.972 17.831 54.666
45.318 22.546 36.729
43.933 27.119 40.598
42.993 29.814 47.033
47.474 30.689 52.123
52.476 29.591 55.641
59.239 30.230 55.723
60.674 28.750 37.858
62.424 22.939 40.691
60.082 18.939 45.666
56.433 17.219 50.920
50.805 16.765 53.936
45.210 17.546 54.496
45.666 21.977 36.318
44.196 26.459 40.294
43.673 29.294 46.654
47.752 30.168 51.976
53.124 29.102 55.655
59.565 29.567 55.616
58.697 35.067 37.230
61.075 28.713 37.296
62.685 23.256 40.711
60.514 19.182 45.619
56.847 17.415 51.244
50.928 16.850 53.445
45.924 18.035 54.371
46.073 21.920 35.841
44.691 26.693 39.900
44.444 29.364 46.165
48.193 30.552 51.478
53.548 29.457 55.503
60.056 29.905 55.532
66.017 30.224 53.163
58.623 35.205 37.449
60.474 28.944 37.578
62.472 23.301 40.687
60.247 19.205 45.533
56.388 17.489 51.087
50.914 17.026 53.863
45.528 17.713 54.402
45.849 21.887 36.110
44.179 26.666 40.456
43.671 29.380 46.845
47.836 30.277 51.656
53.187 29.407 55.540
59.661 29.891 55.737
65.622 29.681 53.398
58.916 34.940 36.966
61.608 28.933 37.328
62.782 23.292 40.621
60.560 19.261 45.715
56.744 17.400 51.223
50.802 16.889 53.179
45.709 18.211 54.117
46.287 22.090 35.664
44.757 26.903 39.698
44.647 29.569 45.990
48.164 30.647 51.190
53.534 29.496 55.358
60.013 29.984 55.407
66.075 30.405 52.983
70.958 36.167 50.856
73.603 37.554 50.960
74.440 36.572 53.564
58.463 34.888 37.306
60.909 28.870 37.347
62.213 23.196 40.769
60.131 19.146 45.749
56.376 17.422 51.422
50.528 16.954 53.483
45.679 17.826 54.427
45.681 22.038 36.110
44.354 26.638 39.972
44.165 29.270 46.294
47.887 30.277 51.603
53.059 29.435 55.606
59.571 29.936 55.834
65.462 30.179 53.368
58.667 35.029 36.752
61.199 29.003 37.060
62.465 23.434 40.474
60.233 19.367 45.529
56.750 17.612 51.205
50.667 17.003 53.033
45.521 18.316 53.933
46.116 22.264 35.452
44.661 26.916 39.658
44.593 29.554 45.993
48.089 30.484 51.311
53.338 29.638 55.514
59.894 30.070 55.480
65.710 30.465 52.949
69.599 32.976 48.297
71.568 35.742 49.857
73.760 37.510 50.833
74.553 35.994 53.079
58.445 35.057 37.047
61.017 29.029 37.330
62.258 23.404 40.578
60.095 19.390 45.792
56.500 17.517 51.278
50.473 16.969 53.166
45.523 18.111 54.307
45.973 22.095 35.671
44.486 26.833 39.568
44.402 29.408 45.888
47.748 30.446 51.221
53.082 29.535 55.468
59.600 30.040 55.617
65.452 30.438 53.258
69.976 32.640 48.786
70.968 36.188 49.930
73.458 37.579 50.781
74.303 36.579 53.413
58.882 34.879 37.184
61.034 28.893 37.343
62.667 23.353 40.614
60.420 19.088 45.642
56.870 17.345 51.219
50.983 16.707 53.362
45.890 18.128 54.346
46.148 21.895 35.734
44.774 26.733 39.884
44.614 29.440 46.105
48.233 30.510 51.550
53.533 29.403 55.483
60.175 29.930 55.592
65.855 30.241 53.256
60.587 28.771 37.864
62.466 22.950 40.697
60.149 18.818 45.642
56.475 17.253 50.883
50.798 16.820 53.954
45.223 17.672 54.540
45.821 21.930 36.349
44.157 26.526 40.329
43.672 29.316 46.671
47.739 30.095 51.896
53.190 29.150 55.519
59.636 29.604 55.625
60.679 28.863 37.898
62.503 23.005 40.643
60.134 18.881 45.632
56.442 17.233 50.886
50.799 16.958 53.887
45.226 17.591 54.391
45.870 21.994 36.272
44.204 26.521 40.340
43.611 29.354 46.680
47.836 30.166 51.890
53.171 29.107 55.602
59.636 29.582 55.606
60.660 28.794 37.691
62.535 23.141 40.644
60.237 19.070 45.672
56.350 17.376 50.962
50.937 16.449 53.847
45.235 17.705 54.634
45.844 21.857 36.145
44.157 26.626 40.418
43.667 29.190 46.783
47.856 30.113 51.864
53.162 29.281 55.640
59.628 29.660 55.899
60.473 28.763 37.876
62.550 23.036 40.668
60.094 18.849 45.757
56.374 17.243 50.956
50.864 16.839 53.882
45.236 17.575 54.634
45.954 21.930 36.183
44.188 26.517 40.385
43.653 29.325 46.730
47.801 30.121 51.969
53.054 29.169 55.593
59.633 29.580 55.689
70.964 35.631 50.105
73.076 37.420 50.938
74.245 36.446 53.418
36.668 7.978 -5.316
31.731 12.558 -4.410
24.972 14.081 -3.951
19.014 11.806 -1.995
15.864 7.990 2.273
12.316 13.214 -0.476
9.486 18.211 3.270
6.742 20.586 8.966
4.383 21.710 15.359
7.139 22.237 21.664
12.334 22.557 25.940
18.391 24.486 26.626
23.789 27.901 24.615
27.715 31.355 20.339
27.268 36.813 16.388
9.245 36.991 17.329
12.121 35.168 11.755
17.029 32.152 8.483
21.357 26.902 9.047
24.604 22.008 12.510
23.690 17.356 17.043
20.008 13.499 21.044
14.431 10.220 21.049
8.419 8.621 18.458
29.930 -1.434 7.634
26.364 -4.361 3.156
22.904 -4.236 -2.453
21.066 -1.430 -7.998
20.518 3.572 -12.883
5.087 5.314 14.771
3.944 2.730 13.754
4.128 1.248 16.043
34.005 -9.596 77.990
32.442 -14.812 73.699
28.849 -17.829 68.410
25.297 -16.736 62.940
23.692 -13.001 57.262
25.168 -7.365 53.217
30.068 -3.173 50.631
36.475 -2.489 48.721
42.533 -5.305 46.903
46.835 -10.786 46.610
47.448 -17.114 44.125
45.403 -21.273 40.478
40.857 -24.234 35.835
36.117 -23.099 31.187
33.502 -19.037 26.695
33.749 -13.779 22.282
38.397 -10.324 18.378
44.667 -8.344 17.129
49.680 -9.890 14.768
53.884 -13.183 11.816
56.669 -17.599 9.044
31.765 -26.788 4.024
35.749 -23.768 8.219
39.878 -26.102 11.467
44.121 -28.721 14.620
48.090 -29.135 18.016
51.085 -25.363 22.622
53.628 -21.274 26.087
51.929 -15.351 29.036
49.522 -9.556 29.952
44.371 -5.481 30.392
37.654 -4.984 31.399
32.397 -8.296 33.345
29.544 -13.093 36.359
29.097 -18.060 41.049
32.167 -21.877 45.717
36.743 -22.254 50.693
40.234 -18.719 55.113
42.525 -13.110 57.980
41.077 -6.755 59.835
37.420 -1.991 61.169
30.865 0.484 62.048
24.360 -1.688 62.663
21.114 -7.485 65.724
21.827 -11.448 71.542
56.902 -20.574 0.637
55.418 -21.597 4.381
55.029 -22.391 1.715
79.565 17.112 48.402
73.543 18.830 50.629
66.512 18.454 50.489
61.373 14.707 50.324
59.443 10.321 54.830
55.240 12.813 51.385
55.626 17.588 54.135
49.596 18.567 56.471
45.257 20.732 61.294
42.871 21.676 67.481
45.535 22.509 73.801
50.601 23.087 78.467
56.724 25.636 79.102
62.307 28.499 76.866
65.250 33.056 72.977
64.097 38.960 70.597
46.550 38.801 72.971
48.746 37.145 66.980
53.431 35.331 62.414
58.559 30.538 62.310
62.749 26.328 65.243
62.690 21.239 69.725
59.879 16.471 73.278
55.533 11.973 73.193
50.232 8.390 71.337
47.096 5.898 66.201
75.089 4.848 60.615
72.546 1.207 55.941
69.345 0.661 50.192
66.541 3.769 44.897
66.301 8.950 40.633
15.694 -12.509 22.389
10.839 -8.901 19.700
8.340 -3.565 16.510
9.788 1.629 12.204
14.400 5.103 8.534
19.514 3.996 4.372
23.094 0.030 0.245
23.098 -4.993 -3.956
23.058 -4.957 -3.985
20.870 -11.444 -5.653
20.137 -9.727 -7.661
15.962 -12.453 -10.095
12.492 -11.405 -14.392
8.262 -7.243 -16.693
4.169 -2.789 -19.120
4.480 3.078 -21.886
7.141 9.050 -23.824
12.406 12.160 -26.417
18.430 12.929 -29.074
18.894 -5.526 -29.564
23.351 -2.441 -26.007
24.078 1.848 -21.083
21.357 5.628 -16.389
21.523 5.552 -16.384
16.636 10.471 -14.304
17.102 9.008 -13.093
12.324 8.407 -9.460
8.330 4.262 -6.521
5.290 -0.093 -3.972
3.701 -5.916 -0.957
7.028 -10.087 2.344
11.894 -13.199 5.432
18.787 -14.079 6.521
24.177 -10.575 8.346
26.307 -5.069 11.106
25.227 0.814 14.506
21.420 5.957 17.092
17.000 6.006 21.972
12.048 -11.096 -17.251
-17.995 194.715 19.159
-21.485 200.293 20.873
-22.683 198.954 14.877
-25.551 198.679 9.392
-26.856 201.385 3.357
-25.237 206.091 -0.512
-20.820 210.741 -3.371
-16.143 215.246 -4.196
-9.565 216.021 -3.199
-3.569 215.599 -0.307
1.715 211.533 0.464
-6.299 196.576 -5.954
-6.233 197.714 0.849
-5.088 202.177 5.973
-5.590 208.201 8.866
-8.770 213.866 9.729
-14.599 216.771 10.133
-21.109 216.834 9.736
-27.655 215.219 10.570
-30.203 215.544 11.904
-29.924 218.184 12.868
-6.373 27.719 -26.945
-3.594 21.827 -25.499
0.606 16.461 -26.489
6.045 15.273 -24.313
1.185 10.153 -25.237
-0.928 5.414 -20.799
-0.334 2.504 -14.755
1.372 1.897 -8.640
2.721 4.405 -1.759
2.215 9.145 2.747
-5.611 19.453 -9.497
0.122 21.941 -6.518
6.177 19.277 -5.536
10.613 14.711 -6.777
12.791 9.529 -9.547
11.937 33.179 -23.437
12.452 29.616 -29.221
11.667 25.476 -33.706
7.334 22.410 -37.457
15.672 7.067 -14.122
18.142 6.970 -15.809
20.151 7.656 -13.795
-15.367 35.642 -21.936
-15.027 32.196 -27.838
-15.620 27.954 -32.810
-20.192 25.038 -36.465
-33.981 20.131 -9.436
-28.197 22.493 -6.399
-22.127 20.006 -5.232
-17.569 15.662 -6.693
-15.308 10.461 -9.813
-34.336 30.439 -26.936
-31.894 24.586 -25.598
-27.436 19.389 -26.338
-22.022 17.719 -24.092
-26.948 12.657 -25.535
-28.990 7.454 -21.742
-28.430 4.168 -15.486
-26.342 2.410 -9.397
-25.499 4.768 -2.463
-26.064 9.152 2.210
-12.310 8.353 -14.458
-9.909 8.420 -16.347
-7.989 9.141 -14.335
15.238 34.973 21.694
15.055 31.709 27.751
15.839 27.181 32.626
20.425 24.221 36.263
33.943 19.857 9.302
28.141 22.215 6.408
22.066 19.735 5.169
17.566 15.369 6.630
15.169 10.209 9.748
34.619 29.890 26.781
32.001 24.181 25.162
27.543 18.907 25.895
22.016 17.391 23.615
26.903 12.436 25.223
29.055 7.201 21.551
28.366 3.939 15.390
26.187 2.111 9.450
25.520 4.412 2.478
26.116 8.711 -2.244
12.188 7.967 14.384
9.805 8.056 16.255
7.956 8.790 14.228
-1.990 36.305 -34.596
-7.159 38.267 -38.617
-12.769 35.988 -41.605
-17.552 33.456 -40.066
-16.136 40.190 -40.319
-20.860 45.422 -40.066
-26.062 47.297 -37.161
-31.439 48.116 -33.149
-32.963 47.364 -26.688
-30.627 47.427 -20.647
-13.934 44.045 -24.796
-17.606 39.048 -22.175
-23.050 35.254 -22.338
-27.731 32.962 -26.081
-31.511 32.797 -31.779
-7.987 19.404 -29.263
-7.396 19.401 -36.159
-7.936 20.462 -42.462
-6.600 24.356 -47.446
-5.120 36.781 4.446
0.403 35.523 8.614
3.548 30.292 11.365
6.056 25.799 9.578
8.490 32.400 9.882
15.232 34.387 9.866
20.590 33.363 6.903
25.580 31.195 2.845
26.321 29.580 -3.688
24.714 30.360 -9.388
8.714 37.397 -5.005
8.741 31.185 -7.822
11.300 25.052 -7.670
14.279 20.541 -4.213
17.442 18.191 1.345
-9.974 19.383 -0.848
-10.563 19.815 6.011
-9.779 20.759 12.451
-8.137 24.741 17.231
-8.390 38.497 17.297
-12.139 42.994 13.429
-17.814 43.686 9.869
-23.437 43.658 10.796
-18.942 48.947 10.615
-20.404 55.848 10.284
-24.252 60.070 12.756
-28.865 63.480 16.415
-30.943 63.627 22.731
-29.884 62.700 28.834
-15.687 52.027 26.062
-21.428 49.254 28.284
-28.123 48.571 27.673
-33.013 48.708 23.782
-36.249 50.108 17.929
-22.712 26.907 21.930
-21.592 26.627 15.115
-20.783 27.781 8.702
-17.809 31.260 4.008
-1.260 63.109 -48.044
-6.749 61.693 -44.194
-11.809 64.041 -40.429
-16.376 67.148 -41.202
-15.620 60.360 -41.126
-20.588 55.388 -40.772
-26.078 53.968 -43.334
-31.804 53.610 -46.814
-33.548 54.416 -53.230
-31.749 54.365 -59.336
-14.433 56.443 -56.605
-18.043 61.698 -58.689
-23.282 65.833 -58.198
-27.434 68.393 -54.188
-30.752 68.834 -48.276
-6.972 80.863 -52.461
-5.777 80.565 -45.681
-5.634 78.925 -39.334
-4.972 74.402 -34.679
-34.363 27.740 -26.183
-32.125 21.548 -24.422
-27.815 16.323 -25.467
-22.035 15.225 -23.198
-26.815 10.136 -24.554
-33.864 18.414 -9.696
-28.229 21.097 -6.746
-22.156 18.703 -5.403
-17.602 14.421 -6.400
-14.806 8.823 -9.089
-14.802 8.846 -9.093
-14.987 32.485 -22.497
-15.702 29.129 -28.517
-16.867 24.801 -33.120
-21.051 21.544 -36.473
-28.154 2.146 -14.350
-26.103 0.486 -8.013
-26.412 3.624 -1.759
-26.207 8.262 2.931
-12.147 6.429 -13.650
-9.740 6.392 -15.518
-7.825 7.179 -13.489
-17.978 22.965 16.497
-20.638 28.108 19.649
-21.842 28.257 13.857
-25.380 26.519 8.150
-26.697 29.433 2.207
-25.057 34.266 -1.630
-20.814 38.704 -4.295
-16.118 43.448 -5.151
-9.441 44.381 -3.765
-3.472 43.394 -0.770
1.676 39.387 -0.395
-6.706 25.033 -7.460
-6.283 25.725 -0.538
-5.053 30.063 4.800
-5.282 36.204 7.578
-8.607 41.687 8.632
-14.542 44.631 9.149
-20.479 45.738 6.591
-27.597 43.823 9.172
-30.181 44.053 10.581
-29.955 46.702 11.600
41.591 15.670 -4.319
35.832 18.017 -2.642
28.862 18.118 -2.458
23.437 14.596 -2.256
20.881 10.669 2.060
18.712 17.040 -0.084
13.710 20.803 2.740
9.118 22.198 7.328
5.939 22.387 13.242
7.879 22.806 19.864
12.495 22.956 24.669
18.536 25.697 25.814
24.299 28.636 24.115
28.098 32.715 20.263
27.972 38.672 17.728
9.846 39.386 19.011
12.471 38.426 13.208
17.040 35.386 9.411
21.984 30.680 9.604
25.770 26.128 12.740
25.282 21.016 16.803
22.193 15.903 19.922
17.649 11.540 19.100
12.074 8.873 16.521
10.284 6.694 10.793
42.865 4.694 5.512
36.574 4.092 7.264
34.084 0.171 2.641
30.896 -0.059 -3.085
27.848 2.881 -8.290
27.593 8.259 -12.563
8.501 0.687 12.203
28.641 2.500 18.691
23.493 7.309 19.131
16.555 7.658 19.719
10.179 5.290 19.089
6.785 1.588 23.068
5.339 8.165 22.431
0.338 11.519 25.180
-4.367 12.529 29.424
-7.858 12.404 35.131
-6.265 13.177 41.926
-2.189 13.662 47.133
3.968 15.353 49.182
9.349 18.784 48.717
14.439 22.466 45.671
14.322 28.428 42.838
-3.705 29.653 44.647
-0.828 29.102 38.708
3.284 26.125 34.874
9.546 22.962 34.346
12.317 17.436 36.555
11.225 11.511 39.299
8.172 6.841 42.447
3.537 2.490 41.929
-1.694 -0.614 38.656
22.322 -5.873 29.663
19.723 -9.595 25.021
17.085 -9.820 19.220
15.234 -7.049 13.240
14.322 -1.582 9.282
-3.842 -3.880 34.388
-4.768 -7.073 33.688
-4.432 -8.357 35.915
28.425 8.977 19.461
23.611 13.928 19.286
16.711 14.208 19.334
10.285 11.789 19.101
7.119 8.080 23.327
5.142 14.836 22.009
0.243 18.279 25.098
-4.420 19.618 29.521
-8.123 19.091 35.209
-6.378 19.703 41.913
-2.220 20.153 47.151
3.884 21.718 49.368
9.284 25.297 48.912
14.202 28.908 45.526
14.269 35.110 42.913
-3.691 36.575 45.004
-0.910 36.023 38.936
3.311 32.891 34.970
9.414 29.825 34.383
12.255 24.120 36.539
11.277 18.012 39.009
8.035 13.303 42.453
3.353 9.097 41.891
-1.742 6.333 38.662
22.212 0.318 29.967
19.820 -2.986 24.989
17.135 -3.332 19.197
15.270 -0.543 13.166
14.512 4.924 9.145
-4.115 2.629 34.517
-4.751 -0.511 33.708
-4.537 -1.805 36.009
-6.247 -33.218 -25.619
-6.178 -32.983 -25.677
-1.449 -30.482 -28.647
5.365 -30.811 -28.826
10.502 -32.129 -25.590
14.415 -34.593 -20.637
16.506 -37.473 -15.633
15.956 -41.851 -10.510
12.778 -46.896 -7.426
8.811 -51.817 -26.004
3.040 -50.318 -22.745
0.280 -48.254 -16.940
0.157 -44.759 -11.462
1.397 -38.824 -9.166
3.526 -33.145 -9.084
4.163 -27.933 -11.033
3.010 -22.098 -14.761
2.806 -19.569 -16.066
2.682 -17.724 -13.941
1.291 -13.324 -40.760
-0.823 -13.737 -40.870
-2.169 -11.382 -34.865
-3.128 -11.519 -28.489
0.649 -10.331 -23.213
-6.344 -9.003 -22.750
-9.611 -3.619 -21.304
-10.098 2.514 -18.311
-7.247 7.820 -14.623
7.228 6.137 -23.763
7.018 5.486 -17.783
5.033 3.203 -13.063
5.080 3.227 -13.109
3.674 -1.011 -10.039
15.259 -15.651 -31.179
13.536 -20.229 -27.460
7.611 -23.798 -26.325
1.136 -24.528 -26.964
4.620 -2.057 -9.561
5.484 -4.254 -7.974
8.093 -3.057 -7.213
5.694 -4.219 -7.925
8.022 -2.839 -7.519
-34.202 28.030 -26.179
-32.120 21.674 -24.707
-27.926 16.370 -25.386
-22.087 15.141 -23.235
-26.913 10.185 -24.631
-28.316 2.148 -14.519
-26.374 0.462 -8.208
-26.320 3.523 -1.885
-26.629 7.918 2.906
-33.985 18.499 -9.729
-28.391 21.211 -6.764
-22.349 18.681 -5.504
-17.810 14.320 -6.374
-14.970 8.964 -8.906
-13.003 6.082 -13.052
-15.229 32.499 -22.818
-15.551 29.081 -28.667
-16.707 24.764 -33.338
-20.862 21.513 -36.677
-7.716 7.278 -13.680
-9.658 6.483 -15.705
-15.006 35.199 -21.892
-15.386 32.175 -27.629
-15.968 27.864 -32.609
-20.360 24.840 -36.482
-33.906 19.911 -9.526
-28.132 22.287 -6.742
-22.113 19.762 -5.289
-17.651 15.218 -6.780
-34.545 29.991 -26.896
-31.959 24.230 -25.132
-27.526 18.994 -25.856
-22.086 17.375 -23.811
-26.751 12.487 -25.810
-29.168 7.336 -21.822
-28.277 4.007 -15.713
-26.331 2.338 -9.690
-25.663 4.538 -2.626
-26.376 8.766 2.041
-12.309 8.096 -14.697
-9.843 7.952 -16.305
-8.039 8.897 -14.195
-15.592 10.300 -9.918
269.729 56.460 59.356
270.306 51.429 55.537
268.666 47.247 50.484
264.494 45.821 45.022
261.267 47.144 40.208
259.397 50.897 35.530
259.444 56.921 32.307
263.693 61.812 30.867
269.601 64.880 30.482
276.367 64.753 29.916
281.869 61.864 28.513
286.060 57.378 27.180
287.334 53.081 23.692
269.574 49.094 19.910
272.246 45.740 24.792
274.973 45.620 31.066
278.633 47.606 36.508
278.801 52.571 40.521
277.260 58.373 42.992
271.861 62.265 44.215
266.032 65.817 43.505
259.872 64.135 44.866
254.548 60.448 45.358
-23.115 -22.418 -32.272
-27.293 -21.672 -37.258
-30.980 -21.030 -41.711
-36.919 -20.915 -43.465
-43.641 -20.376 -41.798
-49.338 -20.972 -38.046
-51.434 -19.508 -32.046
-50.453 -17.505 -25.448
-47.386 -13.072 -21.750
-59.609 -0.344 -28.501
-55.821 -3.431 -33.935
-50.455 -4.600 -37.260
-42.939 -5.261 -36.887
-36.924 -7.923 -33.698
-33.899 -11.522 -29.478
-34.374 -16.610 -25.113
-37.823 -22.031 -23.783
-40.176 -26.946 -25.660
-41.490 -31.287 -30.276
-41.101 -34.187 -35.118
-37.601 -36.151 -38.844
