58.282 34.916 37.365
60.555 28.503 37.265
62.151 22.911 40.320
59.973 18.779 45.304
56.321 16.949 51.023
50.573 16.414 52.953
45.285 17.860 53.936
45.602 21.482 35.452
44.406 26.191 39.408
43.944 28.649 45.640
47.684 29.959 51.087
52.843 28.913 55.181
59.455 29.551 55.300
65.438 30.090 52.825
59.862 29.055 37.785
61.628 23.376 40.623
59.273 19.515 45.962
55.768 17.816 51.152
50.199 17.338 54.107
44.894 17.691 54.278
45.346 22.494 36.456
43.483 27.092 40.720
42.736 29.873 47.068
47.218 30.656 52.240
52.391 29.666 55.678
59.013 30.376 55.817
60.468 28.848 37.637
62.447 23.097 40.706
60.057 18.960 45.705
56.405 17.367 50.943
50.755 16.935 54.022
45.264 17.790 54.425
45.702 22.052 36.489
44.107 26.587 40.363
43.623 29.349 46.722
47.778 30.227 51.960
53.111 29.324 55.697
59.553 29.686 55.698
60.361 28.834 37.778
62.489 23.041 40.678
60.159 18.902 45.700
56.450 17.320 50.882
50.808 16.872 53.827
45.161 17.493 54.494
45.889 21.957 36.341
44.223 26.548 40.358
43.682 29.216 46.677
47.777 30.178 51.927
53.110 29.211 55.466
59.673 29.603 55.649
60.487 28.729 37.834
62.448 22.976 40.640
60.166 18.916 45.692
56.380 17.288 50.893
50.805 16.834 53.828
45.083 17.749 54.484
45.851 21.983 36.245
44.165 26.511 40.377
43.750 29.249 46.688
47.796 30.092 51.962
53.108 29.148 55.542
59.678 29.535 55.670
59.586 30.246 37.501
60.911 24.688 40.754
58.846 20.434 45.583
55.319 19.054 51.211
49.471 18.325 53.880
45.366 23.342 36.445
43.502 28.335 40.665
42.698 30.940 46.908
47.038 31.784 52.343
52.587 30.547 55.875
58.845 31.120 55.580
60.652 28.813 37.865
62.513 23.001 40.650
60.148 18.880 45.659
56.447 17.241 50.893
50.806 16.850 53.954
45.252 17.645 54.474
45.711 21.978 36.362
44.015 26.550 40.582
43.712 29.320 46.600
47.795 30.096 51.914
53.159 29.186 55.559
59.564 29.623 55.642
60.359 28.775 37.658
62.296 22.842 40.715
60.117 18.775 45.799
56.439 17.046 50.742
50.786 16.532 53.783
45.292 17.368 54.629
45.579 22.163 36.425
44.126 26.666 40.462
43.578 29.213 46.866
47.877 30.388 51.833
53.036 29.417 55.523
59.541 29.653 55.485
60.664 28.864 37.840
62.464 22.945 40.641
60.030 18.858 45.720
56.438 17.232 50.960
50.761 16.969 53.918
45.110 17.552 54.424
45.762 21.988 36.401
44.146 26.482 40.374
43.612 29.359 46.764
47.650 30.195 52.066
53.108 29.224 55.554
59.601 29.637 55.725
60.515 28.761 37.852
62.568 23.074 40.657
60.206 18.866 45.740
56.351 17.333 50.792
50.712 16.638 53.895
45.156 17.517 54.484
45.726 21.953 36.477
44.236 26.565 40.464
43.555 29.232 46.696
47.802 29.997 51.917
53.175 29.153 55.607
59.504 29.615 55.687
60.710 28.038 37.789
62.757 22.646 40.771
60.637 18.224 45.708
56.865 16.871 50.811
51.087 16.277 53.744
45.242 18.270 54.528
45.954 21.429 36.444
44.565 26.156 40.248
43.648 28.730 46.600
48.270 29.762 51.469
53.446 28.789 55.423
59.716 29.068 55.457
60.717 28.603 37.780
62.619 22.980 40.784
60.417 18.799 45.636
56.557 17.250 50.939
50.969 16.700 53.863
45.350 17.506 54.582
45.918 21.785 36.364
44.260 26.458 40.371
43.739 29.207 46.705
47.850 29.948 51.959
53.339 29.032 55.650
59.632 29.467 55.639
60.790 28.731 37.737
62.745 22.921 40.656
60.368 18.832 45.642
56.690 17.248 50.807
50.990 16.762 53.868
45.409 17.699 54.503
45.970 22.041 36.354
44.275 26.480 40.349
43.845 29.293 46.674
47.984 30.220 51.900
53.284 29.145 55.545
59.779 29.540 55.610
60.944 28.574 37.652
62.860 22.849 40.588
60.586 18.654 45.657
56.833 17.068 50.750
51.090 16.562 53.719
45.585 17.685 54.243
46.133 21.884 36.247
44.421 26.280 40.367
43.951 29.158 46.649
48.136 29.894 51.909
53.602 28.880 55.550
59.986 29.234 55.672
60.495 28.870 37.962
62.486 22.855 40.770
60.138 18.784 45.742
56.558 17.344 51.050
50.843 16.726 53.754
45.228 17.497 54.649
45.788 21.655 36.301
44.116 26.573 40.513
43.714 29.268 46.824
47.851 30.141 52.194
53.110 29.154 55.691
59.650 29.497 55.533
60.823 28.691 37.876
62.560 22.837 40.739
60.283 18.731 45.610
56.526 17.110 50.832
50.983 16.686 53.856
45.260 17.660 54.414
45.970 21.910 36.260
44.270 26.428 40.407
43.783 29.261 46.585
47.882 30.141 51.953
53.267 29.046 55.561
59.703 29.532 55.539
59.802 28.931 37.930
61.904 23.244 40.609
59.556 19.572 45.562
55.658 17.801 51.027
50.253 17.465 54.141
44.972 17.831 54.666
45.318 22.546 36.729
43.933 27.119 40.598
42.993 29.814 47.033
47.474 30.689 52.123
52.476 29.591 55.641
59.239 30.230 55.723
60.674 28.750 37.858
62.424 22.939 40.691
60.082 18.939 45.666
56.433 17.219 50.920
50.805 16.765 53.936
45.210 17.546 54.496
45.666 21.977 36.318
44.196 26.459 40.294
43.673 29.294 46.654
47.752 30.168 51.976
53.124 29.102 55.655
59.565 29.567 55.616
58.697 35.067 37.230
61.075 28.713 37.296
62.685 23.256 40.711
60.514 19.182 45.619
56.847 17.415 51.244
50.928 16.850 53.445
45.924 18.035 54.371
46.073 21.920 35.841
44.691 26.693 39.900
44.444 29.364 46.165
48.193 30.552 51.478
53.548 29.457 55.503
60.056 29.905 55.532
66.017 30.224 53.163
58.623 35.205 37.449
60.474 28.944 37.578
62.472 23.301 40.687
60.247 19.205 45.533
56.388 17.489 51.087
50.914 17.026 53.863
45.528 17.713 54.402
45.849 21.887 36.110
44.179 26.666 40.456
43.671 29.380 46.845
47.836 30.277 51.656
53.187 29.407 55.540
59.661 29.891 55.737
65.622 29.681 53.398
58.916 34.940 36.966
61.608 28.933 37.328
62.782 23.292 40.621
60.560 19.261 45.715
56.744 17.400 51.223
50.802 16.889 53.179
45.709 18.211 54.117
46.287 22.090 35.664
44.757 26.903 39.698
44.647 29.569 45.990
48.164 30.647 51.190
53.534 29.496 55.358
60.013 29.984 55.407
66.075 30.405 52.983
70.958 36.167 50.856
73.603 37.554 50.960
74.440 36.572 53.564
58.463 34.888 37.306
60.909 28.870 37.347
62.213 23.196 40.769
60.131 19.146 45.749
56.376 17.422 51.422
50.528 16.954 53.483
45.679 17.826 54.427
45.681 22.038 36.110
44.354 26.638 39.972
44.165 29.270 46.294
47.887 30.277 51.603
53.059 29.435 55.606
59.571 29.936 55.834
65.462 30.179 53.368
58.667 35.029 36.752
61.199 29.003 37.060
62.465 23.434 40.474
60.233 19.367 45.529
56.750 17.612 51.205
50.667 17.003 53.033
45.521 18.316 53.933
46.116 22.264 35.452
44.661 26.916 39.658
44.593 29.554 45.993
48.089 30.484 51.311
53.338 29.638 55.514
59.894 30.070 55.480
65.710 30.465 52.949
69.599 32.976 48.297
71.568 35.742 49.857
73.760 37.510 50.833
74.553 35.994 53.079
58.445 35.057 37.047
61.017 29.029 37.330
62.258 23.404 40.578
60.095 19.390 45.792
56.500 17.517 51.278
50.473 16.969 53.166
45.523 18.111 54.307
45.973 22.095 35.671
44.486 26.833 39.568
44.402 29.408 45.888
47.748 30.446 51.221
53.082 29.535 55.468
59.600 30.040 55.617
65.452 30.438 53.258
69.976 32.640 48.786
70.968 36.188 49.930
73.458 37.579 50.781
74.303 36.579 53.413
58.882 34.879 37.184
61.034 28.893 37.343
62.667 23.353 40.614
60.420 19.088 45.642
56.870 17.345 51.219
50.983 16.707 53.362
45.890 18.128 54.346
46.148 21.895 35.734
44.774 26.733 39.884
44.614 29.440 46.105
48.233 30.510 51.550
53.533 29.403 55.483
60.175 29.930 55.592
65.855 30.241 53.256
60.587 28.771 37.864
62.466 22.950 40.697
60.149 18.818 45.642
56.475 17.253 50.883
50.798 16.820 53.954
45.223 17.672 54.540
45.821 21.930 36.349
44.157 26.526 40.329
43.672 29.316 46.671
47.739 30.095 51.896
53.190 29.150 55.519
59.636 29.604 55.625
60.679 28.863 37.898
62.503 23.005 40.643
60.134 18.881 45.632
56.442 17.233 50.886
50.799 16.958 53.887
45.226 17.591 54.391
45.870 21.994 36.272
44.204 26.521 40.340
43.611 29.354 46.680
47.836 30.166 51.890
53.171 29.107 55.602
59.636 29.582 55.606
60.660 28.794 37.691
62.535 23.141 40.644
60.237 19.070 45.672
56.350 17.376 50.962
50.937 16.449 53.847
45.235 17.705 54.634
45.844 21.857 36.145
44.157 26.626 40.418
43.667 29.190 46.783
47.856 30.113 51.864
53.162 29.281 55.640
59.628 29.660 55.899
60.473 28.763 37.876
62.550 23.036 40.668
60.094 18.849 45.757
56.374 17.243 50.956
50.864 16.839 53.882
45.236 17.575 54.634
45.954 21.930 36.183
44.188 26.517 40.385
43.653 29.325 46.730
47.801 30.121 51.969
53.054 29.169 55.593
59.633 29.580 55.689
70.964 35.631 50.105
73.076 37.420 50.938
74.245 36.446 53.418
36.668 7.978 -5.316
31.731 12.558 -4.410
24.972 14.081 -3.951
19.014 11.806 -1.995
15.864 7.990 2.273
12.316 13.214 -0.476
9.486 18.211 3.270
6.742 20.586 8.966
4.383 21.710 15.359
7.139 22.237 21.664
12.334 22.557 25.940
18.391 24.486 26.626
23.789 27.901 24.615
27.715 31.355 20.339
27.268 36.813 16.388
9.245 36.991 17.329
12.121 35.168 11.755
17.029 32.152 8.483
21.357 26.902 9.047
24.604 22.008 12.510
23.690 17.356 17.043
20.008 13.499 21.044
14.431 10.220 21.049
8.419 8.621 18.458
29.930 -1.434 7.634
26.364 -4.361 3.156
22.904 -4.236 -2.453
21.066 -1.430 -7.998
20.518 3.572 -12.883
5.087 5.314 14.771
3.944 2.730 13.754
4.128 1.248 16.043
34.005 -9.596 77.990
32.442 -14.812 73.699
28.849 -17.829 68.410
25.297 -16.736 62.940
23.692 -13.001 57.262
25.168 -7.365 53.217
30.068 -3.173 50.631
36.475 -2.489 48.721
42.533 -5.305 46.903
46.835 -10.786 46.610
47.448 -17.114 44.125
45.403 -21.273 40.478
40.857 -24.234 35.835
36.117 -23.099 31.187
33.502 -19.037 26.695
33.749 -13.779 22.282
38.397 -10.324 18.378
44.667 -8.344 17.129
49.680 -9.890 14.768
53.884 -13.183 11.816
56.669 -17.599 9.044
31.765 -26.788 4.024
35.749 -23.768 8.219
39.878 -26.102 11.467
44.121 -28.721 14.620
48.090 -29.135 18.016
51.085 -25.363 22.622
53.628 -21.274 26.087
51.929 -15.351 29.036
49.522 -9.556 29.952
44.371 -5.481 30.392
37.654 -4.984 31.399
32.397 -8.296 33.345
29.544 -13.093 36.359
29.097 -18.060 41.049
32.167 -21.877 45.717
36.743 -22.254 50.693
40.234 -18.719 55.113
42.525 -13.110 57.980
41.077 -6.755 59.835
37.420 -1.991 61.169
30.865 0.484 62.048
24.360 -1.688 62.663
21.114 -7.485 65.724
21.827 -11.448 71.542
56.902 -20.574 0.637
55.418 -21.597 4.381
55.029 -22.391 1.715
79.565 17.112 48.402
73.543 18.830 50.629
66.512 18.454 50.489
61.373 14.707 50.324
59.443 10.321 54.830
55.240 12.813 51.385
55.626 17.588 54.135
49.596 18.567 56.471
45.257 20.732 61.294
42.871 21.676 67.481
45.535 22.509 73.801
50.601 23.087 78.467
56.724 25.636 79.102
62.307 28.499 76.866
65.250 33.056 72.977
64.097 38.960 70.597
46.550 38.801 72.971
48.746 37.145 66.980
53.431 35.331 62.414
58.559 30.538 62.310
62.749 26.328 65.243
62.690 21.239 69.725
59.879 16.471 73.278
55.533 11.973 73.193
50.232 8.390 71.337
47.096 5.898 66.201
75.089 4.848 60.615
72.546 1.207 55.941
69.345 0.661 50.192
66.541 3.769 44.897
66.301 8.950 40.633
15.694 -12.509 22.389
10.839 -8.901 19.700
8.340 -3.565 16.510
9.788 1.629 12.204
14.400 5.103 8.534
19.514 3.996 4.372
23.094 0.030 0.245
23.098 -4.993 -3.956
23.058 -4.957 -3.985
20.870 -11.444 -5.653
20.137 -9.727 -7.661
15.962 -12.453 -10.095
12.492 -11.405 -14.392
8.262 -7.243 -16.693
4.169 -2.789 -19.120
4.480 3.078 -21.886
7.141 9.050 -23.824
12.406 12.160 -26.417
18.430 12.929 -29.074
18.894 -5.526 -29.564
23.351 -2.441 -26.007
24.078 1.848 -21.083
21.357 5.628 -16.389
21.523 5.552 -16.384
16.636 10.471 -14.304
17.102 9.008 -13.093
12.324 8.407 -9.460
8.330 4.262 -6.521
5.290 -0.093 -3.972
3.701 -5.916 -0.957
7.028 -10.087 2.344
11.894 -13.199 5.432
18.787 -14.079 6.521
24.177 -10.575 8.346
26.307 -5.069 11.106
25.227 0.814 14.506
21.420 5.957 17.092
17.000 6.006 21.972
12.048 -11.096 -17.251
-17.995 194.715 19.159
-21.485 200.293 20.873
-22.683 198.954 14.877
-25.551 198.679 9.392
-26.856 201.385 3.357
-25.237 206.091 -0.512
-20.820 210.741 -3.371
-16.143 215.246 -4.196
-9.565 216.021 -3.199
-3.569 215.599 -0.307
1.715 211.533 0.464
-6.299 196.576 -5.954
-6.233 197.714 0.849
-5.088 202.177 5.973
-5.590 208.201 8.866
-8.770 213.866 9.729
-14.599 216.771 10.133
-21.109 216.834 9.736
-27.655 215.219 10.570
-30.203 215.544 11.904
-29.924 218.184 12.868
-6.373 27.719 -26.945
-3.594 21.827 -25.499
0.606 16.461 -26.489
6.045 15.273 -24.313
1.185 10.153 -25.237
-0.928 5.414 -20.799
-0.334 2.504 -14.755
1.372 1.897 -8.640
2.721 4.405 -1.759
2.215 9.145 2.747
-5.611 19.453 -9.497
0.122 21.941 -6.518
6.177 19.277 -5.536
10.613 14.711 -6.777
12.791 9.529 -9.547
11.937 33.179 -23.437
12.452 29.616 -29.221
11.667 25.476 -33.706
7.334 22.410 -37.457
15.672 7.067 -14.122
18.142 6.970 -15.809
20.151 7.656 -13.795
-15.367 35.642 -21.936
-15.027 32.196 -27.838
-15.620 27.954 -32.810
-20.192 25.038 -36.465
-33.981 20.131 -9.436
-28.197 22.493 -6.399
-22.127 20.006 -5.232
-17.569 15.662 -6.693
-15.308 10.461 -9.813
-34.336 30.439 -26.936
-31.894 24.586 -25.598
-27.436 19.389 -26.338
-22.022 17.719 -24.092
-26.948 12.657 -25.535
-28.990 7.454 -21.742
-28.430 4.168 -15.486
-26.342 2.410 -9.397
-25.499 4.768 -2.463
-26.064 9.152 2.210
-12.310 8.353 -14.458
-9.909 8.420 -16.347
-7.989 9.141 -14.335
15.238 34.973 21.694
15.055 31.709 27.751
15.839 27.181 32.626
20.425 24.221 36.263
33.943 19.857 9.302
28.141 22.215 6.408
22.066 19.735 5.169
17.566 15.369 6.630
15.169 10.209 9.748
34.619 29.890 26.781
32.001 24.181 25.162
27.543 18.907 25.895
22.016 17.391 23.615
26.903 12.436 25.223
29.055 7.201 21.551
28.366 3.939 15.390
26.187 2.111 9.450
25.520 4.412 2.478
26.116 8.711 -2.244
12.188 7.967 14.384
9.805 8.056 16.255
7.956 8.790 14.228
-1.990 36.305 -34.596
-7.159 38.267 -38.617
-12.769 35.988 -41.605
-17.552 33.456 -40.066
-16.136 40.190 -40.319
-20.860 45.422 -40.066
-26.062 47.297 -37.161
-31.439 48.116 -33.149
-32.963 47.364 -26.688
-30.627 47.427 -20.647
-13.934 44.045 -24.796
-17.606 39.048 -22.175
-23.050 35.254 -22.338
-27.731 32.962 -26.081
-31.511 32.797 -31.779
-7.987 19.404 -29.263
-7.396 19.401 -36.159
-7.936 20.462 -42.462
-6.600 24.356 -47.446
-5.120 36.781 4.446
0.403 35.523 8.614
3.548 30.292 11.365
6.056 25.799 9.578
8.490 32.400 9.882
15.232 34.387 9.866
20.590 33.363 6.903
25.580 31.195 2.845
26.321 29.580 -3.688
24.714 30.360 -9.388
8.714 37.397 -5.005
8.741 31.185 -7.822
11.300 25.052 -7.670
14.279 20.541 -4.213
17.442 18.191 1.345
-9.974 19.383 -0.848
-10.563 19.815 6.011
-9.779 20.759 12.451
-8.137 24.741 17.231
-8.390 38.497 17.297
-12.139 42.994 13.429
-17.814 43.686 9.869
-23.437 43.658 10.796
-18.942 48.947 10.615
-20.404 55.848 10.284
-24.252 60.070 12.756
-28.865 63.480 16.415
-30.943 63.627 22.731
-29.884 62.700 28.834
-15.687 52.027 26.062
-21.428 49.254 28.284
-28.123 48.571 27.673
-33.013 48.708 23.782
-36.249 50.108 17.929
-22.712 26.907 21.930
-21.592 26.627 15.115
-20.783 27.781 8.702
-17.809 31.260 4.008
-1.260 63.109 -48.044
-6.749 61.693 -44.194
-11.809 64.041 -40.429
-16.376 67.148 -41.202
-15.620 60.360 -41.126
-20.588 55.388 -40.772
-26.078 53.968 -43.334
-31.804 53.610 -46.814
-33.548 54.416 -53.230
-31.749 54.365 -59.336
-14.433 56.443 -56.605
-18.043 61.698 -58.689
-23.282 65.833 -58.198
-27.434 68.393 -54.188
-30.752 68.834 -48.276
-6.972 80.863 -52.461
-5.777 80.565 -45.681
-5.634 78.925 -39.334
-4.972 74.402 -34.679
-34.363 27.740 -26.183
-32.125 21.548 -24.422
-27.815 16.323 -25.467
-22.035 15.225 -23.198
-26.815 10.136 -24.554
-33.864 18.414 -9.696
-28.229 21.097 -6.746
-22.156 18.703 -5.403
-17.602 14.421 -6.400
-14.806 8.823 -9.089
-14.802 8.846 -9.093
-14.987 32.485 -22.497
-15.702 29.129 -28.517
-16.867 24.801 -33.120
-21.051 21.544 -36.473
-28.154 2.146 -14.350
-26.103 0.486 -8.013
-26.412 3.624 -1.759
-26.207 8.262 2.931
-12.147 6.429 -13.650
-9.740 6.392 -15.518
-7.825 7.179 -13.489
-17.978 22.965 16.497
-20.638 28.108 19.649
-21.842 28.257 13.857
-25.380 26.519 8.150
-26.697 29.433 2.207
-25.057 34.266 -1.630
-20.814 38.704 -4.295
-16.118 43.448 -5.151
-9.441 44.381 -3.765
-3.472 43.394 -0.770
1.676 39.387 -0.395
-6.706 25.033 -7.460
-6.283 25.725 -0.538
-5.053 30.063 4.800
-5.282 36.204 7.578
-8.607 41.687 8.632
-14.542 44.631 9.149
-20.479 45.738 6.591
-27.597 43.823 9.172
-30.181 44.053 10.581
-29.955 46.702 11.600
41.591 15.670 -4.319
35.832 18.017 -2.642
28.862 18.118 -2.458
23.437 14.596 -2.256
20.881 10.669 2.060
18.712 17.040 -0.084
13.710 20.803 2.740
9.118 22.198 7.328
5.939 22.387 13.242
7.879 22.806 19.864
12.495 22.956 24.669
18.536 25.697 25.814
24.299 28.636 24.115
28.098 32.715 20.263
27.972 38.672 17.728
9.846 39.386 19.011
12.471 38.426 13.208
17.040 35.386 9.411
21.984 30.680 9.604
25.770 26.128 12.740
25.282 21.016 16.803
22.193 15.903 19.922
17.649 11.540 19.100
12.074 8.873 16.521
10.284 6.694 10.793
42.865 4.694 5.512
36.574 4.092 7.264
34.084 0.171 2.641
30.896 -0.059 -3.085
27.848 2.881 -8.290
27.593 8.259 -12.563
8.501 0.687 12.203
28.641 2.500 18.691
23.493 7.309 19.131
16.555 7.658 19.719
10.179 5.290 19.089
6.785 1.588 23.068
5.339 8.165 22.431
0.338 11.519 25.180
-4.367 12.529 29.424
-7.858 12.404 35.131
-6.265 13.177 41.926
-2.189 13.662 47.133
3.968 15.353 49.182
9.349 18.784 48.717
14.439 22.466 45.671
14.322 28.428 42.838
-3.705 29.653 44.647
-0.828 29.102 38.708
3.284 26.125 34.874
9.546 22.962 34.346
12.317 17.436 36.555
11.225 11.511 39.299
8.172 6.841 42.447
3.537 2.490 41.929
-1.694 -0.614 38.656
22.322 -5.873 29.663
19.723 -9.595 25.021
17.085 -9.820 19.220
15.234 -7.049 13.240
14.322 -1.582 9.282
-3.842 -3.880 34.388
-4.768 -7.073 33.688
-4.432 -8.357 35.915
28.425 8.977 19.461
23.611 13.928 19.286
16.711 14.208 19.334
10.285 11.789 19.101
7.119 8.080 23.327
5.142 14.836 22.009
0.243 18.279 25.098
-4.420 19.618 29.521
-8.123 19.091 35.209
-6.378 19.703 41.913
-2.220 20.153 47.151
3.884 21.718 49.368
9.284 25.297 48.912
14.202 28.908 45.526
14.269 35.110 42.913
-3.691 36.575 45.004
-0.910 36.023 38.936
3.311 32.891 34.970
9.414 29.825 34.383
12.255 24.120 36.539
11.277 18.012 39.009
8.035 13.303 42.453
3.353 9.097 41.891
-1.742 6.333 38.662
22.212 0.318 29.967
19.820 -2.986 24.989
17.135 -3.332 19.197
15.270 -0.543 13.166
14.512 4.924 9.145
-4.115 2.629 34.517
-4.751 -0.511 33.708
-4.537 -1.805 36.009
-6.247 -33.218 -25.619
-6.178 -32.983 -25.677
-1.449 -30.482 -28.647
5.365 -30.811 -28.826
10.502 -32.129 -25.590
14.415 -34.593 -20.637
16.506 -37.473 -15.633
15.956 -41.851 -10.510
12.778 -46.896 -7.426
8.811 -51.817 -26.004
3.040 -50.318 -22.745
0.280 -48.254 -16.940
0.157 -44.759 -11.462
1.397 -38.824 -9.166
3.526 -33.145 -9.084
4.163 -27.933 -11.033
3.010 -22.098 -14.761
2.806 -19.569 -16.066
2.682 -17.724 -13.941
1.291 -13.324 -40.760
-0.823 -13.737 -40.870
-2.169 -11.382 -34.865
-3.128 -11.519 -28.489
0.649 -10.331 -23.213
-6.344 -9.003 -22.750
-9.611 -3.619 -21.304
-10.098 2.514 -18.311
-7.247 7.820 -14.623
7.228 6.137 -23.763
7.018 5.486 -17.783
5.033 3.203 -13.063
5.080 3.227 -13.109
3.674 -1.011 -10.039
15.259 -15.651 -31.179
13.536 -20.229 -27.460
7.611 -23.798 -26.325
1.136 -24.528 -26.964
4.620 -2.057 -9.561
5.484 -4.254 -7.974
8.093 -3.057 -7.213
5.694 -4.219 -7.925
8.022 -2.839 -7.519
-34.202 28.030 -26.179
-32.120 21.674 -24.707
-27.926 16.370 -25.386
-22.087 15.141 -23.235
-26.913 10.185 -24.631
-28.316 2.148 -14.519
-26.374 0.462 -8.208
-26.320 3.523 -1.885
-26.629 7.918 2.906
-33.985 18.499 -9.729
-28.391 21.211 -6.764
-22.349 18.681 -5.504
-17.810 14.320 -6.374
-14.970 8.964 -8.906
-13.003 6.082 -13.052
-15.229 32.499 -22.818
-15.551 29.081 -28.667
-16.707 24.764 -33.338
-20.862 21.513 -36.677
-7.716 7.278 -13.680
-9.658 6.483 -15.705
-15.006 35.199 -21.892
-15.386 32.175 -27.629
-15.968 27.864 -32.609
-20.360 24.840 -36.482
-33.906 19.911 -9.526
-28.132 22.287 -6.742
-22.113 19.762 -5.289
-17.651 15.218 -6.780
-34.545 29.991 -26.896
-31.959 24.230 -25.132
-27.526 18.994 -25.856
-22.086 17.375 -23.811
-26.751 12.487 -25.810
-29.168 7.336 -21.822
-28.277 4.007 -15.713
-26.331 2.338 -9.690
-25.663 4.538 -2.626
-26.376 8.766 2.041
-12.309 8.096 -14.697
-9.843 7.952 -16.305
-8.039 8.897 -14.195
-15.592 10.300 -9.918
269.729 56.460 59.356
270.306 51.429 55.537
268.666 47.247 50.484
264.494 45.821 45.022
261.267 47.144 40.208
259.397 50.897 35.530
259.444 56.921 32.307
263.693 61.812 30.867
269.601 64.880 30.482
276.367 64.753 29.916
281.869 61.864 28.513
286.060 57.378 27.180
287.334 53.081 23.692
269.574 49.094 19.910
272.246 45.740 24.792
274.973 45.620 31.066
278.633 47.606 36.508
278.801 52.571 40.521
277.260 58.373 42.992
271.861 62.265 44.215
266.032 65.817 43.505
259.872 64.135 44.866
254.548 60.448 45.358
-23.115 -22.418 -32.272
-27.293 -21.672 -37.258
-30.980 -21.030 -41.711
-36.919 -20.915 -43.465
-43.641 -20.376 -41.798
-49.338 -20.972 -38.046
-51.434 -19.508 -32.046
-50.453 -17.505 -25.448
-47.386 -13.072 -21.750
-59.609 -0.344 -28.501
-55.821 -3.431 -33.935
-50.455 -4.600 -37.260
-42.939 -5.261 -36.887
-36.924 -7.923 -33.698
-33.899 -11.522 -29.478
-34.374 -16.610 -25.113
-37.823 -22.031 -23.783
-40.176 -26.946 -25.660
-41.490 -31.287 -30.276
-41.101 -34.187 -35.118
-37.601 -36.151 -38.844
-128.767 3.605 -13.651
-134.904 3.675 -16.002
-135.536 4.737 -9.648
-135.693 8.336 -4.220
-138.516 8.188 1.891
-141.350 3.917 6.367
-143.123 -1.952 8.868
-144.422 -8.169 9.571
-142.224 -14.462 8.107
-138.714 -19.404 5.163
-132.599 -21.797 4.466
-123.976 -7.315 10.807
-124.889 -7.858 4.084
-128.091 -11.021 -1.189
-133.675 -13.642 -3.972
-140.157 -13.594 -4.683
-145.578 -9.912 -5.030
-148.707 -4.668 -4.673
-151.079 2.320 -5.581
-152.630 4.313 -6.979
-154.780 2.780 -7.944
-31.663 62.051 29.213
-28.396 56.475 31.182
-27.330 56.462 25.261
-24.014 58.511 19.639
-22.677 55.799 13.601
-24.828 51.305 9.420
-28.997 46.762 6.915
-33.645 42.298 6.143
-40.279 41.245 7.147
-46.336 41.633 9.895
-51.491 45.776 10.974
-43.175 60.500 4.506
-43.538 59.393 11.288
-44.607 55.162 16.498
-43.865 49.238 19.439
-40.595 43.536 20.232
-34.813 40.692 20.651
-28.612 40.791 20.513
-21.652 41.917 20.993
-19.028 41.642 22.284
-19.268 39.062 23.080
80.438 16.294 47.729
74.313 18.258 49.700
67.431 17.338 50.403
62.214 13.438 50.932
60.338 9.727 55.537
57.327 15.777 53.868
51.950 19.520 55.937
48.352 21.045 61.227
45.227 20.867 67.311
47.629 21.443 73.793
52.645 22.101 78.434
58.478 25.361 79.105
64.292 27.918 76.639
67.397 32.265 72.614
66.320 38.355 70.035
48.562 38.317 73.157
50.915 37.625 66.758
55.347 34.875 62.639
60.443 30.015 62.407
64.779 25.849 65.413
65.132 20.670 69.657
62.285 15.706 73.125
57.902 11.162 72.659
52.499 7.964 70.614
77.126 4.079 60.033
74.503 0.211 55.573
71.016 -0.466 49.962
67.681 2.313 44.811
66.838 7.341 40.741
-6.303 27.801 -27.315
-3.586 21.870 -26.016
0.654 16.656 -26.904
6.052 15.514 -24.350
1.132 10.430 -25.305
-0.605 5.688 -20.484
-0.221 2.825 -14.696
0.073 2.377 -8.276
0.714 5.035 -1.890
1.655 9.589 2.804
-6.153 19.859 -9.362
-0.306 22.234 -6.594
5.706 19.649 -5.370
10.182 15.445 -6.520
13.323 10.925 -10.125
10.756 5.857 -13.812
11.867 33.599 -23.416
12.451 29.910 -29.189
12.056 25.277 -33.700
7.419 22.372 -37.358
-6.090 29.135 -27.526
-3.266 23.668 -25.615
1.126 18.606 -26.410
6.522 16.958 -24.139
1.374 12.140 -25.385
-1.055 7.091 -21.533
-0.699 3.773 -15.676
1.017 2.195 -9.588
1.928 4.319 -3.057
1.384 8.330 1.929
-6.111 19.998 -9.466
-0.305 22.184 -6.458
5.662 19.609 -5.367
10.089 14.902 -6.620
12.541 9.748 -9.359
14.446 6.861 -13.634
13.642 34.683 -21.649
13.414 31.655 -27.842
12.737 27.680 -32.832
8.355 24.472 -36.780
18.145 7.508 -16.296
20.395 9.640 -16.719
20.052 8.025 -14.455
20.014 8.122 -14.519
-17.705 23.519 16.231
-20.428 28.418 19.338
-21.567 29.288 13.127
-25.398 26.954 8.005
-26.754 29.651 1.911
-24.909 34.327 -2.046
-20.673 38.867 -4.516
-15.974 43.436 -5.246
-9.380 44.197 -4.129
-3.404 43.605 -1.022
1.790 39.578 -0.489
-6.318 24.880 -7.308
-6.101 25.971 -0.497
-4.664 30.340 4.702
-4.996 36.506 7.359
-8.581 41.903 8.514
-14.456 44.802 9.113
-20.669 44.596 8.818
-34.489 -29.744 26.516
-31.524 -23.889 24.759
-27.161 -18.616 26.110
-21.572 -17.316 23.860
-26.455 -12.365 25.486
-28.777 -7.245 21.603
-28.301 -3.989 15.630
-26.030 -1.961 9.775
-25.436 -4.268 3.263
-25.444 -4.214 3.277
-26.333 -7.955 -1.755
-26.163 -8.021 -1.549
-33.630 -20.113 9.185
-27.726 -22.251 6.431
-21.759 -19.582 5.188
-17.268 -15.163 6.696
-14.956 -10.068 9.712
-14.864 -10.220 9.607
-13.032 -7.763 14.005
-14.711 -34.778 21.423
-15.061 -31.760 27.661
-15.857 -27.677 32.709
-20.404 -24.618 36.361
-11.898 -7.941 14.597
-9.649 -7.779 16.417
-7.641 -8.485 14.551
-9.541 -7.794 16.464
-7.785 -8.676 14.486
-21.785 27.428 14.376
-21.756 25.782 8.212
-25.438 26.787 2.786
-26.707 29.458 -3.419
-25.145 34.334 -7.328
-20.815 38.982 -10.018
-16.199 43.697 -10.796
-9.602 44.627 -9.706
-3.453 43.849 -7.254
1.762 39.842 -6.195
-6.691 25.219 -12.781
-6.101 25.983 -5.953
-5.484 30.246 -0.770
-6.212 36.181 2.395
-8.946 42.043 3.110
-14.740 45.181 3.471
-21.292 45.075 3.037
-27.683 43.536 3.853
-30.308 43.749 5.071
-29.909 46.407 6.112
-10.086 26.433 0.562
-14.008 31.522 -1.188
-13.076 32.590 4.776
-10.075 35.269 10.098
-12.055 37.733 16.074
-16.980 38.879 19.808
-23.210 37.540 22.358
-29.669 35.637 23.064
-34.596 31.348 21.762
-36.300 24.918 20.301
-35.343 18.569 18.797
-18.722 18.957 25.462
-18.583 18.960 25.432
-19.344 18.654 18.503
-23.245 20.094 13.397
-28.437 22.798 10.122
-31.682 28.580 9.445
-31.645 35.065 9.170
-28.184 40.746 9.394
-24.610 45.314 10.016
-0.169 -15.261 -37.650
-4.643 -12.942 -32.999
-4.287 -11.324 -26.922
-0.760 -10.026 -21.458
-7.501 -7.891 -21.713
-10.162 -2.026 -20.858
-10.185 4.276 -18.305
-7.176 9.604 -14.777
7.776 6.356 -22.375
7.015 5.976 -16.287
4.472 3.653 -11.827
4.537 3.674 -11.842
2.337 0.068 -8.544
13.840 -17.449 -27.387
11.325 -21.550 -23.571
5.111 -24.573 -22.671
5.047 -24.524 -22.664
-1.426 -24.484 -22.482
-1.369 -25.192 -22.757
3.136 -0.987 -8.056
3.683 -3.194 -6.179
6.283 -2.288 -5.373
3.638 -3.206 -6.278
-0.053 -15.468 -37.699
-4.289 -12.958 -33.044
-4.372 -11.495 -26.887
-0.830 -10.187 -21.462
-7.631 -8.074 -21.838
-10.257 -2.192 -21.002
-10.211 4.170 -18.413
-7.222 9.458 -14.797
7.674 6.305 -22.433
6.892 5.938 -16.382
4.121 3.749 -11.873
4.222 3.768 -11.874
2.112 0.066 -8.666
13.775 -17.509 -27.430
11.238 -21.640 -23.563
5.153 -24.754 -22.714
4.996 -24.642 -22.691
-1.470 -24.063 -22.334
-1.306 -25.545 -22.856
3.419 -3.177 -6.316
5.863 -2.410 -5.221
2.905 -0.976 -7.955
3.431 -3.281 -6.178
6.044 -2.284 -5.468
-7.166 -30.534 -24.986
-7.234 -30.595 -24.880
-1.619 -30.256 -28.905
5.014 -30.626 -28.916
9.953 -32.186 -25.495
13.753 -34.696 -20.272
16.014 -37.351 -15.435
15.197 -42.018 -10.312
11.471 -46.874 -7.438
8.085 -51.967 -26.213
2.307 -50.340 -23.093
-0.285 -47.760 -17.134
-0.630 -44.466 -11.808
0.641 -38.758 -8.937
2.865 -33.135 -8.862
3.745 -28.035 -10.937
3.129 -21.811 -14.730
2.754 -19.429 -16.243
1.650 -17.594 -14.341
0.275 -15.222 37.487
4.701 -12.818 32.928
4.379 -11.181 26.813
0.809 -9.903 21.394
7.608 -7.796 21.668
10.153 -1.913 20.781
10.010 4.351 18.183
7.007 9.643 14.564
-7.759 6.501 22.321
-7.097 6.114 16.261
-4.539 3.830 11.866
-13.700 -17.316 27.412
-11.183 -21.490 23.643
-5.023 -24.526 22.707
-4.892 -24.429 22.746
1.513 -24.327 22.325
1.551 -25.007 22.480
-3.362 -1.143 7.802
-3.955 -3.285 5.839
-6.533 -2.406 4.894
0.054 -15.577 -37.630
-4.286 -12.961 -33.078
-4.444 -11.597 -26.863
-0.916 -10.254 -21.491
-7.752 -8.201 -21.925
-10.276 -2.255 -21.051
-10.102 4.073 -18.440
-7.134 9.350 -14.831
7.692 6.245 -22.476
6.905 5.930 -16.372
4.222 3.799 -11.845
2.053 0.064 -8.657
13.784 -17.548 -27.344
11.241 -21.666 -23.558
5.086 -24.737 -22.641
4.973 -24.659 -22.675
-1.458 -24.053 -22.339
-1.548 -25.289 -22.605
-0.317 -15.166 -37.652
-4.835 -12.963 -32.953
-4.321 -11.384 -26.861
-0.731 -10.046 -21.488
-7.510 -7.894 -21.779
-10.061 -1.995 -20.798
-9.878 4.281 -17.999
-6.710 9.621 -14.611
7.988 6.389 -22.461
7.255 6.050 -16.358
4.670 3.798 -11.878
4.696 3.801 -11.883
2.497 0.022 -8.503
13.824 -17.535 -27.530
11.287 -21.663 -23.719
5.170 -24.691 -22.782
5.048 -24.607 -22.782
-1.435 -24.188 -22.483
-1.424 -25.102 -22.755
3.414 -1.071 -7.777
3.888 -3.170 -5.867
6.442 -2.164 -5.143
4.121 -3.151 -5.822
6.655 -2.142 -5.357
-0.278 -15.236 -37.709
-4.749 -13.039 -32.990
-4.350 -11.495 -26.894
-0.788 -10.162 -21.488
-7.566 -7.961 -21.778
-10.067 -2.054 -20.803
-9.868 4.165 -18.090
-6.844 9.532 -14.675
7.945 6.381 -22.477
7.208 6.022 -16.370
4.668 3.817 -11.840
2.466 -0.002 -8.496
13.827 -17.588 -27.510
11.309 -21.653 -23.633
5.193 -24.729 -22.744
5.067 -24.634 -22.725
-1.368 -24.456 -22.520
-1.382 -25.218 -22.831
3.835 -3.108 -6.081
6.239 -2.159 -5.171
-0.106 -15.315 -37.612
-4.603 -12.960 -33.066
-4.249 -11.288 -26.954
-0.797 -10.026 -21.467
-7.580 -7.889 -21.724
-10.246 -1.942 -21.006
-10.162 4.279 -18.330
-7.191 9.557 -14.738
7.720 6.448 -22.476
6.970 6.103 -16.377
4.470 3.828 -11.872
2.278 0.169 -8.602
13.812 -17.387 -27.351
11.324 -21.537 -23.553
4.854 -24.370 -22.710
5.173 -24.595 -22.644
-1.703 -23.606 -22.173
-1.339 -25.088 -22.662
-0.155 -15.319 -37.808
-4.606 -13.049 -33.095
-4.320 -11.504 -26.978
-0.804 -10.197 -21.544
-7.600 -8.021 -21.836
-10.048 -2.073 -20.976
-9.982 4.210 -18.363
-7.065 9.495 -14.754
7.806 6.410 -22.565
7.051 6.085 -16.462
4.515 3.864 -11.926
2.228 0.129 -8.528
13.860 -17.477 -27.376
11.343 -21.554 -23.528
5.142 -24.586 -22.690
-1.317 -25.185 -22.919
17.339 10.531 23.489
18.546 6.902 18.472
19.759 2.196 14.281
13.594 3.797 13.348
8.330 -0.279 9.719
1.775 -0.986 10.265
-4.285 0.325 13.397
-7.996 4.454 17.110
4.220 17.935 9.812
4.403 17.112 16.456
2.185 14.138 22.124
-0.924 8.688 24.801
-1.743 2.361 24.444
0.893 -3.173 22.555
5.998 -6.560 22.143
12.021 -8.445 24.198
18.036 -7.810 26.371
-6.590 1.965 27.210
-3.811 7.686 25.432
0.570 12.936 25.950
6.259 14.305 23.811
1.444 19.476 25.089
-0.856 24.682 21.255
-0.182 27.808 15.251
1.785 29.680 9.267
2.595 27.308 2.243
2.005 22.796 -2.320
-5.662 11.918 9.481
0.066 9.520 6.572
6.144 11.879 5.356
10.571 16.435 6.703
12.926 21.476 9.635
12.929 21.490 9.630
15.115 24.378 13.370
12.826 -3.403 21.736
13.071 -0.217 27.812
12.158 4.266 32.856
7.706 7.445 36.376
16.227 23.718 14.149
18.265 24.074 15.838
20.168 23.342 14.221
18.301 24.007 15.852
20.121 23.327 14.079
61.144 5.105 10.326
55.285 2.654 8.212
48.625 1.823 9.905
44.347 0.914 14.303
43.079 6.949 12.525
39.653 12.077 16.834
39.954 18.552 17.632
42.435 24.613 16.047
45.176 28.836 12.037
39.795 16.638 -1.855
46.391 16.372 -0.755
51.740 18.161 2.994
55.025 21.063 8.002
54.552 22.165 14.470
53.190 19.052 19.837
52.129 14.334 23.499
53.113 8.248 25.741
53.421 1.552 25.308
52.671 -4.626 21.792
-32.296 62.415 2.108
-29.238 57.258 4.210
-27.764 56.687 -1.750
-23.946 59.048 -6.848
-22.553 56.322 -12.919
-24.264 51.465 -16.762
-28.634 46.738 -19.183
-33.199 42.173 -20.055
-39.722 40.894 -18.681
-45.956 41.824 -16.275
-51.207 45.810 -15.302
-40.760 56.052 -27.363
-42.397 60.419 -22.353
-43.226 59.807 -15.482
-44.061 55.559 -10.182
-43.383 49.692 -7.037
-40.610 43.798 -6.152
-34.887 40.708 -5.666
-28.304 40.844 -5.262
-15.144 34.606 -21.774
-15.367 31.404 -28.030
-16.262 27.577 -32.852
-20.591 24.613 -36.736
-34.167 19.831 -9.320
-28.306 22.128 -6.617
-22.259 19.545 -5.402
-17.819 15.023 -6.873
-15.669 10.065 -9.833
-34.654 29.729 -27.039
-31.784 23.859 -25.112
-27.663 18.441 -26.348
-22.108 17.406 -23.857
-27.004 12.376 -25.678
-29.351 7.387 -21.749
-28.678 4.022 -15.837
-26.479 2.068 -9.797
-25.953 4.250 -2.711
-26.254 8.607 2.022
-12.194 7.978 -14.366
-9.818 7.793 -16.237
-8.049 8.729 -14.251
12.006 -27.491 -15.255
14.973 -32.933 -16.740
12.467 -33.084 -11.365
10.471 -35.406 -5.283
12.434 -38.206 0.451
17.433 -38.486 4.709
23.511 -37.480 7.278
29.799 -35.692 8.071
33.746 -30.384 7.176
36.446 -24.890 4.531
35.670 -18.425 3.377
18.683 -18.292 10.211
19.671 -18.097 3.214
23.834 -19.458 -2.156
28.672 -23.050 -5.000
32.157 -28.762 -5.754
31.688 -35.155 -6.109
28.562 -40.584 -6.005
24.041 -46.091 -6.745
23.198 -48.570 -7.986
25.521 -49.669 -8.995
-128.147 3.633 -14.267
-134.523 3.888 -16.112
-134.212 5.510 -10.104
-135.255 8.468 -4.544
-138.381 8.310 1.504
-141.308 4.273 5.599
-143.305 -1.617 8.088
-144.935 -7.919 8.938
-142.241 -13.956 8.099
-138.942 -19.074 5.235
-132.777 -21.565 4.339
-123.991 -7.081 10.823
-124.737 -7.815 4.010
-127.967 -10.986 -1.182
-133.417 -13.600 -4.072
-140.051 -13.539 -4.981
-145.403 -9.923 -5.386
-148.545 -4.453 -5.083
-150.888 2.144 -5.627
-152.507 4.177 -6.957
-154.623 2.649 -8.029
28.673 3.467 10.123
34.650 3.620 12.485
34.421 5.762 6.614
35.484 8.805 0.927
38.782 8.345 -4.896
41.932 4.452 -8.883
43.690 -1.392 -11.513
45.728 -7.741 -12.280
43.151 -13.784 -11.539
39.637 -18.887 -8.856
33.543 -21.333 -7.942
24.744 -6.752 -14.600
25.528 -7.755 -7.691
28.583 -10.918 -2.446
34.088 -13.062 0.711
40.675 -13.204 1.498
46.149 -9.625 1.932
49.372 -4.369 1.759
51.726 2.002 1.677
53.261 4.147 3.165
55.412 2.546 4.176
40.251 16.639 -4.775
34.225 18.308 -2.620
27.276 17.712 -2.364
22.079 13.598 -1.863
19.962 10.030 2.656
17.531 16.388 0.462
12.810 20.424 3.141
8.725 21.447 8.326
5.559 21.312 14.320
7.881 21.949 20.784
12.873 22.542 25.426
18.751 25.734 26.044
24.741 27.614 23.246
27.634 32.599 19.745
26.820 38.591 16.711
9.154 38.517 19.776
11.361 38.015 13.410
15.850 35.081 9.471
20.955 30.152 9.369
25.175 26.006 12.511
25.337 20.899 16.890
22.506 15.982 20.340
18.149 11.406 19.881
12.975 8.439 17.838
36.972 4.264 7.270
34.309 0.416 2.793
30.777 -0.162 -2.784
27.405 2.625 -7.867
27.300 7.566 -12.472
-63.532 -0.311 -11.905
-64.408 -0.964 -12.210
-64.682 -6.208 -9.626
-64.807 -6.416 -9.389
-63.214 -8.595 -3.815
-59.813 -8.390 2.314
-56.494 -4.553 5.900
-54.792 1.656 8.783
-53.124 7.849 9.535
-55.486 14.023 8.649
-58.779 19.245 5.990
-65.091 21.303 5.291
-69.669 6.922 17.259
-73.872 6.544 11.955
-72.927 7.925 5.094
-70.311 10.829 -0.281
-64.691 12.519 -3.704
-58.065 13.170 -4.439
-52.639 9.573 -4.717
-48.389 5.334 -2.645
-46.702 -2.008 -4.882
-45.239 -4.166 -6.229
-42.914 -2.651 -7.225
49.322 32.624 27.834
46.564 27.629 27.381
46.550 21.818 24.286
49.691 18.066 19.986
55.058 16.756 16.486
61.515 18.015 14.369
67.420 20.211 16.372
71.371 21.684 21.456
73.372 21.420 27.836
73.761 20.158 34.098
72.690 15.738 38.290
72.283 8.906 39.628
67.377 3.468 36.283
74.542 7.774 21.776
69.496 5.210 22.484
63.880 4.873 25.209
59.361 7.546 29.555
58.108 13.153 32.958
59.601 19.532 35.274
61.971 25.431 33.265
63.588 29.497 28.246
63.436 31.576 21.919
61.467 31.609 15.440
56.499 30.648 11.255
49.939 30.323 10.380
43.678 27.538 10.976
36.547 8.177 -5.286
31.701 11.996 -3.476
25.145 14.090 -3.793
19.304 11.668 -1.740
16.200 7.915 2.646
12.545 13.141 -0.306
9.666 18.128 3.296
6.644 20.393 9.011
4.289 21.505 15.307
7.016 22.157 21.621
12.246 22.378 25.965
18.415 24.540 26.544
23.672 27.816 24.379
28.067 30.558 19.830
27.639 36.352 16.149
9.551 36.727 17.650
12.383 35.268 11.748
16.772 31.677 8.533
21.392 26.640 9.004
24.501 21.714 12.494
23.547 17.133 17.249
19.807 13.418 21.387
14.237 9.942 21.186
8.287 8.583 18.699
29.872 -1.646 7.970
26.313 -4.502 3.444
22.796 -4.148 -2.144
20.869 -1.182 -7.579
21.041 3.597 -12.445
5.247 5.411 14.998
4.142 2.703 13.976
3.989 1.228 16.227
19.961 6.103 47.700
17.565 9.707 51.599
11.078 12.999 50.521
4.519 11.827 51.574
1.003 10.002 55.216
-3.809 12.970 53.104
-6.763 17.707 56.609
-9.723 20.198 62.199
-12.292 21.332 68.388
-9.617 21.954 74.795
-4.393 22.170 78.975
1.889 23.801 79.830
7.409 26.925 77.806
11.507 30.534 73.821
11.248 35.612 69.817
-7.162 35.767 70.735
-3.859 34.843 64.877
0.480 31.125 61.826
5.126 26.188 62.256
8.007 21.518 65.877
6.863 16.895 70.862
2.899 13.080 74.537
-2.434 9.898 74.471
-8.251 8.011 71.859
13.500 -2.275 61.683
10.207 -4.803 57.065
6.708 -4.436 51.257
5.388 -1.445 45.779
4.866 3.407 41.128
-11.593 4.565 67.921
-12.641 2.044 66.951
-12.609 0.530 69.366
36.001 7.539 -5.339
31.667 11.609 -3.664
24.853 13.756 -4.782
19.595 11.937 -1.407
16.331 7.838 2.725
12.688 13.220 0.035
9.877 18.080 3.699
6.964 20.618 9.118
4.403 21.782 15.354
7.145 22.325 21.713
12.269 22.407 26.112
18.543 24.457 26.711
23.981 27.515 24.845
28.248 30.567 20.578
27.906 36.322 17.155
9.764 36.549 17.990
12.902 35.429 12.139
17.436 32.093 8.773
21.572 26.732 9.206
24.631 21.905 12.762
23.633 17.470 17.701
19.814 13.378 21.396
14.358 10.180 21.299
8.481 8.381 19.139
30.189 -1.702 8.341
26.817 -4.441 3.546
23.397 -4.263 -2.005
21.611 -1.580 -7.490
20.381 3.034 -12.558
5.113 4.905 14.848
3.997 2.273 13.894
4.104 0.822 16.405
36.700 7.220 -5.490
31.829 11.715 -3.803
25.017 14.115 -4.369
19.871 12.391 -1.108
16.373 7.938 2.779
12.709 13.227 0.098
9.750 18.254 3.638
6.723 20.682 9.158
4.316 21.796 15.419
7.142 22.445 21.765
12.270 22.659 26.056
18.557 24.535 26.502
24.021 27.500 24.434
28.264 30.486 20.106
28.062 36.068 16.556
9.881 36.512 17.998
12.859 35.505 11.956
17.029 31.805 8.611
21.314 26.595 8.839
24.431 21.730 12.567
23.465 17.360 17.653
19.606 13.613 21.510
14.194 10.203 21.317
8.459 8.506 18.862
29.924 -1.484 8.308
26.601 -4.245 3.537
23.333 -3.824 -1.980
21.503 -1.103 -7.523
20.539 3.553 -12.363
5.121 4.990 15.028
4.014 2.438 14.075
4.051 0.878 16.483
20.071 7.714 47.331
15.245 11.852 48.750
8.558 14.000 48.318
3.064 12.053 51.393
-0.103 7.377 55.114
-3.992 12.756 52.531
-6.735 17.721 56.262
-9.525 20.231 61.755
-12.033 21.470 68.004
-9.254 22.130 74.378
-3.958 22.070 78.712
2.273 24.221 79.275
7.632 27.477 77.302
11.806 30.635 72.940
11.597 36.051 69.157
-6.695 36.597 70.509
-3.774 35.335 64.645
0.738 32.000 61.337
4.994 26.530 61.575
8.141 21.680 65.248
7.230 17.267 70.155
3.470 13.389 74.018
-2.036 9.948 73.933
-7.755 8.254 71.620
13.466 -1.692 60.595
10.041 -4.466 56.105
6.528 -4.216 50.582
4.538 -1.256 45.145
3.801 3.471 40.274
-11.366 4.708 67.572
-12.627 2.222 66.613
-12.306 0.657 69.059
36.080 7.756 -5.118
31.690 11.997 -4.875
25.030 13.881 -4.083
19.142 11.844 -1.944
15.991 7.817 2.300
12.363 13.196 -0.281
9.467 18.076 3.623
6.509 20.542 9.035
4.413 21.798 15.486
7.305 22.166 21.836
12.476 22.358 26.120
18.579 24.473 26.786
24.135 27.691 24.722
27.863 31.237 20.508
27.344 36.766 16.755
9.178 37.007 17.729
12.423 35.750 11.859
17.109 32.454 8.637
21.387 26.964 8.952
24.452 22.087 12.385
23.508 17.262 16.904
19.841 13.483 21.075
14.529 10.085 21.058
29.850 -1.726 7.487
26.289 -4.481 3.089
22.814 -4.333 -2.551
21.046 -1.559 -8.275
20.428 3.490 -13.089
8.620 7.798 19.093
5.147 4.778 14.858
3.866 2.248 13.826
4.105 0.850 16.439
14.551 81.151 47.346
14.900 79.610 41.942
14.052 76.651 35.873
10.741 76.986 29.906
7.299 80.794 26.147
5.446 86.821 23.409
3.614 93.134 22.531
6.100 99.362 23.754
9.925 104.243 26.355
15.944 106.743 27.072
23.805 91.925 20.248
23.860 92.878 27.247
20.772 95.557 32.375
15.357 97.997 35.699
8.793 98.721 36.509
3.286 95.181 36.971
0.076 89.663 36.468
-2.322 83.450 37.131
-3.859 81.326 38.408
-6.033 82.886 39.519
27.929 4.726 13.500
34.262 3.974 15.271
34.036 6.146 9.697
35.310 9.055 3.705
38.368 8.452 -2.242
41.808 4.676 -5.906
43.435 -1.281 -8.597
45.337 -7.669 -9.462
43.254 -13.895 -8.240
39.441 -18.836 -5.804
33.411 -21.123 -4.835
25.409 -6.299 -11.612
26.824 -5.763 -11.345
25.411 -7.348 -4.615
28.519 -10.100 0.590
33.790 -12.637 3.837
40.348 -13.122 4.620
46.003 -9.722 4.825
49.625 -4.891 2.308
49.089 -3.906 4.374
51.290 2.104 4.994
52.902 4.180 6.172
55.072 2.642 7.189
21.924 -11.214 2.351
23.927 -12.905 3.346
-18.421 31.485 54.246
-16.421 29.532 54.271
4.927 -2.141 37.532
-1.598 -2.888 35.443
-5.999 -2.572 30.798
-7.443 -4.096 25.042
-7.384 -8.787 21.655
-9.875 -13.147 18.805
-9.999 -18.717 15.181
-10.770 -25.192 16.226
-8.810 -31.454 16.304
-6.108 -35.956 18.973
-3.937 -41.671 18.288
-4.442 -45.586 24.673
-14.590 63.841 -2.780
-20.654 60.935 -4.799
-24.486 59.243 -10.203
-24.743 57.079 -15.789
-24.583 51.543 -16.759
-26.899 46.362 -18.158
-26.389 39.891 -19.616
-27.416 34.255 -16.456
-25.708 28.496 -13.834
-23.406 25.124 -9.517
-20.877 20.160 -7.836
-22.359 17.541 -0.874
27.838 17.660 -70.011
21.792 20.710 -68.138
17.591 22.446 -62.649
17.325 24.760 -57.183
17.594 30.338 -56.089
15.211 35.419 -54.367
15.532 41.835 -52.493
14.543 47.561 -55.425
16.171 53.322 -57.987
18.220 56.779 -62.309
20.867 62.033 -64.024
18.268 64.180 -70.719
56.939 -51.879 -16.567
53.902 -46.940 -20.390
47.779 -44.241 -21.675
41.502 -41.258 -18.649
38.577 -39.143 -13.918
38.486 -33.691 -12.089
35.705 -28.659 -11.245
35.453 -22.299 -9.463
35.475 -16.664 -12.671
37.829 -10.902 -14.477
41.480 -7.580 -17.902
44.038 -2.392 -18.442
45.313 -0.839 -25.619
24.130 18.574 48.588
25.663 20.763 47.672
11.157 -4.105 21.750
7.832 1.456 19.551
2.877 5.659 20.183
-2.575 8.445 24.449
-4.351 8.805 30.076
-5.050 14.539 31.170
-7.735 19.432 33.632
-7.728 25.144 37.111
-8.216 31.559 35.822
-6.042 37.710 35.384
-3.046 42.042 32.893
-0.601 47.470 33.392
-0.532 51.232 26.911
54.133 54.883 73.023
48.401 51.056 73.664
42.403 48.736 71.171
39.784 45.795 66.475
39.464 39.956 65.849
36.879 34.722 64.650
36.714 28.495 62.371
36.719 22.407 64.788
39.184 16.474 65.952
42.828 12.875 69.148
45.682 7.622 69.274
46.564 4.964 76.295
-19.845 -23.932 -2.533
-17.834 -21.985 -2.603
-34.444 28.569 -35.186
-32.353 30.384 -35.757
8.165 52.870 -36.549
10.336 51.107 -36.219
87.330 79.423 63.410
86.033 73.873 66.488
81.611 68.657 66.711
75.195 66.281 66.027
69.325 66.259 62.814
67.066 66.161 56.718
67.111 66.595 50.510
68.844 65.498 45.140
64.683 55.212 54.320
70.099 58.487 55.241
77.017 57.211 56.656
81.159 54.726 53.651
84.996 56.897 49.473
86.628 63.266 47.791
84.565 69.203 47.167
80.550 74.771 48.378
75.699 78.182 50.781
70.310 79.542 54.789
68.081 79.106 61.140
69.502 79.103 67.557
73.024 76.604 73.269
111.678 21.685 -4.316
110.334 27.175 -7.379
106.008 32.560 -7.714
99.530 34.814 -6.925
93.732 34.642 -3.720
91.422 34.384 2.458
91.400 34.379 8.272
93.201 35.897 13.430
89.071 46.382 3.894
94.904 42.183 1.839
101.816 43.987 1.797
105.854 46.614 4.938
109.461 44.307 9.270
110.927 37.949 11.241
108.805 32.123 11.700
105.086 26.506 10.818
100.221 22.908 8.402
95.056 21.417 4.166
92.430 22.177 -1.897
93.760 22.108 -8.446
97.253 24.404 -14.211
73.218 60.100 37.774
70.688 59.980 36.250
97.481 41.393 20.795
94.942 41.513 22.264
42.975 53.169 197.550
37.422 54.912 200.390
30.972 56.360 199.748
24.976 56.399 196.924
21.686 54.782 191.416
21.017 52.438 185.280
22.507 48.155 180.608
23.450 42.135 179.249
23.993 36.141 179.973
-1.821 38.143 199.596
3.626 41.692 200.431
9.418 40.606 198.224
14.305 41.317 194.916
18.781 37.952 198.291
25.283 36.228 197.726
31.494 36.593 195.031
35.483 39.658 190.702
36.578 43.414 185.343
34.567 48.745 181.879
30.826 54.206 180.198
28.464 59.902 182.640
29.135 64.428 187.371
36.709 3.741 218.931
33.332 2.325 213.292
27.632 0.928 210.288
21.105 0.898 209.290
15.212 1.990 212.031
11.165 4.904 216.361
9.569 9.169 221.161
9.557 15.136 222.864
10.532 21.269 222.408
0.720 19.140 190.941
5.763 15.582 193.813
8.882 16.272 199.109
11.264 15.947 204.702
16.842 19.280 204.519
21.833 21.003 208.767
25.306 20.651 214.502
26.047 17.591 220.352
23.879 13.956 225.474
20.445 8.491 227.054
16.333 3.067 226.095
15.806 -2.708 222.806
19.447 -7.330 219.723
8.677 26.241 219.574
6.810 28.301 218.629
4.867 28.166 220.763
21.019 30.910 181.412
18.931 28.821 181.137
18.662 29.006 178.258
-34.513 -29.671 26.434
-31.570 -23.915 24.832
-27.059 -18.728 26.118
-21.493 -17.414 23.896
-26.513 -12.471 25.426
-28.816 -7.463 21.511
-28.205 -4.213 15.468
-25.995 -1.903 9.735
-25.979 -2.093 9.580
-25.432 -4.302 3.201
-26.439 -8.072 -1.799
-33.596 -20.231 9.244
-27.751 -22.283 6.394
-21.752 -19.709 5.149
-17.237 -15.271 6.577
-14.847 -10.334 9.495
-12.908 -7.752 13.936
-14.771 -35.043 21.215
-14.986 -32.006 27.544
-15.742 -27.843 32.614
-20.257 -24.777 36.290
-9.724 -7.943 16.477
-7.837 -8.585 14.546
-34.477 -29.508 26.638
-31.538 -23.718 24.950
-27.039 -18.531 26.227
-21.478 -17.287 24.010
-26.443 -12.305 25.513
-28.751 -7.280 21.575
-28.291 -4.200 15.421
-25.966 -1.979 9.626
-25.356 -4.209 3.238
-26.098 -8.347 -1.834
-33.603 -20.150 9.265
-27.757 -22.226 6.442
-21.783 -19.617 5.190
-17.298 -15.128 6.629
-14.921 -10.276 9.472
-12.953 -7.614 13.934
-14.717 -34.857 21.306
-15.030 -31.838 27.580
-15.798 -27.805 32.643
-20.223 -24.691 36.357
-9.884 -7.800 16.409
-8.186 -8.493 14.344
-34.358 -29.684 26.575
-31.417 -23.925 24.920
-26.990 -18.742 26.120
-21.475 -17.338 24.025
-26.540 -12.472 25.435
-28.818 -7.455 21.460
-28.272 -4.249 15.427
-25.951 -2.105 9.620
-25.309 -4.277 3.224
-26.283 -8.081 -1.770
-33.577 -20.230 9.185
-27.693 -22.324 6.386
-21.694 -19.755 5.200
-17.210 -15.314 6.619
-14.714 -10.387 9.563
-12.881 -7.684 14.003
-14.649 -35.048 21.211
-14.941 -32.024 27.566
-15.599 -27.838 32.672
-20.170 -24.882 36.381
-34.496 -29.723 26.776
-31.745 -23.910 25.305
-27.162 -18.744 26.210
-21.597 -17.372 24.002
-26.580 -12.401 25.481
-28.857 -7.313 21.589
-28.326 -4.037 15.626
-26.160 -2.032 9.731
-25.462 -4.503 3.015
-25.470 -4.216 3.080
-25.910 -8.719 -1.950
-27.003 -7.670 -1.749
-33.699 -20.231 9.334
-27.849 -22.349 6.262
-21.886 -19.676 5.261
-17.408 -15.199 6.677
-14.984 -10.284 9.541
-13.031 -7.705 13.921
-14.810 -34.948 21.312
-15.060 -31.925 27.654
-15.753 -27.783 32.699
-20.220 -24.732 36.461
-9.563 -7.909 16.295
-9.788 -7.911 16.560
-7.603 -7.288 14.476
-7.959 -8.786 14.617
-34.477 -29.570 26.806
-31.652 -23.816 25.254
-27.117 -18.643 26.178
-21.555 -17.273 23.989
-26.504 -12.313 25.527
-28.796 -7.218 21.585
-28.262 -3.998 15.586
-26.113 -1.913 9.791
-26.087 -2.152 9.599
-25.423 -4.382 2.735
-25.417 -4.290 3.355
-27.120 -7.700 -1.676
-25.851 -8.674 -1.959
-33.645 -20.126 9.360
-27.840 -22.301 6.308
-21.894 -19.654 5.220
-17.422 -15.133 6.627
-15.005 -10.257 9.546
-12.985 -7.599 13.926
-14.751 -34.862 21.381
-15.054 -31.800 27.664
-15.718 -27.661 32.673
-20.198 -24.655 36.393
-9.710 -7.850 16.413
-7.768 -8.418 14.401
-7.729 -7.702 14.521
60.650 28.867 37.850
62.408 22.953 40.734
60.101 18.838 45.639
56.430 17.311 50.846
50.759 16.749 53.847
45.196 17.725 54.183
45.770 22.093 36.409
44.119 26.543 40.275
43.576 29.348 46.693
47.742 30.278 51.904
53.078 29.228 55.501
59.573 29.610 55.583
36.766 8.421 -5.461
31.857 12.192 -3.547
25.181 14.625 -4.059
19.679 12.477 -1.178
16.434 7.424 2.211
12.408 12.773 0.025
9.588 17.742 3.742
6.499 20.263 9.201
4.042 21.568 15.413
6.967 22.212 21.734
12.197 22.156 25.927
18.537 24.049 26.456
23.979 27.066 24.266
27.855 30.208 19.786
27.918 35.929 15.967
9.915 36.857 17.324
12.512 34.881 11.760
16.987 31.468 8.431
21.287 26.260 8.754
24.207 21.558 12.349
23.197 16.968 17.371
19.630 13.378 21.476
14.142 9.939 21.512
7.991 8.342 19.155
29.965 -1.346 8.083
26.580 -4.107 3.482
23.115 -3.798 -2.033
21.073 -0.808 -7.526
20.501 3.908 -12.364
4.985 5.345 15.032
3.842 2.568 14.107
3.679 1.201 16.481
36.569 8.438 -5.464
31.845 12.351 -3.820
25.259 14.512 -4.001
19.798 12.531 -1.146
16.553 7.550 2.341
12.448 12.872 -0.004
9.627 17.852 3.684
6.667 20.422 9.191
4.079 21.575 15.430
6.932 22.172 21.828
12.174 22.258 26.052
18.408 24.322 26.577
23.879 27.416 24.296
28.097 30.449 19.846
27.960 35.910 16.083
9.827 36.666 17.470
12.400 34.852 11.903
17.023 31.656 8.421
21.164 26.274 9.031
24.544 21.598 12.678
23.135 16.944 17.378
19.520 13.406 21.578
13.962 10.020 21.482
8.049 8.506 18.895
29.997 -1.354 8.096
26.552 -4.060 3.523
22.997 -3.738 -2.005
21.128 -0.639 -7.379
20.583 3.701 -12.362
4.975 5.445 15.030
3.760 2.681 14.093
3.869 1.241 16.509
137.629 113.016 -19.232
134.060 117.906 -20.929
136.886 118.865 -15.992
138.521 121.083 -9.547
136.293 123.745 -3.736
131.485 124.418 0.220
125.296 122.923 2.946
119.044 121.449 3.851
114.903 116.335 2.669
112.329 110.773 0.078
113.217 104.304 -0.672
130.210 104.358 5.621
129.132 104.192 -1.081
125.089 105.631 -6.514
120.399 109.176 -9.415
116.472 114.617 -10.104
116.815 120.958 -10.660
119.648 126.719 -10.501
124.143 129.280 -7.484
124.484 131.867 -10.867
125.552 134.241 -12.114
123.130 135.277 -13.203
40.554 16.560 -4.770
34.506 18.402 -2.920
27.554 17.607 -2.514
22.326 13.658 -1.834
20.322 10.566 2.737
17.414 16.503 0.227
12.242 20.019 3.019
8.481 21.090 8.298
5.485 21.067 14.348
7.837 21.741 20.820
12.833 22.323 25.435
18.605 25.697 26.081
24.575 27.648 23.156
27.390 32.379 19.364
26.627 38.526 16.830
8.780 38.600 19.787
11.155 37.837 13.490
15.424 34.935 9.351
20.680 30.213 9.265
25.015 26.056 12.345
25.362 21.219 16.962
22.757 16.072 20.380
18.409 11.487 19.873
12.971 8.335 17.684
37.308 4.174 7.328
34.692 0.424 2.850
31.196 -0.198 -2.717
27.767 2.547 -7.807
27.230 7.515 -12.107
31.947 -61.429 26.962
28.702 -56.904 28.826
26.813 -58.863 24.183
24.012 -59.136 17.647
22.577 -56.047 11.748
24.463 -51.309 7.741
28.588 -46.463 5.113
33.246 -41.859 4.370
39.813 -41.342 5.072
45.923 -41.717 7.865
50.997 -45.713 8.708
42.756 -60.628 1.980
43.188 -59.565 8.909
44.393 -55.311 14.061
43.564 -49.459 17.269
40.514 -43.662 18.072
34.821 -40.709 18.428
28.525 -40.571 17.935
21.581 -41.295 18.831
18.677 -41.350 19.956
19.207 -38.749 21.022
