58.282 34.916 37.365
60.555 28.503 37.265
62.151 22.911 40.320
59.973 18.779 45.304
56.321 16.949 51.023
50.573 16.414 52.953
45.285 17.860 53.936
45.602 21.482 35.452
44.406 26.191 39.408
43.944 28.649 45.640
47.684 29.959 51.087
52.843 28.913 55.181
59.455 29.551 55.300
65.438 30.090 52.825
59.862 29.055 37.785
61.628 23.376 40.623
59.273 19.515 45.962
55.768 17.816 51.152
50.199 17.338 54.107
44.894 17.691 54.278
45.346 22.494 36.456
43.483 27.092 40.720
42.736 29.873 47.068
47.218 30.656 52.240
52.391 29.666 55.678
59.013 30.376 55.817
60.468 28.848 37.637
62.447 23.097 40.706
60.057 18.960 45.705
56.405 17.367 50.943
50.755 16.935 54.022
45.264 17.790 54.425
45.702 22.052 36.489
44.107 26.587 40.363
43.623 29.349 46.722
47.778 30.227 51.960
53.111 29.324 55.697
59.553 29.686 55.698
60.361 28.834 37.778
62.489 23.041 40.678
60.159 18.902 45.700
56.450 17.320 50.882
50.808 16.872 53.827
45.161 17.493 54.494
45.889 21.957 36.341
44.223 26.548 40.358
43.682 29.216 46.677
47.777 30.178 51.927
53.110 29.211 55.466
59.673 29.603 55.649
60.487 28.729 37.834
62.448 22.976 40.640
60.166 18.916 45.692
56.380 17.288 50.893
50.805 16.834 53.828
45.083 17.749 54.484
45.851 21.983 36.245
44.165 26.511 40.377
43.750 29.249 46.688
47.796 30.092 51.962
53.108 29.148 55.542
59.678 29.535 55.670
59.586 30.246 37.501
60.911 24.688 40.754
58.846 20.434 45.583
55.319 19.054 51.211
49.471 18.325 53.880
45.366 23.342 36.445
43.502 28.335 40.665
42.698 30.940 46.908
47.038 31.784 52.343
52.587 30.547 55.875
58.845 31.120 55.580
