58.282 34.916 37.365
60.555 28.503 37.265
62.151 22.911 40.320
59.973 18.779 45.304
56.321 16.949 51.023
50.573 16.414 52.953
45.285 17.860 53.936
45.602 21.482 35.452
44.406 26.191 39.408
43.944 28.649 45.640
47.684 29.959 51.087
52.843 28.913 55.181
59.455 29.551 55.300
65.438 30.090 52.825
59.862 29.055 37.785
61.628 23.376 40.623
59.273 19.515 45.962
55.768 17.816 51.152
50.199 17.338 54.107
44.894 17.691 54.278
45.346 22.494 36.456
43.483 27.092 40.720
42.736 29.873 47.068
47.218 30.656 52.240
52.391 29.666 55.678
59.013 30.376 55.817
60.468 28.848 37.637
62.447 23.097 40.706
60.057 18.960 45.705
56.405 17.367 50.943
50.755 16.935 54.022
45.264 17.790 54.425
45.702 22.052 36.489
44.107 26.587 40.363
43.623 29.349 46.722
47.778 30.227 51.960
53.111 29.324 55.697
59.553 29.686 55.698
60.361 28.834 37.778
62.489 23.041 40.678
60.159 18.902 45.700
56.450 17.320 50.882
50.808 16.872 53.827
45.161 17.493 54.494
45.889 21.957 36.341
44.223 26.548 40.358
43.682 29.216 46.677
47.777 30.178 51.927
53.110 29.211 55.466
59.673 29.603 55.649
60.487 28.729 37.834
62.448 22.976 40.640
60.166 18.916 45.692
56.380 17.288 50.893
50.805 16.834 53.828
45.083 17.749 54.484
45.851 21.983 36.245
44.165 26.511 40.377
43.750 29.249 46.688
47.796 30.092 51.962
53.108 29.148 55.542
59.678 29.535 55.670
59.586 30.246 37.501
60.911 24.688 40.754
58.846 20.434 45.583
55.319 19.054 51.211
49.471 18.325 53.880
45.366 23.342 36.445
43.502 28.335 40.665
42.698 30.940 46.908
47.038 31.784 52.343
52.587 30.547 55.875
58.845 31.120 55.580
60.652 28.813 37.865
62.513 23.001 40.650
60.148 18.880 45.659
56.447 17.241 50.893
50.806 16.850 53.954
45.252 17.645 54.474
45.711 21.978 36.362
44.015 26.550 40.582
43.712 29.320 46.600
47.795 30.096 51.914
53.159 29.186 55.559
59.564 29.623 55.642
60.359 28.775 37.658
62.296 22.842 40.715
60.117 18.775 45.799
56.439 17.046 50.742
50.786 16.532 53.783
45.292 17.368 54.629
45.579 22.163 36.425
44.126 26.666 40.462
43.578 29.213 46.866
47.877 30.388 51.833
53.036 29.417 55.523
59.541 29.653 55.485
60.664 28.864 37.840
62.464 22.945 40.641
60.030 18.858 45.720
56.438 17.232 50.960
50.761 16.969 53.918
45.110 17.552 54.424
45.762 21.988 36.401
44.146 26.482 40.374
43.612 29.359 46.764
47.650 30.195 52.066
53.108 29.224 55.554
59.601 29.637 55.725
60.515 28.761 37.852
62.568 23.074 40.657
60.206 18.866 45.740
56.351 17.333 50.792
50.712 16.638 53.895
45.156 17.517 54.484
45.726 21.953 36.477
44.236 26.565 40.464
43.555 29.232 46.696
47.802 29.997 51.917
53.175 29.153 55.607
59.504 29.615 55.687
60.710 28.038 37.789
62.757 22.646 40.771
60.637 18.224 45.708
56.865 16.871 50.811
51.087 16.277 53.744
45.242 18.270 54.528
45.954 21.429 36.444
44.565 26.156 40.248
43.648 28.730 46.600
48.270 29.762 51.469
53.446 28.789 55.423
59.716 29.068 55.457
60.717 28.603 37.780
62.619 22.980 40.784
60.417 18.799 45.636
56.557 17.250 50.939
50.969 16.700 53.863
45.350 17.506 54.582
45.918 21.785 36.364
44.260 26.458 40.371
43.739 29.207 46.705
47.850 29.948 51.959
53.339 29.032 55.650
59.632 29.467 55.639
60.790 28.731 37.737
62.745 22.921 40.656
60.368 18.832 45.642
56.690 17.248 50.807
50.990 16.762 53.868
45.409 17.699 54.503
45.970 22.041 36.354
44.275 26.480 40.349
43.845 29.293 46.674
47.984 30.220 51.900
53.284 29.145 55.545
59.779 29.540 55.610
60.944 28.574 37.652
62.860 22.849 40.588
60.586 18.654 45.657
56.833 17.068 50.750
51.090 16.562 53.719
45.585 17.685 54.243
46.133 21.884 36.247
44.421 26.280 40.367
43.951 29.158 46.649
48.136 29.894 51.909
53.602 28.880 55.550
59.986 29.234 55.672
60.495 28.870 37.962
62.486 22.855 40.770
60.138 18.784 45.742
56.558 17.344 51.050
50.843 16.726 53.754
45.228 17.497 54.649
45.788 21.655 36.301
44.116 26.573 40.513
43.714 29.268 46.824
47.851 30.141 52.194
53.110 29.154 55.691
59.650 29.497 55.533
