58.282 34.916 37.365
60.555 28.503 37.265
62.151 22.911 40.320
59.973 18.779 45.304
56.321 16.949 51.023
50.573 16.414 52.953
45.285 17.860 53.936
45.602 21.482 35.452
44.406 26.191 39.408
43.944 28.649 45.640
47.684 29.959 51.087
52.843 28.913 55.181
59.455 29.551 55.300
65.438 30.090 52.825
59.862 29.055 37.785
61.628 23.376 40.623
59.273 19.515 45.962
55.768 17.816 51.152
50.199 17.338 54.107
44.894 17.691 54.278
45.346 22.494 36.456
43.483 27.092 40.720
42.736 29.873 47.068
47.218 30.656 52.240
52.391 29.666 55.678
59.013 30.376 55.817
60.468 28.848 37.637
62.447 23.097 40.706
60.057 18.960 45.705
56.405 17.367 50.943
50.755 16.935 54.022
45.264 17.790 54.425
45.702 22.052 36.489
44.107 26.587 40.363
43.623 29.349 46.722
47.778 30.227 51.960
53.111 29.324 55.697
59.553 29.686 55.698
60.361 28.834 37.778
62.489 23.041 40.678
60.159 18.902 45.700
56.450 17.320 50.882
50.808 16.872 53.827
45.161 17.493 54.494
45.889 21.957 36.341
44.223 26.548 40.358
43.682 29.216 46.677
47.777 30.178 51.927
53.110 29.211 55.466
59.673 29.603 55.649
60.487 28.729 37.834
62.448 22.976 40.640
60.166 18.916 45.692
56.380 17.288 50.893
50.805 16.834 53.828
45.083 17.749 54.484
45.851 21.983 36.245
44.165 26.511 40.377
43.750 29.249 46.688
47.796 30.092 51.962
53.108 29.148 55.542
59.678 29.535 55.670
59.586 30.246 37.501
60.911 24.688 40.754
58.846 20.434 45.583
55.319 19.054 51.211
49.471 18.325 53.880
45.366 23.342 36.445
43.502 28.335 40.665
42.698 30.940 46.908
47.038 31.784 52.343
52.587 30.547 55.875
58.845 31.120 55.580
60.652 28.813 37.865
62.513 23.001 40.650
60.148 18.880 45.659
56.447 17.241 50.893
50.806 16.850 53.954
45.252 17.645 54.474
45.711 21.978 36.362
44.015 26.550 40.582
43.712 29.320 46.600
47.795 30.096 51.914
53.159 29.186 55.559
59.564 29.623 55.642
60.359 28.775 37.658
62.296 22.842 40.715
60.117 18.775 45.799
56.439 17.046 50.742
50.786 16.532 53.783
45.292 17.368 54.629
45.579 22.163 36.425
44.126 26.666 40.462
43.578 29.213 46.866
47.877 30.388 51.833
53.036 29.417 55.523
59.541 29.653 55.485
60.664 28.864 37.840
62.464 22.945 40.641
60.030 18.858 45.720
56.438 17.232 50.960
50.761 16.969 53.918
45.110 17.552 54.424
45.762 21.988 36.401
44.146 26.482 40.374
43.612 29.359 46.764
47.650 30.195 52.066
53.108 29.224 55.554
59.601 29.637 55.725
60.515 28.761 37.852
62.568 23.074 40.657
60.206 18.866 45.740
56.351 17.333 50.792
50.712 16.638 53.895
45.156 17.517 54.484
45.726 21.953 36.477
44.236 26.565 40.464
43.555 29.232 46.696
47.802 29.997 51.917
53.175 29.153 55.607
59.504 29.615 55.687
60.710 28.038 37.789
62.757 22.646 40.771
60.637 18.224 45.708
56.865 16.871 50.811
51.087 16.277 53.744
45.242 18.270 54.528
45.954 21.429 36.444
44.565 26.156 40.248
43.648 28.730 46.600
48.270 29.762 51.469
53.446 28.789 55.423
59.716 29.068 55.457
60.717 28.603 37.780
62.619 22.980 40.784
60.417 18.799 45.636
56.557 17.250 50.939
50.969 16.700 53.863
45.350 17.506 54.582
45.918 21.785 36.364
44.260 26.458 40.371
43.739 29.207 46.705
47.850 29.948 51.959
53.339 29.032 55.650
59.632 29.467 55.639
60.790 28.731 37.737
62.745 22.921 40.656
60.368 18.832 45.642
56.690 17.248 50.807
50.990 16.762 53.868
45.409 17.699 54.503
45.970 22.041 36.354
44.275 26.480 40.349
43.845 29.293 46.674
47.984 30.220 51.900
53.284 29.145 55.545
59.779 29.540 55.610
60.944 28.574 37.652
62.860 22.849 40.588
60.586 18.654 45.657
56.833 17.068 50.750
51.090 16.562 53.719
45.585 17.685 54.243
46.133 21.884 36.247
44.421 26.280 40.367
43.951 29.158 46.649
48.136 29.894 51.909
53.602 28.880 55.550
59.986 29.234 55.672
60.495 28.870 37.962
62.486 22.855 40.770
60.138 18.784 45.742
56.558 17.344 51.050
50.843 16.726 53.754
45.228 17.497 54.649
45.788 21.655 36.301
44.116 26.573 40.513
43.714 29.268 46.824
47.851 30.141 52.194
53.110 29.154 55.691
59.650 29.497 55.533
60.823 28.691 37.876
62.560 22.837 40.739
60.283 18.731 45.610
56.526 17.110 50.832
50.983 16.686 53.856
45.260 17.660 54.414
45.970 21.910 36.260
44.270 26.428 40.407
43.783 29.261 46.585
47.882 30.141 51.953
53.267 29.046 55.561
59.703 29.532 55.539
59.802 28.931 37.930
61.904 23.244 40.609
59.556 19.572 45.562
55.658 17.801 51.027
50.253 17.465 54.141
44.972 17.831 54.666
45.318 22.546 36.729
43.933 27.119 40.598
42.993 29.814 47.033
47.474 30.689 52.123
52.476 29.591 55.641
59.239 30.230 55.723
60.674 28.750 37.858
62.424 22.939 40.691
60.082 18.939 45.666
56.433 17.219 50.920
50.805 16.765 53.936
45.210 17.546 54.496
45.666 21.977 36.318
44.196 26.459 40.294
43.673 29.294 46.654
47.752 30.168 51.976
53.124 29.102 55.655
59.565 29.567 55.616
58.697 35.067 37.230
61.075 28.713 37.296
62.685 23.256 40.711
60.514 19.182 45.619
56.847 17.415 51.244
50.928 16.850 53.445
45.924 18.035 54.371
46.073 21.920 35.841
44.691 26.693 39.900
44.444 29.364 46.165
48.193 30.552 51.478
53.548 29.457 55.503
60.056 29.905 55.532
66.017 30.224 53.163
58.623 35.205 37.449
60.474 28.944 37.578
62.472 23.301 40.687
60.247 19.205 45.533
56.388 17.489 51.087
50.914 17.026 53.863
45.528 17.713 54.402
45.849 21.887 36.110
44.179 26.666 40.456
43.671 29.380 46.845
47.836 30.277 51.656
53.187 29.407 55.540
59.661 29.891 55.737
65.622 29.681 53.398
58.916 34.940 36.966
61.608 28.933 37.328
62.782 23.292 40.621
60.560 19.261 45.715
56.744 17.400 51.223
50.802 16.889 53.179
45.709 18.211 54.117
46.287 22.090 35.664
44.757 26.903 39.698
44.647 29.569 45.990
48.164 30.647 51.190
53.534 29.496 55.358
60.013 29.984 55.407
66.075 30.405 52.983
70.958 36.167 50.856
73.603 37.554 50.960
74.440 36.572 53.564
58.463 34.888 37.306
60.909 28.870 37.347
62.213 23.196 40.769
60.131 19.146 45.749
56.376 17.422 51.422
50.528 16.954 53.483
45.679 17.826 54.427
45.681 22.038 36.110
44.354 26.638 39.972
44.165 29.270 46.294
47.887 30.277 51.603
53.059 29.435 55.606
59.571 29.936 55.834
65.462 30.179 53.368
58.667 35.029 36.752
61.199 29.003 37.060
62.465 23.434 40.474
60.233 19.367 45.529
56.750 17.612 51.205
50.667 17.003 53.033
45.521 18.316 53.933
46.116 22.264 35.452
44.661 26.916 39.658
44.593 29.554 45.993
48.089 30.484 51.311
53.338 29.638 55.514
59.894 30.070 55.480
65.710 30.465 52.949
69.599 32.976 48.297
71.568 35.742 49.857
73.760 37.510 50.833
74.553 35.994 53.079
58.445 35.057 37.047
61.017 29.029 37.330
62.258 23.404 40.578
60.095 19.390 45.792
56.500 17.517 51.278
50.473 16.969 53.166
45.523 18.111 54.307
45.973 22.095 35.671
44.486 26.833 39.568
44.402 29.408 45.888
47.748 30.446 51.221
53.082 29.535 55.468
59.600 30.040 55.617
65.452 30.438 53.258
69.976 32.640 48.786
70.968 36.188 49.930
73.458 37.579 50.781
74.303 36.579 53.413
58.882 34.879 37.184
61.034 28.893 37.343
62.667 23.353 40.614
60.420 19.088 45.642
56.870 17.345 51.219
50.983 16.707 53.362
45.890 18.128 54.346
46.148 21.895 35.734
44.774 26.733 39.884
44.614 29.440 46.105
48.233 30.510 51.550
53.533 29.403 55.483
60.175 29.930 55.592
65.855 30.241 53.256
60.587 28.771 37.864
62.466 22.950 40.697
60.149 18.818 45.642
56.475 17.253 50.883
50.798 16.820 53.954
45.223 17.672 54.540
45.821 21.930 36.349
44.157 26.526 40.329
43.672 29.316 46.671
47.739 30.095 51.896
53.190 29.150 55.519
59.636 29.604 55.625
60.679 28.863 37.898
62.503 23.005 40.643
60.134 18.881 45.632
56.442 17.233 50.886
50.799 16.958 53.887
45.226 17.591 54.391
45.870 21.994 36.272
44.204 26.521 40.340
43.611 29.354 46.680
47.836 30.166 51.890
53.171 29.107 55.602
59.636 29.582 55.606
60.660 28.794 37.691
62.535 23.141 40.644
60.237 19.070 45.672
56.350 17.376 50.962
50.937 16.449 53.847
45.235 17.705 54.634
45.844 21.857 36.145
44.157 26.626 40.418
43.667 29.190 46.783
47.856 30.113 51.864
53.162 29.281 55.640
59.628 29.660 55.899
60.473 28.763 37.876
62.550 23.036 40.668
60.094 18.849 45.757
56.374 17.243 50.956
50.864 16.839 53.882
45.236 17.575 54.634
45.954 21.930 36.183
44.188 26.517 40.385
43.653 29.325 46.730
47.801 30.121 51.969
53.054 29.169 55.593
59.633 29.580 55.689
70.964 35.631 50.105
73.076 37.420 50.938
74.245 36.446 53.418
