5.496 -9.852 33.420
0.151 -8.533 36.628
-6.173 -7.322 37.250
-12.487 -7.828 34.969
-16.942 -7.503 29.830
-17.802 -10.312 23.923
-16.882 -14.780 19.251
-15.236 -20.739 17.511
-12.435 -26.619 17.327
-32.833 -23.502 41.831
-27.523 -23.658 38.293
-22.833 -23.155 34.456
-17.305 -26.191 36.823
-10.892 -27.408 35.378
-5.482 -26.377 31.832
-2.486 -22.812 27.113
-1.857 -18.470 22.467
-3.496 -13.337 18.878
-5.999 -7.446 18.196
-8.351 -1.746 20.439
-8.862 2.692 24.913
5.781 -59.873 52.834
1.371 -61.146 48.117
-4.285 -63.103 45.648
-11.049 -63.203 45.920
-16.870 -64.184 49.213
-19.980 -61.710 54.565
-21.250 -57.338 59.174
-20.846 -51.333 61.557
-19.191 -45.169 62.253
-29.677 -50.225 32.527
-25.832 -49.279 37.620
-22.708 -49.304 42.908
-17.210 -45.603 42.275
-11.644 -43.626 45.800
-7.644 -44.262 50.963
-5.868 -47.514 56.481
-6.308 -51.719 61.203
-8.301 -57.323 63.962
-10.372 -63.375 63.819
-11.118 -69.216 60.955
-9.682 -73.486 56.199
-19.113 -31.776 19.902
-19.829 -34.506 19.135
-20.418 -34.291 16.279
-24.777 -40.678 57.778
-26.020 -38.008 57.936
-27.524 -38.460 60.402
-5.071 54.850 49.856
0.010 56.616 46.292
6.076 57.880 45.432
12.385 57.429 47.681
16.795 57.041 52.841
17.633 53.875 58.471
16.520 50.208 63.761
15.285 44.100 65.192
12.986 38.016 65.164
31.106 41.568 41.182
26.652 40.562 44.566
22.391 41.652 48.810
17.065 38.806 46.090
10.660 37.647 47.650
4.956 38.746 51.114
1.870 42.036 56.053
1.554 46.406 60.826
3.915 51.767 63.982
7.534 57.079 64.668
9.644 62.777 62.750
9.333 67.589 58.195
-5.896 4.792 30.892
-1.872 3.259 35.718
3.710 1.628 38.176
10.453 1.258 37.865
16.301 0.458 34.555
19.181 3.704 29.702
20.338 7.230 24.255
19.825 13.296 22.043
19.467 19.709 21.933
28.167 15.059 50.360
24.910 16.155 45.460
21.982 15.560 40.301
16.656 19.237 41.137
11.332 20.887 37.444
6.855 20.264 32.438
5.167 17.317 26.601
5.846 12.954 22.012
7.836 7.156 19.873
10.197 1.314 20.158
11.449 -4.528 22.928
9.881 -8.810 27.824
16.737 32.515 63.802
18.899 30.501 63.725
19.419 30.737 66.545
22.931 24.742 24.577
24.896 26.848 25.234
26.655 26.285 22.921
-15.144 34.606 -21.774
-15.367 31.404 -28.030
-16.262 27.577 -32.852
-20.591 24.613 -36.736
-34.167 19.831 -9.320
-28.306 22.128 -6.617
-22.259 19.545 -5.402
-17.819 15.023 -6.873
-15.669 10.065 -9.833
-34.654 29.729 -27.039
-31.784 23.859 -25.112
-27.663 18.441 -26.348
-22.108 17.406 -23.857
-27.004 12.376 -25.678
-29.351 7.387 -21.749
-28.678 4.022 -15.837
-26.479 2.068 -9.797
-25.953 4.250 -2.711
-26.254 8.607 2.022
-12.194 7.978 -14.366
-9.818 7.793 -16.237
-8.049 8.729 -14.251
5.960 56.067 -9.694
11.958 53.494 -10.377
15.569 47.939 -11.075
16.493 41.980 -11.148
16.265 37.112 -13.468
-2.120 39.204 -20.713
-2.300 36.080 -14.904
-0.089 34.961 -8.786
3.109 37.197 -3.698
7.511 39.557 0.401
12.477 44.660 1.751
23.100 38.223 -49.051
23.043 40.775 -49.904
21.301 42.049 -48.441
