17.850 34.497 1.453
19.907 28.394 -1.092
13.006 24.594 -1.748
9.811 18.134 0.007
11.985 17.176 6.914
14.499 19.870 11.933
15.313 25.907 11.512
9.576 25.711 10.058
4.121 21.869 10.272
-0.039 21.127 4.023
0.321 25.728 -1.094
5.005 31.160 -3.970
10.295 35.249 -3.627
5.916 38.786 0.911
19.691 138.075 27.496
13.573 138.786 24.269
10.210 135.758 19.636
9.563 132.628 13.430
11.495 127.091 9.931
13.878 120.965 11.364
18.471 117.124 14.916
18.502 113.877 20.528
17.162 112.028 26.298
13.357 108.826 29.243
7.390 106.870 31.590
1.147 105.356 29.684
-2.489 101.943 25.268
-4.025 98.487 19.400
-1.654 94.660 14.157
3.140 91.119 11.774
9.858 89.547 11.264
13.974 87.463 16.504
14.556 84.879 22.685
10.995 80.799 27.316
6.336 77.211 28.952
4.569 70.088 27.122
3.496 64.854 24.426
5.449 60.631 19.664
10.008 58.375 15.371
15.476 57.306 13.887
21.438 59.645 11.127
26.240 63.657 13.873
28.341 65.372 19.864
30.153 63.100 25.991
30.072 58.296 30.627
31.342 52.058 32.643
33.500 46.113 30.940
39.507 42.607 27.745
43.298 42.053 22.525
47.783 45.135 18.795
50.335 50.560 16.011
52.634 56.384 16.528
52.937 62.806 19.215
56.257 65.099 24.499
58.391 64.226 31.056
63.629 61.991 33.745
69.992 59.967 33.274
75.387 59.244 29.278
78.854 60.812 24.359
80.304 63.061 18.079
78.951 67.826 13.584
75.389 73.732 12.961
73.576 79.194 16.086
73.729 83.454 21.476
77.116 86.147 26.739
83.086 88.452 28.121
89.590 89.840 26.823
94.309 92.080 22.599
95.575 93.970 16.214
92.917 95.684 10.051
88.030 98.398 7.176
82.256 102.154 6.753
76.847 104.833 10.965
75.422 108.620 16.407
76.776 113.608 20.801
77.943 119.901 20.461
79.456 125.950 17.436
79.708 129.602 12.148
76.948 131.526 6.502
72.801 130.646 1.461
68.961 126.335 -2.334
63.091 123.599 -1.219
58.415 121.329 3.060
54.524 122.692 8.576
50.606 127.693 10.751
49.136 134.103 11.423
46.290 138.892 7.761
43.574 140.878 2.339
40.526 140.147 -3.466
36.987 136.930 -7.888
35.948 131.324 -11.731
33.091 125.546 -10.307
33.476 120.553 -5.483
28.973 119.191 -0.441
24.683 121.243 4.605
18.647 124.048 5.321
12.757 125.361 2.342
8.663 124.455 -2.499
5.734 122.019 -8.022
5.596 116.815 -11.952
6.996 110.684 -13.344
12.306 106.106 -12.978
14.509 101.381 -8.738
14.759 99.665 -2.139
10.392 97.893 2.708
4.763 95.001 4.316
0.082 90.618 2.992
-1.113 85.309 -0.685
-1.601 81.366 -5.782
1.099 77.598 -10.197
5.813 75.655 -14.860
11.997 74.331 -14.781
18.467 76.168 -12.951
21.553 74.316 -7.568
21.624 73.137 -0.721
20.255 67.347 2.724
17.339 61.218 4.147
17.529 55.067 2.215
19.587 50.008 -1.810
23.106 47.925 -7.203
29.156 47.137 -9.147
34.212 50.237 -12.641
38.889 55.478 -12.068
42.538 57.486 -6.602
44.205 57.542 -0.140
44.773 53.603 5.608
47.509 48.551 7.773
52.133 43.868 7.035
56.977 40.987 3.621
61.445 41.308 -1.445
65.066 44.097 -6.355
66.086 49.976 -9.350
65.938 56.493 -9.512
66.597 61.912 -6.542
66.751 66.247 -1.168
70.507 66.939 4.410
76.017 65.677 7.749
82.261 65.078 8.174
88.107 64.689 4.937
92.055 65.997 0.129
93.096 69.157 -5.449
90.606 72.007 -11.401
85.798 76.000 -13.888
82.249 81.409 -14.243
78.256 86.520 -11.645
79.438 91.266 -7.371
82.359 93.521 -1.718
88.439 97.492 -1.709
93.079 100.684 -4.980
96.044 103.244 -10.153
96.296 106.489 -15.418
92.158 109.764 -19.850
86.509 110.822 -22.931
80.529 113.423 -21.330
75.159 114.047 -17.200
73.084 116.550 -11.554
74.103 121.238 -7.000
76.260 127.552 -5.717
80.700 132.698 -5.986
81.961 129.549 -22.654
87.263 128.822 -19.601
89.469 127.174 -13.771
89.278 123.154 -8.318
86.230 119.247 -3.641
82.524 113.510 -4.238
77.507 110.009 -7.344
76.585 106.075 -12.502
78.537 102.624 -17.759
83.098 99.143 -21.150
88.597 95.612 -21.899
93.401 93.028 -18.187
95.837 90.067 -12.974
95.621 86.593 -7.587
93.252 85.575 -1.239
87.825 83.633 1.737
80.889 83.454 1.905
76.964 80.148 -2.734
76.486 76.212 -8.558
79.148 71.129 -11.771
81.963 65.416 -12.267
83.395 59.966 -9.238
84.030 55.240 -4.636
81.388 53.058 1.018
76.439 52.317 5.213
70.675 52.221 7.336
64.811 55.898 8.525
61.512 60.399 4.935
58.738 60.357 -1.057
57.127 57.399 -6.902
55.958 51.883 -10.748
54.069 45.394 -10.907
50.458 40.659 -7.983
45.733 38.895 -3.903
40.533 40.057 -0.061
37.466 44.293 3.940
35.762 50.685 5.202
34.012 56.547 3.270
34.664 62.057 -0.965
31.440 63.174 -6.721
28.443 60.974 -12.655
23.024 57.877 -14.814
17.102 57.249 -13.356
11.637 58.682 -9.574
8.923 62.068 -4.834
8.720 65.849 1.098
9.668 72.224 2.200
14.524 77.384 2.294
16.603 81.642 -2.001
17.133 84.396 -7.961
14.003 86.313 -13.772
8.476 88.822 -15.462
2.433 91.551 -15.158
-1.994 94.481 -12.274
-3.762 99.241 -8.053
-2.731 103.318 -2.998
0.913 107.129 0.549
6.698 108.337 3.531
13.352 106.593 3.060
17.730 108.190 -2.161
19.389 109.719 -8.651
18.344 114.043 -13.324
18.348 120.813 -14.295
17.850 127.075 -12.317
17.943 132.207 -8.122
21.522 134.790 -3.344
25.848 134.418 1.702
29.245 130.517 6.315
34.384 126.605 5.696
38.520 122.785 2.134
42.132 122.258 -3.831
46.292 125.951 -7.332
49.658 131.517 -8.456
53.081 136.432 -6.053
56.413 139.340 -1.326
59.771 139.248 4.099
61.942 137.307 10.159
61.971 132.038 14.763
63.751 125.817 14.808
62.657 120.161 11.296
67.329 116.854 6.720
71.941 117.044 1.784
78.369 118.596 0.876
83.961 119.047 3.885
88.294 120.565 8.953
90.414 117.825 14.469
90.351 112.682 18.992
86.597 108.434 23.100
81.542 103.845 23.375
77.617 99.782 19.268
78.361 96.113 13.385
82.379 92.312 9.559
87.408 88.069 9.301
90.669 83.184 12.993
91.792 79.447 18.461
89.398 76.569 24.040
84.576 75.558 29.724
77.650 74.961 30.311
71.536 76.962 27.992
67.739 74.157 23.148
67.876 71.978 16.664
68.670 65.142 14.340
69.830 58.446 15.249
69.370 53.355 18.972
66.839 50.003 24.092
62.594 49.608 29.136
56.693 50.488 31.542
51.340 54.241 33.304
48.074 60.008 31.367
44.674 60.877 25.519
43.128 59.719 19.265
41.652 54.541 14.042
38.137 49.139 13.843
32.676 46.218 15.892
27.312 44.102 19.229
23.319 46.524 24.118
20.687 51.017 28.067
19.984 57.496 29.900
21.082 64.097 28.737
21.136 69.043 24.719
22.074 71.832 18.410
17.906 71.870 12.538
12.414 71.248 10.149
6.011 70.472 9.171
0.540 72.805 11.912
-3.036 75.267 17.131
-3.501 79.133 22.204
-0.758 84.040 26.413
5.088 86.689 28.833
9.281 91.602 27.629
13.832 95.376 23.901
13.183 99.074 18.495
10.146 100.667 12.438
6.002 105.471 11.511
1.876 110.238 13.979
-0.509 114.254 17.550
-0.014 118.445 22.660
4.145 121.463 27.087
10.426 122.407 29.792
16.866 121.883 28.725
22.452 122.023 23.768
24.264 123.278 17.722
23.741 127.223 12.318
22.450 133.457 9.888
19.349 139.555 9.571
9.350 46.260 33.100
15.333 46.243 36.132
20.124 46.934 41.484
21.985 46.478 48.366
21.629 41.080 52.411
18.937 34.993 55.432
16.989 29.260 53.958
21.780 23.399 54.759
26.254 19.798 52.504
31.821 18.490 48.931
36.799 20.423 43.644
39.981 25.485 41.271
42.697 31.312 42.370
45.250 36.014 46.434
40.208 26.955 61.158
35.853 32.598 58.912
33.573 37.387 54.418
32.725 37.696 47.640
31.859 35.250 41.617
28.879 30.323 38.207
26.670 24.109 36.912
22.019 29.250 37.652
14.346 30.225 37.857
9.440 31.382 42.255
6.939 35.010 46.985
6.768 40.600 50.565
9.385 46.375 53.144
11.107 52.622 48.976
9.349 46.212 33.479
16.034 46.144 35.692
19.927 47.337 41.156
22.705 45.663 47.680
21.928 40.474 52.191
19.416 34.819 54.913
17.454 29.207 53.857
21.745 22.901 55.054
26.334 19.470 52.642
32.258 18.562 49.474
36.696 19.816 44.199
39.491 24.988 41.409
42.587 31.132 42.417
45.168 35.718 46.429
41.445 25.827 60.903
36.836 31.434 59.147
34.053 36.187 54.841
33.124 37.600 48.091
31.709 34.747 42.334
28.469 30.260 38.908
26.840 23.986 37.181
21.831 28.315 38.188
14.253 30.062 37.877
9.495 31.081 42.455
7.393 34.782 47.528
7.501 39.879 51.386
11.119 46.166 53.179
11.818 52.204 49.585
7.158 33.936 -3.518
7.858 39.128 -0.325
7.267 45.476 0.768
8.127 21.192 58.261
7.427 27.243 56.843
7.993 33.363 58.506
7.962 3.089 41.285
11.373 -0.558 37.454
11.925 -7.341 34.271
8.347 -12.213 31.795
2.790 -13.867 28.463
-3.055 -12.468 25.484
-6.782 -8.461 21.626
-6.270 -2.019 19.235
-2.800 2.594 14.699
5.540 2.432 4.212
11.069 1.199 0.103
15.438 -3.554 -2.483
15.459 -10.069 -4.392
11.381 -14.708 -7.538
5.648 -15.787 -11.016
-0.122 -13.653 -14.017
-1.483 -8.385 -18.159
-0.029 -2.742 -21.514
4.252 1.282 -24.927
10.871 1.788 -27.126
12.944 -15.192 -28.943
16.594 -11.298 -24.769
17.226 -4.958 -21.777
13.823 0.098 -19.058
8.096 2.850 -16.305
2.009 0.917 -13.972
-1.998 -3.283 -10.072
-2.407 -9.185 -6.920
1.282 -14.374 -2.806
7.319 -16.208 -0.505
11.742 -14.280 3.999
12.910 -10.515 10.125
12.782 -5.627 14.563
11.400 0.055 17.474
6.413 3.733 21.109
0.298 5.240 23.358
-4.368 2.184 27.293
-7.290 -3.291 30.197
-6.519 -9.192 33.142
-1.825 -13.305 36.209
4.927 -14.455 39.328
3.235 5.008 13.376
61.863 5.335 9.500
55.496 2.604 7.564
49.086 1.414 9.775
44.520 1.061 14.139
43.533 7.055 12.661
39.929 12.256 16.828
40.245 18.734 17.630
42.671 24.841 16.336
45.318 28.864 12.041
40.142 16.728 -1.876
46.728 16.380 -0.499
52.013 18.047 3.204
55.265 21.186 8.022
55.246 21.804 14.529
53.806 18.649 19.869
52.468 14.163 23.445
53.467 8.059 25.696
54.235 1.594 24.695
53.772 -4.320 20.995
29.208 9.515 79.577
31.362 13.443 74.195
30.615 19.073 71.493
30.919 25.609 72.220
32.381 30.914 75.978
32.296 34.909 77.290
36.045 36.971 83.542
39.805 36.148 89.278
44.037 32.053 91.967
49.654 28.588 89.954
53.044 24.781 85.777
58.087 26.489 82.075
60.173 29.097 75.779
61.305 35.083 73.438
60.266 41.791 72.417
62.560 47.140 75.829
64.581 50.959 80.337
69.207 50.028 85.879
73.491 47.515 88.918
78.375 43.076 89.876
80.351 47.707 70.141
79.589 42.585 71.456
77.172 36.917 75.966
76.000 34.468 82.276
71.896 36.052 87.285
67.418 38.894 90.278
61.051 42.020 90.129
56.002 44.694 87.611
52.046 43.531 82.710
49.956 41.161 77.256
48.676 36.167 73.435
48.877 29.331 72.113
48.188 23.733 75.940
46.133 20.741 80.950
41.380 20.632 87.018
38.408 24.415 91.751
30.936 26.072 91.580
26.351 28.081 90.184
22.423 26.665 83.916
18.819 25.523 80.265
40.534 16.960 -3.811
34.244 18.508 -2.559
27.302 17.656 -2.789
22.294 13.471 -2.093
20.197 10.152 2.478
17.826 16.513 0.503
12.787 19.947 3.493
8.302 21.210 8.401
5.257 21.167 14.489
7.553 21.962 20.910
12.650 22.812 25.419
18.682 25.942 25.817
24.490 28.322 23.199
27.366 32.929 19.274
25.939 39.175 17.164
8.466 38.194 19.594
10.823 36.789 13.638
15.571 34.933 9.107
20.440 30.097 9.128
24.645 25.809 12.009
24.909 20.948 16.610
22.188 16.048 20.431
17.720 11.494 20.104
12.241 8.610 18.166
10.624 5.971 11.758
37.185 4.299 7.999
34.855 0.527 3.191
31.600 -0.246 -2.444
28.460 2.428 -7.734
28.450 7.611 -12.216
8.250 0.386 14.648
-6.317 1.672 26.712
-3.600 7.301 25.107
0.928 12.557 25.775
6.495 14.061 23.620
1.567 18.931 25.163
-0.835 23.983 21.342
-0.128 27.266 15.356
2.096 29.219 9.548
2.670 26.980 2.503
2.132 22.614 -2.105
-5.469 11.418 9.405
0.328 9.183 6.418
6.299 11.716 5.304
10.728 16.458 6.702
12.755 21.659 9.929
12.375 -4.411 22.848
13.198 -0.066 27.729
12.377 4.222 32.675
7.872 7.186 36.235
16.272 23.404 14.632
18.538 23.594 16.231
20.420 22.821 14.386
14.132 62.458 30.452
19.522 58.614 32.236
22.408 54.156 34.659
23.248 50.671 40.467
19.311 47.975 45.238
14.532 44.789 47.069
9.155 41.209 46.859
8.671 36.771 42.720
6.867 32.549 37.393
9.643 28.799 33.228
14.756 25.822 30.089
21.169 24.556 30.364
25.326 21.601 34.064
27.189 19.546 40.373
26.632 17.430 45.768
23.490 64.552 42.578
20.671 60.776 47.481
14.994 57.509 48.271
9.826 54.465 46.384
5.702 52.911 41.584
3.949 50.075 35.582
7.987 46.735 30.700
11.721 42.567 28.694
17.500 39.546 28.787
23.070 36.810 30.851
25.176 35.030 36.758
26.135 32.120 41.922
23.450 29.977 46.632
18.081 26.318 49.078
13.164 22.445 48.385
-1.515 2.545 95.010
2.852 6.998 96.054
7.720 11.269 94.383
10.350 14.191 88.850
9.876 15.486 82.229
6.865 17.112 77.310
2.000 19.012 73.438
-1.944 23.349 75.342
-7.456 26.977 77.522
-8.749 31.549 81.653
-7.431 35.888 86.634
-2.397 38.429 89.662
3.999 40.507 90.324
9.018 42.185 87.098
12.924 42.956 82.862
13.032 -1.132 90.891
13.836 1.986 85.877
9.927 3.863 80.427
4.724 6.356 77.901
-1.361 7.484 78.832
-7.259 9.888 81.555
-8.219 14.438 86.272
-8.185 19.547 89.834
-3.564 23.606 92.046
1.354 27.717 93.190
6.303 29.876 89.506
9.650 32.014 83.880
9.030 34.402 78.178
6.114 37.568 72.869
1.010 41.458 71.587
2.436 47.784 35.753
8.935 47.074 33.683
15.923 45.960 36.546
19.697 46.083 41.781
21.075 44.721 48.587
19.729 39.789 53.116
16.526 34.277 55.480
15.652 28.160 54.099
21.494 23.372 54.631
26.385 19.898 53.197
31.335 17.513 48.962
36.031 20.359 44.668
39.473 25.813 42.271
38.849 29.891 58.791
34.150 34.965 55.810
33.307 37.177 48.539
31.975 34.225 42.849
28.848 30.047 39.177
26.514 24.076 36.835
21.498 28.113 38.197
14.016 29.989 37.747
8.861 31.037 41.933
6.152 34.680 46.836
5.835 40.437 50.270
9.144 45.890 52.915
2.773 49.128 36.077
9.145 46.209 33.733
15.776 45.984 35.981
20.022 45.875 41.829
21.313 44.806 48.523
19.884 39.890 53.048
16.923 34.428 55.554
15.921 28.218 54.224
21.506 23.213 54.585
26.252 19.676 53.201
31.139 16.970 49.217
35.688 19.619 43.834
38.586 24.437 41.671
41.631 30.361 43.068
41.865 24.651 60.253
37.405 30.773 59.606
34.422 35.449 55.476
33.257 36.567 48.546
32.138 33.818 42.846
29.539 29.514 39.038
26.448 23.966 36.824
21.481 28.013 38.245
14.040 29.996 37.761
8.858 31.287 41.887
6.251 34.882 46.855
5.910 40.556 50.166
8.671 46.192 52.949
11.437 51.545 50.024
40.622 16.242 -4.623
34.513 18.172 -2.905
27.614 17.373 -2.486
22.345 13.329 -2.617
20.181 9.412 0.980
17.720 11.720 6.281
12.670 16.241 4.025
8.378 20.112 8.170
5.251 20.984 14.304
7.592 21.673 20.818
12.547 22.369 25.533
18.468 25.383 26.114
24.319 27.691 23.545
27.277 32.272 19.648
26.236 38.445 17.372
8.468 37.935 20.018
10.840 37.321 13.775
15.336 34.658 9.581
20.330 29.904 9.377
24.636 25.685 12.400
24.939 20.521 16.512
22.116 15.757 20.314
17.936 11.200 19.996
12.418 7.797 18.012
36.829 4.126 7.312
34.205 0.298 2.757
30.849 -0.355 -2.850
27.693 2.493 -8.083
27.437 7.412 -12.359
58.076 35.236 37.002
59.864 28.451 37.269
61.786 23.317 40.523
59.590 19.351 45.781
55.862 17.509 51.098
50.089 17.204 53.055
44.908 18.226 54.237
45.273 22.319 35.730
44.182 26.797 39.549
43.538 29.364 45.894
47.462 30.705 51.052
52.529 29.605 55.324
59.331 29.924 55.465
65.274 30.553 52.926
58.225 34.806 37.341
60.319 28.246 37.193
62.049 22.942 40.492
59.916 18.949 45.650
56.128 17.130 51.305
50.433 16.773 53.262
45.183 18.286 54.313
45.399 21.746 35.768
44.177 26.423 39.630
43.716 29.031 45.881
47.562 30.329 51.334
52.784 29.133 55.436
59.320 29.717 55.544
65.285 30.330 53.031
58.437 34.772 37.308
60.678 28.327 37.188
62.397 23.029 40.391
59.881 19.129 45.491
56.292 17.308 51.022
50.610 17.135 52.910
45.539 18.381 53.878
45.630 21.875 35.666
44.341 26.587 39.524
43.774 29.149 45.835
47.831 30.371 51.121
52.855 29.400 55.268
59.577 29.829 55.208
65.534 30.264 52.863
58.496 34.927 37.499
60.409 28.219 37.254
62.393 23.072 40.576
60.094 19.071 45.745
56.272 17.307 51.325
50.472 17.213 53.476
45.389 18.331 54.330
45.391 21.758 36.039
44.389 26.614 39.727
44.107 29.272 45.769
47.992 30.620 51.196
53.067 29.293 55.410
59.753 29.785 55.343
65.645 30.252 52.872
58.638 34.920 37.229
60.723 28.346 37.042
62.500 23.015 40.375
60.184 18.870 45.461
56.446 17.158 51.254
50.747 16.793 53.089
45.396 18.260 54.029
45.782 21.798 35.755
44.440 26.553 39.635
44.152 28.977 45.921
47.967 30.253 51.093
53.135 29.157 55.190
59.716 29.630 55.395
65.807 30.206 52.963
58.984 34.654 37.042
61.283 28.069 37.081
62.673 22.731 40.091
60.750 18.650 45.242
56.706 16.861 50.886
51.030 16.450 52.676
45.532 17.783 53.920
46.206 21.430 35.327
44.958 26.197 39.253
44.578 28.951 45.444
48.362 30.162 50.614
53.360 28.994 54.999
59.828 29.344 55.330
65.965 29.774 52.892
58.389 34.868 37.506
60.492 28.334 37.461
62.206 23.098 40.664
60.009 18.921 45.642
56.285 17.172 51.532
50.453 16.732 53.354
45.303 18.382 54.346
45.478 21.716 35.909
44.305 26.503 39.850
43.871 28.984 46.236
47.742 30.234 51.529
52.892 29.142 55.642
59.522 29.724 55.660
65.468 30.227 53.236
58.282 34.916 37.365
60.555 28.503 37.265
62.151 22.911 40.320
59.973 18.779 45.304
56.321 16.949 51.023
50.573 16.414 52.953
45.285 17.860 53.936
45.602 21.482 35.452
44.406 26.191 39.408
43.944 28.649 45.640
47.684 29.959 51.087
52.843 28.913 55.181
59.455 29.551 55.300
65.438 30.090 52.825
9.484 46.409 34.763
16.722 45.217 36.632
20.341 45.004 42.265
21.461 43.511 49.674
20.140 38.524 53.496
16.669 33.166 55.942
14.771 27.163 54.424
20.635 22.720 56.259
26.508 20.583 54.572
31.666 20.492 49.773
36.166 26.461 48.070
30.512 36.115 59.707
28.059 37.628 52.633
26.688 35.971 46.209
28.034 30.386 41.786
22.274 27.504 38.901
14.721 29.055 38.340
9.471 30.109 42.408
6.816 34.159 47.030
6.775 39.648 50.803
9.453 45.707 52.864
15.534 46.322 35.591
19.916 46.876 40.343
22.758 45.909 47.195
21.798 40.796 51.657
19.311 35.621 54.315
17.350 29.783 53.563
21.597 23.522 54.911
26.354 19.997 52.717
32.067 18.875 49.482
36.453 20.204 44.349
39.828 26.117 41.311
40.792 32.836 43.039
36.478 31.517 59.658
34.204 36.016 55.079
32.827 38.045 47.833
32.363 34.860 41.764
28.488 30.609 38.736
26.757 24.294 37.194
21.702 28.323 37.833
14.232 30.176 37.706
9.376 31.224 42.392
7.316 35.006 47.169
7.585 40.519 51.119
10.565 46.602 52.813
10.740 46.827 32.332
17.761 47.740 35.187
20.747 46.686 40.427
22.756 45.302 47.531
21.752 40.019 52.148
19.168 35.002 54.756
17.037 28.963 53.735
21.602 22.922 54.665
26.342 19.530 52.379
31.755 18.221 48.957
36.451 19.763 43.457
39.769 25.151 41.393
42.662 30.109 42.653
45.218 35.362 46.584
40.415 26.610 60.730
36.891 30.982 59.084
34.191 36.334 54.498
33.088 37.024 47.870
31.665 34.570 41.921
28.454 30.187 38.591
26.596 23.873 36.893
21.723 28.229 37.992
14.196 30.125 37.738
9.405 31.218 42.453
7.504 35.331 47.270
8.053 41.052 50.521
10.923 46.895 52.298
13.695 52.545 49.199
15.685 15.501 46.739
18.591 21.898 44.888
20.946 27.901 46.383
23.681 31.943 50.760
25.627 33.674 56.579
27.872 31.267 62.412
29.568 27.711 67.531
33.302 22.610 68.677
37.527 18.440 68.108
45.903 36.328 53.758
41.727 30.654 54.989
42.129 25.843 50.951
39.824 19.727 50.271
35.591 15.094 52.084
30.063 13.954 55.793
25.566 13.884 60.363
21.106 17.662 63.629
18.015 23.171 65.090
14.524 28.376 62.968
12.254 31.715 58.184
9.569 31.532 51.019
0.278 12.383 118.074
2.398 15.414 124.094
4.135 15.400 130.573
9.983 13.837 133.451
15.920 12.522 132.797
22.830 13.222 129.994
26.047 14.785 124.990
27.149 17.980 119.620
26.042 22.170 114.760
24.386 28.077 114.068
22.978 33.861 115.062
38.338 28.236 132.708
32.815 28.348 130.230
28.122 31.077 133.394
21.666 32.962 132.781
16.017 32.481 129.774
12.794 29.086 124.843
11.176 26.587 118.970
12.123 21.104 115.539
14.162 15.146 114.440
14.735 9.329 115.560
14.719 3.442 118.553
11.678 0.464 123.813
6.913 -0.984 127.819
1.658 1.676 132.431
43.687 17.765 67.234
46.557 17.525 67.761
46.682 17.727 70.578
25.376 39.318 116.863
27.378 41.452 116.962
28.099 41.567 114.220
-6.807 -52.011 26.081
-1.025 -50.081 22.905
1.462 -47.718 17.069
1.264 -44.147 11.945
0.223 -38.725 8.859
-2.164 -33.117 8.880
-3.444 -28.129 10.869
7.199 -32.643 25.602
2.441 -30.174 28.754
-4.335 -30.936 28.678
-9.311 -32.236 25.345
-13.011 -34.796 20.156
-15.375 -37.374 15.171
-14.285 -42.157 10.251
-10.301 -46.978 7.585
-2.805 -22.106 15.271
-2.031 -19.480 16.391
-1.879 -18.019 13.904
60.650 28.867 37.850
62.408 22.953 40.734
60.101 18.838 45.639
56.430 17.311 50.846
50.759 16.749 53.847
45.196 17.725 54.183
45.770 22.093 36.409
44.119 26.543 40.275
43.576 29.348 46.693
47.742 30.278 51.904
53.078 29.228 55.501
59.573 29.610 55.583
60.652 28.813 37.865
62.513 23.001 40.650
60.148 18.880 45.659
56.447 17.241 50.893
50.806 16.850 53.954
45.252 17.645 54.474
45.711 21.978 36.362
44.015 26.550 40.582
43.712 29.320 46.600
47.795 30.096 51.914
53.159 29.186 55.559
59.564 29.623 55.642
60.790 28.731 37.737
62.745 22.921 40.656
60.368 18.832 45.642
56.690 17.248 50.807
50.990 16.762 53.868
45.409 17.699 54.503
45.970 22.041 36.354
44.275 26.480 40.349
43.845 29.293 46.674
47.984 30.220 51.900
53.284 29.145 55.545
59.779 29.540 55.610
60.495 28.870 37.962
62.486 22.855 40.770
60.138 18.784 45.742
56.558 17.344 51.050
50.843 16.726 53.754
45.228 17.497 54.649
45.788 21.655 36.301
44.116 26.573 40.513
43.714 29.268 46.824
47.851 30.141 52.194
53.110 29.154 55.691
59.650 29.497 55.533
60.823 28.691 37.876
62.560 22.837 40.739
60.283 18.731 45.610
56.526 17.110 50.832
50.983 16.686 53.856
45.260 17.660 54.414
45.970 21.910 36.260
44.270 26.428 40.407
43.783 29.261 46.585
47.882 30.141 51.953
53.267 29.046 55.561
59.703 29.532 55.539
58.525 34.900 37.134
60.744 28.733 37.319
62.271 23.218 40.456
60.088 19.223 45.560
56.343 17.284 51.184
50.435 17.003 53.142
45.446 18.236 54.051
45.780 22.066 35.635
44.437 26.730 39.396
44.310 29.354 45.731
47.851 30.480 51.132
52.961 29.452 55.361
59.501 29.937 55.452
65.530 30.464 52.873
58.807 34.944 37.263
60.778 28.902 37.560
62.416 23.183 40.594
60.159 18.924 45.563
56.468 17.180 51.043
50.950 16.929 53.669
45.610 17.659 54.386
45.863 21.890 36.135
44.220 26.550 40.324
43.891 29.320 46.548
47.924 30.409 51.658
53.169 29.215 55.521
59.779 29.878 55.468
65.878 29.720 53.240
71.541 38.148 50.850
73.982 38.263 52.454
73.907 35.450 52.821
58.560 34.835 37.143
60.759 28.649 37.438
62.406 23.153 40.681
60.065 19.112 45.658
56.443 17.280 51.382
50.386 16.895 53.347
45.718 18.390 54.406
46.079 22.009 35.584
44.516 26.834 39.641
44.364 29.173 46.223
47.708 30.549 51.305
53.218 29.483 55.487
59.646 29.973 55.639
65.629 30.278 53.319
74.203 35.773 52.499
58.623 35.205 37.449
60.474 28.944 37.578
62.472 23.301 40.687
60.247 19.205 45.533
56.388 17.489 51.087
50.914 17.026 53.863
45.528 17.713 54.402
45.849 21.887 36.110
44.179 26.666 40.456
43.671 29.380 46.845
47.836 30.277 51.656
53.187 29.407 55.540
59.661 29.891 55.737
65.622 29.681 53.398
58.916 34.940 36.966
61.608 28.933 37.328
62.782 23.292 40.621
60.560 19.261 45.715
56.744 17.400 51.223
50.802 16.889 53.179
45.709 18.211 54.117
46.287 22.090 35.664
44.757 26.903 39.698
44.647 29.569 45.990
48.164 30.647 51.190
53.534 29.496 55.358
60.013 29.984 55.407
66.075 30.405 52.983
70.958 36.167 50.856
73.603 37.554 50.960
74.440 36.572 53.564
58.752 35.212 36.977
61.227 28.951 37.312
62.636 23.515 40.571
60.531 19.328 45.665
56.882 17.654 51.275
50.862 17.095 53.128
45.536 18.273 54.165
46.166 22.279 35.517
44.834 26.914 39.774
44.526 29.502 46.147
48.049 30.488 51.324
53.424 29.634 55.430
60.049 30.225 55.450
65.843 30.589 53.003
69.601 33.624 47.619
73.674 37.781 50.497
74.793 35.833 52.538
58.463 34.888 37.306
60.909 28.870 37.347
62.213 23.196 40.769
60.131 19.146 45.749
56.376 17.422 51.422
50.528 16.954 53.483
45.679 17.826 54.427
45.681 22.038 36.110
44.354 26.638 39.972
44.165 29.270 46.294
47.887 30.277 51.603
53.059 29.435 55.606
59.571 29.936 55.834
65.462 30.179 53.368
58.445 35.057 37.047
61.017 29.029 37.330
62.258 23.404 40.578
60.095 19.390 45.792
56.500 17.517 51.278
50.473 16.969 53.166
45.523 18.111 54.307
45.973 22.095 35.671
44.486 26.833 39.568
44.402 29.408 45.888
47.748 30.446 51.221
53.082 29.535 55.468
59.600 30.040 55.617
65.452 30.438 53.258
69.976 32.640 48.786
70.968 36.188 49.930
73.458 37.579 50.781
74.303 36.579 53.413
58.804 35.177 36.809
61.281 29.007 37.102
62.673 23.333 40.510
60.448 19.229 45.551
56.650 17.411 51.171
50.755 16.801 53.036
45.671 17.972 54.035
46.140 22.132 35.561
44.729 26.906 39.545
44.653 29.576 45.822
48.126 30.518 51.205
53.412 29.474 55.370
59.971 30.020 55.331
65.759 30.513 52.902
71.419 36.079 50.069
73.738 37.743 50.900
74.740 36.804 53.545
58.484 34.877 37.448
60.615 28.894 37.685
62.505 23.111 40.577
60.339 18.981 45.492
56.454 17.191 51.184
51.034 16.800 53.589
45.680 17.950 54.568
45.927 21.899 36.013
44.350 26.581 40.224
44.015 29.336 46.486
47.825 30.048 51.583
53.215 29.187 55.556
59.711 29.747 55.810
65.578 29.712 53.520
71.262 35.727 49.960
73.504 37.539 50.578
74.101 36.458 53.232
58.315 34.952 37.491
61.054 29.344 37.459
62.210 23.510 41.052
59.979 19.499 45.994
56.309 17.776 51.652
50.386 17.567 53.805
45.447 18.531 54.444
45.768 22.211 35.317
44.459 27.284 40.360
44.274 29.997 46.234
47.812 30.866 51.737
53.199 29.929 55.834
59.904 30.169 55.744
65.545 30.337 53.572
58.955 34.856 37.149
61.098 28.824 37.473
63.026 23.173 40.474
60.750 18.864 45.287
56.975 17.242 50.940
51.409 16.757 53.574
45.924 17.851 54.433
46.258 21.784 35.949
44.659 26.371 40.174
44.346 29.248 46.435
48.345 30.209 51.522
53.700 28.996 55.394
60.189 29.667 55.565
65.879 29.934 53.411
69.760 34.206 50.313
72.739 36.843 48.767
73.537 37.904 51.512
74.390 35.553 52.829
58.604 34.846 37.372
60.891 28.820 37.753
62.641 22.955 40.665
60.362 18.788 45.593
56.725 17.103 50.995
51.187 16.752 53.779
45.779 17.908 54.493
46.101 21.746 36.025
44.331 26.366 40.456
44.087 29.107 46.667
48.056 29.999 51.635
53.436 28.984 55.596
59.836 29.591 55.635
65.598 29.598 53.364
70.758 34.946 50.350
72.788 37.061 50.645
74.139 35.939 52.929
60.587 28.771 37.864
62.466 22.950 40.697
60.149 18.818 45.642
56.475 17.253 50.883
50.798 16.820 53.954
45.223 17.672 54.540
45.821 21.930 36.349
44.157 26.526 40.329
43.672 29.316 46.671
47.739 30.095 51.896
53.190 29.150 55.519
59.636 29.604 55.625
60.736 28.824 37.824
62.465 23.026 40.690
60.176 18.918 45.620
56.469 17.289 50.861
50.863 16.860 53.963
45.286 17.692 54.483
45.879 22.035 36.251
44.260 26.593 40.403
43.690 29.400 46.642
47.829 30.214 51.991
53.173 29.246 55.533
59.643 29.680 55.575
60.900 29.079 37.744
62.659 23.133 40.661
60.168 19.159 45.550
56.510 17.481 50.897
50.827 17.220 53.969
45.337 17.643 54.510
45.986 22.067 36.171
44.324 26.676 40.257
43.633 29.479 46.850
47.868 30.364 51.924
53.205 29.252 55.444
59.755 29.802 55.586
71.457 35.640 50.754
73.277 37.804 51.423
73.984 37.599 54.256
60.898 28.976 37.789
62.679 23.035 40.673
60.145 18.930 45.560
56.555 17.395 50.950
50.900 17.062 54.043
45.418 17.317 54.596
45.994 21.866 36.197
44.313 26.490 40.312
43.813 29.379 46.660
47.926 30.044 51.917
53.263 29.183 55.594
59.646 29.716 55.632
70.976 35.911 50.084
73.126 37.580 50.907
73.669 36.692 53.609
60.473 28.763 37.876
62.550 23.036 40.668
60.094 18.849 45.757
56.374 17.243 50.956
50.864 16.839 53.882
45.236 17.575 54.634
45.954 21.930 36.183
44.188 26.517 40.385
43.653 29.325 46.730
47.801 30.121 51.969
53.054 29.169 55.593
59.633 29.580 55.689
70.964 35.631 50.105
73.076 37.420 50.938
74.245 36.446 53.418
29.118 85.679 16.328
33.342 83.424 20.444
35.856 81.348 26.463
33.214 77.577 31.497
28.283 73.530 33.665
23.905 69.082 31.795
21.950 64.732 27.194
22.996 61.222 21.398
26.848 58.519 17.000
32.845 55.238 16.612
38.925 53.387 18.044
43.177 51.036 22.480
44.927 48.988 28.401
41.793 45.641 33.883
36.948 43.211 37.786
31.993 39.011 38.108
29.275 33.544 35.488
27.545 29.456 30.434
28.501 26.379 24.752
33.714 23.424 21.196
39.769 20.983 20.127
44.369 17.629 23.250
47.563 14.942 28.197
47.872 11.016 34.760
44.272 7.796 38.608
31.568 8.830 24.332
28.991 11.731 29.477
30.374 15.120 35.214
34.162 17.057 39.969
39.370 20.867 40.943
43.754 24.865 37.650
46.846 27.704 32.770
46.701 30.649 27.060
42.892 33.171 22.017
37.922 35.947 20.324
30.547 36.348 20.105
27.673 41.378 23.131
24.821 44.295 29.071
27.204 48.420 33.630
32.035 52.338 35.941
37.002 56.375 35.313
40.507 60.486 31.932
40.561 64.474 26.815
39.804 65.848 20.099
34.793 66.185 15.089
28.413 67.989 14.441
21.764 69.239 17.194
19.059 72.857 22.226
18.874 75.899 28.094
21.142 80.330 32.452
17.709 4.174 -3.682
14.297 0.503 0.144
13.814 -6.128 3.618
17.374 -11.046 5.945
22.928 -12.590 9.390
28.772 -11.238 12.393
32.485 -7.126 16.033
31.866 -0.616 18.272
28.541 4.131 22.768
20.209 3.809 33.400
14.826 2.751 37.669
10.303 -1.892 40.134
10.358 -8.490 42.160
14.425 -13.177 45.189
20.069 -14.243 48.834
25.847 -12.149 51.756
27.429 -6.876 55.793
25.970 -1.041 59.058
21.568 2.979 62.405
15.023 3.494 64.622
12.937 -13.504 66.743
9.303 -9.700 62.543
8.687 -3.321 59.434
12.033 1.703 56.759
17.729 4.454 54.018
23.824 2.582 51.648
27.809 -1.832 47.853
28.273 -7.649 44.789
24.581 -12.731 40.656
18.534 -14.634 38.294
14.156 -12.812 33.700
12.938 -9.120 27.569
13.060 -4.199 23.213
14.400 1.460 20.188
19.371 5.112 16.542
25.407 6.569 14.137
30.050 3.493 10.107
32.883 -2.076 7.249
32.141 -7.940 4.437
27.507 -12.136 1.454
20.871 -13.435 -1.657
22.663 6.365 24.216
28.607 207.619 81.780
22.103 206.880 79.782
17.245 205.372 75.036
15.566 201.773 69.178
18.124 199.202 63.375
21.750 193.706 61.141
26.178 188.607 62.574
29.661 184.720 67.212
28.814 182.093 73.440
24.091 179.213 77.132
18.032 176.608 78.438
13.103 173.360 76.229
10.477 169.016 71.829
10.464 165.618 65.749
13.798 164.190 59.869
19.532 162.571 56.889
25.838 161.103 57.082
31.332 159.527 60.967
32.688 158.098 67.860
32.829 152.164 70.736
30.128 145.995 71.854
28.622 140.230 68.773
28.275 135.980 63.839
31.658 133.077 58.859
36.369 133.597 53.760
41.662 136.312 51.502
47.205 140.365 52.236
51.220 141.745 57.557
53.920 139.786 63.638
55.338 134.399 67.352
57.569 128.250 68.028
62.166 124.050 64.957
65.607 122.115 60.407
70.048 124.137 55.266
73.932 128.450 52.377
76.070 134.393 50.240
76.164 140.824 51.301
75.365 146.105 55.984
76.763 147.016 62.414
81.121 146.500 67.475
86.943 144.083 69.884
93.524 143.933 68.370
98.467 145.182 63.640
100.818 149.955 59.662
101.103 154.367 55.521
99.339 160.169 52.367
93.717 164.352 51.877
90.979 168.033 56.173
90.214 170.900 62.231
92.918 172.918 68.073
98.301 176.261 70.124
102.517 180.184 69.065
107.810 182.622 66.264
109.492 187.865 62.667
108.091 192.207 57.560
104.210 194.300 52.860
98.375 195.522 51.441
91.747 193.903 51.643
86.823 194.329 56.460
84.844 195.504 63.020
85.082 200.118 67.699
84.636 206.733 68.745
84.448 213.049 66.808
83.782 218.182 62.485
80.570 220.300 57.185
76.164 219.277 52.510
72.870 215.219 47.967
68.259 210.799 48.500
64.391 206.509 52.239
61.041 205.615 58.206
56.520 208.938 61.537
53.056 214.522 63.659
49.007 218.903 61.103
45.116 220.885 56.176
42.448 220.896 50.343
38.951 217.891 45.611
38.901 212.835 40.773
38.118 206.519 41.171
39.818 200.713 44.535
36.222 197.571 49.593
31.650 197.187 54.801
25.273 198.179 56.570
18.999 198.673 53.989
14.780 198.224 48.574
13.406 196.871 42.037
15.431 193.421 36.760
18.759 188.278 33.934
22.865 183.223 34.581
25.805 178.325 37.879
26.771 175.331 43.983
23.126 171.547 48.077
18.064 167.284 48.666
14.053 162.365 46.631
12.776 157.512 42.137
16.354 153.561 37.521
17.778 153.553 30.710
22.833 153.436 26.868
29.360 153.127 26.699
35.093 156.211 28.895
39.543 154.074 33.406
40.677 151.652 39.597
41.026 145.349 42.032
39.139 138.811 42.813
40.953 133.406 39.611
44.417 129.993 34.996
48.883 128.919 30.821
54.264 129.974 26.839
57.469 135.139 23.487
60.832 140.239 25.575
62.642 144.502 30.614
66.508 143.253 36.352
69.071 139.831 41.378
73.813 135.335 41.999
78.730 131.543 40.116
83.972 130.685 35.984
87.253 132.482 30.256
88.125 137.360 25.544
87.467 143.762 23.594
86.776 150.026 25.469
84.020 154.407 29.923
86.071 157.488 35.614
90.473 158.328 40.632
96.796 158.580 43.021
103.253 159.097 41.178
106.968 162.374 36.353
108.116 166.093 30.681
107.169 170.051 25.830
103.602 174.641 21.872
100.711 179.623 23.186
94.498 181.856 25.617
91.505 182.147 31.783
92.353 184.585 37.064
95.188 188.534 41.819
100.707 191.633 44.455
105.532 196.433 43.132
105.414 201.990 39.432
103.879 206.317 34.173
99.533 208.146 29.295
93.201 207.685 26.512
86.929 207.005 27.236
80.883 207.537 30.614
78.313 210.428 35.768
78.737 212.589 42.219
81.391 218.641 44.397
84.913 224.483 43.751
81.793 225.561 25.854
87.563 223.921 28.805
91.579 222.609 34.352
92.564 219.508 40.239
91.343 213.977 42.958
89.209 207.758 44.602
87.131 201.893 41.609
85.885 198.596 35.548
88.715 198.519 29.375
94.335 198.769 25.698
100.825 197.482 25.399
106.670 194.881 27.199
110.101 190.830 31.389
110.172 186.302 35.841
107.587 181.464 39.291
102.233 178.010 41.642
96.566 175.270 40.583
91.746 173.509 36.205
90.121 171.332 30.207
91.822 168.626 23.980
95.706 163.620 21.868
101.134 159.949 22.667
103.154 154.435 26.122
103.247 150.139 30.589
100.398 146.198 35.592
95.624 145.306 39.440
89.701 146.730 43.133
83.512 147.728 40.751
79.424 149.208 35.551
77.682 147.666 28.882
78.179 142.873 24.257
78.334 136.237 22.972
75.874 130.508 25.375
72.509 126.546 29.725
66.882 126.653 33.462
64.561 128.902 39.721
59.677 132.739 41.021
56.819 138.966 40.956
55.702 144.320 36.904
52.658 145.447 31.081
48.907 144.426 25.448
44.286 139.928 23.463
38.542 138.745 24.387
33.091 137.420 28.567
30.180 138.915 33.652
28.124 141.873 39.457
28.461 147.563 42.819
32.245 153.141 44.276
32.975 158.674 40.772
32.472 162.769 35.547
28.404 164.636 30.488
22.310 165.673 28.928
15.889 166.463 29.050
11.213 169.813 31.765
7.995 172.613 37.166
8.651 177.562 41.338
11.068 178.944 47.581
16.431 181.191 50.993
22.882 182.930 50.181
27.737 184.373 45.547
28.611 187.848 39.705
26.348 193.194 36.455
23.058 199.155 36.995
20.883 204.295 40.636
21.497 208.540 45.437
24.952 211.148 50.283
29.506 210.732 54.841
34.229 206.973 58.419
39.923 204.425 56.864
44.575 202.749 52.191
48.051 204.329 46.421
50.486 209.724 43.159
52.552 216.111 43.493
54.785 221.417 46.656
57.700 224.139 51.964
60.788 223.463 57.614
64.466 220.957 62.627
66.291 215.008 65.944
67.151 208.735 64.004
70.792 204.995 60.122
74.583 203.853 54.618
78.461 206.351 49.619
84.308 209.543 48.986
89.989 211.437 52.100
94.256 211.496 57.158
97.012 208.915 62.444
97.372 203.909 66.909
96.549 197.577 68.091
91.675 192.648 67.565
90.836 187.556 63.442
90.735 186.007 56.585
95.227 184.584 51.869
101.431 182.477 50.512
106.167 178.316 52.162
108.373 173.432 56.617
109.072 170.324 61.207
107.407 166.995 66.697
102.853 162.986 68.999
96.410 161.463 69.753
90.049 162.639 67.493
86.982 160.343 62.183
86.806 159.295 55.291
88.344 153.646 51.904
91.729 147.536 50.919
93.191 141.773 53.420
90.880 136.226 56.187
87.728 132.736 61.384
82.605 132.738 65.963
77.061 134.468 67.154
72.440 139.716 66.727
68.194 141.620 62.085
65.492 141.362 55.869
63.522 137.331 51.254
61.780 131.626 48.495
57.834 126.518 49.700
53.584 123.460 53.687
49.367 123.134 59.145
47.349 125.792 64.759
46.123 131.962 67.792
44.680 138.165 67.584
45.635 144.204 64.118
42.381 146.974 58.850
38.276 146.797 53.435
31.798 145.492 51.450
25.903 144.554 54.289
21.340 145.898 58.647
18.225 149.508 63.644
18.495 151.591 70.411
21.773 156.481 73.279
25.959 161.953 73.286
29.466 166.057 68.916
27.124 169.694 63.433
22.321 171.077 58.842
17.060 174.696 59.088
11.822 178.039 61.947
10.049 181.942 67.435
11.276 183.880 73.699
15.825 186.470 78.187
22.233 187.302 79.536
28.163 189.487 77.718
32.528 192.662 73.639
32.589 197.807 69.169
30.161 201.395 63.788
26.150 206.942 63.300
21.582 211.594 65.846
3.447 47.990 34.807
10.034 46.596 33.003
16.295 46.234 35.700
20.188 47.084 41.081
22.262 45.467 47.973
22.324 40.296 52.254
19.467 34.667 55.077
17.296 28.996 54.045
21.742 22.821 55.179
26.400 19.443 52.867
32.111 18.071 49.456
36.265 19.240 43.940
39.420 24.615 41.495
41.983 30.892 42.300
45.424 34.954 46.301
45.125 20.732 59.477
41.333 25.978 60.979
36.445 31.418 59.215
33.658 35.859 54.601
33.156 37.428 47.948
31.972 34.372 42.193
28.447 30.017 38.863
26.760 23.685 37.261
22.147 29.474 37.899
14.406 29.816 37.979
9.646 30.875 42.511
7.569 34.581 47.607
7.901 39.988 51.618
10.542 46.220 53.002
11.655 51.852 49.672
40.639 17.518 -5.206
35.500 18.215 -2.926
28.534 18.348 -2.730
23.010 14.189 -2.651
20.225 9.794 1.471
16.201 16.115 0.207
12.883 19.030 3.237
9.106 21.665 8.059
5.766 22.321 14.269
8.030 22.694 20.853
13.034 23.281 25.782
19.318 25.812 26.571
24.493 29.080 24.290
27.578 33.330 20.485
26.683 39.500 17.566
9.121 39.618 20.165
11.247 38.174 14.034
16.111 36.073 9.996
20.924 31.105 9.762
25.736 26.810 12.828
25.415 21.294 16.607
22.777 16.586 20.185
18.163 11.872 20.032
12.627 8.799 18.899
37.441 4.594 7.198
34.491 0.958 2.560
31.579 0.319 -2.883
28.458 2.752 -8.383
28.238 7.983 -12.852
11.281 3.052 11.410
9.409 45.975 33.044
15.915 46.102 35.472
20.153 47.186 40.766
22.519 45.387 47.515
22.231 40.270 51.947
19.541 34.722 54.950
17.449 29.280 53.850
21.596 22.980 55.306
26.163 19.294 53.121
31.982 18.008 49.880
36.059 18.934 44.349
38.997 24.398 41.889
41.778 31.025 42.631
44.009 35.717 46.917
41.266 25.120 61.337
36.530 30.992 59.982
34.320 35.561 55.382
33.381 36.307 48.705
32.732 34.385 42.738
29.011 29.979 39.039
26.731 23.896 37.352
22.186 28.260 38.329
14.569 29.703 37.894
9.770 30.814 42.488
7.793 34.441 47.482
7.988 39.785 51.524
10.522 46.137 52.821
11.767 51.603 49.665
7.102 33.791 -3.395
7.887 39.073 -0.004
7.373 45.528 0.795
7.812 33.436 58.734
17.208 42.787 74.086
16.428 39.970 68.320
17.062 35.501 63.568
11.162 36.890 62.466
5.795 32.603 59.137
-0.793 31.913 59.803
-6.727 33.683 62.612
-10.669 37.699 65.869
1.566 51.228 59.361
2.014 50.082 65.839
-0.275 47.359 71.593
-2.756 41.873 74.425
-3.883 35.306 73.986
-0.946 29.888 72.632
3.586 26.512 72.016
9.832 23.797 72.635
15.995 25.098 75.261
24.279 51.891 56.601
90.495 34.141 5.519
94.868 30.453 2.396
101.394 26.711 2.404
105.754 24.246 6.711
106.776 21.369 12.788
104.206 18.314 18.165
99.700 14.600 21.049
94.766 9.627 20.011
89.090 7.531 15.604
90.367 -3.416 8.343
92.054 -6.921 2.536
97.149 -10.122 -0.650
103.732 -12.479 0.464
107.840 -14.917 5.046
108.367 -17.241 11.663
105.838 -19.626 17.281
100.427 -23.327 19.302
94.627 -27.014 18.035
91.107 -30.644 13.517
90.583 -33.571 7.079
108.062 -36.494 7.817
104.703 -32.446 3.271
98.453 -29.967 1.271
93.417 -26.283 3.416
89.931 -23.164 8.505
91.165 -19.500 13.987
95.577 -15.999 17.890
101.757 -13.215 18.391
106.621 -9.385 14.586
108.626 -6.815 9.114
107.677 -2.966 3.676
104.206 3.035 2.018
99.154 7.212 1.225
93.503 10.296 2.154
89.090 13.842 6.623
87.085 16.600 11.984
89.441 20.740 16.909
94.392 23.389 20.605
100.524 26.205 20.459
105.513 29.174 16.697
107.582 32.041 10.275
87.704 5.953 9.725
17.351 3.973 -4.032
14.343 0.612 0.172
14.072 -6.256 3.235
17.456 -10.898 6.037
23.466 -12.803 8.844
29.012 -10.877 12.102
32.589 -6.744 15.796
31.583 -0.257 17.439
28.556 3.969 22.776
20.386 3.577 33.171
14.750 2.691 36.669
10.521 -2.328 38.374
10.918 -8.670 40.725
14.884 -13.590 43.830
21.040 -14.981 46.922
26.650 -12.053 49.887
27.812 -7.197 53.906
26.099 -1.572 57.813
21.554 2.780 60.813
15.378 3.321 62.120
13.467 -14.156 65.124
9.966 -10.508 60.432
8.882 -3.782 58.170
11.741 1.152 55.479
17.145 3.736 51.789
23.155 2.328 50.786
27.790 -1.922 46.956
28.645 -7.914 43.249
25.311 -12.397 39.274
19.734 -14.109 35.994
14.579 -12.593 32.426
13.020 -9.091 26.941
12.814 -4.279 22.514
14.421 1.417 19.817
19.244 5.153 16.315
25.311 6.809 13.878
29.879 3.698 9.783
32.654 -1.530 6.980
32.022 -7.713 4.203
27.973 -11.898 1.815
21.520 -13.496 -1.717
22.703 6.133 24.030
40.565 17.043 -4.357
34.559 18.624 -2.934
27.395 18.034 -2.744
22.239 14.102 -1.936
20.235 10.862 2.500
17.551 16.783 0.250
12.683 20.544 3.356
8.403 21.682 8.273
5.317 21.629 14.262
7.731 22.311 20.658
12.757 22.932 25.306
18.588 26.147 25.957
24.500 28.731 23.447
27.318 33.350 19.800
26.266 39.559 17.465
8.674 38.628 19.762
10.742 37.114 13.798
15.469 35.337 9.304
20.744 30.595 9.219
24.970 26.478 12.358
25.162 21.481 16.503
22.528 16.488 20.007
18.139 11.884 19.739
12.569 8.802 17.476
10.832 6.298 10.972
37.178 4.623 7.514
34.644 0.893 2.934
31.194 0.263 -2.733
27.873 2.957 -7.836
28.076 7.901 -12.462
8.379 0.788 13.986
14.550 21.110 13.823
13.882 24.746 8.980
10.920 29.013 4.807
4.442 32.051 3.647
-0.372 35.270 7.082
-2.734 37.659 12.903
-2.161 40.368 18.865
1.424 44.238 22.486
6.878 48.184 23.707
12.307 51.089 21.521
14.698 54.514 16.327
13.801 56.990 10.149
10.050 60.126 5.987
4.604 63.759 4.684
-0.524 67.333 6.532
-5.267 69.850 10.250
-5.768 72.518 16.193
-2.742 77.599 20.721
1.491 81.226 22.566
10.685 81.610 10.432
13.430 76.124 13.984
11.612 75.134 19.676
6.820 72.097 22.956
1.173 68.381 23.630
-3.033 64.171 20.495
-4.720 60.077 15.897
-3.137 57.256 9.737
0.758 54.715 5.333
5.815 50.448 4.973
11.761 48.301 6.618
14.848 43.695 10.519
15.842 40.140 16.191
13.171 36.667 21.081
7.485 33.243 22.583
0.780 31.497 21.094
-2.899 29.811 16.498
-3.405 25.694 10.780
-2.207 20.467 7.332
2.360 36.475 33.699
7.438 38.342 38.013
12.829 36.000 41.219
17.568 33.304 40.048
16.602 40.374 40.957
21.072 45.045 38.886
26.308 47.374 36.723
31.797 47.958 32.834
34.059 46.311 26.670
33.097 44.358 20.144
15.581 44.783 24.360
18.377 39.288 21.766
23.485 34.993 22.171
28.054 32.674 26.005
31.987 32.595 31.762
8.168 19.521 28.760
7.567 19.540 35.666
7.779 20.691 42.015
6.458 24.858 46.777
4.874 37.227 -4.169
-0.409 35.613 -8.332
-3.476 30.803 -11.614
-5.786 25.804 -10.329
-8.919 32.231 -10.928
-15.128 33.895 -9.582
-20.748 33.108 -7.061
-25.765 30.570 -3.082
-26.489 27.949 3.056
-24.801 26.706 9.619
-10.180 36.957 5.007
-9.416 30.906 7.390
-11.421 24.427 7.241
-14.226 20.004 3.688
-17.390 17.456 -1.949
9.978 19.654 0.559
10.259 20.144 -6.097
9.676 21.303 -12.490
8.111 25.440 -17.258
8.572 39.382 -17.024
12.306 43.567 -12.785
17.938 44.042 -9.406
23.531 43.854 -10.390
19.201 49.391 -9.461
20.706 55.863 -10.712
24.202 60.509 -12.759
28.955 63.745 -16.541
31.944 63.293 -22.498
32.351 61.543 -29.127
16.372 53.221 -25.669
21.546 49.811 -27.974
28.193 48.584 -27.356
33.261 48.885 -23.587
36.611 50.299 -17.685
22.458 26.966 -21.484
21.646 27.043 -14.889
20.709 28.101 -8.423
17.577 31.472 -3.754
1.528 62.599 46.975
6.874 60.998 42.814
11.921 63.687 39.516
16.445 66.968 40.314
16.020 59.893 39.241
20.792 55.569 40.783
26.356 53.593 42.772
32.026 53.546 46.498
34.315 55.483 52.504
33.530 57.487 59.103
15.837 55.439 55.740
18.305 61.261 57.883
23.220 65.887 57.410
27.433 68.474 53.428
31.009 68.996 47.572
6.528 80.496 51.443
5.640 80.099 44.435
5.661 78.400 38.101
4.940 73.596 33.620
2.086 47.117 34.945
9.620 46.189 33.477
15.873 46.206 36.213
20.201 46.008 42.208
21.005 44.762 48.834
19.651 39.728 53.241
16.490 34.216 55.539
15.599 28.039 54.108
21.430 23.156 54.721
26.241 19.838 53.218
31.321 17.598 49.238
35.996 19.742 44.424
38.856 25.389 42.240
38.164 30.458 58.872
33.839 35.322 55.554
33.501 37.189 48.448
32.125 33.923 42.966
28.788 29.985 39.044
26.312 24.004 36.907
21.461 28.016 38.491
14.021 29.863 37.771
8.877 31.031 41.933
6.037 34.588 46.812
5.937 40.253 50.309
8.483 45.991 52.679
58.387 35.017 37.569
60.536 28.505 37.317
62.484 23.195 40.691
60.129 19.184 45.869
56.367 17.364 51.415
50.708 17.065 53.495
45.500 18.193 54.533
45.570 22.046 36.081
44.370 26.764 39.950
44.202 29.274 46.267
48.149 30.426 51.491
53.187 29.404 55.540
59.866 29.843 55.598
65.674 30.273 53.082
58.689 34.824 37.568
60.717 28.438 37.521
62.476 23.016 40.665
60.319 18.985 45.835
56.567 17.093 51.370
50.852 16.748 53.478
45.526 18.162 54.389
45.759 21.866 35.955
44.537 26.567 39.760
44.321 29.112 46.119
48.098 30.440 51.467
53.256 29.203 55.457
59.732 29.786 55.589
65.811 30.236 53.142
58.236 35.266 38.025
60.334 28.650 37.681
62.056 23.155 40.984
59.927 19.206 46.271
56.130 17.313 51.789
50.393 16.774 53.958
45.116 18.556 55.024
45.329 21.964 36.479
44.144 26.858 40.213
43.668 29.277 46.648
47.625 30.470 52.012
52.769 29.612 56.240
59.353 30.157 56.203
65.523 30.436 53.620
2.238 50.260 23.062
-0.022 47.556 17.283
-0.215 44.786 11.557
0.893 38.987 8.902
3.021 33.315 8.954
4.052 28.045 11.122
-6.282 32.821 25.592
-1.788 30.176 29.030
4.915 30.639 29.071
9.878 32.015 25.619
13.390 34.657 20.537
15.661 37.277 15.224
15.072 42.038 10.489
11.714 46.866 7.575
3.139 22.142 15.489
2.447 19.566 16.419
2.210 17.851 14.063
36.940 8.060 -5.350
32.035 11.988 -3.930
25.469 13.807 -4.057
19.744 11.947 -1.378
16.419 8.120 2.778
12.676 13.436 -0.293
9.685 18.378 3.409
6.680 20.665 9.003
4.144 21.744 15.257
7.039 22.265 21.612
12.132 22.379 25.970
18.272 24.597 26.531
23.703 27.689 24.744
27.764 31.130 20.391
27.632 36.623 16.613
9.428 37.381 17.547
12.178 35.264 12.083
17.025 32.238 8.551
20.974 26.793 8.993
24.236 21.947 12.257
23.459 17.402 16.979
19.814 13.459 21.040
14.261 10.109 21.012
8.374 8.520 18.510
30.208 -2.000 7.959
26.601 -4.688 3.488
23.115 -4.378 -2.095
21.315 -1.785 -7.783
21.072 3.336 -12.432
5.027 5.027 14.619
3.865 2.733 13.644
3.922 1.114 16.351
36.893 8.030 -5.555
32.006 11.801 -3.934
25.489 13.511 -3.818
19.527 11.731 -1.667
16.385 8.253 2.704
12.590 13.355 -0.336
9.657 18.397 3.383
6.585 20.567 8.947
4.236 21.748 15.292
6.988 22.250 21.593
12.202 22.426 25.880
18.199 24.632 26.579
23.893 27.415 24.755
27.667 31.076 20.436
27.597 36.394 16.275
9.576 37.250 17.617
12.381 35.690 11.884
17.234 32.114 8.525
21.221 26.541 9.289
24.276 21.877 12.465
23.376 17.209 17.051
19.745 13.374 21.112
14.213 10.028 21.016
8.340 8.441 18.477
30.124 -1.975 8.138
26.592 -4.681 3.496
23.170 -4.390 -2.079
21.175 -1.527 -7.471
21.231 3.211 -12.412
4.966 5.093 14.656
3.911 2.776 13.678
4.006 1.089 16.287
-6.455 1.812 27.095
-3.657 7.342 25.261
0.788 12.474 26.054
6.320 13.950 23.772
1.287 18.686 25.496
-1.163 23.710 21.673
-0.717 26.912 15.712
1.292 28.712 9.739
1.954 26.510 2.731
1.460 22.150 -1.893
-5.986 11.040 9.494
-0.207 8.805 6.702
5.665 11.375 5.347
10.071 15.843 6.649
12.342 20.957 9.686
12.831 -3.577 21.366
12.897 -0.461 27.577
12.373 3.700 32.551
7.803 6.449 36.399
15.546 23.132 14.232
17.981 23.414 15.960
19.855 22.638 14.141
7.516 -12.202 1.490
5.376 -6.352 2.998
9.516 -1.349 1.442
16.055 0.391 0.008
21.901 -0.390 -3.071
24.010 -2.409 -9.062
23.356 -6.728 -14.500
18.868 -9.208 -18.925
12.967 -8.548 -22.280
7.192 -4.719 -23.201
3.511 0.436 -24.571
4.473 6.651 -27.204
8.519 12.295 -27.681
14.223 13.433 -31.310
19.584 11.737 -34.942
22.847 7.452 -39.101
22.412 3.634 -44.753
6.440 13.728 -44.516
4.805 7.647 -43.820
6.944 1.777 -41.749
11.965 -3.212 -41.094
17.854 -3.059 -37.816
21.055 0.425 -32.684
21.737 5.991 -28.590
19.366 9.243 -23.315
16.149 8.438 -17.838
9.509 7.746 -15.542
5.631 2.303 -14.707
6.068 -4.525 -13.602
9.129 -10.478 -13.719
13.629 -14.517 -10.750
17.258 -15.457 -5.470
22.440 -13.763 -1.279
22.512 -10.063 4.363
-5.593 -16.780 35.056
-4.938 -10.394 32.703
-4.890 -3.718 34.330
-2.471 0.751 38.495
-1.003 3.848 44.349
4.288 4.160 48.249
10.036 1.586 50.633
14.417 -3.883 50.819
17.329 -8.477 46.923
19.826 -9.553 40.913
23.763 -7.635 36.050
24.856 -2.386 31.457
27.773 3.622 32.187
30.937 8.128 36.208
32.875 10.210 42.586
36.280 7.805 48.193
41.146 4.082 50.635
46.334 -0.423 50.607
51.882 -1.178 46.754
50.524 18.363 42.605
48.978 15.500 36.582
48.591 9.726 32.851
46.547 3.748 32.728
45.395 -2.800 34.720
41.667 -6.310 39.127
37.736 -6.472 44.740
34.997 -2.834 49.867
30.554 2.233 50.529
26.072 6.156 47.570
22.182 8.361 42.933
18.599 7.750 37.749
14.814 3.810 33.277
12.506 -2.698 33.248
12.331 -8.890 36.476
10.688 -11.525 42.628
7.058 -11.572 48.248
2.683 -9.085 53.134
-3.394 -6.302 52.647
-33.863 40.560 9.173
-40.381 40.639 7.321
-45.185 39.397 2.540
-46.849 36.910 -3.800
-45.682 33.161 -8.507
-44.046 26.997 -10.815
-40.768 21.479 -9.809
-39.563 16.292 -5.492
-38.668 12.896 0.573
-42.944 11.652 5.798
-48.806 12.126 9.061
-55.285 12.302 8.910
-61.091 11.784 5.712
-64.849 10.803 0.122
-65.192 6.025 -4.431
-62.743 1.394 -8.568
-59.481 -4.365 -9.101
-56.313 -9.005 -4.908
-67.410 -3.186 10.104
-60.558 -3.005 10.821
-54.435 -3.754 7.982
-50.293 -3.945 3.088
-48.560 -0.641 -2.541
-50.029 3.432 -7.373
-52.432 9.442 -9.294
-56.614 14.982 -9.122
-57.214 20.101 -4.832
-55.899 23.487 0.848
-51.854 24.959 5.616
-45.617 24.686 8.400
-39.152 23.522 8.502
-34.125 24.834 4.445
-30.961 25.981 -1.343
-30.396 29.811 -6.576
-33.763 34.363 -9.700
-37.576 39.562 -10.068
40.792 16.948 -4.916
34.745 18.830 -3.007
27.875 18.133 -2.604
22.627 14.157 -2.056
20.937 10.387 2.739
17.852 16.480 0.748
13.147 20.030 3.623
8.669 21.414 8.244
5.630 21.428 14.347
7.938 22.157 20.774
12.882 22.793 25.436
18.807 26.018 26.045
24.685 27.997 23.068
27.606 33.005 19.576
26.698 38.803 16.251
8.826 39.487 19.767
11.310 38.671 13.616
15.436 35.306 9.512
20.772 30.595 9.273
25.063 26.467 12.401
25.284 21.569 16.922
22.631 16.466 20.344
18.247 11.860 19.938
12.922 8.558 17.878
37.269 4.748 7.282
34.611 0.876 2.779
31.076 0.310 -2.779
27.772 3.170 -7.856
27.165 8.195 -12.104
10.861 2.719 8.916
11.173 0.401 10.841
10.228 -0.561 13.266
41.208 17.244 -3.940
35.288 18.838 -2.431
28.292 18.487 -2.381
23.115 14.637 -2.620
20.846 9.791 0.024
16.863 15.950 0.446
12.305 19.281 3.414
7.917 20.932 8.113
4.978 21.425 14.272
7.352 22.297 20.710
12.391 23.080 25.292
18.328 26.114 25.954
24.056 28.578 23.297
27.129 32.901 19.544
26.367 38.903 16.960
8.590 39.232 19.991
10.620 38.407 13.847
14.927 35.430 9.456
20.153 30.650 9.178
24.413 26.488 12.204
24.623 21.483 16.667
21.922 16.623 20.361
17.587 12.054 20.002
12.048 8.706 18.016
37.131 5.122 7.580
34.497 1.223 2.893
31.228 0.651 -2.786
28.311 3.423 -7.981
27.816 8.623 -12.288
11.181 3.513 11.870
9.580 1.267 11.246
7.873 1.094 13.660
40.734 16.997 -4.666
34.681 18.664 -2.825
27.748 18.086 -2.618
22.448 14.102 -2.115
20.675 10.208 2.485
18.063 16.578 0.955
12.711 20.150 3.082
8.667 21.553 8.130
5.498 21.428 14.168
7.888 22.134 20.640
12.842 22.843 25.410
18.828 25.891 26.121
24.674 28.255 23.495
27.492 32.968 19.864
26.445 39.220 17.383
8.891 38.932 19.956
10.999 38.006 13.761
15.525 35.386 9.504
20.838 30.680 9.401
25.124 26.540 12.518
25.368 21.599 16.976
22.618 16.475 20.326
18.277 11.885 19.871
12.862 8.771 17.653
37.335 4.859 7.184
34.574 0.895 2.702
31.000 0.274 -2.858
27.785 3.111 -8.062
27.487 8.135 -12.398
9.931 4.323 12.093
8.811 1.342 11.240
9.457 0.238 13.688
33.562 3.873 4.797
30.868 0.591 -0.091
28.202 0.238 -5.938
26.396 2.581 -11.790
25.239 8.221 -15.971
8.118 38.261 25.786
7.052 39.273 19.222
9.795 38.608 13.058
13.967 35.608 9.233
19.958 32.888 8.385
23.240 26.942 10.851
22.282 21.043 13.972
18.860 16.590 17.068
14.043 12.184 16.352
9.006 9.790 13.186
39.559 12.170 -6.191
34.731 17.025 -6.258
28.111 17.746 -5.815
21.719 15.393 -6.395
18.348 12.453 -2.943
13.477 15.373 -5.563
9.807 19.733 -1.955
5.733 21.412 3.574
2.750 22.069 9.443
4.453 22.912 16.233
8.666 23.684 21.368
14.621 25.172 23.668
20.108 28.695 23.273
25.226 31.757 19.598
25.300 37.907 17.093
6.810 6.208 9.081
6.416 3.335 8.060
6.420 1.891 10.313
16.686 1.972 62.310
20.517 -1.782 58.334
25.026 -2.126 53.413
29.115 0.426 49.405
32.731 5.660 46.372
-1.918 37.353 39.496
4.273 35.874 40.143
9.291 32.891 43.000
11.038 28.306 48.128
8.826 23.771 52.701
4.732 18.594 53.686
0.589 13.865 51.456
-0.029 9.402 47.106
0.731 6.165 41.395
30.303 13.547 62.397
26.557 16.053 58.062
23.868 15.854 51.408
22.281 12.075 46.285
17.278 7.796 45.725
18.399 13.967 42.541
14.547 17.709 38.584
9.341 18.843 34.735
2.744 19.309 33.681
-2.928 20.030 37.500
-6.559 20.610 43.156
-6.137 23.290 49.389
-2.363 25.652 54.603
2.020 29.795 57.110
4.716 35.735 56.406
3.289 -40.972 -7.239
-0.042 -44.019 -2.510
-4.242 -44.129 2.499
-8.831 -41.442 6.344
-12.358 -35.438 8.507
23.673 -2.945 10.858
17.224 -4.405 10.121
12.391 -7.905 7.454
9.728 -12.210 2.894
11.191 -16.992 -1.934
15.052 -22.385 -2.366
19.569 -26.669 -0.408
21.319 -30.654 4.499
20.728 -32.616 10.684
-10.928 -30.850 -8.823
-8.464 -27.082 -4.665
-5.220 -26.262 1.272
-2.226 -28.483 7.337
2.856 -32.235 8.734
1.744 -27.919 14.115
6.250 -23.054 15.660
12.947 -20.854 16.959
19.423 -19.854 16.879
24.688 -19.137 12.339
27.398 -18.768 6.188
26.673 -17.086 -0.186
24.147 -12.845 -4.280
18.660 -9.434 -7.212
15.605 -3.956 -5.435
8.895 0.374 37.239
7.024 -1.877 37.686
4.378 -2.491 37.582
18.264 -36.079 14.713
17.714 -38.894 15.839
19.803 -40.475 14.956
9.626 33.449 75.200
12.600 29.798 70.073
15.117 29.557 63.934
18.747 32.809 59.405
22.301 37.847 57.327
25.729 43.610 58.383
31.012 45.653 62.325
33.492 46.611 68.839
35.890 42.511 73.484
38.228 36.415 75.392
41.798 31.158 74.102
46.132 27.720 69.907
48.591 26.148 63.791
52.430 29.616 58.732
55.278 35.250 56.370
58.569 40.706 57.908
62.146 43.966 62.374
63.529 46.415 68.664
67.963 44.406 73.753
76.166 37.329 58.368
72.629 32.135 60.665
70.175 28.803 65.563
65.740 28.871 70.453
61.959 32.590 75.019
57.312 37.084 74.613
55.583 43.596 72.577
52.026 45.045 66.917
50.227 43.909 60.564
46.362 40.938 56.898
41.670 35.659 56.645
38.588 29.678 58.407
34.796 27.889 63.727
32.503 28.369 70.200
29.707 33.112 74.376
27.285 39.039 75.697
22.813 43.400 73.727
20.113 48.322 69.789
15.469 47.559 64.992
30.969 59.089 111.195
30.195 56.431 104.766
32.458 54.181 98.921
36.457 50.807 95.594
42.212 46.976 95.846
46.621 43.127 98.851
46.932 38.375 103.617
45.494 36.378 110.137
39.763 33.823 112.941
33.533 31.106 112.370
29.382 27.449 109.348
28.149 23.021 104.491
29.351 19.911 98.584
34.647 16.461 95.994
40.754 13.757 96.021
44.986 10.530 100.275
45.866 7.188 105.719
45.143 5.629 112.570
41.469 0.770 114.676
41.256 -6.232 96.718
35.344 -2.915 97.766
30.589 0.345 101.391
28.044 3.465 106.801
30.002 7.396 111.935
34.192 12.269 113.481
41.141 13.823 114.379
44.867 17.231 109.739
46.625 18.864 103.369
45.140 22.614 98.176
40.364 26.873 95.387
34.332 30.035 94.559
30.217 33.917 98.496
28.006 36.567 104.274
30.726 39.508 109.854
36.003 42.204 113.105
41.320 45.723 113.006
46.712 49.155 110.683
48.121 53.606 106.216
57.732 -122.410 59.988
57.071 -115.745 58.219
56.068 -111.304 53.499
52.703 -110.133 48.097
49.061 -111.856 42.478
44.359 -116.055 40.122
38.707 -119.370 41.875
35.200 -123.684 46.113
32.830 -123.233 52.436
30.844 -119.588 57.734
28.657 -113.732 60.590
25.842 -108.023 58.995
24.376 -102.579 55.070
20.460 -101.904 49.280
17.318 -104.463 43.637
12.695 -109.302 42.221
8.152 -113.350 44.360
4.762 -117.719 48.452
0.078 -116.706 53.038
-2.420 -99.463 44.554
1.259 -97.848 50.006
4.161 -99.713 55.625
6.493 -104.244 60.207
8.790 -110.529 61.247
12.365 -115.145 58.312
12.751 -119.659 52.870
16.802 -118.895 47.509
19.721 -114.887 42.751
24.553 -110.781 41.323
29.733 -106.773 44.166
33.459 -104.010 49.111
36.987 -106.373 54.652
38.708 -111.434 58.959
40.154 -118.093 59.121
40.983 -123.944 55.889
43.651 -127.067 50.730
47.750 -127.703 45.731
53.027 -125.064 42.273
16.146 -35.189 -21.078
12.267 -33.957 -16.686
10.146 -30.407 -11.083
9.777 -24.943 -7.503
11.300 -18.432 -6.306
10.350 -12.251 -9.157
7.553 -8.726 -13.757
5.875 -7.492 -20.774
1.764 -9.562 -24.672
-4.092 -13.287 -25.955
-9.416 -17.060 -23.700
-14.063 -17.135 -18.731
-16.814 -15.029 -12.744
-18.324 -9.619 -9.314
-18.781 -3.208 -9.144
-16.960 3.182 -10.284
-19.040 7.815 -14.723
-21.703 9.747 -20.872
-26.938 8.375 -24.128
-34.411 7.483 -7.089
-34.830 1.653 -8.711
-33.684 -3.336 -12.702
-31.504 -5.386 -19.469
-27.716 -4.470 -24.469
-21.605 -2.693 -26.370
-15.437 0.459 -25.512
-10.655 0.650 -21.281
-8.851 1.054 -14.267
-7.799 -3.342 -9.641
-7.339 -10.311 -7.778
-7.317 -16.794 -8.974
-5.429 -21.351 -13.837
-2.831 -23.087 -19.735
2.257 -22.182 -23.565
8.456 -19.846 -25.067
13.914 -16.446 -23.834
18.290 -14.442 -19.433
21.765 -16.952 -13.846
-7.189 9.565 37.988
-2.501 6.211 34.301
-0.757 0.680 31.397
-0.923 -4.850 28.833
-3.404 -10.682 26.520
-8.140 -12.774 22.630
-13.431 -11.291 18.572
-18.749 -7.684 16.040
-18.719 -2.456 12.134
-17.563 3.910 9.828
-12.869 7.500 7.104
-7.689 7.417 3.567
-2.665 4.760 0.411
-0.946 -0.613 -3.276
-2.444 -5.523 -7.162
-20.239 -3.751 -4.870
-17.038 -9.167 -2.657
-11.673 -11.107 0.466
-6.013 -10.823 3.379
-2.664 -7.512 8.193
-0.581 -1.284 11.351
-2.380 4.707 14.308
-7.362 6.688 18.508
-13.026 5.672 22.097
-17.185 2.489 25.480
-19.961 -3.087 28.428
-18.631 -8.631 31.585
-14.424 -10.953 35.978
-8.847 -10.399 39.316
-3.711 -7.725 42.346
-16.051 8.109 -0.024
-19.373 3.711 3.873
-19.489 -2.009 6.851
-17.890 -7.635 9.098
-14.135 -12.556 11.128
-8.857 -13.639 14.579
-3.731 -11.115 18.302
0.560 -6.393 20.484
-0.098 -0.977 24.211
-2.539 4.889 26.662
-7.706 7.135 29.678
-12.988 6.078 33.537
-17.205 2.553 37.441
-16.940 -2.397 41.437
-14.054 -7.844 44.579
2.155 -0.859 41.739
0.380 -7.042 39.477
-4.531 -10.498 36.892
-10.450 -11.447 34.209
-14.467 -9.074 29.799
-18.302 -4.066 26.775
-17.743 1.577 23.332
-13.828 4.931 19.291
-8.186 5.261 15.397
-3.539 3.254 11.665
-0.175 -1.528 8.314
-0.490 -7.146 4.970
-4.430 -10.202 0.875
-10.295 -10.721 -2.121
-15.693 -9.118 -4.763
59.586 30.246 37.501
60.911 24.688 40.754
58.846 20.434 45.583
55.319 19.054 51.211
49.471 18.325 53.880
45.366 23.342 36.445
43.502 28.335 40.665
42.698 30.940 46.908
47.038 31.784 52.343
52.587 30.547 55.875
58.845 31.120 55.580
60.359 28.775 37.658
62.296 22.842 40.715
60.117 18.775 45.799
56.439 17.046 50.742
50.786 16.532 53.783
45.292 17.368 54.629
45.579 22.163 36.425
44.126 26.666 40.462
43.578 29.213 46.866
47.877 30.388 51.833
53.036 29.417 55.523
59.541 29.653 55.485
60.664 28.864 37.840
62.464 22.945 40.641
60.030 18.858 45.720
56.438 17.232 50.960
50.761 16.969 53.918
45.110 17.552 54.424
45.762 21.988 36.401
44.146 26.482 40.374
43.612 29.359 46.764
47.650 30.195 52.066
53.108 29.224 55.554
59.601 29.637 55.725
60.710 28.038 37.789
62.757 22.646 40.771
60.637 18.224 45.708
56.865 16.871 50.811
51.087 16.277 53.744
45.242 18.270 54.528
45.954 21.429 36.444
44.565 26.156 40.248
43.648 28.730 46.600
48.270 29.762 51.469
53.446 28.789 55.423
59.716 29.068 55.457
60.717 28.603 37.780
62.619 22.980 40.784
60.417 18.799 45.636
56.557 17.250 50.939
50.969 16.700 53.863
45.350 17.506 54.582
45.918 21.785 36.364
44.260 26.458 40.371
43.739 29.207 46.705
47.850 29.948 51.959
53.339 29.032 55.650
59.632 29.467 55.639
59.802 28.931 37.930
61.904 23.244 40.609
59.556 19.572 45.562
55.658 17.801 51.027
50.253 17.465 54.141
44.972 17.831 54.666
45.318 22.546 36.729
43.933 27.119 40.598
42.993 29.814 47.033
47.474 30.689 52.123
52.476 29.591 55.641
59.239 30.230 55.723
60.674 28.750 37.858
62.424 22.939 40.691
60.082 18.939 45.666
56.433 17.219 50.920
50.805 16.765 53.936
45.210 17.546 54.496
45.666 21.977 36.318
44.196 26.459 40.294
43.673 29.294 46.654
47.752 30.168 51.976
53.124 29.102 55.655
59.565 29.567 55.616
58.597 35.213 37.031
61.191 28.936 37.263
62.564 23.395 40.544
60.329 19.323 45.685
56.603 17.609 51.153
50.640 17.028 53.246
45.658 18.059 54.143
46.195 22.221 35.485
44.580 26.955 39.628
44.470 29.532 46.022
47.911 30.542 51.281
53.246 29.568 55.317
59.913 30.139 55.472
65.701 30.504 52.945
71.293 34.520 49.440
73.302 38.562 51.716
74.443 36.013 52.894
58.555 35.078 37.298
61.133 28.862 37.484
62.551 23.355 40.643
60.465 19.203 45.706
56.668 17.566 51.161
50.649 16.828 53.280
45.638 18.107 54.450
46.103 22.169 35.735
44.729 26.836 39.677
44.574 29.457 46.011
47.912 30.484 51.281
53.307 29.472 55.504
59.878 30.025 55.542
65.784 30.393 53.171
69.661 33.533 48.892
73.634 37.783 50.482
74.514 35.908 52.660
58.882 34.879 37.184
61.034 28.893 37.343
62.667 23.353 40.614
60.420 19.088 45.642
56.870 17.345 51.219
50.983 16.707 53.362
45.890 18.128 54.346
46.148 21.895 35.734
44.774 26.733 39.884
44.614 29.440 46.105
48.233 30.510 51.550
53.533 29.403 55.483
60.175 29.930 55.592
65.855 30.241 53.256
60.283 28.833 37.903
62.413 23.272 40.710
60.080 19.127 45.726
56.415 17.441 51.034
50.773 17.012 54.001
45.310 17.572 54.586
45.535 22.073 36.241
44.066 26.786 40.545
43.409 29.677 47.066
47.798 30.453 52.050
53.187 29.446 55.586
59.668 29.911 55.664
60.679 28.863 37.898
62.503 23.005 40.643
60.134 18.881 45.632
56.442 17.233 50.886
50.799 16.958 53.887
45.226 17.591 54.391
45.870 21.994 36.272
44.204 26.521 40.340
43.611 29.354 46.680
47.836 30.166 51.890
53.171 29.107 55.602
59.636 29.582 55.606
60.619 28.952 37.738
62.528 23.031 40.648
60.104 18.933 45.568
56.379 17.348 50.833
50.838 16.871 53.922
45.201 17.641 54.483
45.942 22.116 36.274
44.264 26.512 40.229
43.671 29.250 46.602
47.874 30.065 51.803
53.167 29.157 55.577
59.595 29.563 55.677
70.630 35.483 49.698
73.034 36.855 50.549
73.880 35.707 53.139
60.750 28.802 37.661
62.579 23.094 40.495
60.121 19.045 45.391
56.546 17.323 50.854
50.833 16.845 53.796
45.209 17.630 54.561
45.931 22.058 36.196
44.290 26.596 40.217
43.784 29.314 46.661
47.877 30.343 51.830
53.043 29.267 55.635
59.613 29.601 55.565
70.603 35.277 49.696
73.070 36.725 50.490
73.922 35.667 53.126
60.386 28.716 37.660
62.450 23.174 40.636
60.158 19.109 45.596
56.469 17.479 50.740
50.836 17.016 53.938
45.193 17.705 54.553
45.754 22.030 36.248
44.151 26.682 40.297
43.581 29.505 46.756
47.903 30.329 51.818
53.203 29.389 55.534
59.696 29.802 55.477
59.535 34.725 37.088
62.116 28.744 37.144
63.425 23.207 40.473
61.144 19.050 45.562
57.336 17.174 50.916
51.315 16.576 52.895
46.786 21.749 35.575
45.145 26.649 39.464
45.222 29.341 45.644
48.620 30.303 51.080
54.161 29.279 55.219
60.536 29.783 55.290
66.416 30.279 52.905
9.266 46.296 32.944
15.717 46.352 35.486
19.909 47.290 40.702
22.474 45.663 47.552
22.060 40.498 51.880
19.510 34.968 54.673
17.395 29.355 53.573
21.658 23.098 54.733
26.155 19.379 52.353
31.967 18.092 49.071
36.230 19.504 43.762
39.220 24.841 41.430
42.536 30.923 42.545
44.232 35.812 46.682
40.552 25.889 61.228
35.788 31.600 59.400
33.878 36.029 54.561
33.256 36.601 47.712
32.271 34.639 42.012
28.575 30.212 38.654
26.578 24.018 36.927
22.024 28.693 37.616
14.339 30.018 37.745
9.604 31.093 42.344
7.521 34.869 47.352
7.832 40.305 51.268
10.505 46.547 52.727
11.784 52.164 49.342
45.715 54.788 -93.034
39.529 51.518 -94.136
36.637 46.728 -91.256
35.683 40.922 -87.524
37.817 37.124 -82.186
40.114 38.693 -76.039
44.433 42.233 -71.907
45.076 48.060 -69.037
42.925 54.084 -67.328
39.265 56.901 -64.079
33.187 59.041 -62.100
26.998 56.504 -60.675
23.784 51.906 -57.453
22.770 46.784 -53.558
24.858 40.872 -50.378
29.398 38.752 -46.448
36.073 38.768 -44.662
39.978 43.991 -42.175
39.564 50.349 -39.634
35.974 54.594 -35.723
31.497 56.265 -31.483
30.854 54.194 -24.760
28.474 51.096 -19.952
30.999 45.936 -16.530
35.570 42.307 -13.943
40.356 40.779 -12.769
46.761 38.595 -14.435
51.702 41.102 -18.703
55.233 46.615 -18.999
56.766 53.190 -17.248
58.137 58.255 -13.034
60.299 59.837 -6.528
62.372 58.430 -0.652
65.107 53.942 3.291
69.591 48.793 3.341
73.921 44.851 0.157
77.180 42.933 -5.132
79.637 43.429 -10.928
79.384 46.348 -17.291
82.704 51.635 -19.550
84.822 58.194 -18.286
89.972 60.637 -15.781
96.478 60.340 -13.723
101.888 56.382 -13.581
105.508 51.884 -15.616
106.710 45.264 -17.522
105.941 41.293 -22.654
101.917 40.463 -28.467
100.287 43.746 -33.945
100.239 49.166 -38.079
103.890 54.434 -40.763
109.932 55.779 -42.552
116.115 54.392 -44.766
121.124 50.163 -46.820
122.569 43.594 -48.637
119.680 37.672 -50.913
114.354 34.557 -53.202
109.167 34.545 -57.159
103.593 38.267 -59.344
102.295 43.719 -63.159
103.742 48.245 -68.138
104.980 47.862 -74.180
105.827 44.991 -80.503
106.155 39.770 -84.266
103.727 33.942 -86.122
99.444 29.093 -85.260
95.544 25.315 -80.968
89.763 26.344 -78.173
85.067 30.628 -75.858
80.764 35.737 -77.382
77.037 38.071 -82.468
75.718 38.897 -89.007
72.988 35.198 -93.790
70.378 29.487 -95.715
67.474 23.731 -95.013
63.725 19.457 -91.861
62.835 15.909 -86.103
60.171 17.148 -80.256
59.384 21.667 -75.261
55.444 27.099 -73.995
51.065 32.101 -76.018
44.998 32.759 -78.932
39.203 29.795 -80.255
34.919 25.116 -79.202
32.247 19.243 -77.121
31.868 15.426 -71.747
33.350 14.098 -65.661
38.325 14.600 -60.997
40.757 18.608 -56.258
40.872 25.307 -54.518
36.394 30.088 -52.758
30.849 31.821 -49.841
25.581 30.496 -45.883
24.746 27.048 -40.390
24.479 21.703 -36.362
26.911 17.099 -32.464
31.659 12.508 -30.560
37.724 12.673 -29.059
44.180 14.316 -30.840
47.641 19.733 -29.148
47.689 26.542 -27.765
45.858 30.286 -22.554
43.041 31.843 -16.444
43.025 30.296 -10.289
44.993 26.142 -5.161
48.673 21.139 -2.347
54.249 18.270 -2.274
60.036 15.491 -4.679
64.731 16.018 -9.850
68.176 21.149 -12.247
70.434 27.312 -12.193
73.210 32.385 -9.372
75.919 36.188 -4.550
79.265 35.437 1.070
83.705 31.760 4.629
87.763 26.426 4.681
91.492 22.242 1.175
92.870 18.627 -4.532
96.001 19.111 -10.640
92.615 20.865 -16.371
93.028 26.334 -20.413
96.948 31.886 -21.535
102.475 35.500 -20.377
108.724 35.940 -20.046
115.015 33.193 -19.611
118.735 28.548 -21.454
119.963 22.211 -23.425
117.492 16.946 -26.550
113.296 14.078 -30.971
108.963 13.450 -35.716
104.865 15.796 -40.745
105.790 20.059 -45.707
108.344 25.790 -48.535
114.386 25.702 -52.249
119.419 22.661 -55.181
122.096 17.545 -58.231
122.601 12.423 -61.290
119.189 7.516 -64.323
113.125 4.668 -65.693
107.061 6.036 -67.837
101.763 10.293 -68.639
99.882 15.950 -71.198
100.924 20.675 -75.854
103.459 22.165 -81.890
107.430 21.343 -87.275
108.142 4.242 -83.844
113.639 7.896 -83.840
116.267 13.707 -81.869
116.167 19.062 -77.753
112.959 23.759 -73.778
109.260 23.362 -68.087
104.421 20.201 -64.387
103.047 14.836 -60.924
105.152 9.765 -57.378
109.324 6.303 -53.733
115.000 5.695 -50.162
119.678 9.399 -47.562
122.464 14.556 -44.984
122.428 20.362 -41.991
119.526 26.581 -41.094
114.507 29.423 -38.354
107.504 29.521 -37.998
103.684 24.859 -34.517
103.436 19.082 -30.620
106.350 15.926 -25.456
109.604 15.937 -19.958
111.136 19.019 -14.497
111.118 23.577 -10.138
107.678 28.979 -7.599
103.675 33.427 -7.153
97.677 35.532 -7.177
91.936 36.497 -10.953
87.877 32.734 -14.987
84.450 27.181 -14.386
82.530 21.210 -11.611
80.933 17.031 -6.513
77.737 16.932 -0.716
75.012 19.759 4.718
71.167 24.559 6.742
67.108 29.744 5.214
63.278 32.470 0.661
61.143 33.111 -5.392
59.828 31.234 -11.366
60.671 26.779 -16.609
57.307 21.161 -17.936
54.629 15.244 -15.450
49.297 13.145 -12.574
42.682 14.304 -12.018
37.259 18.270 -13.486
34.644 22.285 -17.522
34.537 28.357 -20.951
35.683 29.703 -27.115
40.471 29.760 -32.236
42.566 25.465 -36.549
43.181 19.377 -39.271
39.862 13.589 -41.179
34.782 12.184 -44.112
28.267 12.635 -46.280
24.341 15.314 -49.437
22.820 18.810 -54.609
23.306 24.319 -58.537
27.021 28.038 -62.093
32.899 31.078 -63.348
39.587 30.354 -61.648
43.909 25.354 -63.050
45.646 18.827 -64.571
44.743 14.124 -68.972
45.016 13.159 -75.628
44.664 15.010 -81.918
44.627 19.192 -87.082
48.155 24.040 -89.676
52.375 29.130 -89.347
55.862 33.760 -85.517
61.052 33.240 -81.727
65.028 29.646 -77.459
68.626 23.748 -77.019
73.004 20.409 -80.682
76.543 18.957 -86.164
79.968 21.405 -90.951
82.849 26.541 -94.336
85.968 31.884 -93.993
88.392 37.601 -91.953
88.651 42.104 -86.799
89.169 41.948 -80.418
89.610 38.942 -74.778
93.954 34.069 -71.458
98.622 29.258 -71.616
105.131 28.441 -73.143
110.848 31.178 -73.275
115.320 36.499 -73.474
117.041 42.481 -71.935
117.060 46.975 -66.878
113.090 50.573 -63.270
108.294 50.669 -58.251
104.351 46.747 -54.153
104.947 40.877 -50.453
109.246 37.023 -46.854
113.776 36.881 -42.218
117.257 40.413 -37.433
118.464 46.230 -34.056
116.445 51.313 -31.135
111.493 56.735 -29.737
105.166 57.637 -29.092
98.819 55.841 -31.217
94.502 50.720 -28.924
94.316 44.299 -26.684
95.437 41.881 -20.069
97.051 42.295 -13.510
96.005 45.303 -8.178
93.214 50.395 -4.562
89.437 55.987 -4.156
83.480 58.371 -4.593
78.160 60.253 -8.472
74.576 58.225 -14.127
71.212 52.577 -15.359
69.505 46.097 -14.409
65.891 42.373 -10.908
61.838 39.990 -5.870
57.345 42.187 -1.587
53.217 46.734 1.264
49.287 51.546 -1.150
46.291 54.917 -6.196
44.986 56.693 -12.334
46.311 56.211 -19.039
47.496 52.180 -23.785
48.018 45.871 -26.492
44.037 40.473 -26.730
38.588 37.306 -25.699
31.758 36.748 -26.148
26.319 39.504 -27.833
23.209 44.517 -30.723
22.539 48.849 -34.632
25.085 53.839 -39.083
30.725 55.762 -42.051
35.319 54.987 -46.596
39.957 51.380 -50.333
39.669 46.031 -54.034
37.032 39.999 -56.037
32.395 39.018 -60.713
27.653 40.879 -65.204
25.673 44.877 -69.495
26.607 49.857 -73.775
30.436 55.016 -75.994
36.702 57.351 -77.272
43.223 56.158 -76.947
48.696 51.228 -76.828
50.664 45.174 -78.093
50.143 39.819 -82.074
48.764 37.202 -88.178
45.795 37.091 -94.374
18.592 3.412 -4.473
15.497 0.021 0.290
14.799 -6.962 2.900
18.640 -11.532 5.630
24.439 -12.988 8.883
29.765 -11.391 12.517
33.475 -7.080 16.003
32.766 -1.527 20.396
29.327 4.051 23.021
22.070 3.582 33.737
15.210 2.543 35.250
11.721 -2.420 38.309
12.000 -8.809 40.838
16.262 -13.428 43.827
22.592 -14.669 46.443
28.289 -12.144 49.870
29.074 -6.668 54.287
27.394 -0.954 57.528
22.620 2.969 60.837
16.134 2.786 63.650
14.143 -13.982 65.357
11.188 -10.297 60.425
9.954 -3.751 57.991
13.231 0.923 55.014
18.682 4.114 52.016
25.117 2.671 49.777
28.941 -1.325 46.106
29.932 -7.467 42.737
26.305 -13.196 39.321
20.674 -14.933 36.198
15.103 -12.671 32.945
13.566 -9.229 26.931
13.614 -4.246 22.671
15.120 1.276 19.634
20.073 5.139 16.464
26.311 6.471 14.205
30.575 3.647 9.919
33.826 -2.090 7.375
33.045 -8.121 4.430
29.091 -12.305 1.827
22.445 -13.636 -1.690
23.582 6.415 24.023
58.217 35.130 37.197
60.649 28.547 37.205
62.012 23.129 40.687
59.827 19.300 45.783
56.025 17.385 51.181
49.867 17.053 52.985
44.865 18.409 54.094
45.712 22.138 35.383
44.301 26.719 39.234
44.029 29.423 45.283
47.496 30.702 50.804
52.630 29.552 55.250
59.042 29.749 55.412
65.152 30.437 52.962
