17.339 10.531 23.489
18.546 6.902 18.472
19.759 2.196 14.281
13.594 3.797 13.348
8.330 -0.279 9.719
1.775 -0.986 10.265
-4.285 0.325 13.397
-7.996 4.454 17.110
4.220 17.935 9.812
4.403 17.112 16.456
2.185 14.138 22.124
-0.924 8.688 24.801
-1.743 2.361 24.444
0.893 -3.173 22.555
5.998 -6.560 22.143
12.021 -8.445 24.198
18.036 -7.810 26.371
-16.403 14.805 5.283
-12.640 17.155 0.358
-8.061 21.897 -0.712
-4.767 27.800 0.222
-1.505 31.381 4.495
-0.900 34.664 10.275
5.605 34.506 11.737
9.008 32.323 16.159
12.696 27.149 18.256
16.505 22.079 16.205
17.901 16.949 11.808
20.444 15.407 6.770
14.800 28.265 -1.402
11.303 22.846 -0.948
7.992 19.044 3.200
6.936 15.523 8.908
4.335 16.465 14.605
-1.441 18.166 16.619
-6.934 21.636 17.306
-9.098 27.829 17.855
-12.059 31.691 13.460
-14.366 33.910 7.564
-16.634 32.294 1.503
-20.169 27.679 -1.889
9.356 46.444 33.240
15.605 46.587 36.161
20.362 46.979 41.516
22.206 45.360 48.546
21.285 40.128 53.097
18.665 34.871 55.298
16.822 28.807 54.272
21.741 23.187 54.971
26.320 19.695 52.647
32.044 18.488 49.282
36.536 20.044 44.169
39.722 24.991 41.641
42.569 31.043 42.593
45.401 35.349 46.739
40.219 26.499 61.446
35.526 32.193 59.351
34.034 36.653 54.426
32.985 37.367 47.276
31.750 34.631 41.651
28.593 29.951 38.404
26.480 23.807 36.936
21.940 28.915 37.815
14.334 30.054 38.128
9.404 31.160 42.485
7.195 35.311 47.139
7.611 40.560 51.230
9.986 46.778 52.823
11.955 52.622 49.577
17.636 34.304 2.000
19.664 28.072 -0.519
12.806 24.881 -1.546
8.187 18.523 0.329
10.608 17.388 7.376
13.728 19.682 11.962
13.873 25.908 12.356
8.225 25.111 10.265
2.814 21.758 10.119
-1.811 21.685 4.479
-1.086 24.723 -2.099
3.435 31.205 -2.934
9.341 35.512 -2.904
5.276 38.852 1.217
1.595 50.396 22.972
-0.583 47.585 17.196
-0.629 45.076 11.481
0.394 39.332 8.575
2.576 33.648 8.774
3.721 28.370 10.851
-7.901 31.205 25.890
-2.209 30.428 28.838
4.511 30.963 28.877
9.558 32.328 25.416
13.109 34.832 20.231
15.471 37.375 15.136
14.708 42.374 10.355
11.098 47.030 7.406
2.854 22.269 15.309
2.126 19.689 16.302
1.807 18.053 13.938
1.627 50.451 22.932
-0.730 47.720 17.209
-0.777 45.123 11.519
0.269 39.397 8.612
2.422 33.628 8.844
3.638 28.388 10.872
-7.792 31.546 25.790
-2.226 30.341 29.036
4.510 30.927 28.853
9.522 32.392 25.419
13.018 34.817 20.242
15.390 37.434 15.115
14.681 42.391 10.356
11.065 47.016 7.402
2.769 22.251 15.392
2.004 19.668 16.324
1.677 18.064 13.990
9.689 46.755 33.034
15.612 47.232 35.858
20.247 47.395 40.900
22.555 45.233 46.276
22.425 40.328 51.127
19.471 35.182 54.326
17.607 29.392 53.410
21.644 22.964 54.487
26.450 19.455 52.229
32.289 18.696 48.860
36.858 20.224 43.875
40.317 25.115 41.024
43.245 30.625 42.675
44.937 36.278 45.938
42.442 24.972 60.459
39.511 27.445 60.743
36.043 32.845 58.026
34.350 36.465 53.970
33.345 37.318 47.293
32.074 34.828 41.299
29.305 30.036 37.869
26.536 24.036 36.792
21.540 28.006 37.865
14.127 30.164 37.704
9.594 31.035 42.689
8.068 34.111 48.499
8.515 39.951 51.843
10.720 46.262 52.842
