17.339 10.531 23.489
18.546 6.902 18.472
19.759 2.196 14.281
13.594 3.797 13.348
8.330 -0.279 9.719
1.775 -0.986 10.265
-4.285 0.325 13.397
-7.996 4.454 17.110
4.220 17.935 9.812
4.403 17.112 16.456
2.185 14.138 22.124
-0.924 8.688 24.801
-1.743 2.361 24.444
0.893 -3.173 22.555
5.998 -6.560 22.143
12.021 -8.445 24.198
18.036 -7.810 26.371
-16.403 14.805 5.283
-12.640 17.155 0.358
-8.061 21.897 -0.712
-4.767 27.800 0.222
-1.505 31.381 4.495
-0.900 34.664 10.275
5.605 34.506 11.737
9.008 32.323 16.159
12.696 27.149 18.256
16.505 22.079 16.205
17.901 16.949 11.808
20.444 15.407 6.770
14.800 28.265 -1.402
11.303 22.846 -0.948
7.992 19.044 3.200
6.936 15.523 8.908
4.335 16.465 14.605
-1.441 18.166 16.619
-6.934 21.636 17.306
-9.098 27.829 17.855
-12.059 31.691 13.460
-14.366 33.910 7.564
-16.634 32.294 1.503
-20.169 27.679 -1.889
9.356 46.444 33.240
15.605 46.587 36.161
20.362 46.979 41.516
22.206 45.360 48.546
21.285 40.128 53.097
18.665 34.871 55.298
16.822 28.807 54.272
21.741 23.187 54.971
26.320 19.695 52.647
32.044 18.488 49.282
36.536 20.044 44.169
39.722 24.991 41.641
42.569 31.043 42.593
45.401 35.349 46.739
40.219 26.499 61.446
35.526 32.193 59.351
34.034 36.653 54.426
32.985 37.367 47.276
31.750 34.631 41.651
28.593 29.951 38.404
26.480 23.807 36.936
21.940 28.915 37.815
14.334 30.054 38.128
9.404 31.160 42.485
7.195 35.311 47.139
7.611 40.560 51.230
9.986 46.778 52.823
11.955 52.622 49.577
17.636 34.304 2.000
19.664 28.072 -0.519
12.806 24.881 -1.546
8.187 18.523 0.329
10.608 17.388 7.376
13.728 19.682 11.962
13.873 25.908 12.356
8.225 25.111 10.265
2.814 21.758 10.119
-1.811 21.685 4.479
-1.086 24.723 -2.099
3.435 31.205 -2.934
9.341 35.512 -2.904
5.276 38.852 1.217
1.595 50.396 22.972
-0.583 47.585 17.196
-0.629 45.076 11.481
0.394 39.332 8.575
2.576 33.648 8.774
3.721 28.370 10.851
-7.901 31.205 25.890
-2.209 30.428 28.838
4.511 30.963 28.877
9.558 32.328 25.416
13.109 34.832 20.231
15.471 37.375 15.136
14.708 42.374 10.355
11.098 47.030 7.406
2.854 22.269 15.309
2.126 19.689 16.302
1.807 18.053 13.938
1.627 50.451 22.932
-0.730 47.720 17.209
-0.777 45.123 11.519
0.269 39.397 8.612
2.422 33.628 8.844
3.638 28.388 10.872
-7.792 31.546 25.790
-2.226 30.341 29.036
4.510 30.927 28.853
9.522 32.392 25.419
13.018 34.817 20.242
15.390 37.434 15.115
14.681 42.391 10.356
11.065 47.016 7.402
2.769 22.251 15.392
2.004 19.668 16.324
1.677 18.064 13.990
9.689 46.755 33.034
15.612 47.232 35.858
20.247 47.395 40.900
22.555 45.233 46.276
22.425 40.328 51.127
19.471 35.182 54.326
17.607 29.392 53.410
21.644 22.964 54.487
26.450 19.455 52.229
32.289 18.696 48.860
36.858 20.224 43.875
40.317 25.115 41.024
43.245 30.625 42.675
44.937 36.278 45.938
42.442 24.972 60.459
39.511 27.445 60.743
36.043 32.845 58.026
34.350 36.465 53.970
33.345 37.318 47.293
32.074 34.828 41.299
29.305 30.036 37.869
26.536 24.036 36.792
21.540 28.006 37.865
14.127 30.164 37.704
9.594 31.035 42.689
8.068 34.111 48.499
8.515 39.951 51.843
10.720 46.262 52.842
-43.914 -25.977 40.329
-40.547 -29.540 44.887
-34.497 -31.175 47.583
-28.374 -29.402 49.906
-24.813 -23.637 52.072
-25.445 -17.196 53.944
-29.999 -12.490 56.170
-35.617 -11.183 59.681
-37.854 -12.193 65.750
-37.771 -14.924 72.004
-34.733 -18.035 76.841
-28.894 -19.203 80.360
-21.492 -17.909 81.894
-16.262 -14.810 79.204
-13.596 -8.555 76.033
-15.763 -2.684 73.668
-19.623 2.829 76.491
-22.352 6.488 80.995
-22.048 9.090 87.581
-19.015 10.925 92.738
-13.089 12.903 94.719
-6.462 13.173 94.080
-1.177 12.810 90.472
1.540 13.148 84.766
0.216 16.110 78.388
-2.661 19.345 73.488
-7.837 23.894 72.246
-8.672 30.147 73.318
-8.080 36.164 73.653
-3.091 41.469 74.974
2.327 44.042 75.017
8.677 42.506 72.776
13.589 38.046 70.888
15.861 34.322 65.018
13.020 31.798 59.902
9.986 31.984 53.978
5.444 34.880 50.097
1.641 40.640 48.222
1.487 46.219 47.095
4.431 50.234 42.910
10.102 52.912 40.325
14.223 52.652 36.697
20.199 49.184 35.904
23.192 43.231 32.786
22.770 37.126 30.659
18.371 32.267 28.880
12.715 30.352 26.900
6.527 32.961 24.571
3.476 34.028 19.342
4.700 36.373 12.964
4.227 34.054 7.352
9.667 32.155 3.132
11.228 26.484 0.966
12.992 20.300 2.243
14.379 14.564 6.032
11.706 11.113 9.811
5.764 9.578 12.974
-1.115 9.548 12.613
-5.489 7.922 8.235
-7.954 4.572 3.639
-7.848 0.732 -1.711
-4.098 -4.141 -4.424
-0.615 -9.894 -3.391
4.153 -13.108 0.448
5.163 -16.697 5.604
2.824 -17.730 11.703
-1.405 -16.606 16.954
-7.546 -17.203 19.266
-14.103 -19.326 18.010
-18.026 -23.151 17.519
-19.146 -30.522 17.028
-18.385 -35.896 18.021
-16.563 -40.983 21.224
-12.368 -42.550 25.879
-7.470 -41.206 30.635
-3.992 -35.938 33.567
-5.976 -31.734 38.225
-10.911 -27.604 40.528
-17.145 -28.416 43.663
-20.400 -30.719 48.033
-21.485 -35.917 52.285
-18.884 -39.355 57.075
-15.370 -42.547 61.165
-8.865 -43.321 61.539
-3.825 -41.400 63.681
0.564 -36.761 63.945
2.356 -30.316 62.265
0.406 -24.512 63.770
-5.118 -19.754 65.220
-6.953 -18.100 71.763
-8.818 -18.592 78.045
-6.625 -20.556 83.895
-1.718 -20.916 88.314
3.623 -18.806 90.822
10.199 -18.715 89.268
13.927 -16.332 83.685
14.992 -10.702 80.117
13.741 -5.266 77.971
9.687 0.576 77.791
6.390 4.725 81.522
6.781 8.487 86.368
10.371 11.947 90.565
15.348 15.630 92.514
21.435 17.326 90.038
27.689 14.847 88.215
30.337 13.926 82.132
29.895 12.470 75.267
25.754 13.136 70.116
21.705 17.415 66.635
20.241 23.980 65.288
22.236 30.099 65.973
25.663 35.175 65.016
32.795 36.449 62.599
38.708 34.913 61.545
43.159 30.451 57.971
42.525 24.254 53.720
39.619 21.927 48.301
34.954 19.291 43.785
29.860 22.636 39.291
28.667 28.576 36.681
45.286 32.268 36.775
40.916 37.292 39.194
35.004 36.924 42.275
28.684 34.935 44.424
26.210 30.452 48.279
27.313 23.352 49.869
31.668 19.312 53.839
37.149 19.245 57.544
39.214 20.792 63.491
39.411 25.305 68.921
35.768 28.302 73.895
29.909 28.837 77.720
22.740 28.893 77.076
16.500 24.586 77.603
15.446 18.147 75.050
17.251 12.048 73.590
21.620 7.076 75.550
25.280 4.571 81.012
24.794 3.436 87.329
21.802 2.399 93.284
16.332 -1.737 94.661
9.690 -2.089 95.765
4.193 -2.519 92.266
0.608 -2.742 85.863
0.754 -5.543 80.312
4.061 -8.968 75.259
8.309 -13.521 74.537
10.614 -19.543 76.158
8.946 -26.197 77.430
5.006 -30.271 81.225
-1.761 -32.798 79.935
-7.277 -32.932 76.946
-12.900 -30.731 73.514
-13.995 -27.708 68.796
-12.346 -23.764 62.779
-7.969 -25.050 58.205
-3.698 -28.312 53.896
-0.762 -34.078 52.598
-2.963 -39.669 50.170
-6.776 -44.959 48.655
-12.329 -46.361 45.501
-18.237 -45.658 43.341
-21.297 -42.283 39.096
-22.489 -35.631 38.091
-20.804 -32.445 33.318
-16.803 -26.926 34.290
-10.512 -26.029 31.996
-5.025 -28.841 28.645
-3.199 -32.645 24.050
-2.606 -33.896 17.742
-4.294 -33.204 11.899
-7.553 -31.365 6.367
-9.999 -25.844 3.979
-13.051 -19.632 4.406
-14.472 -14.324 8.654
-10.593 -9.736 12.032
-4.602 -7.844 14.260
2.441 -8.065 13.414
7.897 -7.376 9.223
10.094 -3.636 4.544
8.664 -0.199 -1.729
5.253 3.478 -5.373
2.296 9.594 -4.534
-1.582 13.542 -1.305
-4.592 17.017 3.927
-1.278 19.498 9.378
2.991 18.592 14.662
9.305 19.264 16.981
15.694 21.528 15.668
19.852 25.327 13.163
20.260 31.465 11.343
18.564 38.285 10.318
14.043 42.211 13.425
10.348 45.123 18.021
8.099 45.645 23.861
5.620 40.656 28.385
7.916 35.950 32.899
13.203 32.714 36.287
18.186 34.341 39.920
20.031 38.130 44.055
21.252 41.849 47.297
19.314 46.740 51.502
15.089 49.642 54.914
9.385 50.515 57.769
3.114 48.594 57.825
0.147 43.694 57.482
-0.859 37.241 56.609
1.596 32.335 58.911
5.878 27.487 62.942
9.233 27.373 67.844
10.133 29.347 74.357
8.093 31.562 80.255
4.594 31.185 85.474
-1.989 29.644 88.019
-9.486 29.839 86.514
-13.732 26.861 82.541
-13.547 21.396 78.200
-11.490 15.853 76.292
-7.980 9.804 77.345
-3.599 6.377 81.410
-4.438 2.808 87.112
-7.811 -0.955 90.917
-13.896 -2.771 93.147
-19.836 -5.150 92.955
-25.793 -3.343 89.494
-28.387 -2.460 83.620
-27.922 -2.591 76.175
-23.341 -3.321 70.851
-20.198 -8.895 68.453
-18.238 -15.554 67.825
-19.767 -21.389 68.762
-24.907 -26.304 69.829
-31.561 -28.047 69.511
-37.062 -27.136 65.174
-41.630 -21.824 62.122
-41.335 -17.679 57.194
-38.100 -15.233 51.653
-32.714 -14.081 46.376
-28.356 -17.673 42.586
-25.762 -24.479 40.808
6.578 -0.281 -93.030
13.177 2.709 -93.481
16.168 7.590 -90.543
17.271 14.199 -87.026
15.290 17.526 -82.019
12.662 16.398 -75.729
8.747 13.009 -71.358
7.110 7.539 -68.550
9.072 1.658 -66.556
13.446 -1.811 -63.423
19.624 -3.982 -61.892
25.705 -2.112 -60.005
28.822 1.975 -56.125
29.902 5.801 -50.937
28.341 12.069 -47.703
23.465 15.579 -45.237
16.566 15.839 -44.310
12.402 11.163 -42.237
11.484 4.122 -40.237
13.764 -0.490 -35.971
17.911 -1.510 -30.208
21.629 0.316 -25.084
21.593 4.248 -19.632
18.794 8.923 -15.551
12.971 13.091 -14.063
6.993 14.889 -14.272
0.867 14.072 -17.692
-2.646 8.746 -19.286
-3.853 1.448 -17.859
-4.011 -2.954 -12.983
-4.667 -5.021 -6.841
-8.184 -3.167 -1.385
-12.194 0.361 2.502
-17.171 5.611 2.558
-21.209 10.002 -0.316
-24.333 12.448 -6.056
-26.398 10.764 -12.039
-27.041 7.781 -17.329
-29.934 2.965 -20.363
-32.030 -3.741 -18.758
-37.354 -6.772 -16.409
-44.417 -6.543 -13.517
-49.667 -3.090 -13.082
-53.088 2.507 -14.671
-54.110 8.610 -16.998
-53.688 13.661 -22.501
-49.927 14.327 -27.395
-47.686 11.313 -33.853
-47.978 6.363 -37.861
-51.324 0.398 -40.967
-56.672 -2.161 -42.235
-62.771 -1.316 -44.378
-68.031 2.679 -45.976
-70.233 6.097 -49.648
-70.443 12.640 -51.033
-67.280 17.340 -55.968
-62.367 21.201 -56.352
-55.739 20.520 -57.278
-51.046 16.607 -59.945
-49.514 10.802 -63.408
-50.681 6.549 -68.554
-52.205 7.111 -74.830
-53.928 10.026 -80.797
-53.982 15.386 -84.569
-50.888 20.945 -86.442
-46.682 25.875 -85.536
-42.707 29.591 -81.308
-36.974 28.605 -78.624
-32.343 24.378 -76.192
-28.740 18.625 -77.209
-24.661 16.470 -82.383
-22.758 15.867 -88.656
-20.150 19.228 -93.626
-17.365 24.783 -95.875
-14.274 30.659 -95.075
-10.947 34.902 -91.888
-9.587 38.868 -86.370
-6.967 37.539 -80.518
-6.975 32.993 -75.368
-2.643 27.825 -74.079
1.721 22.941 -75.982
7.784 22.086 -78.796
13.565 25.123 -79.944
17.947 29.782 -78.861
20.363 35.968 -77.233
20.785 39.558 -71.636
19.466 40.907 -65.458
14.292 40.676 -60.834
12.176 36.411 -56.150
11.689 29.622 -54.527
16.052 24.890 -52.864
21.570 23.081 -49.872
26.111 24.381 -45.242
27.987 28.519 -40.136
28.632 33.364 -36.110
25.488 37.761 -32.310
20.609 42.111 -30.316
14.531 42.190 -28.943
8.195 40.382 -30.705
4.762 35.183 -29.183
4.816 27.876 -28.002
5.847 24.693 -22.202
8.876 22.975 -16.489
9.029 24.921 -10.241
6.769 29.347 -5.274
3.225 34.174 -2.789
-1.911 36.812 -2.503
-8.227 40.119 -4.783
-12.986 39.435 -9.928
-16.090 34.199 -12.433
-18.295 27.766 -12.337
-18.978 22.070 -8.804
-21.779 19.815 -3.495
-26.297 20.782 1.425
-31.088 23.526 4.731
-35.720 28.580 3.641
-38.268 34.340 1.406
-40.389 36.794 -4.776
-40.524 36.991 -11.277
-39.616 34.183 -17.437
-41.015 28.571 -21.041
-44.917 23.091 -22.119
-50.946 20.658 -20.825
-57.626 21.844 -20.344
-62.908 27.487 -20.504
-63.817 33.991 -21.412
-64.224 38.970 -25.833
-59.581 42.071 -30.397
-56.534 41.883 -36.256
-52.068 39.337 -41.130
-53.570 35.073 -46.433
-56.800 29.560 -48.836
-62.185 28.818 -52.363
-67.336 32.321 -55.497
-70.140 37.041 -58.086
-70.325 43.127 -61.321
-66.622 47.377 -64.621
-61.174 50.320 -66.430
-53.816 49.270 -67.929
-49.296 44.787 -69.133
-46.808 39.084 -71.468
-47.917 34.488 -76.255
-50.337 33.104 -82.300
-54.684 33.815 -87.564
-56.316 38.706 -91.765
-48.730 52.089 -82.472
-55.985 51.118 -84.209
-61.033 47.083 -84.477
-63.357 41.560 -81.246
-63.308 35.769 -78.410
-60.172 30.948 -74.438
-56.112 31.193 -68.629
-51.490 34.782 -65.171
-50.570 40.539 -60.802
-52.354 45.163 -57.487
-57.090 49.380 -54.367
-62.250 49.640 -50.503
-67.393 45.963 -47.695
-69.713 40.985 -44.983
-70.833 35.216 -41.795
-67.540 29.665 -39.476
-61.995 25.894 -38.333
-54.985 25.853 -38.602
-51.082 30.330 -35.107
-50.276 35.992 -31.503
-52.636 39.553 -26.292
-55.775 39.855 -20.718
-57.630 36.378 -15.116
-56.743 32.261 -10.125
-53.338 26.646 -8.403
-47.651 21.725 -7.785
-40.901 19.657 -10.495
-35.986 22.009 -14.412
-32.684 28.529 -14.986
-31.132 34.379 -12.244
-30.419 38.231 -6.832
-28.334 37.997 -0.419
-24.734 35.854 4.644
-19.965 30.959 6.144
-15.086 27.158 5.601
-12.476 23.211 0.914
-9.775 22.067 -5.832
-7.810 24.265 -11.249
-8.329 28.444 -16.822
-5.257 34.161 -18.026
-2.244 39.974 -15.882
3.275 42.276 -12.959
9.336 40.837 -11.734
14.901 37.117 -13.600
17.617 32.440 -17.065
17.680 26.484 -20.576
16.749 25.217 -26.244
11.627 25.078 -31.854
9.990 29.447 -36.438
9.394 35.516 -39.157
12.404 41.194 -41.137
17.956 43.158 -43.504
23.773 42.501 -46.253
28.778 39.804 -49.096
29.579 36.410 -54.294
29.367 30.670 -58.056
25.746 26.766 -61.430
19.969 24.159 -63.427
13.319 24.579 -61.435
8.919 29.591 -63.063
6.940 36.192 -64.462
7.777 40.797 -68.820
7.963 41.756 -75.740
8.434 40.126 -82.019
8.553 35.567 -86.960
4.690 30.878 -89.513
0.439 25.689 -89.245
-2.934 21.051 -85.329
-8.094 21.565 -81.528
-12.195 25.166 -77.639
-15.947 30.944 -77.110
-19.755 35.039 -80.714
-23.274 35.906 -86.430
-26.953 33.110 -91.107
-30.004 28.398 -94.213
-33.268 22.986 -94.135
-35.845 17.251 -92.102
-35.901 12.863 -87.029
-37.370 12.717 -80.690
-37.008 15.987 -74.650
-41.258 20.684 -71.755
-45.851 25.720 -71.945
-52.274 26.730 -73.675
-57.906 23.766 -73.862
-62.687 18.963 -74.820
-63.975 12.986 -72.926
-64.115 8.331 -68.275
-60.725 4.955 -63.606
-56.113 4.429 -58.687
-52.489 8.272 -54.304
-52.489 14.403 -51.161
-56.890 18.162 -47.644
-61.186 18.604 -43.791
-64.031 16.467 -38.613
-67.178 11.126 -35.076
-66.977 6.357 -32.138
-63.209 1.062 -29.831
-57.795 -2.723 -29.174
-51.503 -3.149 -29.716
-45.165 -0.371 -31.104
-42.149 4.337 -28.971
-41.249 11.094 -25.952
-41.584 12.895 -19.406
-42.724 11.644 -12.836
-42.937 7.617 -7.430
-39.877 3.739 -3.706
-36.232 -2.133 -4.069
-29.981 -4.243 -4.546
-25.162 -6.534 -8.943
-21.766 -3.842 -14.222
-19.105 1.967 -16.202
-16.730 8.118 -14.544
-15.449 13.171 -10.153
-11.625 13.625 -4.730
-6.410 13.240 -1.046
-1.755 8.807 0.397
2.796 4.282 -1.318
5.299 -0.852 -6.074
5.574 -2.566 -12.392
5.235 -1.376 -19.001
2.471 2.861 -23.949
4.551 9.012 -26.449
8.623 14.338 -26.634
14.485 17.269 -25.931
20.916 15.510 -26.960
26.139 10.010 -28.217
27.241 4.195 -30.944
25.027 -0.106 -35.877
20.831 -1.405 -41.077
17.366 -0.314 -45.959
12.585 3.770 -50.082
13.456 9.207 -53.171
16.533 15.242 -54.831
21.129 16.098 -59.328
25.447 13.637 -63.905
27.212 9.614 -68.655
25.812 4.876 -73.229
20.940 -0.377 -75.964
14.737 -2.910 -75.511
8.906 -1.005 -76.449
4.399 3.822 -75.887
2.131 9.735 -78.048
2.766 15.146 -82.030
4.434 17.530 -88.198
7.747 17.914 -94.111
