13.353 10.259 45.368
19.040 9.807 41.659
25.561 7.310 40.756
28.204 1.549 38.810
27.299 -4.432 36.095
23.718 -8.076 31.864
19.031 -9.264 27.304
15.636 -6.194 21.764
11.779 -0.765 19.647
16.893 8.779 12.417
22.987 12.176 11.189
28.587 10.779 8.315
32.371 6.429 5.102
33.758 -0.040 3.320
30.548 -5.066 0.091
25.784 -7.070 -3.922
20.983 -5.666 -7.952
17.644 -1.160 -12.054
18.065 3.815 -15.707
21.525 8.856 -18.590
37.561 0.407 -16.978
35.432 5.790 -13.794
30.506 10.265 -11.740
24.174 11.591 -10.406
18.596 9.197 -7.867
15.823 4.117 -3.971
16.228 -1.299 -0.399
20.462 -5.687 2.957
25.377 -6.664 7.487
30.445 -4.006 11.011
31.978 0.251 15.429
29.879 4.351 20.142
25.801 9.547 21.911
19.742 10.835 23.732
14.059 8.048 26.733
9.751 3.322 28.490
10.037 -1.877 32.849
13.078 -7.124 35.882
18.036 -8.746 40.154
23.344 -6.850 43.814
26.772 -2.150 47.302
12.156 5.486 18.535
13.364 9.859 45.931
18.917 9.448 41.921
25.204 7.003 40.475
28.088 1.390 38.827
26.850 -4.539 36.191
23.525 -8.288 31.978
18.898 -9.467 27.360
15.746 -6.099 21.862
11.612 -0.869 19.612
13.085 5.328 17.463
15.946 8.806 12.924
21.740 11.718 10.280
28.255 10.781 8.805
32.195 6.102 6.229
33.369 -0.101 3.602
30.345 -5.149 0.420
25.889 -7.090 -4.180
21.061 -5.702 -8.184
17.866 -1.317 -12.108
17.745 3.862 -15.456
21.467 8.528 -18.855
37.148 0.186 -16.537
35.529 5.814 -13.614
30.392 9.961 -11.740
23.903 11.558 -10.343
18.369 9.025 -7.608
15.399 4.093 -4.161
16.012 -1.571 -0.666
19.953 -5.727 2.925
24.761 -6.625 7.472
30.140 -4.069 11.052
31.567 0.190 15.275
29.741 4.224 20.340
25.572 9.400 21.884
19.656 10.591 24.020
13.764 7.811 26.860
9.515 3.152 28.691
9.761 -2.125 33.052
12.735 -7.519 35.913
17.624 -8.774 40.527
23.409 -6.988 43.817
26.566 -2.114 47.148
19.204 23.097 0.745
15.114 19.089 2.113
14.078 13.506 5.654
16.627 8.264 9.021
21.507 5.685 12.386
26.762 7.594 16.327
30.190 11.778 20.134
29.438 17.208 24.600
26.161 22.933 26.801
19.609 24.884 28.629
15.397 24.452 33.008
10.161 20.872 36.211
8.415 14.548 37.861
10.992 9.662 41.390
15.807 6.936 45.164
21.053 7.785 49.018
24.834 12.054 52.505
24.145 17.111 56.720
20.865 22.349 59.619
15.107 24.688 61.676
8.550 23.808 63.455
10.521 6.293 63.459
6.381 10.209 59.786
5.306 15.821 56.766
7.678 21.502 54.579
12.511 25.157 52.440
18.890 25.334 50.327
24.551 22.113 48.394
26.799 16.468 44.849
25.616 11.159 41.494
21.173 7.331 38.157
16.611 6.781 33.690
13.785 9.280 28.388
10.516 15.002 25.804
11.950 20.420 22.650
16.927 23.867 19.347
23.347 25.283 17.514
28.186 22.161 13.927
31.766 16.763 12.055
31.432 11.509 8.745
27.712 7.143 4.782
24.574 6.404 -0.147
-16.260 15.078 5.686
-12.339 17.306 0.781
-7.933 21.783 -0.414
-4.279 27.573 0.484
-1.434 31.450 4.597
-0.863 34.672 10.319
5.734 34.555 11.784
9.102 32.503 16.310
12.738 27.304 18.639
16.340 22.034 16.665
17.843 17.021 12.249
20.489 15.549 6.793
14.789 28.570 -0.934
11.579 23.052 -0.662
8.269 18.892 3.545
7.025 15.428 9.415
4.354 16.725 15.132
-1.443 18.234 16.886
-6.864 21.730 17.563
-9.295 28.026 17.929
-11.881 31.873 13.464
-14.164 34.110 7.552
-16.463 32.411 1.601
-20.038 27.684 -1.885
0.845 6.105 0.636
-2.683 1.564 3.945
-3.199 -4.323 7.277
0.408 -9.369 10.438
6.348 -11.214 12.960
11.267 -9.411 16.590
14.741 -5.775 20.718
13.966 -1.115 25.891
10.984 5.026 28.188
4.483 6.241 30.236
0.477 5.623 35.078
-4.372 2.061 38.843
-6.658 -4.202 40.708
-4.510 -9.574 43.430
0.579 -12.422 46.510
6.017 -11.908 50.165
10.977 -7.528 52.841
11.200 -2.509 57.043
8.810 2.867 59.838
4.005 6.398 62.282
-2.026 5.876 65.879
-1.410 -11.690 67.463
-6.753 -8.196 63.640
-7.911 -2.624 60.635
-5.476 2.903 57.620
-0.920 5.972 54.348
5.040 5.919 51.413
9.692 2.261 48.020
11.900 -3.325 45.335
10.029 -9.008 42.338
5.434 -12.583 38.583
1.210 -12.490 34.101
-1.597 -9.254 29.047
-4.620 -3.327 27.218
-3.533 2.522 24.681
1.328 6.360 21.101
7.573 8.224 19.057
11.799 5.115 14.731
15.031 0.236 12.026
14.538 -5.484 8.354
10.470 -10.132 5.476
4.742 -10.991 1.982
37.427 -16.034 6.891
33.238 -16.690 1.663
27.856 -20.330 -0.252
23.947 -26.035 -0.258
21.037 -30.172 3.817
20.652 -34.077 9.231
14.182 -34.541 11.380
11.200 -32.335 16.114
7.855 -27.087 18.639
4.604 -21.451 17.386
3.035 -16.211 13.089
3.441 -26.908 0.110
7.805 -21.673 -0.071
11.768 -18.076 3.750
14.279 -15.491 9.596
16.661 -16.804 15.539
22.680 -18.568 16.698
28.170 -22.214 17.111
30.835 -28.680 16.439
31.654 -33.004 11.441
32.300 -34.576 4.790
35.659 -31.956 -0.359
39.103 -26.899 -3.452
-37.402 15.923 6.747
-33.485 16.752 1.234
-27.962 20.487 -0.311
-24.356 26.426 -0.251
-21.529 30.517 3.872
-20.996 34.441 9.329
-14.467 34.662 11.329
-11.547 32.540 15.968
-8.254 27.334 18.571
-4.812 21.843 17.296
-3.096 16.503 13.011
-3.661 27.004 -0.096
-8.411 22.045 -0.089
-12.372 18.266 3.772
-14.637 15.668 9.731
-17.055 17.021 15.589
-23.061 18.738 16.920
-28.561 22.321 16.982
-31.051 28.705 16.392
-32.063 32.943 11.293
-32.937 34.552 4.756
-35.734 31.792 -0.646
-39.561 27.079 -3.599
40.555 15.607 -4.639
34.605 17.915 -2.810
27.466 17.518 -1.982
22.139 13.808 -1.710
19.769 9.322 2.321
17.185 15.253 0.335
12.885 19.660 3.423
8.556 20.938 7.798
5.263 20.874 13.799
7.426 21.604 20.147
12.371 22.496 25.066
18.628 25.046 25.959
24.052 27.959 23.704
27.328 32.408 20.128
26.103 38.400 17.376
8.696 37.663 19.192
10.866 36.817 13.378
15.710 34.261 9.334
21.021 29.727 9.538
24.635 25.427 12.537
24.723 20.346 16.714
21.965 15.550 20.316
17.509 11.091 19.859
12.056 8.134 17.553
36.165 3.476 7.483
33.448 -0.231 2.857
29.873 -0.726 -2.668
26.770 2.560 -8.152
27.146 7.773 -12.198
36.764 7.144 -5.656
32.593 11.631 -3.675
26.216 14.160 -3.916
20.224 12.709 -1.120
16.662 7.971 2.188
12.910 13.253 -0.543
10.101 18.517 2.739
7.131 20.732 8.560
4.707 21.772 14.859
7.507 22.284 21.156
12.551 22.477 25.537
18.738 24.624 26.089
24.302 28.078 24.262
27.746 31.678 19.586
28.015 36.719 15.475
9.908 37.856 16.610
13.014 36.282 11.259
17.465 32.152 8.207
21.512 26.776 8.793
24.657 22.115 12.485
23.941 17.484 16.939
20.279 13.671 20.954
14.422 10.316 20.703
8.869 9.063 18.017
29.946 -1.671 7.716
26.284 -4.303 3.317
22.086 -3.769 -2.306
19.532 -0.326 -7.069
20.874 4.591 -11.971
5.334 5.276 14.392
4.272 2.742 13.418
4.477 1.488 15.955
40.894 16.440 -3.606
34.855 18.205 -2.156
27.599 17.359 -2.037
22.361 13.940 -1.551
20.088 8.973 2.271
16.942 14.811 0.291
11.451 18.040 2.665
8.096 19.816 7.393
4.846 20.563 13.502
7.143 21.513 20.132
11.918 22.362 24.814
18.482 24.829 25.483
23.736 27.880 23.456
26.846 32.379 19.724
25.386 38.551 16.755
7.834 37.407 18.743
10.111 36.748 12.423
15.173 33.641 8.849
20.407 29.466 9.139
24.424 25.019 11.981
24.617 20.143 16.480
22.009 15.550 20.442
17.309 10.942 20.078
11.806 8.072 17.683
8.438 5.107 13.711
36.531 3.621 7.658
33.839 0.119 3.002
30.372 -0.379 -2.388
27.713 2.761 -7.712
28.146 7.875 -12.225
-5.385 54.964 44.534
-3.696 57.598 39.040
-2.543 54.366 33.320
-7.855 53.610 31.880
-7.469 50.547 26.256
-7.220 46.225 23.118
-6.890 50.518 17.792
-7.937 49.257 11.619
17.606 3.698 -4.011
14.344 0.379 -0.172
13.616 -6.031 3.708
17.216 -10.927 6.533
23.080 -12.716 9.466
28.808 -11.187 12.420
32.494 -7.048 16.252
31.810 -0.350 18.103
28.373 4.045 22.724
24.121 1.473 31.994
20.481 4.182 33.697
13.849 2.882 35.924
9.930 -2.284 38.118
9.875 -8.378 41.070
13.521 -12.759 44.679
19.461 -13.752 48.292
24.483 -11.420 52.162
25.567 -5.934 55.992
23.842 -0.405 59.624
18.864 3.758 61.706
12.449 4.298 63.948
9.537 -13.063 65.817
6.754 -8.786 61.614
6.677 -2.748 58.415
10.376 2.368 55.631
15.722 5.100 53.552
21.947 3.543 51.156
26.181 -1.221 48.722
27.092 -6.755 45.659
24.228 -12.057 41.173
18.770 -14.319 37.810
13.906 -12.525 33.730
12.771 -8.781 27.725
12.931 -4.104 23.084
14.438 1.558 20.155
19.426 5.212 16.577
25.381 6.608 14.137
29.895 3.545 10.003
32.689 -2.123 7.301
31.476 -7.770 3.896
27.008 -12.367 1.672
20.202 -13.536 -1.219
22.433 6.546 24.220
7.962 3.089 41.285
11.373 -0.558 37.454
11.925 -7.341 34.271
8.347 -12.213 31.795
2.790 -13.867 28.463
-3.055 -12.468 25.484
-6.782 -8.461 21.626
-6.270 -2.019 19.235
-2.800 2.594 14.699
5.540 2.432 4.212
11.069 1.199 0.103
15.438 -3.554 -2.483
15.459 -10.069 -4.392
11.381 -14.708 -7.538
5.648 -15.787 -11.016
-0.122 -13.653 -14.017
-1.483 -8.385 -18.159
-0.029 -2.742 -21.514
4.252 1.282 -24.927
10.871 1.788 -27.126
12.944 -15.192 -28.943
16.594 -11.298 -24.769
17.226 -4.958 -21.777
13.823 0.098 -19.058
8.096 2.850 -16.305
2.009 0.917 -13.972
-1.998 -3.283 -10.072
-2.407 -9.185 -6.920
1.282 -14.374 -2.806
7.319 -16.208 -0.505
11.742 -14.280 3.999
12.910 -10.515 10.125
12.782 -5.627 14.563
11.400 0.055 17.474
6.413 3.733 21.109
0.298 5.240 23.358
-4.368 2.184 27.293
-7.290 -3.291 30.197
-6.519 -9.192 33.142
-1.825 -13.305 36.209
4.927 -14.455 39.328
3.235 5.008 13.376
1.956 35.834 33.557
7.245 37.986 37.526
12.673 36.159 41.116
17.528 33.465 40.200
16.426 40.558 40.943
20.930 45.228 39.442
26.148 47.312 36.758
31.561 48.062 32.823
33.697 46.620 26.585
32.936 44.551 20.145
15.387 44.581 24.161
18.188 39.091 21.194
23.402 35.111 22.102
28.006 32.876 25.912
8.254 19.478 28.893
8.089 19.328 36.110
8.454 20.719 42.331
6.523 24.995 46.881
5.852 36.627 -3.874
0.147 35.350 -7.700
-3.118 30.767 -11.422
-5.803 25.900 -10.293
-8.639 32.460 -11.012
-14.944 34.145 -9.658
-20.519 33.302 -6.886
-25.574 31.085 -2.813
-26.405 28.619 3.406
-24.612 27.393 9.881
-9.912 37.002 5.297
-9.100 31.037 8.413
-11.449 24.818 7.551
-14.251 20.195 3.937
9.933 19.297 0.602
10.180 19.522 -6.173
9.349 20.478 -12.523
8.257 25.070 -17.123
8.361 38.293 -17.489
12.341 42.724 -13.858
17.785 43.556 -9.943
23.464 43.510 -10.646
19.032 49.080 -9.750
20.496 55.576 -10.830
24.157 60.205 -12.929
28.868 63.620 -16.538
31.745 63.279 -22.505
32.223 61.619 -29.110
16.543 52.851 -25.836
21.629 49.451 -28.377
28.240 48.574 -27.594
33.231 48.746 -23.716
22.751 26.787 -22.062
21.972 26.583 -15.240
21.023 27.736 -8.819
17.367 30.843 -4.360
0.849 63.006 47.386
6.708 61.840 43.956
11.769 63.957 39.996
16.343 67.250 40.685
15.792 60.095 39.863
20.782 55.717 40.670
26.116 53.929 43.166
31.911 53.582 46.679
34.293 55.477 52.681
33.712 57.407 59.344
15.895 55.968 56.295
18.488 61.657 58.735
23.397 66.022 57.884
27.649 68.638 53.881
6.946 80.794 52.124
5.921 80.441 45.237
5.736 79.047 39.026
4.408 74.595 34.359
72.185 14.117 12.542
75.195 20.141 12.356
76.718 25.076 8.721
76.216 30.017 3.692
74.795 33.090 -1.321
70.140 34.492 -6.487
63.854 33.810 -8.796
57.519 33.295 -6.813
52.492 35.964 -4.187
49.164 37.665 1.942
49.394 40.727 7.249
50.587 47.175 8.804
52.438 52.902 8.640
59.928 53.841 -8.626
64.003 51.121 -3.608
66.019 48.323 1.700
65.321 43.797 6.993
62.047 38.724 10.693
58.383 33.709 10.396
57.989 27.989 7.826
57.955 23.932 1.638
60.428 22.790 -5.115
65.246 20.976 -8.057
71.501 19.562 -7.954
76.102 18.318 -5.884
81.079 14.256 -1.465
82.997 12.163 -0.674
84.391 11.225 -3.142
-6.317 1.672 26.712
-3.600 7.301 25.107
0.928 12.557 25.775
6.495 14.061 23.620
1.567 18.931 25.163
-0.835 23.983 21.342
-0.128 27.266 15.356
2.096 29.219 9.548
2.670 26.980 2.503
2.132 22.614 -2.105
-5.469 11.418 9.405
0.328 9.183 6.418
6.299 11.716 5.304
10.728 16.458 6.702
12.755 21.659 9.929
12.375 -4.411 22.848
13.198 -0.066 27.729
12.377 4.222 32.675
7.872 7.186 36.235
16.272 23.404 14.632
18.538 23.594 16.231
20.420 22.821 14.386
41.884 55.356 -26.479
47.830 55.611 -29.440
55.255 55.492 -29.315
60.572 54.219 -25.644
64.019 51.012 -20.685
66.019 48.536 -15.062
65.099 43.477 -10.558
61.326 38.496 -8.566
57.510 33.310 -9.996
55.249 27.863 -13.711
56.238 24.283 -19.135
59.899 22.107 -23.700
65.879 21.112 -26.322
71.660 19.371 -25.314
76.359 25.050 -8.400
76.174 29.412 -13.031
75.757 31.539 -19.632
71.150 34.182 -24.840
65.178 34.202 -27.744
58.447 32.527 -27.651
52.117 34.595 -24.654
50.476 36.510 -18.475
50.924 39.414 -12.150
51.630 45.108 -9.611
53.693 50.888 -8.669
54.178 56.899 -10.934
52.711 63.042 -15.600
51.825 65.747 -16.433
51.585 67.408 -13.924
13.104 -3.646 21.393
13.196 -0.273 27.616
12.531 4.023 32.539
7.998 7.150 36.206
-5.725 11.582 9.353
0.020 9.177 6.373
6.013 11.596 5.117
10.511 16.088 6.469
12.893 21.002 9.431
14.994 23.991 13.523
-6.478 2.037 26.857
-3.587 7.530 25.186
1.057 12.609 25.902
6.615 13.997 23.694
1.611 18.831 25.263
-1.041 23.753 22.954
-2.618 22.935 17.634
-0.233 27.251 15.298
1.953 29.187 9.415
2.687 26.918 2.381
1.997 22.528 -2.267
20.419 22.608 14.194
18.766 23.645 16.271
2.238 50.260 23.062
-0.022 47.556 17.283
-0.215 44.786 11.557
0.893 38.987 8.902
3.021 33.315 8.954
4.052 28.045 11.122
-6.282 32.821 25.592
-1.788 30.176 29.030
4.915 30.639 29.071
9.878 32.015 25.619
13.390 34.657 20.537
15.661 37.277 15.224
15.072 42.038 10.489
11.714 46.866 7.575
3.139 22.142 15.489
2.447 19.566 16.419
2.210 17.851 14.063
-6.400 1.495 26.821
-3.746 7.100 25.054
0.682 12.304 25.722
6.389 13.714 23.553
1.410 18.638 25.057
-0.808 23.822 21.203
-0.148 27.068 15.380
1.938 29.042 9.343
2.614 26.748 2.390
1.934 22.411 -2.276
-5.640 11.312 9.372
0.144 8.895 6.528
6.128 11.380 5.284
10.568 15.671 6.589
13.148 20.868 9.686
13.508 -3.602 22.018
13.126 -0.128 28.000
12.211 4.124 32.784
7.532 6.859 36.473
16.038 23.164 14.248
18.442 23.281 16.060
20.311 22.558 14.211
-6.398 1.623 27.041
-3.769 7.237 25.274
0.615 12.537 25.855
6.251 14.002 23.694
1.353 19.061 25.239
-0.995 24.288 21.583
-0.312 27.517 15.534
1.789 29.321 9.556
2.384 27.002 2.550
1.898 22.607 -2.080
-5.850 11.517 9.361
-0.002 9.196 6.591
6.003 11.672 5.340
10.482 16.171 6.686
12.733 21.302 9.735
12.904 -3.679 21.567
12.951 -0.460 27.676
12.413 4.003 32.637
7.848 6.840 36.296
16.158 23.515 14.492
18.349 23.664 16.145
20.226 22.858 14.367
8.624 -51.417 -25.463
3.202 -49.562 -22.779
0.160 -48.072 -17.057
0.298 -44.159 -12.094
1.247 -38.020 -9.406
3.229 -32.643 -9.060
4.031 -27.716 -10.656
-6.567 -32.449 -26.073
-1.431 -29.488 -28.025
5.236 -30.705 -28.741
9.980 -32.287 -25.451
14.262 -34.833 -20.358
16.383 -37.420 -15.484
15.726 -41.769 -10.435
12.310 -46.717 -7.504
1.615 -17.527 -14.274
1.922 50.420 22.958
-0.461 47.836 17.095
-0.489 44.939 11.307
0.407 39.096 8.496
2.544 33.477 8.765
3.569 28.366 10.800
-6.864 33.636 25.687
-2.211 30.265 28.711
4.618 30.809 28.927
9.638 32.189 25.507
13.249 34.807 20.314
15.626 37.190 15.241
15.014 42.188 10.473
11.281 46.974 7.483
2.764 22.369 15.329
2.160 19.757 16.369
1.765 18.117 13.955
1.798 50.383 22.981
-0.492 47.625 17.143
-0.694 44.823 11.403
0.322 39.001 8.555
2.599 33.398 8.713
3.639 28.402 10.906
-7.136 33.913 26.098
-2.210 30.417 28.753
4.576 30.781 28.891
9.633 32.192 25.452
13.233 34.760 20.297
15.560 37.340 15.238
14.917 42.221 10.392
11.199 46.942 7.460
2.705 22.229 15.187
2.093 19.633 16.271
1.747 17.946 13.935
-5.841 -36.018 -21.045
-6.771 -32.560 -25.775
-2.032 -29.931 -28.795
4.631 -30.591 -28.747
9.658 -31.811 -25.416
13.264 -34.715 -20.383
15.390 -37.504 -15.604
14.881 -41.927 -10.315
11.140 -46.766 -7.341
1.553 -49.855 -22.593
-0.991 -47.477 -16.794
-1.077 -44.063 -11.849
0.202 -38.417 -9.004
2.505 -32.820 -8.890
3.547 -27.789 -10.901
2.753 -21.875 -15.308
2.175 -19.268 -16.345
1.948 -17.699 -13.953
-6.586 -32.924 -26.114
-1.758 -30.115 -29.014
5.011 -30.654 -28.971
9.958 -32.033 -25.636
13.578 -34.768 -20.426
15.850 -37.534 -15.674
15.258 -42.103 -10.414
11.744 -46.906 -7.508
2.052 -50.027 -22.850
-0.325 -47.526 -16.962
-0.595 -44.399 -11.586
0.588 -38.777 -9.036
2.807 -33.094 -9.009
3.865 -28.050 -11.050
3.190 -22.097 -15.293
2.422 -19.536 -16.416
2.160 -17.954 -14.022
2.131 50.292 22.971
-0.202 47.889 17.299
-0.320 44.943 11.650
0.859 39.431 8.491
2.874 33.579 8.680
3.730 28.157 10.862
-6.762 32.965 25.775
-6.726 32.957 25.778
-2.051 30.325 28.619
4.637 30.853 28.895
9.719 32.154 25.527
13.358 34.704 20.328
15.741 37.436 15.297
14.880 42.258 10.556
11.404 46.898 7.317
1.989 50.231 22.954
-0.320 47.533 17.390
-0.550 45.080 11.502
0.639 39.285 8.500
2.820 33.511 8.649
3.693 28.052 10.750
-6.779 32.674 25.863
-6.966 32.711 25.837
-2.137 30.146 28.602
4.615 30.852 28.843
9.697 32.139 25.514
13.337 34.577 20.176
15.560 37.268 15.087
14.798 42.217 10.474
11.267 46.806 7.153
-0.461 22.409 12.569
-0.755 19.515 12.348
0.902 18.879 14.606
1.951 50.129 22.924
-0.413 47.627 17.316
-0.561 44.968 11.479
0.605 39.354 8.479
2.679 33.459 8.589
3.656 28.108 10.828
-7.017 33.364 25.697
-6.764 33.253 25.678
-2.161 30.316 28.704
4.464 30.818 28.784
9.534 32.249 25.456
13.216 34.652 20.170
15.530 37.413 15.168
14.663 42.346 10.627
11.030 46.834 7.242
2.741 22.122 15.199
1.863 19.498 16.027
1.540 18.051 13.621
-34.184 26.964 -28.908
-31.079 21.550 -27.204
-26.722 16.263 -28.574
-20.943 15.058 -29.519
-22.035 14.409 -23.921
-26.760 9.319 -24.261
-29.283 5.005 -19.596
-28.682 2.924 -13.063
-26.452 1.989 -6.917
-25.671 5.479 -0.437
-26.308 10.514 3.430
-33.973 19.571 -9.821
-28.170 22.248 -7.560
-22.160 19.970 -5.857
-17.657 15.262 -6.569
-15.689 9.821 -8.835
-15.111 33.278 -24.351
-14.992 29.603 -30.387
-15.372 25.181 -35.192
-20.003 22.844 -39.181
-12.167 6.741 -12.956
-9.808 6.296 -14.481
-7.987 7.408 -12.637
-6.558 1.475 26.973
-3.918 7.131 25.123
0.522 12.379 25.679
6.276 13.823 23.705
1.512 18.819 25.089
-0.915 23.972 21.361
-0.224 27.307 15.360
1.908 29.302 9.430
2.642 27.015 2.413
2.085 22.622 -2.217
-5.705 11.624 9.360
0.077 9.191 6.542
6.169 11.610 5.291
10.582 16.134 6.685
12.886 21.107 9.580
14.903 23.918 13.399
13.002 -3.689 21.652
12.997 -0.356 27.727
12.200 3.943 32.669
7.525 6.837 36.280
18.376 23.420 16.100
20.131 22.582 14.053
-6.324 1.537 26.956
-3.585 7.331 25.315
0.785 12.582 26.008
6.407 14.068 23.809
1.443 19.033 25.348
-0.775 24.006 21.524
-0.130 27.340 15.430
2.006 29.498 9.733
2.590 27.210 3.165
1.647 23.307 -1.841
-5.660 11.308 9.324
0.211 9.247 6.431
6.244 11.799 5.352
10.600 16.677 6.687
12.581 22.069 9.681
12.934 -3.596 21.594
13.073 -0.414 27.737
12.443 3.821 32.714
7.961 6.752 36.489
16.220 23.259 14.704
18.496 23.505 16.441
20.377 22.706 14.462
11.161 35.042 -25.556
4.541 32.973 -27.530
-1.790 32.370 -27.852
-8.066 33.395 -25.612
-11.539 36.778 -20.584
-13.358 39.806 -14.924
-11.925 43.470 -9.688
-8.333 48.211 -6.493
-4.941 53.601 -25.466
0.508 51.914 -22.225
3.249 49.837 -16.709
3.602 45.676 -11.655
1.964 39.689 -9.042
-0.508 34.123 -8.946
-1.789 29.285 -11.062
-1.485 23.389 -15.355
-1.822 20.519 -15.874
-0.963 18.544 -13.856
-10.584 33.833 26.831
-3.599 32.107 26.871
2.155 32.186 28.102
8.506 33.927 25.361
11.992 37.027 20.459
13.578 39.719 14.980
12.617 43.860 9.278
8.860 48.505 6.582
5.461 53.693 25.406
-0.195 51.913 22.112
-3.027 49.687 16.609
-2.984 46.077 11.271
-1.543 40.067 8.894
0.897 34.471 8.769
2.126 29.136 10.796
0.933 22.975 14.658
1.247 20.375 15.809
1.099 18.544 13.614
-0.514 13.061 4.992
-5.752 10.686 8.998
-11.431 12.686 11.939
-16.633 16.580 11.022
-17.569 11.275 15.504
-22.263 6.202 15.370
-27.977 3.917 12.624
-32.832 3.237 8.430
-35.219 3.031 1.423
-34.062 2.809 -4.947
-16.315 3.036 -2.381
-19.296 8.119 -5.784
-24.293 12.338 -5.223
-28.734 15.254 -1.580
-31.904 16.352 3.516
-8.606 29.054 -0.632
-7.362 29.515 6.073
-7.368 28.403 12.683
-6.458 24.213 17.546
7.420 11.469 -49.000
1.281 11.540 -45.665
-3.161 15.597 -42.795
-5.876 21.560 -43.866
-9.563 16.584 -40.318
-15.770 14.170 -40.960
-21.701 14.944 -44.264
-26.232 17.336 -48.567
-27.974 18.470 -55.513
-26.699 18.368 -61.754
-10.852 10.019 -58.559
-10.519 16.478 -61.401
-13.254 22.496 -60.745
-16.544 26.639 -57.044
-19.396 28.686 -51.878
-37.593 -10.951 -38.395
-40.539 -10.730 -38.763
-42.450 -12.290 -37.102
7.375 30.528 -52.921
7.831 29.462 -46.212
6.756 27.618 -39.893
5.450 23.222 -35.343
-8.256 -10.383 -34.487
-13.510 -7.159 -37.207
-19.222 -7.088 -40.996
-24.648 -8.393 -40.346
-21.240 -2.087 -41.250
-24.156 4.134 -41.023
-28.994 7.674 -38.463
-34.038 9.695 -34.777
-37.043 9.288 -28.686
-37.325 7.377 -22.045
-21.380 5.140 -23.307
-24.409 -1.273 -21.820
-30.423 -4.242 -22.984
-35.265 -5.289 -27.115
-38.354 -4.564 -33.005
-20.289 -24.053 -28.836
-19.625 -24.615 -35.790
-19.888 -23.067 -42.250
-17.536 -18.702 -46.940
-1.303 -13.021 18.864
-7.553 -11.872 16.104
-13.041 -14.281 12.671
-17.292 -17.975 13.444
-17.114 -10.808 13.081
-22.290 -6.518 14.492
-27.809 -5.490 17.905
-32.791 -6.216 22.047
-34.477 -8.470 28.334
-32.550 -10.147 34.638
-15.601 -7.212 29.850
-17.483 -13.135 32.500
-22.072 -17.843 31.852
-26.395 -20.732 28.095
-30.299 -21.184 22.625
-5.877 -31.283 23.274
-5.873 -30.520 16.492
-6.687 -29.015 10.262
-6.323 -24.041 5.800
-27.481 -26.186 16.227
-30.148 -27.290 15.996
-30.854 -29.433 17.855
-32.447 20.362 8.687
-32.947 22.988 9.801
-34.313 24.439 7.651
-18.386 32.258 -46.175
-17.614 34.647 -44.732
-18.165 36.654 -46.737
-0.675 13.204 4.678
-5.755 10.781 8.920
-11.556 12.717 11.847
-16.649 16.593 11.028
-17.717 11.230 15.493
-22.415 6.200 15.303
-28.187 3.951 12.417
-33.657 3.570 8.561
-35.400 2.949 1.411
-34.267 2.846 -4.976
-16.437 3.221 -2.640
-19.495 8.160 -5.944
-24.439 12.389 -5.306
-28.922 15.288 -1.654
-32.171 16.277 3.590
-8.872 29.037 -0.661
-7.482 29.460 5.998
-7.360 28.407 12.585
-6.524 24.171 17.580
7.362 11.375 -48.939
1.324 11.377 -45.663
-3.163 15.544 -42.800
-5.830 21.452 -43.753
-9.537 16.542 -40.251
-15.750 14.193 -41.025
-21.711 14.818 -44.151
-25.951 15.387 -48.887
-28.177 18.278 -55.351
-26.678 18.109 -61.800
-10.763 9.808 -58.829
-10.735 16.193 -61.272
-13.389 22.235 -60.750
-16.624 26.468 -57.063
-19.594 28.451 -51.723
-39.977 -8.767 -37.875
-40.956 -11.091 -39.068
-42.847 -11.820 -37.091
7.266 30.314 -53.056
7.703 29.324 -46.234
6.739 27.533 -39.989
5.263 23.015 -35.418
-8.480 -10.369 -34.419
-13.541 -7.107 -37.289
-19.246 -6.985 -41.075
-24.693 -8.319 -40.448
-21.230 -2.114 -41.389
-24.138 4.123 -40.991
-29.113 7.612 -38.603
-34.071 9.601 -34.946
-37.029 9.313 -28.718
-37.454 7.320 -22.119
-21.597 5.244 -23.229
-24.441 -1.302 -21.852
-30.424 -4.275 -23.075
-35.287 -5.258 -27.181
-38.373 -4.502 -33.094
-20.088 -24.238 -29.090
-19.628 -24.584 -35.840
-19.752 -23.145 -42.412
-17.484 -18.753 -46.988
-1.278 -13.132 18.691
-7.484 -11.677 15.822
-12.968 -14.162 12.526
-17.242 -17.780 13.298
-17.024 -10.704 12.972
-22.260 -6.430 14.219
-27.775 -5.394 17.609
-32.640 -6.106 21.859
-34.286 -8.085 28.205
-32.526 -9.944 34.509
-27.551 -25.909 15.918
-30.144 -27.218 15.897
-31.031 -29.072 17.951
-15.615 -7.178 29.794
-17.376 -12.924 32.461
-21.947 -17.692 31.745
-26.379 -20.463 28.105
-30.269 -20.999 22.568
-5.918 -31.081 23.276
-5.814 -30.344 16.393
-6.740 -28.882 10.202
-6.275 -23.884 5.738
-32.569 20.398 8.731
-33.039 23.053 9.888
-34.423 24.401 7.725
-18.422 32.085 -45.993
-17.700 34.525 -44.647
-18.285 36.480 -46.684
-18.244 36.608 -46.620
-18.291 32.180 -45.927
-17.698 34.623 -44.551
-0.642 13.093 4.764
-5.892 10.646 8.759
-11.554 12.664 11.750
-16.629 16.629 10.987
-17.648 11.326 15.442
-22.334 6.322 15.278
-28.072 4.015 12.450
-33.430 3.499 8.542
-35.291 3.037 1.452
-34.061 2.958 -5.060
-16.255 3.441 -2.677
-19.325 8.389 -5.893
-24.451 12.486 -5.310
-28.870 15.340 -1.654
-32.206 16.284 3.587
-8.878 29.191 -0.681
-7.535 29.550 5.980
-7.425 28.382 12.592
-6.474 24.193 17.515
7.227 11.361 -48.897
1.127 11.463 -45.528
-3.378 15.541 -42.800
-5.893 21.626 -43.765
-9.545 16.613 -40.285
-15.593 14.108 -41.231
-21.300 14.323 -44.680
-25.918 15.356 -48.943
-28.162 18.362 -55.366
-26.662 18.229 -61.768
-11.131 9.907 -58.421
-10.653 16.332 -61.456
-13.367 22.283 -60.699
-16.591 26.499 -57.058
-19.619 28.569 -51.801
7.343 30.318 -52.929
7.728 29.387 -46.191
6.716 27.584 -39.888
5.550 23.266 -35.482
-8.190 -10.204 -34.766
-13.535 -7.145 -37.288
-19.184 -7.035 -41.110
-24.595 -8.367 -40.519
-21.150 -2.195 -41.370
-23.947 4.002 -41.075
-28.951 7.601 -38.563
-33.817 9.676 -34.803
-36.736 9.279 -28.695
-37.247 7.273 -22.123
-21.695 5.550 -23.370
-24.263 -1.562 -21.943
-30.316 -4.353 -23.043
-35.193 -5.280 -27.205
-38.225 -4.442 -33.112
-42.488 -11.869 -37.077
-37.689 -10.736 -38.662
-40.527 -11.217 -39.027
-19.892 -24.167 -29.206
-19.533 -24.513 -35.981
-19.592 -23.093 -42.387
-17.316 -18.685 -47.039
-1.147 -12.984 18.618
-7.350 -11.691 15.823
-12.817 -14.208 12.498
-17.159 -17.797 13.237
-16.914 -10.735 12.823
-22.094 -6.458 14.277
-27.713 -5.538 17.655
-32.530 -6.140 21.912
-34.233 -8.194 28.205
-32.563 -10.058 34.445
-15.544 -7.274 29.825
-17.328 -13.070 32.430
-21.953 -17.741 31.784
-26.381 -20.665 28.052
-30.183 -20.989 22.549
-5.898 -31.145 23.262
-5.830 -30.429 16.466
-6.724 -28.962 10.280
-6.179 -24.049 5.706
-34.402 24.426 7.814
-32.546 20.431 8.856
-33.029 23.111 9.907
-30.921 -29.121 17.767
-27.434 -25.882 15.990
-29.711 -27.651 15.788
15.259 5.771 31.759
15.958 8.993 25.613
17.438 7.666 18.680
18.793 2.248 14.603
12.838 3.630 13.374
7.553 -0.701 9.850
1.376 -1.543 10.207
-4.609 0.975 12.145
-9.000 4.516 15.454
3.634 18.276 9.828
3.220 17.642 16.528
1.419 14.365 21.838
-1.293 8.910 24.684
-0.693 2.802 25.526
2.047 -2.478 24.483
5.833 -6.472 23.638
12.111 -8.065 24.977
17.254 -12.121 25.728
14.399 19.022 -86.159
15.646 18.960 -83.711
13.753 17.686 -82.134
77.027 -3.782 -48.512
72.674 -6.074 -45.319
68.514 -6.963 -39.857
63.920 -2.523 -36.398
59.481 2.657 -38.094
54.808 5.614 -42.787
52.681 5.817 -49.628
50.638 3.374 -56.377
49.595 -2.121 -59.328
45.381 -7.494 -59.188
42.265 -11.961 -57.114
38.923 -15.080 -52.485
48.493 13.650 -48.551
44.065 8.702 -47.551
39.460 5.407 -46.776
41.373 0.969 -42.569
44.288 -3.641 -39.564
47.401 -8.439 -39.437
51.393 -11.781 -43.147
54.723 -15.148 -47.785
59.191 -13.200 -52.590
61.692 -8.178 -56.582
63.555 -1.822 -56.960
63.440 4.664 -55.969
64.642 9.349 -50.640
66.013 11.184 -44.765
68.060 9.675 -37.980
72.691 7.429 -34.806
78.399 2.573 -34.273
23.582 41.914 -15.483
28.045 46.421 -17.478
34.977 45.637 -20.037
39.693 40.679 -22.156
40.688 34.518 -25.194
38.939 30.196 -30.728
35.039 28.939 -35.500
31.377 31.178 -41.029
28.675 36.113 -44.503
30.351 41.460 -47.910
32.989 45.844 -50.444
38.528 48.749 -52.593
39.779 20.943 -41.366
42.448 25.728 -45.685
44.254 28.804 -49.995
47.359 33.394 -47.024
49.722 37.975 -43.498
48.862 42.741 -40.607
43.976 45.920 -37.864
38.619 49.514 -35.599
31.501 49.401 -34.508
25.652 45.104 -34.550
23.447 39.670 -32.586
23.775 32.808 -31.462
27.849 28.730 -26.839
31.389 28.267 -21.804
34.911 29.727 -16.404
37.984 33.750 -12.224
39.224 39.671 -8.927
45.881 -64.317 -78.723
44.261 -60.594 -83.815
41.965 -61.133 -90.581
38.518 -65.446 -94.845
35.247 -71.351 -95.129
29.205 -74.321 -93.127
23.137 -75.564 -89.315
20.238 -72.469 -84.034
16.241 -67.785 -82.447
13.252 -62.233 -84.272
11.061 -57.898 -86.605
8.263 -54.718 -91.674
17.473 -83.123 -92.410
13.753 -78.711 -94.954
9.571 -74.919 -96.641
12.682 -70.595 -100.141
16.014 -66.237 -103.029
19.017 -61.707 -102.849
22.337 -58.321 -98.412
24.712 -54.750 -93.486
26.886 -55.933 -86.819
27.576 -59.270 -80.293
29.518 -65.493 -78.102
29.836 -72.113 -78.664
34.737 -77.055 -79.983
37.180 -78.896 -85.356
43.075 -78.464 -88.872
48.078 -75.375 -91.762
52.255 -70.525 -91.688
-2.316 24.150 -129.311
3.213 22.263 -125.436
9.698 23.647 -123.108
14.328 28.637 -120.476
14.619 33.733 -116.472
13.145 38.027 -111.236
7.995 39.112 -106.505
2.343 36.526 -102.573
0.270 31.041 -99.127
2.047 25.584 -95.906
4.516 20.970 -93.246
9.560 18.098 -90.675
11.887 46.187 -101.738
13.376 41.880 -96.304
14.847 38.521 -92.181
18.745 34.128 -94.750
21.251 29.320 -97.979
20.964 24.392 -101.064
16.575 21.225 -104.535
11.329 17.962 -107.215
4.669 19.127 -109.451
-0.871 22.862 -110.603
-3.053 28.515 -112.111
-4.039 34.871 -113.831
0.197 39.477 -116.625
4.445 40.115 -121.527
9.469 38.684 -126.435
11.755 34.166 -130.690
11.724 28.537 -134.078
33.546 -14.047 -48.127
30.870 -14.036 -47.395
29.801 -15.706 -49.347
43.951 48.447 -56.442
45.250 48.078 -58.877
43.601 50.007 -60.087
3.980 -56.334 -96.553
1.456 -55.883 -97.549
0.870 -53.994 -95.527
5.960 56.067 -9.694
11.958 53.494 -10.377
15.569 47.939 -11.075
16.493 41.980 -11.148
16.265 37.112 -13.468
-2.120 39.204 -20.713
-2.300 36.080 -14.904
-0.089 34.961 -8.786
3.109 37.197 -3.698
7.511 39.557 0.401
12.477 44.660 1.751
23.100 38.223 -49.051
23.043 40.775 -49.904
21.301 42.049 -48.441
-3.111 -16.435 -38.715
-5.605 -13.657 -33.206
-5.163 -12.256 -27.037
-1.589 -10.947 -21.536
-8.339 -8.707 -21.771
-10.841 -3.524 -21.472
-11.664 2.584 -22.977
-12.629 8.881 -20.137
-8.742 13.547 -17.693
6.518 5.555 -23.159
5.164 5.522 -16.808
2.261 3.934 -12.424
13.220 -17.639 -27.308
10.719 -21.762 -23.390
4.619 -24.932 -22.692
-1.495 -26.299 -23.994
1.804 -0.753 -8.635
2.488 -2.922 -6.680
5.032 -1.806 -6.075
33.521 27.564 -36.153
28.517 31.212 -34.667
24.930 35.751 -32.017
27.676 40.011 -28.751
29.770 44.251 -25.717
29.792 48.158 -21.973
26.022 51.858 -17.981
21.863 53.927 -15.027
15.900 52.436 -11.827
10.204 50.434 -10.870
5.749 45.190 -10.544
5.187 38.636 -9.272
8.583 33.523 -6.591
12.943 30.601 -3.182
18.414 30.084 1.186
21.299 33.375 6.083
21.915 38.199 10.977
18.385 41.405 15.342
12.678 44.025 18.314
6.414 42.752 19.733
1.482 38.123 20.983
-0.402 31.748 20.942
1.128 25.785 22.923
5.801 20.978 25.051
11.203 20.559 29.136
4.005 33.895 38.861
10.320 35.872 35.971
15.958 33.752 32.311
18.061 29.378 27.401
16.648 25.910 21.652
12.281 23.886 16.491
7.177 26.090 12.829
3.162 30.976 9.877
2.558 37.521 7.968
5.407 43.557 6.435
10.786 47.989 6.283
17.007 48.413 3.595
21.374 46.398 -0.107
24.663 41.610 -4.245
23.472 36.889 -8.879
19.666 34.367 -13.627
14.481 34.299 -17.999
10.887 38.782 -21.723
8.916 44.807 -23.457
10.769 49.840 -26.083
14.012 54.008 -28.856
18.464 56.556 -31.742
22.951 54.745 -36.497
23.421 54.500 -39.263
21.884 56.493 -40.487
33.566 27.589 -36.150
28.557 31.227 -34.658
24.981 35.788 -31.994
27.706 40.025 -28.741
29.795 44.269 -25.710
29.814 48.175 -21.966
26.042 51.869 -17.970
21.882 53.930 -15.011
15.926 52.428 -11.804
10.234 50.416 -10.841
5.789 45.163 -10.510
5.241 38.608 -9.236
8.650 33.502 -6.559
13.019 30.588 -3.156
18.496 30.081 1.207
21.380 33.378 6.100
21.993 38.203 10.993
18.461 41.402 15.362
12.753 44.012 18.340
6.493 42.727 19.767
1.571 38.089 21.022
-0.301 31.710 20.983
1.242 25.750 22.963
5.927 20.952 25.086
11.334 20.543 29.165
3.829 33.780 38.773
10.135 35.841 35.922
15.824 33.796 32.299
18.018 29.448 27.406
16.689 25.957 21.651
12.384 23.869 16.465
7.273 25.999 12.769
3.210 30.827 9.787
2.528 37.362 7.868
5.303 43.436 6.349
10.621 47.941 6.226
16.853 48.448 3.578
21.270 46.491 -0.095
24.651 41.745 -4.208
23.555 37.005 -8.845
19.814 34.427 -13.615
14.658 34.284 -18.020
11.026 38.714 -21.771
8.983 44.711 -23.521
10.784 49.767 -26.141
13.987 53.977 -28.896
18.421 56.583 -31.756
22.951 54.745 -36.497
23.421 54.500 -39.263
21.884 56.493 -40.487
17.551 -22.928 6.356
20.433 -28.111 8.760
22.312 -26.736 3.103
25.265 -26.085 -2.662
26.685 -29.335 -8.384
24.451 -33.835 -12.506
20.932 -38.950 -14.945
16.338 -43.557 -15.527
9.806 -44.073 -14.987
3.636 -43.624 -12.298
-1.508 -39.670 -11.537
6.673 -24.898 -18.332
6.179 -25.722 -11.350
4.800 -30.154 -6.281
5.658 -36.031 -3.106
8.851 -41.627 -1.993
14.711 -44.458 -1.415
21.161 -44.715 -1.763
27.645 -43.605 -1.881
30.139 -43.907 -0.399
29.837 -46.506 0.639
-67.623 62.069 -14.281
-70.308 57.023 -16.740
-71.811 58.863 -11.202
-74.584 59.255 -5.138
-75.124 55.925 0.633
-74.018 51.369 4.946
-69.477 47.092 7.763
-65.023 42.408 8.507
-58.593 40.940 6.980
-52.487 41.776 4.642
-47.460 45.850 3.801
-56.444 60.038 10.187
-55.497 59.523 3.342
-54.620 55.499 -2.032
-55.366 49.562 -4.957
-58.284 43.707 -5.887
-63.772 40.681 -6.222
-70.098 39.649 -5.383
-74.112 42.657 -2.866
-76.853 41.810 -6.092
-79.435 41.504 -7.373
-79.129 38.909 -8.525
4.971 -9.535 34.263
-0.082 -8.175 37.612
-6.681 -7.025 38.346
-12.564 -7.917 35.553
-16.847 -8.382 30.299
-17.838 -10.731 24.342
-17.001 -15.036 19.437
-15.775 -20.943 17.634
-14.413 -27.176 18.305
-31.632 -23.966 42.481
-27.810 -23.578 38.029
-22.390 -22.870 34.756
-17.338 -26.292 37.154
-10.894 -27.341 35.961
-5.610 -25.825 32.375
-2.621 -22.128 28.093
-1.696 -18.728 22.161
-3.908 -13.859 18.519
-6.414 -7.875 18.545
-8.815 -2.251 20.925
-8.508 2.064 25.593
6.501 -59.625 51.601
2.131 -61.373 47.082
-3.643 -63.239 44.696
-10.404 -62.853 45.695
-15.970 -63.189 49.577
-19.060 -61.032 54.757
-20.452 -56.960 59.587
-20.627 -50.929 61.625
-19.827 -44.604 61.293
-28.475 -49.653 33.200
-25.902 -49.483 38.368
-21.929 -49.410 43.366
-16.798 -45.615 42.563
-11.012 -43.778 45.900
-6.958 -44.728 50.810
-4.901 -48.049 55.915
-5.493 -51.411 61.794
-8.052 -56.821 64.655
-10.129 -62.938 63.723
-10.143 -68.652 60.586
-8.433 -72.594 56.039
-17.557 -32.026 19.801
-19.504 -34.189 19.610
-20.253 -33.918 16.856
-22.861 -40.119 59.013
-25.141 -38.367 58.445
-26.833 -38.621 60.794
21.837 28.082 -0.843
16.328 24.481 -0.763
16.345 24.462 -0.717
14.741 17.834 1.282
15.336 18.986 3.463
17.400 12.631 5.355
22.592 7.960 6.487
28.152 7.260 9.905
31.759 8.355 15.353
33.917 11.959 20.922
31.492 14.878 25.958
27.462 18.469 30.110
22.703 18.307 33.393
16.805 17.994 37.088
12.844 13.612 39.849
11.787 7.155 42.319
13.157 0.427 42.751
18.137 -4.032 44.056
24.484 -6.084 45.311
29.607 -4.301 49.931
32.207 0.672 54.026
31.031 5.436 58.427
27.625 8.366 63.462
22.103 8.889 67.545
16.595 5.573 69.706
15.005 -0.094 72.476
15.813 -6.238 75.097
19.394 -11.962 76.295
22.080 -13.538 80.785
29.318 3.734 80.754
33.789 -0.160 76.946
33.544 -5.630 72.830
30.592 -9.045 68.363
25.324 -9.554 63.914
18.775 -7.988 62.132
14.138 -3.184 61.096
13.747 2.096 57.034
13.420 2.688 58.853
15.746 8.621 56.416
16.677 9.269 58.104
21.336 11.130 53.625
21.183 10.954 52.724
26.831 11.173 50.194
28.384 10.364 51.804
30.419 9.270 45.005
31.621 8.050 46.059
31.249 3.765 40.489
29.944 5.967 39.510
27.365 1.099 35.106
21.747 0.073 32.006
15.526 0.257 30.257
17.925 3.517 25.732
14.318 8.647 21.248
14.684 14.977 19.690
17.794 20.978 18.963
23.275 23.938 17.434
29.678 24.626 15.274
31.616 23.429 8.963
34.046 18.077 5.127
32.499 12.256 1.804
28.039 10.089 -2.400
23.470 11.744 -7.391
-0.220 -15.464 -37.498
-4.698 -13.030 -32.942
-4.398 -11.346 -26.880
-0.863 -10.037 -21.442
-7.657 -7.952 -21.638
-10.263 -2.111 -20.737
-10.214 4.150 -18.180
-7.130 9.519 -14.764
7.782 6.307 -22.429
7.066 5.907 -16.428
4.527 3.817 -11.834
2.299 -0.027 -8.703
13.662 -17.507 -27.341
11.156 -21.656 -23.482
4.916 -24.603 -22.689
-1.695 -24.918 -22.310
5.803 -4.649 -5.377
3.489 -3.372 -6.308
