6.474 0.010 -92.252
12.988 2.847 -93.537
15.923 8.199 -90.495
16.917 14.210 -86.890
14.985 17.664 -82.196
12.467 16.587 -75.613
8.375 13.180 -71.405
7.153 7.717 -68.469
8.613 2.036 -66.650
12.999 -1.935 -63.790
19.132 -4.110 -62.006
25.192 -2.384 -60.114
28.500 1.687 -56.245
29.980 5.616 -51.075
28.350 12.078 -47.962
23.468 15.649 -45.120
16.614 15.887 -44.746
12.473 11.083 -42.107
11.202 4.518 -39.836
13.593 -0.596 -36.119
17.734 -1.853 -30.469
21.132 -0.186 -25.003
21.363 4.146 -19.573
19.208 9.256 -15.709
13.064 12.953 -13.816
7.186 14.802 -14.349
1.160 13.709 -17.715
-2.329 8.316 -18.977
-3.795 1.562 -17.806
-4.276 -3.040 -12.881
-4.945 -5.160 -6.882
-7.953 -3.561 -1.058
-12.352 0.008 2.614
-16.732 5.197 2.897
-20.717 9.699 -0.224
-23.689 12.074 -5.347
-25.936 10.689 -11.810
-26.862 7.684 -16.886
-28.882 2.401 -19.056
-31.501 -3.706 -18.201
-37.668 -7.160 -15.462
-44.783 -6.475 -13.224
-49.669 -3.115 -12.124
-52.547 2.663 -14.189
-53.745 8.936 -16.822
-53.272 13.816 -21.960
-49.204 14.341 -26.931
-47.149 11.449 -33.002
-47.608 6.528 -37.541
-50.823 1.066 -40.313
-56.693 -1.571 -41.243
-62.313 -0.705 -43.893
-67.418 3.088 -45.189
-69.480 6.955 -48.740
-69.850 14.020 -49.995
-66.804 17.685 -55.554
-61.379 21.183 -54.042
-55.536 20.973 -56.871
-50.628 16.700 -59.352
-49.130 11.046 -62.996
-50.686 6.853 -68.237
-51.804 7.067 -74.235
-53.225 9.878 -80.309
-53.296 14.998 -84.357
-50.802 20.721 -86.069
-46.609 25.832 -85.312
-42.676 29.794 -81.025
-36.868 28.626 -78.335
-32.120 24.475 -75.970
-28.345 18.856 -76.979
-24.547 16.234 -82.132
-22.547 16.037 -88.372
-19.939 19.615 -93.243
-17.259 25.074 -95.430
-14.473 31.104 -94.795
-10.960 35.577 -91.735
-9.675 39.418 -85.991
-7.237 37.929 -80.306
-7.059 33.296 -75.139
-2.693 28.136 -73.748
1.724 23.243 -75.707
7.805 22.424 -78.589
13.706 25.366 -79.891
17.916 30.117 -78.815
20.491 36.065 -76.818
20.668 39.811 -71.558
19.284 41.142 -65.346
14.190 40.631 -60.714
11.988 36.441 -56.066
11.921 29.851 -54.210
16.270 24.937 -52.703
21.689 23.279 -49.688
26.341 24.485 -45.693
28.266 28.234 -40.194
28.352 33.486 -36.229
25.802 37.695 -32.288
20.734 42.294 -30.221
14.706 41.951 -28.634
8.352 40.256 -30.393
5.169 34.997 -29.094
5.062 27.916 -27.736
6.619 24.379 -22.538
9.260 21.852 -17.429
9.431 23.695 -10.454
7.235 28.402 -5.281
3.629 32.947 -2.496
-1.592 36.847 -1.704
-7.445 39.515 -4.916
-11.626 38.992 -10.511
-14.540 33.449 -13.236
-17.809 27.637 -12.111
-18.252 21.550 -8.421
-21.573 19.651 -3.373
-26.099 20.739 1.714
-30.417 24.150 5.354
-34.914 28.678 4.251
-38.201 34.073 1.606
-39.841 37.071 -4.712
-40.103 36.917 -11.304
-39.781 34.334 -17.116
-40.297 28.501 -20.960
-44.377 23.096 -22.009
-50.033 20.333 -21.025
-56.992 21.096 -20.139
-62.474 26.599 -20.419
-62.772 34.265 -21.121
-63.828 38.531 -25.788
-59.550 41.750 -30.630
-56.100 42.144 -35.768
-51.947 39.418 -40.735
-52.713 35.328 -45.819
-55.608 29.829 -48.427
-60.764 29.569 -52.403
-66.143 32.842 -55.427
-69.295 37.688 -57.948
-69.397 43.512 -61.286
-65.724 48.066 -64.688
-60.192 50.937 -66.482
-53.188 49.359 -68.121
-48.875 44.928 -69.379
-46.881 39.012 -71.739
-47.909 34.437 -76.104
-50.215 32.794 -82.255
-54.808 33.747 -87.511
-55.729 39.474 -92.336
-48.562 51.858 -82.065
-56.008 50.686 -84.146
-61.099 46.916 -84.602
-63.520 41.621 -81.070
-63.192 35.294 -78.077
-59.994 31.393 -74.081
-56.034 31.537 -68.213
-51.023 35.155 -65.055
-50.091 40.680 -61.159
-51.655 45.637 -57.708
-55.904 49.612 -54.508
-61.160 50.078 -50.539
-66.352 46.372 -47.984
-69.218 41.129 -45.344
-69.417 35.242 -42.098
-66.780 29.131 -40.868
-61.376 25.892 -38.864
-54.452 26.240 -39.279
-50.708 30.736 -35.177
-50.101 36.061 -31.282
-51.841 39.557 -26.058
-55.452 39.758 -20.373
-57.390 36.554 -14.860
-57.152 31.880 -10.202
-53.233 26.081 -8.142
-46.676 21.864 -7.750
-40.329 19.538 -10.350
-35.310 22.616 -14.578
-32.892 29.139 -15.063
-30.556 34.702 -11.894
-29.427 38.157 -6.225
-27.494 38.748 -0.016
-23.843 36.041 4.870
-19.146 31.412 6.846
-14.895 26.506 5.466
-11.563 22.918 1.014
-9.777 21.712 -5.213
-8.028 23.012 -10.990
-8.398 27.261 -16.555
-5.398 33.438 -17.797
-2.281 39.029 -15.686
3.420 41.356 -12.228
9.661 40.091 -11.366
15.284 36.425 -13.121
17.919 32.163 -17.044
18.054 26.311 -20.553
16.871 25.057 -26.414
11.895 24.896 -32.075
9.851 29.460 -36.059
9.484 35.477 -38.919
12.741 41.243 -40.721
18.280 42.939 -43.321
23.996 42.673 -45.737
28.477 39.812 -49.356
30.045 36.122 -53.921
29.533 31.098 -58.227
25.724 26.895 -61.536
19.930 24.218 -62.991
13.286 24.690 -61.352
8.826 29.854 -62.727
7.022 36.276 -64.294
7.680 40.924 -68.681
7.940 41.993 -75.425
8.505 40.261 -81.649
8.160 36.051 -86.885
4.596 31.274 -89.445
0.523 26.018 -89.112
-2.823 21.435 -85.116
-8.033 21.971 -81.099
-12.184 25.484 -77.408
-15.768 31.359 -76.822
-19.843 35.036 -80.663
-23.372 35.961 -85.997
-26.584 33.504 -90.934
-30.010 28.509 -93.949
-33.075 22.743 -93.926
-35.050 16.884 -92.057
-35.128 12.566 -86.486
-36.266 12.937 -80.347
-36.882 15.934 -74.401
-40.956 20.805 -71.476
-45.631 25.763 -71.695
-51.982 26.556 -73.157
-57.787 23.976 -73.515
-62.201 18.894 -74.192
-63.750 12.861 -72.913
-63.729 8.508 -67.794
-60.221 5.123 -63.094
-55.840 4.766 -58.357
-51.952 8.441 -54.117
-52.136 14.698 -50.689
-56.393 18.631 -47.183
-61.029 18.990 -42.788
-64.124 16.730 -37.759
-66.065 11.581 -33.405
-66.340 6.428 -31.312
-62.628 0.852 -29.394
-57.341 -2.672 -28.807
-51.059 -3.140 -29.335
-44.972 -0.040 -30.337
-41.843 4.651 -28.581
-40.724 10.742 -25.305
-41.717 13.083 -19.292
-42.541 12.039 -12.631
-41.836 7.352 -6.698
-39.353 3.064 -3.109
-35.586 -2.986 -2.919
-29.529 -4.973 -4.235
-24.952 -6.872 -9.165
-21.911 -3.805 -14.284
-19.028 2.106 -15.938
-16.553 7.938 -14.289
-15.024 12.933 -9.947
-11.229 13.730 -4.587
-6.430 12.450 -0.685
-1.105 8.366 0.591
3.018 3.945 -1.204
5.415 -1.239 -6.073
5.682 -2.779 -12.602
5.337 -1.572 -19.136
2.940 2.815 -24.009
4.562 9.032 -26.474
8.761 14.231 -26.623
14.741 17.390 -25.586
21.248 14.798 -26.782
26.311 10.007 -27.935
26.869 4.002 -30.644
24.828 -0.265 -35.994
20.302 -1.668 -41.083
17.029 -0.288 -45.981
12.542 3.791 -50.004
13.281 9.310 -53.156
16.416 15.205 -54.901
21.102 16.100 -59.390
24.931 14.328 -64.103
26.510 10.262 -68.906
25.692 4.991 -72.904
21.015 -0.143 -75.631
14.548 -2.606 -75.587
8.367 -0.612 -75.995
3.908 4.310 -75.753
1.968 9.986 -78.046
2.640 15.456 -81.907
4.298 17.903 -87.952
7.379 17.994 -93.948
0.069 -0.430 -90.186
6.302 3.183 -90.655
10.098 8.714 -88.220
11.104 14.610 -85.259
9.365 18.049 -79.677
7.705 17.381 -73.323
4.850 14.524 -68.052
3.628 8.757 -64.722
5.383 2.658 -62.996
10.463 -0.618 -61.038
16.832 -1.461 -59.269
22.415 0.167 -58.240
26.516 3.526 -55.284
29.000 8.858 -51.782
27.852 14.611 -48.199
23.490 18.116 -45.084
16.603 18.766 -43.294
12.463 13.770 -40.530
11.932 7.603 -37.558
14.986 2.833 -33.688
19.569 1.538 -29.052
24.027 3.626 -24.378
25.630 7.324 -19.630
23.017 11.248 -14.128
18.632 16.497 -12.395
12.221 18.025 -11.904
5.787 17.317 -14.630
1.812 12.135 -14.930
0.548 4.937 -13.196
1.322 0.583 -8.340
1.225 -1.068 -1.809
-1.290 0.666 3.801
-4.804 4.469 7.958
-9.228 10.147 9.017
-13.521 14.611 5.922
-17.647 15.894 1.050
-20.701 13.788 -5.019
-22.672 9.306 -9.031
-24.595 3.252 -10.849
-27.950 -2.396 -8.111
-32.458 -4.880 -4.868
-38.328 -4.622 -1.740
-43.309 -0.049 0.103
-47.310 5.442 -2.068
-49.692 9.719 -5.530
-50.263 13.878 -11.866
-47.332 14.965 -17.094
-45.803 11.910 -23.853
-45.779 6.238 -26.996
-48.954 0.272 -28.889
-54.440 -2.482 -30.137
-60.646 -2.053 -30.624
-65.295 0.231 -32.943
-67.769 2.462 -36.759
-69.998 8.955 -37.497
-67.213 14.781 -41.420
-63.074 19.765 -42.487
-56.692 19.023 -45.458
-52.308 15.612 -49.193
-50.656 9.705 -52.577
-52.459 5.500 -57.599
-54.632 5.298 -63.254
-57.256 7.706 -69.210
-58.015 12.583 -73.430
-56.375 19.067 -75.414
-52.420 24.297 -75.119
-47.742 28.142 -71.700
-41.640 27.316 -69.807
-36.492 23.484 -67.753
-32.443 18.196 -69.329
-29.110 15.684 -74.767
-28.174 15.282 -81.482
-26.677 19.055 -86.526
-24.663 24.752 -89.174
-22.099 30.839 -89.115
-18.270 35.560 -86.672
-16.119 39.249 -81.300
-12.927 38.129 -75.935
-11.571 33.680 -70.918
-7.179 28.461 -69.893
-3.144 23.392 -72.457
2.524 22.818 -76.010
8.233 25.444 -77.818
12.802 29.959 -76.859
15.487 36.357 -75.948
15.882 40.754 -71.273
15.400 42.393 -64.942
10.745 41.785 -59.687
9.271 37.352 -54.870
9.736 30.802 -52.618
14.438 26.265 -51.070
20.313 25.399 -48.315
24.888 27.650 -44.207
27.234 32.399 -40.295
28.759 38.085 -38.416
25.946 43.249 -34.964
21.083 45.911 -31.065
15.323 45.549 -28.620
8.837 43.199 -29.061
6.178 37.724 -27.033
6.453 30.343 -25.402
8.686 27.638 -19.549
12.467 27.203 -13.919
12.936 29.837 -8.108
11.551 34.033 -3.053
7.789 39.003 -0.181
2.390 41.367 0.859
-3.766 44.063 -1.757
-8.415 42.810 -7.062
-11.264 37.009 -8.894
-14.010 30.991 -6.668
-13.939 25.666 -2.123
-15.896 23.764 3.443
-19.979 24.406 8.261
-25.020 26.834 12.074
-30.650 30.698 10.793
-33.699 36.479 8.129
-35.112 39.887 2.380
-35.946 39.316 -4.308
-35.887 35.594 -9.699
-37.600 29.808 -13.037
-40.991 23.804 -13.376
-46.604 21.457 -12.593
-53.460 21.467 -11.516
-59.130 25.833 -10.937
-61.253 32.487 -10.535
-60.396 38.395 -13.468
-57.677 41.895 -18.662
-55.763 41.561 -25.412
-52.421 38.439 -30.133
-53.244 32.952 -34.612
-56.472 27.835 -36.824
-62.596 26.017 -39.020
-67.093 29.509 -42.953
-69.392 33.505 -46.245
-70.860 39.491 -48.104
-68.968 45.720 -51.500
-64.133 47.860 -54.842
-56.965 47.468 -57.077
-51.861 42.523 -57.627
-50.606 37.650 -61.872
-52.488 32.676 -66.094
-55.699 30.789 -71.215
-59.552 32.280 -77.022
-61.526 36.860 -80.991
-55.427 51.258 -71.709
-62.558 50.202 -72.932
-66.129 46.553 -70.732
-68.726 40.457 -69.090
-67.512 34.480 -66.776
-64.340 29.903 -62.547
-59.654 28.496 -58.095
-54.947 31.906 -53.832
-52.525 37.670 -50.433
-53.386 41.668 -46.944
-57.685 46.580 -43.024
-62.353 48.073 -38.548
-66.532 44.012 -34.947
-70.231 39.361 -32.103
-70.738 34.147 -28.253
-66.857 28.452 -26.513
-61.311 24.691 -26.840
-54.650 25.855 -27.289
-49.687 31.057 -26.266
-48.101 36.587 -22.032
-49.579 40.003 -16.256
-52.470 39.422 -10.049
-52.898 36.105 -4.599
-51.151 31.515 -0.153
-47.416 25.492 0.986
-41.801 23.135 1.313
-35.512 21.515 -2.139
-31.381 24.611 -6.674
-28.207 30.306 -7.299
-27.301 36.849 -5.592
-26.169 40.582 -0.248
-23.885 41.415 5.617
-20.018 40.189 10.812
-14.114 36.575 11.926
-9.439 32.111 10.636
-5.382 29.139 6.267
-4.527 26.663 -0.110
-3.830 27.627 -6.307
-5.036 31.170 -12.400
-2.686 36.896 -14.416
0.257 43.127 -13.386
5.914 45.731 -11.667
12.605 45.216 -11.244
17.832 41.514 -12.997
20.600 36.873 -16.667
20.962 30.936 -20.243
19.093 28.174 -25.657
13.162 27.906 -29.997
10.489 31.580 -34.360
9.198 37.344 -37.477
10.830 43.001 -40.671
15.367 45.097 -44.730
20.983 45.341 -47.804
24.624 42.652 -51.799
27.644 37.766 -55.274
26.207 33.111 -59.493
22.856 27.370 -61.169
16.816 25.228 -62.237
10.169 25.813 -60.262
5.592 30.533 -61.082
3.249 37.083 -62.337
3.271 41.399 -66.938
2.745 42.648 -73.547
2.440 40.589 -79.716
1.191 36.231 -84.633
-2.888 31.512 -86.563
-6.205 25.646 -85.650
-9.159 21.445 -81.103
-13.549 22.086 -76.260
-17.166 25.681 -72.128
-20.964 31.455 -71.016
-25.217 35.233 -74.043
-29.956 35.601 -79.340
-33.849 32.532 -83.135
-37.239 27.523 -86.025
-40.096 21.607 -85.400
-41.429 15.470 -82.993
-40.673 11.269 -77.754
-41.160 11.478 -71.242
-40.900 14.766 -65.488
-44.538 19.554 -62.148
-49.448 24.284 -61.939
-56.219 24.712 -62.705
-61.714 21.746 -62.219
-66.170 16.570 -61.092
-67.613 11.177 -59.089
-65.630 5.115 -55.224
-61.088 2.699 -50.633
-56.262 3.436 -47.251
-51.769 7.023 -43.240
-52.459 13.407 -40.024
-56.463 17.122 -36.295
-60.572 17.145 -31.080
-62.863 14.937 -26.210
-65.034 9.274 -21.772
-63.848 4.640 -18.625
-59.814 -0.083 -16.336
-53.306 -3.365 -17.198
-47.596 -2.837 -17.746
-41.896 -0.107 -19.747
-38.442 5.392 -18.975
-37.281 11.545 -15.887
-37.196 13.845 -9.283
-36.783 14.118 -3.688
-35.385 11.791 2.297
-32.805 6.913 6.216
-28.012 1.463 6.986
-22.070 -1.614 4.908
-18.689 -3.964 -0.660
-16.388 -0.911 -6.471
-14.212 4.862 -9.274
-11.564 10.942 -8.532
-9.733 16.476 -4.981
-4.167 17.949 -1.870
1.360 16.807 1.863
6.204 12.847 4.006
10.555 8.142 1.924
12.383 3.734 -3.161
11.150 1.284 -9.556
9.558 1.720 -15.819
6.346 6.151 -20.408
7.469 12.141 -23.307
11.558 17.351 -24.615
17.421 20.688 -24.914
23.666 18.894 -27.255
28.295 14.040 -28.581
29.074 7.887 -31.251
25.898 3.291 -35.679
21.346 1.438 -39.849
17.647 2.110 -44.411
11.936 5.961 -47.723
11.930 11.307 -51.330
14.776 17.262 -53.362
18.939 17.762 -58.819
21.283 15.200 -64.323
22.441 11.420 -68.674
20.857 5.837 -72.443
16.068 0.098 -74.111
9.904 -1.857 -73.474
3.590 -0.147 -72.705
-1.257 4.498 -72.744
-3.385 10.349 -74.934
-3.136 15.697 -78.570
-2.637 18.260 -84.988
0.737 18.119 -91.160
