16.933 10.638 23.561
17.966 7.009 18.333
19.339 2.338 14.133
13.417 3.832 12.949
8.066 -0.387 9.581
1.513 -1.020 9.928
-4.571 0.500 12.926
-8.473 4.311 16.485
3.964 17.920 9.768
4.051 17.127 16.427
1.691 13.992 21.985
-1.370 8.548 24.640
-1.722 1.946 24.387
1.909 -3.338 22.622
6.883 -7.260 20.617
12.156 -8.208 24.805
18.481 -6.995 26.885
-15.555 34.974 -22.365
-14.969 31.326 -27.999
-15.581 26.910 -33.023
-20.110 24.057 -36.859
-34.326 19.857 -9.239
-28.436 22.267 -6.422
-22.353 19.785 -5.377
-17.908 15.252 -6.815
-15.638 10.089 -9.472
-13.629 7.229 -13.550
-34.267 29.679 -27.602
-31.893 23.899 -25.992
-27.604 18.558 -26.338
-22.174 17.122 -23.830
-27.163 12.195 -25.320
-29.314 6.924 -21.622
-28.573 3.794 -15.426
-26.576 2.173 -9.333
-26.132 4.458 -2.349
-26.227 8.991 2.358
27.781 4.490 13.644
33.777 3.855 15.417
33.681 3.878 15.554
33.822 6.293 9.893
35.329 8.789 3.891
38.476 8.388 -2.016
41.778 4.588 -5.967
43.528 -1.350 -8.571
45.422 -7.612 -9.258
43.128 -13.765 -8.109
39.307 -18.677 -5.613
33.225 -21.043 -4.800
24.944 -6.363 -11.797
25.125 -7.545 -4.828
28.024 -10.316 0.452
33.521 -12.693 3.738
40.108 -13.129 4.615
45.651 -9.526 5.148
45.607 -9.554 5.128
49.432 -4.981 2.459
49.233 -4.585 4.449
48.767 -4.379 5.281
51.299 1.991 4.672
52.782 4.126 5.977
54.960 2.575 7.070
27.699 4.491 13.537
33.492 3.954 15.441
33.488 3.953 15.472
33.560 6.800 9.812
35.326 8.799 3.927
35.326 8.799 3.927
38.467 8.418 -1.980
38.467 8.419 -1.981
41.824 4.621 -5.932
43.590 -1.304 -8.519
45.392 -7.538 -9.100
43.201 -13.771 -8.018
39.319 -18.741 -5.856
33.307 -21.036 -4.740
25.270 -6.371 -11.684
25.214 -7.505 -4.814
28.106 -10.363 0.445
33.560 -12.895 3.750
40.073 -13.129 4.619
40.073 -13.118 4.613
45.594 -9.646 5.153
45.593 -9.613 5.162
48.949 -4.482 4.781
48.912 -4.225 5.072
49.637 -5.153 1.900
51.134 2.142 4.705
52.732 4.149 6.016
54.919 2.637 7.086
27.879 4.675 13.180
33.823 3.904 15.192
33.879 3.799 15.225
34.516 5.812 10.241
34.271 5.815 10.152
35.155 8.847 3.899
35.176 8.817 3.903
35.307 8.738 3.990
38.393 8.454 -1.986
38.408 8.452 -1.993
41.770 4.643 -5.944
41.764 4.637 -5.931
43.508 -1.300 -8.519
45.475 -7.587 -8.967
43.189 -13.763 -7.950
39.260 -18.671 -5.759
33.211 -21.018 -4.695
25.247 -6.344 -11.661
25.166 -7.472 -4.801
28.030 -10.336 0.470
33.391 -12.815 3.787
40.050 -12.932 4.606
39.972 -13.099 4.640
45.737 -9.633 5.049
45.451 -9.524 5.213
48.559 -4.088 4.869
48.850 -4.458 5.056
49.805 -4.900 2.220
51.173 2.086 4.622
52.671 4.186 5.925
54.784 2.621 6.949
-8.078 31.153 25.638
-2.031 30.298 28.752
4.651 30.875 28.960
9.633 32.162 25.410
13.188 34.633 20.283
15.699 37.168 15.115
14.882 42.236 10.378
11.363 46.951 7.429
2.118 50.136 23.005
-0.358 47.584 17.394
-0.532 44.964 11.576
0.618 39.135 8.687
2.707 33.458 8.891
3.809 28.182 10.912
2.891 22.243 15.348
2.260 19.600 16.275
1.964 17.962 13.929
-5.874 6.630 29.023
-3.032 12.148 27.427
1.546 17.191 28.275
7.426 18.598 29.685
5.937 19.471 24.039
1.096 24.464 24.527
-1.372 28.780 19.948
-0.615 30.993 13.421
1.557 32.010 7.296
2.093 28.669 0.771
1.592 23.561 -3.171
-6.015 14.279 9.907
-0.218 11.677 7.485
5.764 14.026 5.905
10.176 18.945 6.580
12.093 24.744 8.834
11.247 0.895 25.756
13.680 4.176 30.012
12.997 8.430 34.923
8.323 10.498 39.064
15.759 27.133 13.159
18.030 27.582 14.687
19.907 26.591 12.960
-0.045 -15.475 -37.668
-4.177 -12.794 -33.082
-4.402 -11.482 -26.839
-0.866 -10.151 -21.460
-7.697 -8.135 -21.866
-10.270 -2.195 -21.007
-10.146 4.140 -18.356
-7.183 9.410 -14.785
7.688 6.362 -22.481
6.889 6.019 -16.358
4.243 3.818 -11.858
4.214 3.814 -11.856
2.110 0.085 -8.662
13.751 -17.456 -27.379
11.311 -21.589 -23.604
5.280 -24.807 -22.601
4.991 -24.604 -22.690
-1.337 -23.907 -22.312
-1.453 -25.222 -22.621
3.576 -3.126 -6.158
6.122 -2.258 -5.396
3.065 -0.910 -7.951
3.394 -3.171 -6.244
5.925 -2.202 -5.507
-0.124 -15.327 -37.787
-4.613 -13.044 -33.121
-4.348 -11.520 -26.972
-0.820 -10.242 -21.541
-7.614 -8.050 -21.836
-10.070 -2.100 -20.999
-10.002 4.196 -18.380
-7.083 9.455 -14.764
7.802 6.399 -22.560
7.038 6.083 -16.483
4.525 3.868 -11.917
2.214 0.118 -8.545
13.866 -17.489 -27.379
11.347 -21.559 -23.546
5.388 -24.739 -22.737
5.089 -24.584 -22.691
-1.277 -24.175 -22.580
-1.318 -25.256 -22.932
40.723 16.650 -4.979
34.744 18.456 -2.965
27.717 17.790 -2.544
22.522 13.729 -1.985
20.375 9.314 0.805
20.506 10.124 2.575
17.398 15.475 0.675
12.386 19.433 3.161
8.521 21.026 8.338
5.541 21.167 14.477
7.892 21.851 20.921
12.903 22.443 25.553
18.813 25.666 26.131
24.791 27.787 23.328
27.588 32.533 19.635
26.627 38.627 17.027
8.938 38.785 19.966
11.189 37.811 13.729
15.486 34.929 9.575
20.654 30.199 9.302
25.025 26.050 12.306
25.338 20.973 16.710
22.618 16.004 20.310
18.263 11.432 19.924
12.802 8.238 17.853
37.263 4.389 7.379
34.674 0.623 2.799
31.167 -0.062 -2.762
27.914 2.733 -7.978
27.410 7.765 -12.253
37.687 6.792 -5.893
33.630 10.747 -3.719
27.028 12.734 -3.527
20.629 11.137 -3.769
17.173 9.116 -0.503
12.827 13.301 -0.178
9.841 18.259 3.232
6.805 20.586 8.929
4.357 21.760 15.196
7.066 22.280 21.583
12.159 22.307 26.050
18.298 24.445 26.762
23.909 27.546 24.859
27.906 30.828 20.449
27.591 36.560 16.950
9.261 36.823 17.946
12.141 35.073 12.402
17.287 32.163 8.855
21.286 26.847 9.088
24.393 21.764 12.293
23.419 17.215 17.019
19.824 13.386 21.101
14.214 10.064 20.977
8.003 8.985 18.449
30.335 -2.017 8.024
26.923 -4.839 3.599
23.424 -4.659 -2.223
21.631 -2.077 -7.715
21.617 2.822 -12.599
5.282 5.717 14.970
4.210 2.851 13.805
4.271 1.423 16.087
40.905 16.770 -5.176
35.042 18.675 -2.984
28.069 18.087 -2.676
22.892 14.090 -1.996
21.421 10.062 2.945
17.663 15.548 0.758
12.890 19.433 3.467
8.513 21.195 8.370
5.328 21.146 14.438
7.742 21.788 20.880
12.703 22.476 25.513
18.554 25.641 26.165
24.535 27.515 23.326
27.467 32.428 19.500
26.586 38.250 16.207
8.974 39.337 20.015
11.364 38.349 13.844
15.410 35.277 9.676
20.552 30.451 9.382
24.844 26.321 12.385
25.162 21.262 16.801
22.511 16.079 20.359
18.146 11.485 19.909
12.654 8.263 17.865
37.389 4.445 7.436
34.712 0.642 2.853
31.276 0.100 -2.755
28.030 2.968 -7.872
27.392 8.047 -12.098
