16.933 10.638 23.561
17.966 7.009 18.333
19.339 2.338 14.133
13.417 3.832 12.949
8.066 -0.387 9.581
1.513 -1.020 9.928
-4.571 0.500 12.926
-8.473 4.311 16.485
3.964 17.920 9.768
4.051 17.127 16.427
1.691 13.992 21.985
-1.370 8.548 24.640
-1.722 1.946 24.387
1.909 -3.338 22.622
6.883 -7.260 20.617
12.156 -8.208 24.805
18.481 -6.995 26.885
-15.555 34.974 -22.365
-14.969 31.326 -27.999
-15.581 26.910 -33.023
-20.110 24.057 -36.859
-34.326 19.857 -9.239
-28.436 22.267 -6.422
-22.353 19.785 -5.377
-17.908 15.252 -6.815
-15.638 10.089 -9.472
-13.629 7.229 -13.550
-34.267 29.679 -27.602
-31.893 23.899 -25.992
-27.604 18.558 -26.338
-22.174 17.122 -23.830
-27.163 12.195 -25.320
-29.314 6.924 -21.622
-28.573 3.794 -15.426
-26.576 2.173 -9.333
-26.132 4.458 -2.349
-26.227 8.991 2.358
27.781 4.490 13.644
33.777 3.855 15.417
33.681 3.878 15.554
33.822 6.293 9.893
35.329 8.789 3.891
38.476 8.388 -2.016
41.778 4.588 -5.967
43.528 -1.350 -8.571
45.422 -7.612 -9.258
43.128 -13.765 -8.109
39.307 -18.677 -5.613
33.225 -21.043 -4.800
24.944 -6.363 -11.797
25.125 -7.545 -4.828
28.024 -10.316 0.452
33.521 -12.693 3.738
40.108 -13.129 4.615
45.651 -9.526 5.148
45.607 -9.554 5.128
49.432 -4.981 2.459
49.233 -4.585 4.449
48.767 -4.379 5.281
51.299 1.991 4.672
52.782 4.126 5.977
54.960 2.575 7.070
27.699 4.491 13.537
33.492 3.954 15.441
33.488 3.953 15.472
33.560 6.800 9.812
35.326 8.799 3.927
35.326 8.799 3.927
38.467 8.418 -1.980
38.467 8.419 -1.981
41.824 4.621 -5.932
43.590 -1.304 -8.519
45.392 -7.538 -9.100
43.201 -13.771 -8.018
39.319 -18.741 -5.856
33.307 -21.036 -4.740
25.270 -6.371 -11.684
25.214 -7.505 -4.814
28.106 -10.363 0.445
33.560 -12.895 3.750
40.073 -13.129 4.619
40.073 -13.118 4.613
45.594 -9.646 5.153
45.593 -9.613 5.162
48.949 -4.482 4.781
48.912 -4.225 5.072
49.637 -5.153 1.900
51.134 2.142 4.705
52.732 4.149 6.016
54.919 2.637 7.086
27.879 4.675 13.180
33.823 3.904 15.192
33.879 3.799 15.225
34.516 5.812 10.241
34.271 5.815 10.152
35.155 8.847 3.899
35.176 8.817 3.903
35.307 8.738 3.990
38.393 8.454 -1.986
38.408 8.452 -1.993
41.770 4.643 -5.944
41.764 4.637 -5.931
43.508 -1.300 -8.519
45.475 -7.587 -8.967
43.189 -13.763 -7.950
39.260 -18.671 -5.759
33.211 -21.018 -4.695
25.247 -6.344 -11.661
25.166 -7.472 -4.801
28.030 -10.336 0.470
33.391 -12.815 3.787
40.050 -12.932 4.606
39.972 -13.099 4.640
45.737 -9.633 5.049
45.451 -9.524 5.213
48.559 -4.088 4.869
48.850 -4.458 5.056
49.805 -4.900 2.220
51.173 2.086 4.622
52.671 4.186 5.925
54.784 2.621 6.949
-8.078 31.153 25.638
-2.031 30.298 28.752
4.651 30.875 28.960
9.633 32.162 25.410
13.188 34.633 20.283
15.699 37.168 15.115
14.882 42.236 10.378
11.363 46.951 7.429
2.118 50.136 23.005
-0.358 47.584 17.394
-0.532 44.964 11.576
0.618 39.135 8.687
2.707 33.458 8.891
3.809 28.182 10.912
2.891 22.243 15.348
2.260 19.600 16.275
1.964 17.962 13.929
-5.874 6.630 29.023
-3.032 12.148 27.427
1.546 17.191 28.275
7.426 18.598 29.685
5.937 19.471 24.039
1.096 24.464 24.527
-1.372 28.780 19.948
-0.615 30.993 13.421
1.557 32.010 7.296
2.093 28.669 0.771
1.592 23.561 -3.171
-6.015 14.279 9.907
-0.218 11.677 7.485
5.764 14.026 5.905
10.176 18.945 6.580
12.093 24.744 8.834
11.247 0.895 25.756
13.680 4.176 30.012
12.997 8.430 34.923
8.323 10.498 39.064
15.759 27.133 13.159
18.030 27.582 14.687
19.907 26.591 12.960
-0.045 -15.475 -37.668
-4.177 -12.794 -33.082
-4.402 -11.482 -26.839
-0.866 -10.151 -21.460
-7.697 -8.135 -21.866
-10.270 -2.195 -21.007
-10.146 4.140 -18.356
-7.183 9.410 -14.785
7.688 6.362 -22.481
6.889 6.019 -16.358
4.243 3.818 -11.858
4.214 3.814 -11.856
2.110 0.085 -8.662
13.751 -17.456 -27.379
11.311 -21.589 -23.604
5.280 -24.807 -22.601
4.991 -24.604 -22.690
-1.337 -23.907 -22.312
-1.453 -25.222 -22.621
3.576 -3.126 -6.158
6.122 -2.258 -5.396
3.065 -0.910 -7.951
3.394 -3.171 -6.244
5.925 -2.202 -5.507
-0.124 -15.327 -37.787
-4.613 -13.044 -33.121
-4.348 -11.520 -26.972
-0.820 -10.242 -21.541
-7.614 -8.050 -21.836
-10.070 -2.100 -20.999
-10.002 4.196 -18.380
-7.083 9.455 -14.764
7.802 6.399 -22.560
7.038 6.083 -16.483
4.525 3.868 -11.917
2.214 0.118 -8.545
13.866 -17.489 -27.379
11.347 -21.559 -23.546
5.388 -24.739 -22.737
5.089 -24.584 -22.691
-1.277 -24.175 -22.580
-1.318 -25.256 -22.932
40.723 16.650 -4.979
34.744 18.456 -2.965
27.717 17.790 -2.544
22.522 13.729 -1.985
20.375 9.314 0.805
20.506 10.124 2.575
17.398 15.475 0.675
12.386 19.433 3.161
8.521 21.026 8.338
5.541 21.167 14.477
7.892 21.851 20.921
12.903 22.443 25.553
18.813 25.666 26.131
24.791 27.787 23.328
27.588 32.533 19.635
26.627 38.627 17.027
8.938 38.785 19.966
11.189 37.811 13.729
15.486 34.929 9.575
20.654 30.199 9.302
25.025 26.050 12.306
25.338 20.973 16.710
22.618 16.004 20.310
18.263 11.432 19.924
12.802 8.238 17.853
37.263 4.389 7.379
34.674 0.623 2.799
31.167 -0.062 -2.762
27.914 2.733 -7.978
27.410 7.765 -12.253
37.687 6.792 -5.893
33.630 10.747 -3.719
27.028 12.734 -3.527
20.629 11.137 -3.769
17.173 9.116 -0.503
12.827 13.301 -0.178
9.841 18.259 3.232
6.805 20.586 8.929
4.357 21.760 15.196
7.066 22.280 21.583
12.159 22.307 26.050
18.298 24.445 26.762
23.909 27.546 24.859
27.906 30.828 20.449
27.591 36.560 16.950
9.261 36.823 17.946
12.141 35.073 12.402
17.287 32.163 8.855
21.286 26.847 9.088
24.393 21.764 12.293
23.419 17.215 17.019
19.824 13.386 21.101
14.214 10.064 20.977
8.003 8.985 18.449
30.335 -2.017 8.024
26.923 -4.839 3.599
23.424 -4.659 -2.223
21.631 -2.077 -7.715
21.617 2.822 -12.599
5.282 5.717 14.970
4.210 2.851 13.805
4.271 1.423 16.087
40.905 16.770 -5.176
35.042 18.675 -2.984
28.069 18.087 -2.676
22.892 14.090 -1.996
21.421 10.062 2.945
17.663 15.548 0.758
12.890 19.433 3.467
8.513 21.195 8.370
5.328 21.146 14.438
7.742 21.788 20.880
12.703 22.476 25.513
18.554 25.641 26.165
24.535 27.515 23.326
27.467 32.428 19.500
26.586 38.250 16.207
8.974 39.337 20.015
11.364 38.349 13.844
15.410 35.277 9.676
20.552 30.451 9.382
24.844 26.321 12.385
25.162 21.262 16.801
22.511 16.079 20.359
18.146 11.485 19.909
12.654 8.263 17.865
37.389 4.445 7.436
34.712 0.642 2.853
31.276 0.100 -2.755
28.030 2.968 -7.872
27.392 8.047 -12.098
36.521 8.153 -4.959
31.800 11.909 -3.734
25.130 13.900 -3.546
19.131 11.437 -1.791
16.458 7.496 2.938
12.970 13.027 0.242
9.856 18.041 3.467
6.664 20.323 9.153
4.275 21.409 15.277
6.891 22.120 21.641
12.087 22.297 25.972
18.266 24.409 26.662
23.709 27.441 24.586
27.822 30.541 20.234
27.682 36.066 16.436
9.573 36.506 17.520
11.996 34.341 12.094
17.036 31.486 8.480
21.462 26.255 9.408
24.332 21.632 12.677
23.424 16.961 17.214
19.717 13.269 21.347
14.060 9.911 21.198
8.171 8.526 18.673
29.904 -1.862 8.141
26.416 -4.616 3.438
22.945 -4.238 -2.128
20.845 -1.294 -7.462
21.078 3.187 -12.463
5.098 5.378 15.144
4.017 2.688 14.103
3.894 1.277 16.396
36.648 7.676 -4.965
32.383 11.826 -2.819
25.832 14.479 -1.604
19.634 12.462 -0.881
16.321 6.975 0.135
12.623 12.891 0.120
9.698 17.908 3.544
6.632 20.351 9.134
4.329 21.523 15.411
7.002 22.098 21.861
12.208 22.327 25.996
18.459 24.276 26.576
23.939 27.357 24.170
27.922 30.628 19.732
27.830 36.180 15.944
9.617 36.856 17.435
12.384 35.106 11.725
17.197 31.678 8.477
21.227 26.577 8.828
24.059 21.452 12.403
23.535 16.962 17.638
19.613 13.186 21.530
13.929 9.787 21.469
8.096 8.542 18.719
29.778 -1.661 8.429
26.483 -4.353 3.676
23.050 -3.941 -1.947
21.412 -0.899 -7.220
21.211 3.892 -12.139
4.978 5.357 15.256
3.867 2.645 14.231
3.660 1.212 16.525
38.341 33.906 -35.912
34.660 28.084 -34.762
29.072 31.850 -34.610
25.222 36.152 -32.399
27.697 40.445 -28.703
29.889 44.737 -25.632
30.070 48.816 -22.002
26.113 51.833 -17.829
21.873 54.294 -14.662
15.874 52.550 -11.631
10.306 50.297 -10.645
5.952 44.901 -10.376
5.749 38.264 -9.261
9.492 33.260 -6.688
13.874 30.385 -3.183
19.267 30.052 1.394
21.900 33.406 6.532
22.246 38.480 11.208
18.515 42.004 15.206
12.541 43.857 18.272
6.268 42.132 19.936
1.908 37.385 21.420
0.024 30.567 21.054
2.707 24.086 21.941
9.161 23.013 25.242
12.647 23.290 31.945
9.344 34.458 37.268
14.801 33.045 33.233
17.988 29.677 27.919
17.218 26.058 22.453
13.726 24.343 16.609
8.236 25.606 12.401
3.846 30.277 9.777
2.941 36.598 7.803
5.523 42.793 6.104
10.806 47.319 5.836
17.224 48.148 3.595
21.595 46.288 0.111
24.866 41.916 -4.438
23.909 37.213 -9.149
20.107 34.399 -13.795
14.997 34.467 -18.353
11.415 38.875 -22.312
9.270 45.053 -23.638
10.639 50.117 -25.892
13.947 54.442 -28.789
22.497 55.577 -36.693
23.237 55.554 -39.332
21.190 57.138 -40.427
18.370 57.351 -31.542
-10.501 -29.535 -9.792
-8.560 -25.148 -5.332
-5.203 -23.842 1.191
-1.760 -25.054 6.380
3.740 -28.654 7.642
2.493 -22.981 11.534
7.224 -19.173 14.574
13.106 -17.450 16.693
19.810 -16.668 16.578
24.943 -15.804 12.089
27.637 -15.461 5.932
26.885 -13.256 -0.186
23.716 -9.666 -4.546
18.950 -5.600 -7.181
16.105 0.072 -5.333
23.392 0.202 11.255
17.109 -1.340 10.649
11.791 -4.078 7.560
9.936 -8.702 2.781
11.036 -13.498 -1.652
14.971 -18.667 -2.330
19.560 -23.293 -0.751
21.274 -27.172 3.681
21.227 -30.138 9.714
3.631 -37.794 -7.722
0.243 -40.990 -3.211
-3.760 -41.164 1.830
-8.414 -38.450 5.779
-12.185 -33.055 8.063
28.761 15.930 61.861
25.454 18.648 56.924
23.154 18.375 50.132
21.305 14.588 45.052
16.454 10.978 44.145
18.354 16.261 40.160
17.978 17.164 41.632
13.983 21.366 37.856
8.323 22.114 34.381
1.755 22.330 33.279
-3.930 22.916 36.999
-7.320 23.423 42.969
-6.851 26.405 48.989
-3.148 29.124 53.927
0.913 33.563 56.527
4.204 39.145 55.275
-2.341 40.109 38.607
3.818 38.792 39.136
8.737 35.843 42.398
10.071 30.874 47.271
8.178 26.560 52.015
4.080 21.431 53.071
-0.065 16.648 50.980
-0.728 12.237 46.532
0.086 9.185 40.866
16.022 4.393 61.232
19.787 0.873 57.519
24.236 0.353 52.426
28.378 3.122 48.281
32.320 8.260 45.869
18.451 -33.363 14.179
17.766 -36.151 15.098
20.260 -37.493 14.196
4.534 5.199 37.163
5.156 2.442 36.092
2.881 0.888 37.220
42.673 -60.427 -1.632
43.344 -59.729 5.383
44.290 -55.495 10.570
43.802 -49.489 13.609
40.598 -43.720 14.644
34.807 -40.844 15.192
28.596 -40.749 14.924
28.762 -61.937 32.049
27.977 -57.943 25.702
27.769 -59.537 19.709
24.147 -58.825 14.265
22.443 -55.953 8.220
24.726 -51.389 3.913
28.586 -46.573 1.568
33.216 -41.917 0.982
39.783 -41.191 1.991
45.954 -41.991 4.454
51.150 -45.923 5.246
21.632 -41.852 14.975
19.009 -41.596 16.339
19.381 -38.939 17.282
-127.633 3.938 -14.066
-133.729 3.958 -16.174
-132.742 6.179 -10.530
-134.650 8.517 -4.673
-137.883 8.434 1.344
-140.887 4.347 5.456
-142.764 -1.538 8.023
-144.453 -7.842 8.736
-141.966 -14.118 7.797
-138.294 -19.066 4.954
-132.369 -21.558 4.253
-123.746 -6.900 10.857
-124.369 -7.734 3.926
-127.575 -10.965 -1.122
-132.957 -13.512 -4.204
-139.506 -13.438 -5.123
-144.951 -9.886 -5.556
-148.098 -4.476 -5.014
-150.649 2.142 -5.720
-152.228 4.229 -7.001
-154.393 2.697 -7.966
-77.561 81.303 12.643
-83.911 81.617 14.034
-83.170 79.005 8.641
-85.032 76.712 3.094
-88.021 76.902 -2.978
-91.233 80.817 -6.906
-92.957 86.710 -9.510
-94.819 93.083 -10.176
-92.458 99.246 -9.168
-88.662 104.180 -6.594
-82.601 106.615 -5.712
-74.288 92.006 -12.479
-74.714 92.962 -5.546
-77.760 95.873 -0.307
-83.203 98.423 2.772
-89.688 98.506 3.617
-95.170 94.949 4.112
-98.339 89.534 3.788
-98.834 90.374 1.986
-100.775 83.132 3.953
-102.336 80.971 5.282
-104.515 82.531 6.303
-12.211 28.585 -9.527
-14.927 34.357 -12.484
-10.416 36.601 -10.840
-10.002 34.781 -4.267
-12.297 37.752 1.473
-17.329 38.403 5.716
-23.411 37.411 8.400
-29.660 35.593 9.190
-33.772 30.455 8.485
-36.568 25.014 5.655
-35.413 18.500 4.653
-18.367 18.465 11.714
-19.867 18.465 4.562
-23.732 19.492 -0.843
-28.376 23.098 -3.978
-31.887 28.759 -4.681
-31.679 35.239 -4.918
-28.562 40.690 -4.578
-24.121 46.006 -5.317
-23.017 48.279 -6.423
-25.461 49.514 -7.700
174.695 152.558 217.007
178.180 158.137 216.276
184.507 160.259 213.328
190.795 159.991 208.903
192.649 158.186 202.949
191.910 153.684 197.752
187.474 149.818 194.123
181.396 149.960 191.382
175.540 153.542 189.008
173.324 159.622 187.351
174.262 166.020 184.959
179.391 171.029 183.465
185.652 173.215 180.354
190.073 171.705 175.703
192.491 167.830 170.504
191.740 163.859 165.403
187.883 162.180 160.088
181.924 161.478 156.805
176.481 164.829 154.514
173.682 170.335 152.660
174.399 176.427 150.557
177.904 182.422 149.681
183.641 186.114 148.195
186.619 151.294 127.077
182.402 156.504 128.723
182.553 162.088 131.851
183.415 166.752 134.866
187.703 168.290 140.229
191.949 170.209 144.569
194.151 174.919 149.502
192.415 179.288 154.470
187.754 179.906 159.311
182.478 180.306 162.531
177.156 177.168 164.687
173.923 171.488 166.571
173.459 164.797 167.939
176.274 159.041 169.837
181.996 155.646 171.833
188.407 156.850 174.387
192.355 160.680 178.703
192.153 164.534 184.316
189.534 168.292 189.262
184.602 168.487 193.657
178.657 166.113 197.169
174.364 161.656 199.183
173.959 154.419 199.634
177.309 149.308 200.578
181.436 145.649 204.018
187.310 145.900 206.274
191.985 148.183 211.435
185.614 185.289 140.524
186.305 186.137 137.788
184.403 188.305 137.258
104.228 -43.290 57.698
109.324 -41.325 53.801
114.183 -37.345 53.438
117.825 -31.481 54.195
120.865 -28.300 59.123
122.852 -27.503 65.559
125.348 -30.576 71.048
126.211 -36.040 74.959
128.685 -42.361 74.707
131.992 -47.095 71.221
136.241 -48.590 66.041
142.878 -46.171 63.326
141.071 -29.846 72.774
138.711 -27.720 66.029
138.227 -31.242 59.850
136.096 -36.625 56.532
131.119 -41.134 56.416
126.810 -45.582 59.302
121.829 -46.795 63.703
117.744 -44.960 68.735
114.013 -40.442 71.525
112.402 -33.295 72.171
110.040 -28.419 68.244
111.536 -25.335 62.474
109.934 -20.250 60.452
107.062 -13.890 61.166
107.338 -8.344 61.885
105.521 -2.114 60.764
126.213 13.695 64.315
125.423 12.335 61.801
