-4.582 21.589 17.260
-9.084 16.897 18.513
-9.507 10.508 17.774
-4.227 7.828 21.778
0.594 4.652 23.441
7.210 3.518 24.522
12.888 7.285 24.633
15.841 13.237 25.107
15.666 19.877 26.250
12.199 25.223 27.690
6.716 28.617 30.262
2.349 27.810 35.515
0.250 24.783 41.489
1.896 23.280 47.284
5.343 20.096 52.464
11.745 21.231 54.996
17.003 24.817 54.773
21.228 29.469 51.910
21.206 36.355 51.396
18.381 42.276 51.181
14.412 47.064 53.745
12.840 49.794 59.028
11.030 49.499 65.907
29.382 42.031 67.489
24.333 37.828 68.633
18.221 36.157 69.583
12.381 35.815 67.202
7.283 36.305 63.133
4.455 39.836 57.641
6.906 40.504 51.336
11.637 38.972 46.535
14.656 34.153 43.423
17.830 28.396 42.118
19.516 21.924 44.209
15.647 16.386 43.911
10.142 13.651 41.914
4.213 13.191 39.077
-0.452 15.281 34.865
-1.677 18.778 29.182
0.477 22.906 24.195
4.866 22.597 19.168
8.184 19.341 15.262
8.387 14.062 10.764
5.972 10.674 6.711
1.018 10.201 3.622
-5.241 11.860 2.105
29.118 85.679 16.328
33.342 83.424 20.444
35.856 81.348 26.463
33.214 77.577 31.497
28.283 73.530 33.665
23.905 69.082 31.795
21.950 64.732 27.194
22.996 61.222 21.398
26.848 58.519 17.000
32.845 55.238 16.612
38.925 53.387 18.044
43.177 51.036 22.480
44.927 48.988 28.401
41.793 45.641 33.883
36.948 43.211 37.786
31.993 39.011 38.108
29.275 33.544 35.488
27.545 29.456 30.434
28.501 26.379 24.752
33.714 23.424 21.196
39.769 20.983 20.127
44.369 17.629 23.250
47.563 14.942 28.197
47.872 11.016 34.760
44.272 7.796 38.608
31.568 8.830 24.332
28.991 11.731 29.477
30.374 15.120 35.214
34.162 17.057 39.969
39.370 20.867 40.943
43.754 24.865 37.650
46.846 27.704 32.770
46.701 30.649 27.060
42.892 33.171 22.017
37.922 35.947 20.324
30.547 36.348 20.105
27.673 41.378 23.131
24.821 44.295 29.071
27.204 48.420 33.630
32.035 52.338 35.941
37.002 56.375 35.313
40.507 60.486 31.932
40.561 64.474 26.815
39.804 65.848 20.099
34.793 66.185 15.089
28.413 67.989 14.441
21.764 69.239 17.194
19.059 72.857 22.226
18.874 75.899 28.094
21.142 80.330 32.452
11.691 -26.520 38.824
16.672 -28.064 34.669
19.578 -29.922 29.225
21.748 -30.081 23.190
45.715 54.788 -93.034
39.529 51.518 -94.136
36.637 46.728 -91.256
35.683 40.922 -87.524
37.817 37.124 -82.186
40.114 38.693 -76.039
44.433 42.233 -71.907
45.076 48.060 -69.037
42.925 54.084 -67.328
39.265 56.901 -64.079
33.187 59.041 -62.100
26.998 56.504 -60.675
23.784 51.906 -57.453
22.770 46.784 -53.558
24.858 40.872 -50.378
29.398 38.752 -46.448
36.073 38.768 -44.662
39.978 43.991 -42.175
39.564 50.349 -39.634
35.974 54.594 -35.723
31.497 56.265 -31.483
30.854 54.194 -24.760
28.474 51.096 -19.952
30.999 45.936 -16.530
35.570 42.307 -13.943
40.356 40.779 -12.769
46.761 38.595 -14.435
51.702 41.102 -18.703
55.233 46.615 -18.999
56.766 53.190 -17.248
58.137 58.255 -13.034
60.299 59.837 -6.528
62.372 58.430 -0.652
65.107 53.942 3.291
69.591 48.793 3.341
73.921 44.851 0.157
77.180 42.933 -5.132
79.637 43.429 -10.928
79.384 46.348 -17.291
82.704 51.635 -19.550
84.822 58.194 -18.286
89.972 60.637 -15.781
96.478 60.340 -13.723
101.888 56.382 -13.581
105.508 51.884 -15.616
106.710 45.264 -17.522
105.941 41.293 -22.654
101.917 40.463 -28.467
100.287 43.746 -33.945
100.239 49.166 -38.079
103.890 54.434 -40.763
109.932 55.779 -42.552
116.115 54.392 -44.766
121.124 50.163 -46.820
122.569 43.594 -48.637
119.680 37.672 -50.913
114.354 34.557 -53.202
109.167 34.545 -57.159
103.593 38.267 -59.344
102.295 43.719 -63.159
103.742 48.245 -68.138
104.980 47.862 -74.180
105.827 44.991 -80.503
106.155 39.770 -84.266
103.727 33.942 -86.122
99.444 29.093 -85.260
95.544 25.315 -80.968
89.763 26.344 -78.173
85.067 30.628 -75.858
80.764 35.737 -77.382
77.037 38.071 -82.468
75.718 38.897 -89.007
72.988 35.198 -93.790
70.378 29.487 -95.715
67.474 23.731 -95.013
63.725 19.457 -91.861
62.835 15.909 -86.103
60.171 17.148 -80.256
59.384 21.667 -75.261
55.444 27.099 -73.995
51.065 32.101 -76.018
44.998 32.759 -78.932
39.203 29.795 -80.255
34.919 25.116 -79.202
32.247 19.243 -77.121
31.868 15.426 -71.747
33.350 14.098 -65.661
38.325 14.600 -60.997
40.757 18.608 -56.258
40.872 25.307 -54.518
36.394 30.088 -52.758
30.849 31.821 -49.841
25.581 30.496 -45.883
24.746 27.048 -40.390
24.479 21.703 -36.362
26.911 17.099 -32.464
31.659 12.508 -30.560
37.724 12.673 -29.059
44.180 14.316 -30.840
47.641 19.733 -29.148
47.689 26.542 -27.765
45.858 30.286 -22.554
43.041 31.843 -16.444
43.025 30.296 -10.289
44.993 26.142 -5.161
48.673 21.139 -2.347
54.249 18.270 -2.274
60.036 15.491 -4.679
64.731 16.018 -9.850
68.176 21.149 -12.247
70.434 27.312 -12.193
73.210 32.385 -9.372
75.919 36.188 -4.550
79.265 35.437 1.070
83.705 31.760 4.629
87.763 26.426 4.681
91.492 22.242 1.175
92.870 18.627 -4.532
96.001 19.111 -10.640
92.615 20.865 -16.371
93.028 26.334 -20.413
96.948 31.886 -21.535
102.475 35.500 -20.377
108.724 35.940 -20.046
115.015 33.193 -19.611
118.735 28.548 -21.454
119.963 22.211 -23.425
117.492 16.946 -26.550
113.296 14.078 -30.971
108.963 13.450 -35.716
104.865 15.796 -40.745
105.790 20.059 -45.707
108.344 25.790 -48.535
114.386 25.702 -52.249
119.419 22.661 -55.181
122.096 17.545 -58.231
122.601 12.423 -61.290
119.189 7.516 -64.323
113.125 4.668 -65.693
107.061 6.036 -67.837
101.763 10.293 -68.639
99.882 15.950 -71.198
100.924 20.675 -75.854
103.459 22.165 -81.890
107.430 21.343 -87.275
108.142 4.242 -83.844
113.639 7.896 -83.840
116.267 13.707 -81.869
116.167 19.062 -77.753
112.959 23.759 -73.778
109.260 23.362 -68.087
104.421 20.201 -64.387
103.047 14.836 -60.924
105.152 9.765 -57.378
109.324 6.303 -53.733
115.000 5.695 -50.162
119.678 9.399 -47.562
122.464 14.556 -44.984
122.428 20.362 -41.991
119.526 26.581 -41.094
114.507 29.423 -38.354
107.504 29.521 -37.998
103.684 24.859 -34.517
103.436 19.082 -30.620
106.350 15.926 -25.456
109.604 15.937 -19.958
111.136 19.019 -14.497
111.118 23.577 -10.138
107.678 28.979 -7.599
103.675 33.427 -7.153
97.677 35.532 -7.177
91.936 36.497 -10.953
87.877 32.734 -14.987
84.450 27.181 -14.386
82.530 21.210 -11.611
80.933 17.031 -6.513
77.737 16.932 -0.716
75.012 19.759 4.718
71.167 24.559 6.742
67.108 29.744 5.214
63.278 32.470 0.661
61.143 33.111 -5.392
59.828 31.234 -11.366
60.671 26.779 -16.609
57.307 21.161 -17.936
54.629 15.244 -15.450
49.297 13.145 -12.574
42.682 14.304 -12.018
37.259 18.270 -13.486
34.644 22.285 -17.522
34.537 28.357 -20.951
35.683 29.703 -27.115
40.471 29.760 -32.236
42.566 25.465 -36.549
43.181 19.377 -39.271
39.862 13.589 -41.179
34.782 12.184 -44.112
28.267 12.635 -46.280
24.341 15.314 -49.437
22.820 18.810 -54.609
23.306 24.319 -58.537
27.021 28.038 -62.093
32.899 31.078 -63.348
39.587 30.354 -61.648
43.909 25.354 -63.050
45.646 18.827 -64.571
44.743 14.124 -68.972
45.016 13.159 -75.628
44.664 15.010 -81.918
44.627 19.192 -87.082
48.155 24.040 -89.676
52.375 29.130 -89.347
55.862 33.760 -85.517
61.052 33.240 -81.727
65.028 29.646 -77.459
68.626 23.748 -77.019
73.004 20.409 -80.682
76.543 18.957 -86.164
79.968 21.405 -90.951
82.849 26.541 -94.336
85.968 31.884 -93.993
88.392 37.601 -91.953
88.651 42.104 -86.799
89.169 41.948 -80.418
89.610 38.942 -74.778
93.954 34.069 -71.458
98.622 29.258 -71.616
105.131 28.441 -73.143
110.848 31.178 -73.275
115.320 36.499 -73.474
117.041 42.481 -71.935
117.060 46.975 -66.878
113.090 50.573 -63.270
108.294 50.669 -58.251
104.351 46.747 -54.153
104.947 40.877 -50.453
109.246 37.023 -46.854
113.776 36.881 -42.218
117.257 40.413 -37.433
118.464 46.230 -34.056
116.445 51.313 -31.135
111.493 56.735 -29.737
105.166 57.637 -29.092
98.819 55.841 -31.217
94.502 50.720 -28.924
94.316 44.299 -26.684
95.437 41.881 -20.069
97.051 42.295 -13.510
96.005 45.303 -8.178
93.214 50.395 -4.562
89.437 55.987 -4.156
83.480 58.371 -4.593
78.160 60.253 -8.472
74.576 58.225 -14.127
71.212 52.577 -15.359
69.505 46.097 -14.409
65.891 42.373 -10.908
61.838 39.990 -5.870
57.345 42.187 -1.587
53.217 46.734 1.264
49.287 51.546 -1.150
46.291 54.917 -6.196
44.986 56.693 -12.334
46.311 56.211 -19.039
47.496 52.180 -23.785
48.018 45.871 -26.492
44.037 40.473 -26.730
38.588 37.306 -25.699
31.758 36.748 -26.148
26.319 39.504 -27.833
23.209 44.517 -30.723
22.539 48.849 -34.632
25.085 53.839 -39.083
30.725 55.762 -42.051
35.319 54.987 -46.596
39.957 51.380 -50.333
39.669 46.031 -54.034
37.032 39.999 -56.037
32.395 39.018 -60.713
27.653 40.879 -65.204
25.673 44.877 -69.495
26.607 49.857 -73.775
30.436 55.016 -75.994
36.702 57.351 -77.272
43.223 56.158 -76.947
48.696 51.228 -76.828
50.664 45.174 -78.093
50.143 39.819 -82.074
48.764 37.202 -88.178
45.795 37.091 -94.374
-20.422 8.579 -90.716
-18.494 7.491 -84.450
-21.267 7.071 -79.005
-24.634 8.225 -73.436
-20.845 3.928 -71.453
-14.226 3.225 -73.598
-7.816 1.830 -71.952
-4.185 1.644 -66.385
-5.234 0.578 -60.472
-2.482 -3.026 -55.150
33.541 45.783 37.665
32.628 44.191 44.006
32.408 47.072 49.249
33.791 50.732 54.468
29.097 47.032 56.951
28.739 40.354 54.908
27.346 33.932 56.685
27.212 30.286 62.153
26.325 31.402 68.152
22.976 29.097 73.756
5.106 33.629 -178.075
6.686 32.702 -171.702
3.851 32.457 -166.475
0.059 33.873 -161.310
3.940 29.151 -158.886
10.630 28.733 -160.917
17.040 27.385 -159.198
20.696 27.499 -153.812
19.683 26.732 -147.747
21.813 22.885 -142.236
31.617 8.350 -90.925
33.410 7.365 -84.542
30.540 7.032 -79.209
26.825 8.445 -74.002
30.520 3.613 -71.590
37.234 3.245 -73.661
43.708 1.740 -72.039
47.335 1.985 -66.620
46.459 0.831 -60.665
49.050 -2.864 -55.265
33.301 45.712 37.537
32.409 44.285 43.985
32.166 47.052 49.208
33.605 50.836 54.331
28.880 47.071 56.750
28.556 40.410 54.780
27.084 33.985 56.501
27.163 30.314 61.949
26.427 31.415 67.926
23.016 29.425 73.693
8.324 20.255 -48.047
7.381 18.420 -41.674
6.985 21.245 -36.301
8.368 24.887 -31.044
3.592 21.134 -28.676
3.238 14.455 -30.789
1.734 7.984 -29.291
2.056 4.363 -23.851
0.932 5.366 -17.800
-2.592 2.432 -12.479
8.131 20.467 37.588
7.086 18.818 43.918
6.868 21.689 49.193
8.168 25.471 54.191
3.539 21.726 56.635
3.286 15.005 54.734
1.829 8.618 56.403
1.854 4.986 61.863
1.039 6.029 67.816
-2.252 3.779 73.419
8.131 20.083 37.106
7.386 18.527 43.581
7.074 21.215 48.862
8.474 24.910 54.038
3.781 21.179 56.412
3.325 14.474 54.316
1.783 8.046 56.047
1.887 4.477 61.573
1.014 5.714 67.457
-2.971 3.158 72.995
5.751 -0.632 11.777
7.627 4.408 7.573
7.210 8.356 3.400
9.569 6.040 -2.820
2.822 -4.574 12.675
6.879 -0.266 10.020
6.666 5.663 8.818
10.873 8.461 5.034
55.705 9.751 -1.691
53.124 3.838 -3.668
48.020 1.333 -2.635
43.354 1.960 1.279
43.070 -1.415 6.947
45.925 -0.305 11.159
45.868 3.189 13.414
47.573 9.399 16.990
49.640 15.774 14.787
53.001 5.975 14.579
57.245 10.803 16.532
56.266 16.443 15.784
53.705 20.082 11.624
56.720 21.894 5.930
57.053 19.277 1.852
53.766 17.111 -0.321
50.679 11.787 -4.172
45.667 7.556 -2.300
54.996 -2.620 7.770
54.122 -2.510 0.926
58.069 -3.205 -3.175
63.979 -1.702 -4.303
66.158 4.565 -6.130
65.877 8.514 -3.479
68.502 8.603 0.330
69.846 10.834 7.148
69.979 6.794 12.840
64.041 11.672 6.216
63.261 12.827 12.792
65.442 9.645 16.981
66.512 3.882 18.211
61.874 -0.563 20.246
58.920 -2.871 17.206
59.878 -5.155 13.465
58.760 -7.507 6.684
62.702 -5.885 1.168
18.618 139.161 27.562
13.011 139.500 23.924
9.813 136.968 18.776
9.463 132.994 13.361
11.649 127.624 9.781
14.279 121.519 11.331
18.519 117.661 15.219
18.714 114.745 21.111
16.236 112.892 26.730
11.176 110.292 29.954
4.996 109.065 31.424
0.052 106.133 28.447
-2.910 103.117 23.943
-3.397 98.823 18.908
-0.633 95.369 13.686
4.093 91.556 12.049
10.582 89.706 12.213
14.261 87.999 17.731
13.764 85.484 23.921
10.560 81.545 27.910
6.556 77.228 29.850
4.210 70.236 28.689
2.697 65.452 25.137
5.764 61.513 20.746
9.947 58.872 16.559
15.425 58.437 13.440
21.924 60.086 11.795
26.929 63.155 15.348
28.471 65.672 21.293
30.408 63.431 27.056
31.132 58.391 31.555
32.248 52.506 33.539
34.126 46.434 32.399
39.366 43.269 29.130
43.291 42.635 23.637
47.996 45.411 19.565
50.825 50.858 16.755
52.969 56.819 17.326
53.182 63.162 19.940
56.443 65.482 25.211
58.703 64.902 31.540
63.763 62.121 34.602
70.382 60.337 33.894
75.775 59.834 29.998
79.140 60.888 24.826
81.020 63.033 18.731
79.783 68.120 14.586
75.951 73.794 13.348
74.505 79.366 16.285
74.433 83.592 21.645
77.780 86.304 26.850
83.465 88.546 28.613
89.887 89.638 27.759
95.029 90.715 23.408
97.121 95.196 20.855
97.131 96.963 13.900
94.143 100.460 9.301
88.764 102.654 6.761
81.998 102.474 7.171
77.470 105.372 11.262
75.764 108.703 17.168
76.875 114.247 20.399
79.128 120.704 20.556
80.459 125.994 17.335
80.342 130.109 12.185
77.376 131.838 6.706
73.191 131.112 1.620
69.337 126.689 -1.938
63.530 123.872 -0.821
58.939 121.626 3.504
55.229 122.948 9.158
51.370 127.980 11.351
49.623 134.269 11.807
47.190 139.351 8.122
43.971 141.184 2.773
40.944 140.643 -3.020
37.367 137.452 -7.449
36.085 131.697 -11.266
33.523 125.944 -9.838
33.723 120.947 -5.155
29.422 119.674 -0.017
25.045 121.645 4.896
18.841 124.469 5.611
13.114 125.712 2.485
8.695 124.797 -2.013
6.103 122.593 -7.738
5.658 117.155 -11.344
7.350 111.073 -12.647
12.280 106.448 -12.132
14.623 101.886 -8.149
14.765 100.097 -1.484
10.528 98.402 3.434
4.903 95.625 4.922
0.470 91.080 3.818
-1.462 85.957 0.196
-1.855 82.194 -5.020
0.761 78.103 -9.405
5.624 76.432 -14.039
11.722 74.718 -14.021
18.085 76.319 -12.131
21.571 74.919 -6.774
21.957 73.093 -0.297
20.614 67.880 3.597
17.625 61.880 4.980
17.816 55.595 3.191
19.725 50.545 -0.931
22.858 48.365 -6.470
28.552 48.254 -9.565
34.533 50.389 -12.142
38.891 55.761 -11.570
42.754 57.816 -6.196
44.573 57.727 0.235
45.031 53.988 6.034
47.374 48.608 8.488
52.493 44.483 7.221
56.794 40.511 3.892
61.418 41.288 -0.931
64.911 44.384 -5.947
66.382 49.827 -9.038
66.144 56.574 -9.295
66.395 62.326 -6.560
67.065 66.562 -1.084
71.202 67.359 4.115
76.315 65.681 8.214
82.502 64.695 7.969
88.444 64.271 4.952
91.982 65.851 -0.528
92.862 69.122 -5.952
91.012 72.477 -11.720
86.410 76.629 -14.397
82.605 81.709 -14.446
78.452 86.672 -11.729
79.677 91.325 -7.366
82.684 94.038 -1.679
88.344 97.806 -1.772
93.262 100.862 -4.836
96.833 103.671 -9.449
96.549 107.029 -15.053
92.560 109.999 -19.526
86.486 110.642 -22.604
80.371 112.779 -21.161
75.225 113.877 -17.009
73.384 116.795 -11.435
74.355 121.467 -6.894
76.703 127.704 -5.842
80.748 132.846 -6.235
81.608 128.968 -23.634
86.942 128.455 -20.378
89.596 125.639 -15.011
89.529 123.795 -8.524
86.646 119.696 -4.085
82.851 113.977 -4.004
77.906 110.096 -6.835
77.300 105.902 -11.762
78.872 102.430 -17.039
83.312 99.322 -20.944
88.768 95.934 -21.680
93.579 93.175 -18.101
96.450 90.553 -12.867
96.202 86.967 -7.357
93.575 85.425 -1.098
88.199 83.452 1.729
81.155 83.437 1.631
77.392 80.146 -2.895
77.094 76.161 -8.556
79.516 71.455 -11.967
82.174 65.300 -12.651
83.449 59.576 -9.835
84.162 55.413 -4.715
81.442 52.945 0.602
76.890 52.166 4.853
70.833 52.580 7.482
65.262 56.566 8.894
61.167 59.550 4.636
59.364 60.542 -1.613
57.102 57.554 -6.842
55.767 51.933 -10.373
53.999 45.408 -10.494
49.943 40.640 -7.782
45.443 38.624 -3.577
40.707 40.256 0.615
37.055 44.689 4.173
35.445 51.064 5.596
33.865 56.908 3.578
34.751 62.395 -0.629
31.633 63.745 -6.228
28.962 61.680 -12.252
23.275 58.808 -14.354
16.787 58.140 -12.878
11.469 59.643 -8.950
8.648 62.979 -4.194
8.352 66.177 1.736
9.693 72.554 3.113
14.312 77.706 3.238
16.396 81.921 -1.042
16.988 84.904 -7.015
13.832 86.606 -12.725
8.254 89.094 -14.468
2.176 91.674 -13.842
-1.999 95.040 -11.557
-3.547 100.001 -7.564
-2.851 104.120 -2.408
0.885 107.661 1.345
6.641 108.981 4.090
13.355 107.524 3.598
17.782 108.678 -1.456
19.526 110.188 -7.947
19.049 114.565 -12.524
18.504 121.166 -14.017
18.173 127.225 -12.135
18.493 132.523 -7.882
21.752 135.117 -2.964
26.100 135.023 2.001
29.634 131.144 6.494
34.790 127.059 6.181
38.912 123.154 2.577
42.503 122.658 -3.241
46.716 126.249 -6.803
50.173 131.668 -8.086
53.251 136.722 -5.819
56.543 139.890 -0.882
59.616 139.912 4.903
62.533 137.483 10.019
62.363 132.449 14.874
64.072 126.263 15.134
63.776 120.280 11.744
67.882 117.209 7.112
72.437 117.309 1.899
78.826 118.914 0.795
84.775 120.094 3.265
88.821 119.642 8.554
91.139 118.472 14.606
89.994 114.470 19.866
87.543 109.100 22.567
81.880 104.976 23.058
79.496 99.718 19.775
79.064 96.587 13.492
82.984 93.150 9.643
88.070 89.077 8.896
91.828 84.740 10.805
93.313 80.721 15.032
92.146 77.246 20.378
90.215 75.721 26.604
84.226 75.382 30.939
77.805 75.028 30.674
71.714 76.930 28.143
68.331 74.332 23.189
67.916 71.779 16.867
68.328 65.423 14.807
69.579 58.834 15.872
69.132 53.700 19.479
67.368 49.992 24.876
62.904 49.853 29.975
57.291 51.506 32.633
51.653 54.862 33.987
48.002 60.427 31.977
44.766 61.286 26.049
43.058 59.881 19.809
41.384 55.352 15.359
38.004 49.658 14.720
33.002 46.466 16.668
27.771 44.597 20.347
23.220 47.207 24.669
20.826 51.594 28.893
20.157 58.094 30.979
21.206 64.690 29.484
21.950 69.505 25.487
21.918 72.470 19.375
17.743 72.646 14.002
12.492 71.175 10.705
6.116 71.117 10.565
0.151 71.696 13.024
-2.939 75.523 17.534
-3.334 80.484 22.089
-0.973 84.467 27.006
4.721 88.388 29.607
9.371 92.836 28.550
14.064 96.091 24.654
13.785 99.646 19.039
11.069 101.294 12.971
6.316 106.098 11.722
2.504 110.874 13.635
-1.041 114.659 17.548
-0.085 119.371 22.048
3.806 122.305 26.909
9.852 123.058 29.796
16.552 123.182 28.283
21.650 122.663 24.189
24.259 124.198 18.152
24.114 127.915 12.675
22.500 133.807 10.066
19.422 139.768 9.409
-6.382 -0.135 92.694
-13.106 2.760 93.213
-16.102 7.599 90.477
-17.170 14.168 86.897
-15.165 17.451 81.991
-12.632 16.411 75.563
-8.717 12.851 71.255
-7.073 7.412 68.340
-8.910 1.799 66.409
-13.370 -1.968 63.272
-19.547 -4.020 61.618
-25.621 -2.158 59.943
-28.888 2.228 56.260
-29.969 5.587 50.893
-28.448 11.625 47.304
-23.491 15.473 45.405
-16.818 15.776 44.058
-12.469 11.129 41.929
-11.453 4.082 39.798
-13.880 -0.682 35.899
-18.116 -1.393 30.033
-21.643 0.322 24.740
-21.606 4.639 19.410
-18.652 8.832 15.195
-13.013 12.996 13.820
-7.055 14.827 14.054
-1.164 13.722 17.653
2.340 8.613 19.124
3.814 1.397 17.644
4.141 -2.901 12.719
4.561 -5.001 6.505
8.295 -3.406 1.188
12.311 0.086 -2.763
17.102 5.623 -2.944
21.145 9.956 0.033
24.430 12.462 5.853
26.357 10.545 11.794
26.932 7.845 17.103
29.835 3.030 20.095
32.036 -3.666 18.516
37.174 -6.779 16.051
44.407 -6.483 13.576
49.470 -2.929 12.720
52.864 2.579 14.371
53.963 8.594 16.888
53.396 13.589 22.287
49.912 14.067 27.093
47.404 11.270 33.545
47.759 6.401 37.602
51.004 0.406 40.584
56.505 -2.104 42.094
62.643 -1.202 44.188
67.904 2.679 45.519
70.056 5.913 49.284
70.103 12.574 50.269
67.163 17.055 55.538
62.328 21.265 55.754
55.785 20.417 56.934
50.985 16.690 59.718
49.438 10.886 63.123
50.916 6.651 68.308
52.267 7.150 74.535
53.721 10.031 80.575
53.776 15.376 84.399
50.779 21.038 86.099
46.716 25.820 85.265
42.634 29.527 80.997
36.878 28.587 78.297
32.302 24.376 75.991
28.458 18.776 77.108
24.731 16.473 82.196
22.611 16.184 88.481
20.260 19.345 93.682
17.143 24.860 95.595
14.161 30.674 94.653
10.925 35.197 91.610
9.286 38.966 85.994
6.929 37.606 80.227
6.818 33.068 75.143
2.594 27.881 73.739
-1.888 23.015 75.675
-7.815 22.093 78.697
-13.629 25.103 79.596
-17.913 29.820 78.651
-20.501 35.780 77.032
-20.718 39.603 71.415
-19.593 40.938 65.245
-14.307 40.510 60.690
-12.168 36.481 55.984
-11.783 29.711 54.283
-16.236 25.018 52.468
-21.656 23.229 49.616
-26.112 24.579 44.907
-27.588 28.435 39.546
-28.552 33.893 36.306
-25.723 38.023 32.312
-20.941 41.988 29.869
-14.547 42.219 28.677
-8.210 40.401 30.363
-4.801 35.230 29.018
-4.957 27.955 27.781
-6.069 24.725 21.863
-8.954 22.911 16.053
-9.251 24.948 9.884
-7.119 29.440 4.889
-3.440 34.300 2.513
1.827 36.838 2.158
7.991 40.286 4.665
12.862 39.438 9.627
15.946 34.165 12.155
17.989 27.806 11.934
18.869 21.953 8.563
21.739 19.954 3.060
26.239 20.953 -1.982
31.199 23.517 -4.942
35.525 28.748 -4.011
38.112 34.290 -1.721
40.166 36.778 4.519
40.424 37.015 10.994
39.592 34.246 17.014
40.743 28.572 20.666
44.727 23.197 21.643
50.667 20.763 20.343
57.439 21.914 20.045
62.685 27.601 20.276
63.595 34.128 21.197
63.890 39.133 25.419
59.463 42.120 30.162
56.269 41.892 35.945
51.807 39.274 40.788
53.439 35.011 45.908
56.591 29.516 48.414
62.249 28.748 51.633
66.875 32.435 55.385
69.670 37.085 58.035
69.826 43.239 60.876
66.213 47.450 64.298
60.798 50.357 65.799
53.492 49.242 67.552
49.150 44.788 68.931
46.811 38.953 71.135
47.850 34.599 76.037
50.110 33.184 82.190
54.768 33.892 87.301
55.748 38.636 91.644
48.505 51.946 81.905
55.717 51.092 84.043
60.757 46.938 84.223
63.354 41.637 81.012
63.295 35.663 77.954
60.031 31.139 74.310
56.129 31.384 68.302
51.428 34.662 64.851
50.330 40.700 60.717
52.128 44.853 57.240
56.696 49.060 53.701
62.087 49.452 50.324
67.017 45.799 47.478
69.610 40.962 44.881
70.436 34.909 42.174
67.299 29.487 39.627
61.865 25.848 38.022
54.831 26.037 38.148
50.963 30.321 34.881
50.200 35.879 31.074
52.562 39.706 26.038
55.279 39.790 20.237
57.169 36.513 14.686
56.563 32.249 9.846
52.920 26.659 8.092
47.252 21.723 7.700
40.403 19.668 10.202
35.614 22.199 14.268
32.601 28.627 14.807
30.814 34.378 11.915
30.159 38.279 6.413
28.140 38.098 0.146
24.332 35.987 -4.780
19.791 31.068 -6.433
14.913 27.363 -5.901
12.000 23.652 -1.168
9.344 22.207 5.589
7.789 24.313 10.970
8.161 28.434 16.506
5.141 34.051 17.758
2.333 39.881 15.746
-3.066 42.243 12.570
-9.380 41.029 11.884
-14.953 37.056 13.249
-17.609 32.601 16.790
-17.787 26.714 20.272
-16.889 25.401 25.914
-11.899 24.957 31.580
-9.957 29.584 36.235
-9.443 35.709 38.861
-12.316 41.468 40.863
-17.975 43.210 43.397
-23.794 42.510 45.935
-28.634 40.086 49.066
-29.745 36.329 53.925
-29.307 30.962 58.021
-25.832 26.907 61.258
-20.023 24.149 63.040
-13.366 24.463 61.221
-8.969 29.623 62.730
-7.050 36.080 64.343
-7.807 40.719 68.629
-7.936 41.630 75.413
-8.417 40.056 81.682
-8.452 35.671 86.718
-4.707 30.938 89.283
-0.594 25.712 88.936
2.910 21.114 85.038
8.029 21.603 81.287
12.011 25.305 77.404
15.870 31.031 76.940
19.521 35.301 80.474
23.381 35.819 86.160
26.951 33.051 90.768
30.027 28.306 94.088
33.040 22.968 93.906
35.679 17.318 91.821
35.520 12.804 86.625
36.821 12.753 80.485
37.000 15.915 74.438
41.141 20.725 71.571
45.760 25.656 71.644
52.101 26.758 73.375
57.731 23.874 73.554
62.498 19.032 74.408
63.963 13.216 72.431
64.086 8.310 68.041
60.668 5.020 63.328
56.240 4.558 58.365
52.213 8.249 54.058
52.234 14.301 50.630
56.795 18.042 47.238
61.381 18.180 43.537
63.932 16.130 38.228
67.115 10.541 34.715
67.046 5.642 32.296
63.038 0.889 29.378
57.671 -2.933 28.982
51.448 -3.233 29.566
45.136 -0.445 31.029
42.187 4.229 28.833
41.136 10.955 25.614
41.884 12.836 19.470
42.831 11.592 12.773
42.489 7.579 7.423
40.101 3.432 3.594
36.125 -2.061 3.835
30.060 -4.343 4.445
25.122 -6.428 8.758
21.836 -3.800 14.057
18.899 1.892 15.805
16.532 7.954 14.259
15.280 13.051 9.953
11.544 13.577 4.489
6.154 13.246 1.003
1.267 8.978 -0.503
-3.087 4.042 1.019
-5.562 -0.865 5.790
-5.587 -2.739 12.158
-5.206 -1.483 18.774
-2.658 2.788 23.694
-4.514 9.022 26.112
-8.720 14.244 26.450
-14.629 17.188 25.786
-21.145 15.327 26.813
-26.107 9.509 27.619
-27.065 4.059 30.549
-25.105 -0.130 35.592
-20.810 -1.344 40.826
-17.375 -0.338 45.658
-12.672 3.716 49.902
-13.476 9.242 53.017
-16.241 15.234 54.575
-21.548 15.983 59.057
-25.341 13.701 63.771
-26.837 9.343 68.602
-25.583 4.733 72.958
-20.976 -0.790 75.376
-14.755 -3.048 75.290
-8.772 -0.949 75.852
-4.362 3.985 75.987
-2.209 9.745 77.773
-2.827 15.135 81.843
-4.218 17.482 87.962
-7.509 17.877 93.893
