34.605 21.923 -17.876
27.592 22.917 -18.435
21.795 19.465 -20.307
19.947 13.444 -18.902
20.232 6.442 -18.848
23.356 0.242 -17.696
25.918 -2.136 -12.050
28.668 -1.389 -5.834
28.300 1.537 -0.057
24.414 3.414 4.658
18.512 7.013 6.478
12.360 3.697 7.050
6.647 0.723 4.920
2.462 -3.913 1.648
3.244 -10.670 2.751
5.891 -16.967 4.169
8.346 -20.107 8.967
8.454 -21.709 15.228
9.456 -19.361 21.770
-3.821 -8.763 16.744
1.569 -6.234 19.252
8.247 -6.034 19.199
14.727 -8.499 18.076
17.538 -11.976 12.920
17.590 -13.750 5.974
14.727 -13.680 -0.111
12.076 -9.362 -4.937
11.324 -3.115 -5.926
10.453 3.317 -5.447
13.519 9.245 -4.739
18.387 13.389 -1.646
24.854 13.749 -3.062
30.829 12.210 -5.412
34.208 9.066 -10.121
34.707 4.210 -15.322
32.557 5.212 -21.584
28.568 7.003 -26.617
25.572 12.921 -29.734
97.674 16.985 76.516
94.702 18.007 82.243
89.992 22.077 84.342
87.356 28.549 85.480
85.327 34.152 82.480
82.717 36.504 77.029
79.440 35.861 71.446
75.689 32.723 66.878
72.201 27.228 65.610
68.737 21.602 66.384
65.143 17.880 70.304
60.496 18.101 75.238
57.834 21.334 80.698
55.665 27.267 82.053
54.401 33.813 81.018
52.292 27.880 62.184
56.891 32.083 63.781
59.918 36.480 68.334
62.280 37.592 74.472
64.180 34.540 80.080
66.862 29.504 83.342
69.280 23.198 84.911
73.200 19.027 82.009
77.332 17.612 76.803
80.416 17.349 70.864
84.591 21.164 67.526
87.654 27.041 65.963
90.305 32.387 69.037
92.029 36.114 74.256
94.651 36.348 80.020
97.867 16.864 76.849
94.407 18.589 81.934
90.456 22.523 85.400
87.802 29.018 86.012
85.720 34.568 82.880
83.174 36.814 77.234
79.868 36.073 71.578
75.651 32.448 67.796
72.326 27.053 66.116
68.794 21.627 67.316
64.898 18.015 71.351
60.513 18.750 76.291
57.610 22.206 81.268
55.179 28.259 82.376
53.902 34.631 81.119
53.137 27.584 63.318
57.217 32.396 64.348
60.472 37.032 68.529
62.540 38.380 74.722
64.308 35.601 80.465
66.860 30.740 84.021
69.991 24.860 84.905
73.519 19.712 82.692
77.539 17.877 77.658
80.509 17.825 71.697
84.895 21.407 68.286
88.126 27.104 66.518
90.865 32.362 69.527
92.268 36.655 74.602
95.193 36.369 80.211
68.980 107.615 26.475
73.572 110.462 29.903
80.239 112.668 29.971
85.496 114.729 26.553
87.152 118.938 21.503
86.614 122.598 15.896
82.963 127.153 13.076
77.957 131.322 13.424
72.460 134.543 15.594
69.298 137.432 20.604
70.450 141.032 26.202
74.484 142.853 31.491
80.472 144.820 32.602
86.950 145.361 31.262
91.103 148.192 27.217
92.425 152.275 21.732
90.314 156.002 16.600
85.720 159.971 13.490
82.059 164.988 14.927
77.466 168.182 18.751
78.623 173.241 23.155
82.084 176.442 28.027
87.665 179.058 30.145
93.230 181.742 27.749
97.330 184.272 23.433
81.667 183.950 13.156
86.484 180.961 9.988
92.050 177.277 10.753
96.751 174.276 14.331
97.684 171.592 20.443
96.027 169.635 26.364
91.163 166.456 29.972
84.668 165.122 32.263
79.521 162.279 29.701
76.171 158.391 25.687
75.178 156.091 19.241
78.109 152.069 15.066
82.126 146.681 14.473
87.432 142.968 17.043
89.608 139.673 22.296
87.290 136.462 27.876
82.566 133.531 31.506
76.377 131.103 33.483
71.575 127.750 30.507
69.304 124.660 24.910
67.862 122.767 18.755
70.745 118.980 14.134
75.646 115.430 11.108
80.965 111.708 13.056
85.854 109.538 17.161
39.178 10.726 84.590
33.272 9.759 87.420
28.240 6.079 90.498
28.959 0.605 94.573
32.865 -4.200 97.322
38.299 -6.001 100.468
42.903 -4.560 104.789
47.767 -0.437 107.679
47.414 4.917 110.906
44.547 9.794 114.775
38.829 12.170 118.057
33.370 10.933 121.000
29.871 6.810 125.087
28.559 0.630 127.797
32.318 -4.113 130.839
38.172 -6.612 133.059
44.337 -6.090 135.835
34.604 9.430 139.624
40.396 10.731 136.651
46.338 9.077 133.628
47.700 4.089 129.387
46.233 -1.761 126.178
41.989 -5.413 123.434
37.275 -5.982 119.076
31.055 -4.179 116.233
29.143 1.185 112.965
30.034 6.672 109.379
34.005 11.297 106.233
39.514 12.512 103.249
44.413 10.091 99.130
48.267 4.943 96.503
46.285 -0.844 93.064
41.869 -5.492 91.101
35.929 -7.101 88.574
12.417 10.119 33.894
6.697 8.926 36.770
2.181 4.932 39.840
3.285 -0.235 44.044
7.479 -4.879 46.846
12.830 -6.300 49.911
17.153 -4.560 54.407
21.788 -0.147 57.208
21.048 5.273 60.681
17.620 9.767 64.256
11.676 12.055 67.256
6.330 10.750 70.325
2.912 6.612 74.570
1.841 0.582 77.531
6.340 -3.919 80.550
11.916 -6.082 82.937
18.419 -5.014 84.743
7.925 9.480 88.676
13.606 11.452 85.807
19.590 10.044 82.674
21.014 4.740 78.550
19.619 -1.036 75.749
15.497 -5.056 73.012
10.667 -5.974 68.739
4.455 -4.504 65.790
2.640 0.649 62.058
3.783 6.131 58.576
7.697 10.912 55.517
13.218 12.245 52.465
18.028 10.072 48.425
22.141 5.129 45.884
20.702 -0.854 42.597
16.418 -5.750 40.764
10.854 -7.886 37.926
-5.266 108.053 -50.226
-12.056 106.424 -49.884
-16.171 101.236 -51.680
-18.568 96.129 -53.782
-19.495 89.352 -55.315
-17.188 82.968 -54.844
-14.548 78.365 -50.303
-11.361 47.922 -39.915
-17.253 44.086 -39.287
-20.211 38.884 -40.375
-22.303 32.921 -40.232
-22.831 26.764 -39.026
-21.018 20.457 -36.419
24.542 35.154 -18.683
18.422 34.953 -15.136
13.668 30.772 -15.228
11.669 24.391 -14.834
13.548 18.424 -12.737
18.530 14.826 -10.014
24.422 13.919 -7.379
28.660 16.398 -2.625
32.271 20.602 1.122
31.480 24.626 6.397
27.534 29.137 10.274
21.319 30.379 12.334
15.983 27.697 14.850
13.107 22.857 18.316
11.630 17.357 21.262
14.279 11.545 24.041
19.272 9.228 26.994
25.525 9.267 29.988
29.133 13.497 33.518
29.668 17.986 38.263
28.233 24.082 41.275
22.930 25.999 44.583
17.670 25.047 48.089
13.008 21.846 51.554
10.884 15.618 55.140
13.311 10.731 58.465
25.566 23.985 62.181
29.651 20.023 58.083
30.141 14.160 54.808
27.427 8.528 52.276
22.361 6.814 48.753
17.805 7.909 44.217
12.222 11.248 41.495
11.171 17.242 39.159
12.835 22.575 35.922
16.823 26.617 32.233
22.853 27.051 28.843
27.915 25.071 26.195
29.959 20.161 21.873
29.602 15.540 18.612
26.254 11.615 13.830
20.451 10.507 11.116
15.548 13.508 7.441
13.461 19.682 6.444
13.888 26.436 6.167
17.419 30.953 3.027
22.394 33.110 -1.007
26.412 31.681 -5.635
30.955 28.179 -9.461
31.347 23.172 -13.625
28.560 19.714 -18.459
23.923 18.417 -23.088
13.089 9.364 66.948
19.327 9.869 70.576
23.988 14.095 70.234
25.567 20.616 70.306
23.393 26.594 72.227
18.112 29.691 75.230
12.257 30.229 78.132
8.277 27.626 82.937
5.064 23.314 86.914
6.280 19.364 91.957
10.529 15.228 95.888
16.897 14.391 97.895
21.917 17.227 100.443
25.249 22.416 103.539
25.966 28.512 105.675
22.872 33.583 109.134
17.873 35.343 112.584
11.735 35.056 115.484
8.257 30.779 119.029
7.393 26.501 123.727
8.443 20.336 126.626
13.666 18.184 130.156
18.953 19.181 133.576
24.162 22.335 136.614
25.368 28.030 139.786
23.316 34.406 143.497
11.415 20.704 147.965
7.011 24.403 144.035
6.753 30.312 140.419
9.083 36.237 138.224
14.531 37.818 134.302
19.304 36.405 130.214
24.758 32.897 127.762
25.459 27.327 124.909
24.173 22.090 121.583
20.790 17.474 118.085
14.548 17.300 114.334
9.897 19.265 111.654
7.643 24.134 107.430
7.704 28.863 104.117
10.996 32.775 99.291
16.711 34.268 96.438
21.653 31.444 92.502
24.151 25.499 91.614
23.970 18.749 91.463
20.655 13.982 88.294
15.698 11.311 84.538
11.487 12.486 79.952
6.826 15.672 76.099
5.820 20.553 71.946
8.403 24.444 67.098
13.100 25.946 62.633
39.409 11.716 14.226
36.702 12.286 7.071
32.134 10.038 2.745
24.930 8.839 0.991
19.186 5.313 2.462
14.428 6.563 7.527
13.141 7.773 14.164
13.490 13.479 18.166
15.256 19.886 19.678
14.593 25.825 17.003
14.184 31.557 13.027
8.423 33.378 9.305
1.939 32.828 8.446
-1.985 21.007 19.042
-2.084 19.333 12.383
1.498 20.244 6.425
6.707 22.109 2.769
12.949 25.257 2.112
18.882 24.677 5.825
22.140 24.015 12.006
23.219 18.888 16.532
22.203 12.575 18.990
22.219 6.370 17.346
22.004 0.393 13.888
25.889 -2.795 9.506
32.188 -2.246 6.780
-20.785 2.372 13.857
-16.794 3.438 18.623
-10.419 2.702 21.195
-3.430 3.927 19.575
0.931 5.200 14.684
2.495 7.276 8.336
1.319 12.139 4.089
-1.790 18.369 2.760
-4.952 23.611 5.235
-5.773 27.822 10.270
-4.089 29.661 16.689
1.666 32.009 20.923
7.845 34.174 20.898
13.689 34.913 17.934
18.791 34.960 13.300
20.225 37.515 7.414
18.103 42.998 3.728
15.228 47.523 1.060
12.145 53.131 2.103
16.100 50.742 20.353
9.502 50.930 19.764
5.147 48.419 16.205
2.477 45.544 10.602
2.691 42.137 5.602
5.727 37.978 0.950
9.244 32.445 0.645
11.446 27.025 3.890
11.953 23.755 9.889
12.292 22.470 16.401
7.159 20.550 20.428
0.516 21.089 22.160
-5.664 20.657 19.630
-10.084 20.459 14.807
-12.702 17.159 9.745
-12.011 12.293 5.792
-7.160 8.278 2.201
-5.606 1.967 4.066
-3.050 -2.603 8.437
-113.184 23.983 -27.056
-109.971 17.984 -27.148
-103.902 14.488 -28.286
-97.405 14.461 -31.200
-91.756 17.984 -32.337
-87.995 22.700 -30.488
-84.925 25.258 -25.512
-84.683 29.210 -20.352
-86.613 27.891 -13.781
-87.957 24.302 -8.136
-86.986 18.777 -5.076
-83.888 12.906 -4.304
-79.764 8.515 -5.946
-73.935 7.448 -8.718
-67.872 8.580 -10.566
-62.295 11.561 -9.636
-58.297 16.601 -7.991
-69.772 10.306 7.706
-70.989 16.935 5.880
-70.227 21.882 2.058
-70.037 24.513 -4.145
-68.007 24.023 -10.942
-70.197 19.895 -15.769
-74.135 14.861 -18.168
-78.783 10.048 -18.386
-85.142 9.262 -18.001
-91.276 11.564 -17.084
-95.969 15.913 -14.190
-97.685 21.919 -14.218
-98.887 27.782 -17.875
-97.053 32.623 -22.376
-97.193 32.445 -29.062
-98.228 29.918 -34.711
-99.786 25.501 -39.740
17.123 49.549 -18.898
18.629 43.323 -17.338
21.404 37.663 -17.071
27.470 35.087 -15.608
33.513 35.358 -13.955
38.698 38.760 -11.475
42.021 44.642 -9.836
41.167 49.546 -5.592
38.494 50.743 0.578
33.889 49.429 5.534
32.102 45.299 10.300
32.997 39.676 13.814
37.825 35.515 16.424
43.706 32.652 16.698
50.483 33.717 16.966
56.286 36.522 16.142
60.178 42.161 17.735
60.969 47.776 21.062
59.774 52.770 25.127
56.088 56.443 29.674
61.800 36.968 33.490
55.100 36.422 32.996
49.368 39.876 33.121
45.472 44.774 31.216
44.070 50.265 27.278
46.469 53.533 22.192
49.768 53.729 16.348
51.951 50.897 10.989
51.935 45.270 7.360
52.086 39.027 5.254
47.256 34.762 4.077
41.561 31.556 4.019
34.838 32.065 3.909
29.154 35.770 4.741
26.934 41.584 2.199
27.532 48.158 0.303
30.376 52.047 -4.532
34.453 53.218 -9.711
37.173 50.944 -15.414
37.134 46.945 -20.751
18.357 70.828 35.194
20.342 77.040 33.722
23.586 82.357 33.476
29.885 84.552 32.115
35.822 83.918 30.079
40.756 80.266 27.431
43.647 74.224 25.476
42.255 69.440 21.248
39.376 68.469 15.101
34.707 70.143 10.325
33.096 74.488 5.756
34.271 80.007 2.288
39.390 83.889 -0.382
45.455 86.168 -0.891
52.182 84.601 -1.296
57.792 81.372 -0.601
61.185 75.459 -2.421
61.424 69.907 -5.839
59.834 65.070 -9.900
55.763 61.807 -14.472
62.903 80.888 -17.783
56.298 81.941 -17.078
50.256 78.946 -17.249
46.013 74.380 -15.455
44.275 68.892 -11.565
46.434 65.367 -6.623
49.750 64.751 -0.776
52.269 67.355 4.563
52.811 72.833 8.347
53.568 78.928 10.549
49.196 83.633 11.866
43.786 87.351 12.071
36.996 87.463 12.265
30.980 84.287 11.650
28.333 78.496 14.105
28.548 71.879 15.875
31.333 67.585 20.509
35.359 66.077 25.510
38.304 67.973 31.248
38.676 71.818 36.592
12.305 16.229 -0.791
7.383 13.298 2.782
1.461 9.881 2.756
-3.010 6.289 -0.883
-3.904 2.044 -5.842
-2.180 -2.243 -10.570
2.789 -5.948 -13.235
8.658 -9.116 -12.473
12.874 -11.963 -8.152
13.901 -14.708 -2.127
11.404 -17.550 3.359
-4.247 -17.813 -5.220
-3.833 -13.872 0.239
0.077 -9.999 4.270
5.904 -6.701 5.191
11.141 -3.425 2.478
14.091 -0.546 -2.856
13.539 2.297 -8.935
9.545 5.270 -13.378
3.858 8.525 -14.978
-1.389 12.200 -12.788
-3.992 16.117 -8.064
14.107 -16.923 10.883
19.362 -15.171 7.193
22.934 -9.810 4.751
24.502 -3.739 5.405
25.122 1.367 9.420
24.881 4.487 15.328
24.621 3.417 21.849
23.784 -0.603 27.321
27.133 -5.502 30.550
32.967 -8.304 32.016
38.271 -7.759 32.895
40.127 -2.671 30.916
42.332 -0.514 25.131
42.314 -2.718 18.886
38.259 -8.540 16.475
33.247 -12.021 17.000
26.855 -13.521 19.408
21.230 -11.777 22.373
16.472 -7.415 21.782
13.422 -1.368 20.206
12.231 1.210 14.108
11.996 1.252 7.392
12.178 -1.298 2.024
6.673 -1.380 -3.296
7.182 -4.856 -9.437
5.445 -8.536 -14.739
1.110 -8.983 -19.570
-3.834 -7.208 -23.285
-7.314 -2.234 -25.799
-9.890 3.904 -25.940
-7.219 9.470 -28.741
-0.374 11.409 -28.994
4.998 12.391 -33.701
11.272 9.378 -36.347
11.265 5.556 -41.838
8.156 -0.335 -44.573
6.244 -4.453 -40.109
6.740 -2.894 -33.336
9.482 1.842 -29.024
8.036 5.740 -24.016
4.296 7.695 -19.071
-2.195 9.433 -16.681
-7.099 6.178 -15.085
-10.551 0.303 -14.620
-10.539 -5.705 -12.149
