-4.582 21.589 17.260
-9.084 16.897 18.513
-9.507 10.508 17.774
-4.227 7.828 21.778
0.594 4.652 23.441
7.210 3.518 24.522
12.888 7.285 24.633
15.841 13.237 25.107
15.666 19.877 26.250
12.199 25.223 27.690
6.716 28.617 30.262
2.349 27.810 35.515
0.250 24.783 41.489
1.896 23.280 47.284
5.343 20.096 52.464
11.745 21.231 54.996
17.003 24.817 54.773
21.228 29.469 51.910
21.206 36.355 51.396
18.381 42.276 51.181
14.412 47.064 53.745
12.840 49.794 59.028
11.030 49.499 65.907
29.382 42.031 67.489
24.333 37.828 68.633
18.221 36.157 69.583
12.381 35.815 67.202
7.283 36.305 63.133
4.455 39.836 57.641
6.906 40.504 51.336
11.637 38.972 46.535
14.656 34.153 43.423
17.830 28.396 42.118
19.516 21.924 44.209
15.647 16.386 43.911
10.142 13.651 41.914
4.213 13.191 39.077
-0.452 15.281 34.865
-1.677 18.778 29.182
0.477 22.906 24.195
4.866 22.597 19.168
8.184 19.341 15.262
8.387 14.062 10.764
5.972 10.674 6.711
1.018 10.201 3.622
-5.241 11.860 2.105
29.118 85.679 16.328
33.342 83.424 20.444
35.856 81.348 26.463
33.214 77.577 31.497
28.283 73.530 33.665
23.905 69.082 31.795
21.950 64.732 27.194
22.996 61.222 21.398
26.848 58.519 17.000
32.845 55.238 16.612
38.925 53.387 18.044
43.177 51.036 22.480
44.927 48.988 28.401
41.793 45.641 33.883
36.948 43.211 37.786
31.993 39.011 38.108
29.275 33.544 35.488
27.545 29.456 30.434
28.501 26.379 24.752
33.714 23.424 21.196
39.769 20.983 20.127
44.369 17.629 23.250
47.563 14.942 28.197
47.872 11.016 34.760
44.272 7.796 38.608
31.568 8.830 24.332
28.991 11.731 29.477
30.374 15.120 35.214
34.162 17.057 39.969
39.370 20.867 40.943
43.754 24.865 37.650
46.846 27.704 32.770
46.701 30.649 27.060
42.892 33.171 22.017
37.922 35.947 20.324
30.547 36.348 20.105
27.673 41.378 23.131
24.821 44.295 29.071
27.204 48.420 33.630
32.035 52.338 35.941
37.002 56.375 35.313
40.507 60.486 31.932
40.561 64.474 26.815
39.804 65.848 20.099
34.793 66.185 15.089
28.413 67.989 14.441
21.764 69.239 17.194
19.059 72.857 22.226
18.874 75.899 28.094
21.142 80.330 32.452
11.691 -26.520 38.824
16.672 -28.064 34.669
19.578 -29.922 29.225
21.748 -30.081 23.190
45.715 54.788 -93.034
39.529 51.518 -94.136
36.637 46.728 -91.256
35.683 40.922 -87.524
37.817 37.124 -82.186
40.114 38.693 -76.039
44.433 42.233 -71.907
45.076 48.060 -69.037
42.925 54.084 -67.328
39.265 56.901 -64.079
33.187 59.041 -62.100
26.998 56.504 -60.675
23.784 51.906 -57.453
22.770 46.784 -53.558
24.858 40.872 -50.378
29.398 38.752 -46.448
36.073 38.768 -44.662
39.978 43.991 -42.175
39.564 50.349 -39.634
35.974 54.594 -35.723
31.497 56.265 -31.483
30.854 54.194 -24.760
28.474 51.096 -19.952
30.999 45.936 -16.530
35.570 42.307 -13.943
40.356 40.779 -12.769
46.761 38.595 -14.435
51.702 41.102 -18.703
55.233 46.615 -18.999
56.766 53.190 -17.248
58.137 58.255 -13.034
60.299 59.837 -6.528
62.372 58.430 -0.652
65.107 53.942 3.291
69.591 48.793 3.341
73.921 44.851 0.157
77.180 42.933 -5.132
79.637 43.429 -10.928
79.384 46.348 -17.291
82.704 51.635 -19.550
84.822 58.194 -18.286
89.972 60.637 -15.781
96.478 60.340 -13.723
101.888 56.382 -13.581
105.508 51.884 -15.616
106.710 45.264 -17.522
105.941 41.293 -22.654
101.917 40.463 -28.467
100.287 43.746 -33.945
100.239 49.166 -38.079
103.890 54.434 -40.763
109.932 55.779 -42.552
116.115 54.392 -44.766
121.124 50.163 -46.820
122.569 43.594 -48.637
119.680 37.672 -50.913
114.354 34.557 -53.202
109.167 34.545 -57.159
103.593 38.267 -59.344
102.295 43.719 -63.159
103.742 48.245 -68.138
104.980 47.862 -74.180
105.827 44.991 -80.503
106.155 39.770 -84.266
103.727 33.942 -86.122
99.444 29.093 -85.260
95.544 25.315 -80.968
89.763 26.344 -78.173
85.067 30.628 -75.858
80.764 35.737 -77.382
77.037 38.071 -82.468
75.718 38.897 -89.007
72.988 35.198 -93.790
70.378 29.487 -95.715
67.474 23.731 -95.013
63.725 19.457 -91.861
62.835 15.909 -86.103
60.171 17.148 -80.256
59.384 21.667 -75.261
55.444 27.099 -73.995
51.065 32.101 -76.018
44.998 32.759 -78.932
39.203 29.795 -80.255
34.919 25.116 -79.202
32.247 19.243 -77.121
31.868 15.426 -71.747
33.350 14.098 -65.661
38.325 14.600 -60.997
40.757 18.608 -56.258
40.872 25.307 -54.518
36.394 30.088 -52.758
30.849 31.821 -49.841
25.581 30.496 -45.883
24.746 27.048 -40.390
24.479 21.703 -36.362
26.911 17.099 -32.464
31.659 12.508 -30.560
37.724 12.673 -29.059
44.180 14.316 -30.840
47.641 19.733 -29.148
47.689 26.542 -27.765
45.858 30.286 -22.554
43.041 31.843 -16.444
43.025 30.296 -10.289
44.993 26.142 -5.161
48.673 21.139 -2.347
54.249 18.270 -2.274
60.036 15.491 -4.679
64.731 16.018 -9.850
68.176 21.149 -12.247
70.434 27.312 -12.193
73.210 32.385 -9.372
75.919 36.188 -4.550
79.265 35.437 1.070
83.705 31.760 4.629
87.763 26.426 4.681
91.492 22.242 1.175
92.870 18.627 -4.532
96.001 19.111 -10.640
92.615 20.865 -16.371
93.028 26.334 -20.413
96.948 31.886 -21.535
102.475 35.500 -20.377
108.724 35.940 -20.046
115.015 33.193 -19.611
118.735 28.548 -21.454
119.963 22.211 -23.425
117.492 16.946 -26.550
113.296 14.078 -30.971
108.963 13.450 -35.716
104.865 15.796 -40.745
105.790 20.059 -45.707
108.344 25.790 -48.535
114.386 25.702 -52.249
119.419 22.661 -55.181
122.096 17.545 -58.231
122.601 12.423 -61.290
119.189 7.516 -64.323
113.125 4.668 -65.693
107.061 6.036 -67.837
101.763 10.293 -68.639
99.882 15.950 -71.198
100.924 20.675 -75.854
103.459 22.165 -81.890
107.430 21.343 -87.275
108.142 4.242 -83.844
113.639 7.896 -83.840
116.267 13.707 -81.869
116.167 19.062 -77.753
112.959 23.759 -73.778
109.260 23.362 -68.087
104.421 20.201 -64.387
103.047 14.836 -60.924
105.152 9.765 -57.378
109.324 6.303 -53.733
115.000 5.695 -50.162
119.678 9.399 -47.562
122.464 14.556 -44.984
122.428 20.362 -41.991
119.526 26.581 -41.094
114.507 29.423 -38.354
107.504 29.521 -37.998
103.684 24.859 -34.517
103.436 19.082 -30.620
106.350 15.926 -25.456
109.604 15.937 -19.958
111.136 19.019 -14.497
111.118 23.577 -10.138
107.678 28.979 -7.599
103.675 33.427 -7.153
97.677 35.532 -7.177
91.936 36.497 -10.953
87.877 32.734 -14.987
84.450 27.181 -14.386
82.530 21.210 -11.611
80.933 17.031 -6.513
77.737 16.932 -0.716
75.012 19.759 4.718
71.167 24.559 6.742
67.108 29.744 5.214
63.278 32.470 0.661
61.143 33.111 -5.392
59.828 31.234 -11.366
60.671 26.779 -16.609
57.307 21.161 -17.936
54.629 15.244 -15.450
49.297 13.145 -12.574
42.682 14.304 -12.018
37.259 18.270 -13.486
34.644 22.285 -17.522
34.537 28.357 -20.951
35.683 29.703 -27.115
40.471 29.760 -32.236
42.566 25.465 -36.549
43.181 19.377 -39.271
39.862 13.589 -41.179
34.782 12.184 -44.112
28.267 12.635 -46.280
24.341 15.314 -49.437
22.820 18.810 -54.609
23.306 24.319 -58.537
27.021 28.038 -62.093
32.899 31.078 -63.348
39.587 30.354 -61.648
43.909 25.354 -63.050
45.646 18.827 -64.571
44.743 14.124 -68.972
45.016 13.159 -75.628
44.664 15.010 -81.918
44.627 19.192 -87.082
48.155 24.040 -89.676
52.375 29.130 -89.347
55.862 33.760 -85.517
61.052 33.240 -81.727
65.028 29.646 -77.459
68.626 23.748 -77.019
73.004 20.409 -80.682
76.543 18.957 -86.164
79.968 21.405 -90.951
82.849 26.541 -94.336
85.968 31.884 -93.993
88.392 37.601 -91.953
88.651 42.104 -86.799
89.169 41.948 -80.418
89.610 38.942 -74.778
93.954 34.069 -71.458
98.622 29.258 -71.616
105.131 28.441 -73.143
110.848 31.178 -73.275
115.320 36.499 -73.474
117.041 42.481 -71.935
117.060 46.975 -66.878
113.090 50.573 -63.270
108.294 50.669 -58.251
104.351 46.747 -54.153
104.947 40.877 -50.453
109.246 37.023 -46.854
113.776 36.881 -42.218
117.257 40.413 -37.433
118.464 46.230 -34.056
116.445 51.313 -31.135
111.493 56.735 -29.737
105.166 57.637 -29.092
98.819 55.841 -31.217
94.502 50.720 -28.924
94.316 44.299 -26.684
95.437 41.881 -20.069
97.051 42.295 -13.510
96.005 45.303 -8.178
93.214 50.395 -4.562
89.437 55.987 -4.156
83.480 58.371 -4.593
78.160 60.253 -8.472
74.576 58.225 -14.127
71.212 52.577 -15.359
69.505 46.097 -14.409
65.891 42.373 -10.908
61.838 39.990 -5.870
57.345 42.187 -1.587
53.217 46.734 1.264
49.287 51.546 -1.150
46.291 54.917 -6.196
44.986 56.693 -12.334
46.311 56.211 -19.039
47.496 52.180 -23.785
48.018 45.871 -26.492
44.037 40.473 -26.730
38.588 37.306 -25.699
31.758 36.748 -26.148
26.319 39.504 -27.833
23.209 44.517 -30.723
22.539 48.849 -34.632
25.085 53.839 -39.083
30.725 55.762 -42.051
35.319 54.987 -46.596
39.957 51.380 -50.333
39.669 46.031 -54.034
37.032 39.999 -56.037
32.395 39.018 -60.713
27.653 40.879 -65.204
25.673 44.877 -69.495
26.607 49.857 -73.775
30.436 55.016 -75.994
36.702 57.351 -77.272
43.223 56.158 -76.947
48.696 51.228 -76.828
50.664 45.174 -78.093
50.143 39.819 -82.074
48.764 37.202 -88.178
45.795 37.091 -94.374
-20.422 8.579 -90.716
-18.494 7.491 -84.450
-21.267 7.071 -79.005
-24.634 8.225 -73.436
-20.845 3.928 -71.453
-14.226 3.225 -73.598
-7.816 1.830 -71.952
-4.185 1.644 -66.385
-5.234 0.578 -60.472
-2.482 -3.026 -55.150
33.541 45.783 37.665
32.628 44.191 44.006
32.408 47.072 49.249
33.791 50.732 54.468
29.097 47.032 56.951
28.739 40.354 54.908
27.346 33.932 56.685
27.212 30.286 62.153
26.325 31.402 68.152
22.976 29.097 73.756
5.106 33.629 -178.075
6.686 32.702 -171.702
3.851 32.457 -166.475
0.059 33.873 -161.310
3.940 29.151 -158.886
10.630 28.733 -160.917
17.040 27.385 -159.198
20.696 27.499 -153.812
19.683 26.732 -147.747
21.813 22.885 -142.236
